Epoch	AverageEpRet	StdEpRet	MaxEpRet	MinEpRet	EpLen	TotalEnvInteracts	LossPi	LossV	DeltaLossPi	DeltaLossV	Entropy	KL	ClipFrac	StopIter	Time
0	-112.18825	6.634621	-96.75	-125.0	80.0	120000	4.924368e-08	2.8702512	-0.004527229	-2.029807	3.4881997	0.009602127	0.033608336	49.0	14.468555450439453
1	-115.93333	6.3611565	-98.25	-129.40001	80.0	240000	-3.958121e-09	0.8020191	-0.0047640447	-0.00982964	3.4802766	0.010185314	0.028591666	49.0	31.283507108688354
2	-111.35	8.055795	-92.200005	-128.75	80.0	360000	-8.381903e-09	0.9023665	-0.0043722624	-0.010319769	3.4691734	0.009278743	0.029883333	49.0	47.7035391330719
3	-110.85306	6.1537642	-98.8	-123.9	80.0	480000	-1.8626451e-09	0.86326075	-0.004622832	-0.007849902	3.4623618	0.010593482	0.026291667	49.0	64.1931254863739
4	-110.0449	7.479238	-91.1	-125.35	80.0	600000	0.0	0.8541706	-0.004778187	-0.005338274	3.4539447	0.009502091	0.026841667	49.0	80.80189824104309
5	-108.15284	6.199242	-93.85	-127.700005	80.0	720000	-2.0954758e-09	0.8117629	-0.0047005676	-0.0050797984	3.450325	0.009714947	0.023666667	49.0	97.45938777923584
6	-107.09795	7.2212343	-92.05	-122.05	80.0	840000	-1.7695129e-08	0.8785853	-0.004942068	-0.0034616664	3.431426	0.009225348	0.029941667	49.0	114.09464454650879
7	-104.35371	7.0274315	-85.200005	-121.4	80.0	960000	5.5879354e-09	0.8247888	-0.0045273555	-0.003083758	3.4196978	0.008806538	0.022783333	49.0	130.71792435646057
8	-101.39909	7.196827	-87.1	-115.950005	80.0	1080000	1.094304e-08	0.89135253	-0.0056407684	-0.00442943	3.4009972	0.009231186	0.040858332	49.0	147.41399002075195
9	-98.76415	10.071219	-66.700005	-116.15	80.0	1200000	0.0	1.0189095	-0.0061016427	-0.00424958	3.3787632	0.009298826	0.044875	49.0	164.12509441375732
10	-95.46273	8.7584715	-76.450005	-110.85	80.0	1320000	1.0244548e-08	1.1580825	-0.0051094275	-0.009280816	3.365643	0.0074254153	0.027425	49.0	180.8361897468567
11	-90.22363	14.233775	-49.100002	-118.05	80.0	1440000	4.1909516e-09	1.5188987	-0.006736734	-0.010060608	3.3363266	0.009132575	0.05598333	49.0	197.48713636398315
12	-85.07411	15.9963255	-37.3	-114.200005	80.0	1560000	6.2864274e-09	1.6616254	-0.0063780905	-0.0071882606	3.2977867	0.008633487	0.05381667	49.0	214.21827149391174
13	-75.26697	18.561747	-19.5	-107.0	80.0	1680000	1.8626451e-09	2.2782145	-0.0069802376	-0.024446681	3.2467961	0.008909509	0.057825	49.0	230.96440291404724
14	-68.95263	18.649755	-28.300001	-110.6	80.0	1800000	-3.4924597e-09	3.012106	-0.0064607193	-0.013178647	3.1805184	0.008334963	0.056708332	49.0	247.74033904075623
15	-58.372322	25.660658	5.1	-108.65	80.0	1920000	1.3038516e-08	4.728437	-0.0061131064	-0.06272879	3.105947	0.00839331	0.05651667	49.0	264.6223964691162
16	-50.394646	25.495512	-1.750001	-100.35	80.0	2040000	3.4924597e-09	5.3511286	-0.0054985117	-0.063797176	3.0117872	0.008802587	0.049841665	49.0	281.674592256546
17	-42.10085	23.618523	8.699999	-87.05	80.0	2160000	1.3969839e-09	6.9999533	-0.0058658193	-0.070861936	2.9328036	0.008248543	0.057508335	49.0	297.8239767551422
18	-34.30702	33.459454	57.2	-91.6	80.0	2280000	3.7252903e-09	8.202999	-0.0054213502	-0.095523775	2.8382733	0.008208204	0.055625	49.0	313.0460379123688
19	-32.512283	34.52761	83.1	-91.85	80.0	2400000	4.656613e-09	8.405155	-0.005058537	-0.0653227	2.74572	0.008259249	0.052766666	49.0	328.28068566322327
20	-34.298244	35.60695	56.05	-97.3	80.0	2520000	-1.1641532e-09	9.414273	-0.003853282	-0.10438198	2.6420445	0.007631323	0.036225	49.0	343.8051404953003
21	-22.99825	42.250904	131.35	-91.55	80.0	2640000	9.313226e-09	10.059668	-0.0049682274	-0.06462115	2.5564888	0.0075179143	0.04575	49.0	359.11728978157043
22	-19.282457	44.591244	85.9	-101.25	80.0	2760000	3.7252903e-09	9.809013	-0.0044900645	-0.093856454	2.4795804	0.0064927954	0.041625	49.0	374.37919759750366
23	5.095613	39.61407	109.0	-60.4	80.0	2880000	6.9849193e-10	11.883747	-0.0047571207	-0.16392249	2.404542	0.007855656	0.039025	49.0	389.8437385559082
24	-12.064287	41.559036	107.0	-97.85	80.0	3000000	0.0	10.148165	-0.004538879	-0.1070053	2.2914624	0.007902572	0.042608336	49.0	405.10502314567566
25	4.0736833	47.02427	115.65	-94.0	80.0	3120000	-2.7939677e-09	10.656437	-0.004507755	-0.08157587	2.189619	0.0061209523	0.034725	49.0	420.2614595890045
26	18.964035	45.684605	114.75	-79.950005	80.0	3240000	3.7252903e-09	12.225627	-0.0048831822	-0.14257765	2.1276488	0.006213806	0.038225	49.0	435.53201055526733
27	15.68125	49.26746	142.7	-109.3	80.0	3360000	9.313226e-10	11.651332	-0.00435613	-0.0917027	2.0399706	0.0062123993	0.037366666	49.0	450.7770676612854
28	32.544643	56.05618	183.2	-84.5	80.0	3480000	3.259629e-09	13.189007	-0.004787447	-0.16290045	1.985665	0.005723862	0.034166664	49.0	466.07198119163513
29	52.60357	51.761127	171.0	-65.1	80.0	3600000	0.0	13.944418	-0.0045129675	-0.13657725	1.9242978	0.0049477923	0.029741667	49.0	481.38652420043945
30	45.777676	61.287575	236.5	-101.950005	80.0	3720000	-4.1909516e-09	13.887928	-0.0047528725	-0.14672965	1.8757167	0.005898746	0.03875	49.0	496.9631848335266
31	63.849102	53.358315	190.25	-42.0	80.0	3840000	4.656613e-09	14.126053	-0.0045332513	-0.18363214	1.8396299	0.0049310355	0.03385	49.0	512.155620098114
32	59.33214	55.49235	213.4	-53.800003	80.0	3960000	8.381903e-09	13.646961	-0.0047301585	-0.1809392	1.7828052	0.0058369706	0.04016667	49.0	527.3682882785797
33	67.463394	56.091007	160.65	-57.75	80.0	4080000	9.313226e-10	12.699327	-0.0048540253	-0.17006755	1.7313092	0.005761983	0.035841666	49.0	542.5726735591888
34	78.76339	65.68577	233.95	-65.35	80.0	4200000	-1.1641532e-09	14.377682	-0.0046180296	-0.22270095	1.6798124	0.004958979	0.031283334	49.0	557.8756530284882
35	82.14018	69.32964	227.25	-69.1	80.0	4320000	9.313226e-10	12.527296	-0.004660664	-0.24876392	1.6258785	0.0049984693	0.040975	49.0	573.0943119525909
36	100.76607	58.791046	253.55	-7.2000012	80.0	4440000	-2.7939677e-09	15.391563	-0.004629338	-0.2707008	1.610798	0.0053462964	0.034041665	49.0	588.3664519786835
37	123.19286	51.184902	248.65	-0.8500016	80.0	4560000	1.8626451e-09	13.572851	-0.005099331	-0.16993016	1.581357	0.0046939617	0.041033335	49.0	603.5649943351746
38	133.86092	60.384083	306.5	-41.7	80.0	4680000	-9.546056e-09	14.73443	-0.004615178	-0.19834268	1.538379	0.0044540996	0.03153333	49.0	618.818525314331
39	142.25713	65.85345	260.4	-62.7	80.0	4800000	1.8626451e-09	18.093307	-0.0046240874	-0.2496841	1.4951643	0.0041433824	0.034933336	49.0	634.0674333572388
40	165.93817	75.34925	340.0	14.549999	80.0	4920000	0.0	17.330448	-0.0044776574	-0.2528882	1.4749146	0.0045918208	0.027516667	49.0	649.3872199058533
41	172.18571	74.03527	297.95	-0.8000009	80.0	5040000	5.5879354e-09	18.785725	-0.0043591433	-0.33504617	1.4387267	0.003783851	0.025291666	49.0	664.6957232952118
42	175.325	59.02885	312.15	30.699997	80.0	5160000	1.8626451e-09	16.09194	-0.0044652056	-0.31864655	1.4122568	0.0036657164	0.025883334	49.0	679.8678650856018
43	174.03181	77.13847	324.5	-31.050001	80.0	5280000	0.0	14.9002495	-0.0041148327	-0.3239411	1.4101515	0.0038353996	0.026841667	49.0	694.9989466667175
44	189.15636	74.39539	347.55	7.699999	80.0	5400000	-3.7252903e-09	17.549965	-0.004226923	-0.3808285	1.3797004	0.0039730854	0.022100002	49.0	710.1291160583496
45	203.42546	66.2646	330.4	37.949997	80.0	5520000	1.0244548e-08	17.17619	-0.00446858	-0.24562848	1.3770764	0.0035310942	0.028633334	49.0	725.2832045555115
46	201.01875	74.6871	333.55	-11.950002	80.0	5640000	6.0535967e-09	14.77944	-0.004264875	-0.20495641	1.3476684	0.003891766	0.022883333	49.0	740.7189466953278
47	207.31544	74.481705	339.0	-17.450003	80.0	5760000	5.5879354e-09	19.201385	-0.0043349434	-0.37183547	1.3370473	0.003921298	0.027416667	49.0	755.8651833534241
48	228.92871	64.09764	350.1	57.85	80.0	5880000	-5.5879354e-09	19.29173	-0.003852272	-0.4196515	1.321458	0.0032073841	0.024375	49.0	771.0298583507538
49	238.66667	74.60689	380.15	67.6	80.0	6000000	1.8626451e-09	20.982922	-0.004682441	-0.30050874	1.3047466	0.0033287103	0.0268	49.0	786.1241524219513
50	206.57231	72.03859	369.35	38.149998	80.0	6120000	3.4924597e-09	15.851191	-0.0042378195	-0.9116459	1.2664626	0.0039126	0.028791666	49.0	801.3442788124084
51	267.38235	60.913044	363.55	68.799995	80.0	6240000	-1.8626451e-09	20.888884	-0.004042526	-1.0110495	1.3067877	0.0035046204	0.020458333	49.0	816.5418345928192
52	250.00847	72.1756	382.35	56.8	80.0	6360000	-1.6298145e-09	18.046677	-0.0040954463	-0.23825407	1.2801692	0.0034525315	0.022858333	49.0	831.709478855133
53	248.44803	88.362854	386.3	39.55	80.0	6480000	-3.7252903e-09	17.80459	-0.0041182986	-0.24524665	1.2452726	0.0033075656	0.025666667	49.0	846.8399150371552
54	249.95589	85.93746	371.35	30.199999	80.0	6600000	5.5879354e-09	18.611618	-0.004054388	-0.21038318	1.2312169	0.0031014923	0.025175	49.0	862.0058908462524
55	251.92885	77.13145	380.8	19.4	80.0	6720000	2.561137e-09	18.685055	-0.00376692	-0.1983403	1.184174	0.0034908107	0.019291665	49.0	877.5083708763123
56	278.08426	76.55357	400.94998	-0.7000016	80.0	6840000	-1.21071935e-08	19.509188	-0.0042562047	-0.25870657	1.2252082	0.0032356447	0.026108334	49.0	892.7252562046051
57	275.384	66.60475	378.15	101.4	80.0	6960000	1.8626451e-09	20.017673	-0.0040096967	-0.28793883	1.1887274	0.0034272966	0.024025	49.0	907.8878197669983
58	284.88776	82.770935	388.45	-30.600002	80.0	7080000	-1.8626451e-09	19.736578	-0.0037461384	-0.22233391	1.1818604	0.0037810365	0.025291668	49.0	923.0434193611145
59	293.2461	84.22357	390.2	53.949997	80.0	7200000	-3.7252903e-09	21.677135	-0.0039046635	-0.22637522	1.1775544	0.0031961664	0.022308335	49.0	938.2470135688782
60	299.27884	73.7412	398.6	30.65	80.0	7320000	7.450581e-09	21.232878	-0.003853743	-0.24923563	1.1820827	0.0030015104	0.020925	49.0	953.5640630722046
61	292.81155	78.81384	398.95	75.45	80.0	7440000	5.5879354e-09	19.428349	-0.0041544884	-0.3172195	1.1413102	0.0034277346	0.025766667	49.0	968.7046937942505
62	317.1745	81.36921	395.9	69.25	80.0	7560000	1.3969839e-09	18.434052	-0.004239889	-0.34460735	1.150312	0.0034357044	0.0219	49.0	983.995575428009
63	321.54	59.941784	410.3	186.09999	80.0	7680000	-4.656613e-09	19.217922	-0.0039034141	-0.3062942	1.1306031	0.0037460173	0.025041666	49.0	999.0319344997406
64	336.198	65.128716	422.95	121.1	80.0	7800000	-5.122274e-09	20.969547	-0.0038837816	-0.3146416	1.1537147	0.0036239228	0.0252	49.0	1014.1345729827881
65	306.0104	94.27732	412.5	-29.250004	80.0	7920000	-1.8626451e-09	20.057407	-0.0037154504	-0.33857632	1.1155753	0.002977775	0.023091666	49.0	1029.2758872509003
66	333.29602	81.21478	412.35	77.1	80.0	8040000	-1.8626451e-09	18.297867	-0.0041596056	-0.31214547	1.1069535	0.003778831	0.025041666	49.0	1044.3726155757904
67	342.29388	74.70486	428.25	46.05	80.0	8160000	4.1909516e-09	17.49425	-0.0038108646	-0.24359047	1.120924	0.0033023905	0.021966666	49.0	1059.5096502304077
68	351.11	56.55664	413.8	161.7	80.0	8280000	4.656613e-10	18.350927	-0.004389144	-0.27881312	1.1394126	0.003907512	0.024899999	49.0	1074.817714214325
69	362.31534	57.405018	419.35	155.7	80.0	8400000	-1.8626451e-09	19.425343	-0.0039515826	-0.32968473	1.1412305	0.0029523312	0.018358335	49.0	1089.7653412818909
70	357.13675	67.30253	423.65	43.5	80.0	8520000	-3.7252903e-09	18.899513	-0.0043096887	-0.4396187	1.1062038	0.003341596	0.025566667	49.0	1104.95494556427
71	344.62042	78.947174	432.7	91.1	80.0	8640000	8.1490725e-09	16.853466	-0.0039487435	-0.29426467	1.1041183	0.0032346384	0.022	49.0	1119.9900441169739
72	355.49167	73.617455	425.3	86.85	80.0	8760000	5.122274e-09	18.299076	-0.0043659885	-0.32680368	1.0996886	0.0036144755	0.028483335	49.0	1135.0633053779602
73	340.75916	78.15872	423.95	90.65	80.0	8880000	-1.3969839e-09	18.047234	-0.0041880272	-0.3018148	1.072181	0.0031321761	0.020666666	49.0	1151.6253309249878
74	365.95312	76.245865	430.85	97.399994	80.0	9000000	4.656613e-09	17.08957	-0.0037411614	-0.35212016	1.109769	0.0033657993	0.020175	49.0	1168.6314203739166
75	365.39285	69.23121	427.45	107.7	80.0	9120000	0.0	14.24881	-0.0042305114	-0.23282814	1.0773976	0.0033903592	0.023683334	49.0	1185.6665964126587
76	366.63467	64.53635	436.9	155.4	80.0	9240000	2.7939677e-09	13.884166	-0.0041273283	-0.27383757	1.0405817	0.0031115934	0.022225	49.0	1202.7359068393707
77	384.48123	50.014038	431.9	225.59999	80.0	9360000	0.0	13.766758	-0.004124505	-0.27185	1.0675869	0.003412995	0.023474999	49.0	1219.705688238144
78	381.23877	50.29574	431.95	185.0	80.0	9480000	-1.1641532e-09	15.788996	-0.0044492446	-0.34311378	1.0592647	0.003430224	0.025783334	49.0	1236.6304178237915
79	373.14688	66.15014	435.95	142.2	80.0	9600000	-7.450581e-09	15.781168	-0.0038569823	-0.31556475	1.0351317	0.0035115513	0.022466667	49.0	1253.6370193958282
80	377.84167	67.84607	430.35	33.55	80.0	9720000	3.7252903e-09	16.673084	-0.0038075917	-0.2741779	1.019428	0.0029553226	0.019558333	49.0	1270.2150733470917
81	392.4458	48.234024	440.4	195.35	80.0	9840000	-1.8626451e-09	13.649398	-0.0041663283	-0.23924732	1.0630691	0.0032672996	0.022716668	49.0	1285.1713333129883
82	375.8375	68.08109	432.85	98.5	80.0	9960000	-9.313226e-10	14.254501	-0.0040054666	-0.33022654	1.023589	0.003354577	0.018958334	49.0	1300.2388410568237
83	400.86044	31.877481	438.25	264.6	80.0	10080000	-9.313226e-10	12.623658	-0.0038597395	-0.29412436	1.037395	0.002842587	0.017866667	49.0	1315.5401365756989
84	405.4833	25.309696	438.2	323.8	80.0	10200000	-3.259629e-09	9.781055	-0.0044582943	-0.27515215	1.0513825	0.0030437973	0.0217	49.0	1330.4606912136078
85	385.3729	56.972435	429.55	163.75	80.0	10320000	-1.8626451e-09	13.513205	-0.0041968776	-0.27807748	1.011952	0.0031603551	0.020624999	49.0	1345.5142154693604
86	402.52292	43.61342	426.05	145.9	80.0	10440000	1.8626451e-09	9.129789	-0.003997867	-0.21634603	1.02965	0.0037424988	0.025841668	49.0	1360.4357521533966
87	387.53857	59.70538	432.95	154.9	80.0	10560000	-4.656613e-10	12.132064	-0.003827395	-0.26039177	0.99840486	0.0020282522	0.019858334	49.0	1375.5206282138824
88	398.05728	42.190125	434.6	245.0	80.0	10680000	5.355105e-09	7.4742107	-0.0036614207	-0.33569908	0.99106777	0.0036829947	0.019299999	49.0	1390.5932602882385
89	406.16733	27.228918	442.7	298.9	80.0	10800000	3.0267984e-09	8.481388	-0.004345479	-0.18415672	0.99528646	0.0030158947	0.020733334	49.0	1405.6054887771606
90	385.1	71.2134	433.1	56.35	80.0	10920000	-6.9849193e-09	10.79363	-0.0039629117	-0.39595926	0.96141374	0.0026417677	0.020475	49.0	1420.8766856193542
91	399.66458	54.8876	437.3	94.9	80.0	11040000	7.450581e-09	8.445963	-0.0037816335	-0.23425937	0.9675604	0.0032131656	0.020016667	49.0	1435.9309973716736
92	397.03125	43.850014	436.0	220.15	80.0	11160000	-4.656613e-09	7.895672	-0.0037698448	-0.17666972	0.9697246	0.0024742307	0.018083334	49.0	1451.009506225586
93	410.3125	18.330833	432.0	335.9	80.0	11280000	4.656613e-10	6.9150286	-0.004027647	-0.14554024	0.9645328	0.003093348	0.021125	49.0	1466.2182095050812
94	408.77817	29.043798	439.3	266.5	80.0	11400000	1.9790605e-09	7.1997123	-0.0035450202	-0.10318184	0.95890987	0.0028211288	0.016908333	49.0	1481.6438901424408
95	405.83228	33.00939	435.7	272.7	80.0	11520000	-7.450581e-09	6.0733914	-0.0038988334	-0.13179994	1.0005875	0.0034136937	0.023033332	49.0	1497.5006442070007
96	415.36874	17.682327	435.1	350.55	80.0	11640000	5.5879354e-09	7.5916266	-0.004287699	-0.15578079	0.97880036	0.0039472464	0.023725001	49.0	1512.0921909809113
97	400.94064	43.144238	431.2	223.7	80.0	11760000	4.656613e-10	8.674835	-0.004074216	-0.16635603	0.9512515	0.0032092966	0.023366667	49.0	1526.9183135032654
98	410.41772	45.139942	437.95	116.95	80.0	11880000	7.450581e-09	7.3605156	-0.0038814333	-0.12552518	0.9494202	0.002737375	0.0178	49.0	1541.9414839744568
99	412.32498	16.361094	431.9	348.4	80.0	12000000	3.259629e-09	6.761672	-0.004095952	-0.12723643	0.9690605	0.0037714953	0.025400002	49.0	1556.8250851631165
100	405.58618	48.38435	437.05	149.35	80.0	12120000	3.259629e-09	7.0659122	-0.0035186792	-0.14284897	0.91884357	0.0028865922	0.020083334	49.0	1571.6261386871338
101	412.1096	27.302124	441.9	265.05	80.0	12240000	-6.519258e-09	5.422022	-0.0037365882	-0.12079644	0.9049097	0.0030353577	0.021983333	49.0	1586.430941581726
102	418.99893	20.411825	440.75	298.05	80.0	12360000	6.519258e-09	5.583662	-0.0039108573	-0.113720775	0.92773914	0.0033897702	0.023833333	49.0	1601.2639272212982
103	418.4094	17.338015	446.55	332.05	80.0	12480000	1.3969839e-09	7.2139845	-0.0037253257	-0.16013825	0.90111196	0.0028572455	0.021025	49.0	1616.3128719329834
104	409.94897	26.85127	444.25	306.5	80.0	12600000	0.0	7.0823255	-0.0038765036	-0.13162535	0.9248282	0.0029152422	0.021791667	49.0	1631.1276369094849
105	414.54788	44.076485	468.8	134.45	79.40426	12720000	1.21071935e-08	5.692402	-0.003770681	-0.15463012	0.92872125	0.003446184	0.020791667	49.0	1645.987054347992
106	415.47025	24.961422	436.75	284.05	80.0	12840000	5.5879354e-09	5.2822146	-0.003577718	-0.11216909	0.90178657	0.0028230445	0.0194	49.0	1660.7919466495514
107	413.31274	29.077065	446.7	293.7	80.0	12960000	2.7939677e-09	6.622913	-0.0038792258	-0.1578809	0.91989285	0.0029970552	0.020466667	49.0	1675.6364901065826
108	422.3674	9.038665	438.95	388.75	80.0	13080000	8.381903e-09	4.769947	-0.0036432527	-0.12553471	0.90354145	0.0030425563	0.02095	49.0	1690.4043469429016
109	414.49765	23.088156	440.85	314.15	79.976746	13200000	-2.7939677e-09	6.4437547	-0.0040453365	-0.13018408	0.936482	0.0025347308	0.02145	49.0	1705.4412727355957
110	418.0804	25.8616	440.9	302.15	80.0	13320000	1.1175871e-08	6.765463	-0.003705741	-0.13977718	0.91200024	0.002951243	0.022475	49.0	1720.3719301223755
111	418.3674	19.137178	492.65	351.95	79.17391	13440000	-9.313226e-10	6.0287285	-0.0039297836	-0.11352411	0.9187316	0.0031439888	0.022258334	49.0	1735.0749759674072
112	416.2941	25.646206	439.0	290.6	80.0	13560000	5.820766e-09	4.8408227	-0.0035675603	-0.11462799	0.9118541	0.0028899948	0.020508334	49.0	1749.8246908187866
113	420.90225	15.104954	438.2	340.8	80.0	13680000	9.313226e-10	5.656067	-0.0035297265	-0.10781062	0.8885623	0.0027984201	0.021391667	49.0	1764.5065968036652
114	418.80487	11.591819	438.6	375.25	80.0	13800000	1.8626451e-09	4.4718895	-0.003963958	-0.10501531	0.9282775	0.0034614424	0.024225	49.0	1779.1797440052032
115	420.03607	11.706644	436.85	375.85	80.0	13920000	-3.0267984e-09	4.5143127	-0.0035752854	-0.076708466	0.9107665	0.0026955795	0.020433333	49.0	1793.9953820705414
116	416.90598	13.1531925	441.4	386.05	79.7619	14040000	4.656613e-10	6.143463	-0.003679242	-0.1044741	0.8878604	0.0028493206	0.022858333	49.0	1808.593188047409
117	409.16098	46.802883	435.4	128.2	80.0	14160000	-5.122274e-09	4.9448853	-0.0035409848	-0.2011556	0.924947	0.0031814193	0.021275	49.0	1823.1997718811035
118	418.91876	12.228143	439.5	387.4	80.0	14280000	2.7939677e-09	4.8531027	-0.0034084495	-0.14384732	0.8969855	0.0025436985	0.016366668	49.0	1837.8948459625244
119	416.10736	12.511732	437.85	381.44998	80.0	14400000	1.3969839e-09	4.326642	-0.0036441446	-0.09002906	0.9176595	0.0032163686	0.023049999	49.0	1852.547595024109
120	416.83624	11.869513	432.7	378.25	80.0	14520000	-1.7462298e-10	3.7644305	-0.0036842595	-0.078115284	0.9138997	0.0031405492	0.023816667	49.0	1867.6271784305573
121	410.68903	21.610027	482.05	328.1	79.17073	14640000	-4.656613e-09	4.482047	-0.0035000637	-0.08418372	0.93711364	0.002901222	0.018808333	49.0	1882.2405171394348
122	416.14392	20.654448	506.65	355.15	78.80488	14760000	8.381903e-09	3.8633268	-0.0036185468	-0.07009348	0.93729496	0.0036183351	0.025874998	49.0	1896.9939184188843
123	409.69873	19.961018	434.9	304.5	79.875	14880000	-4.8894435e-09	3.8097324	-0.0035064016	-0.07995352	0.93274164	0.0036072633	0.025333334	49.0	1911.694184064865
124	414.15363	16.67259	436.7	329.95	79.756096	15000000	4.656613e-10	4.4805956	-0.0035892488	-0.09901261	0.9087966	0.0030141408	0.021949999	49.0	1926.3663821220398
125	416.09003	13.574407	445.3	389.5	79.525	15120000	9.313226e-09	4.2492976	-0.0036490574	-0.081530094	0.9496219	0.003338015	0.023075	49.0	1941.282110452652
126	409.08746	18.729767	433.5	328.7	79.875	15240000	6.0535967e-09	3.6067991	-0.003396723	-0.09260869	0.9935652	0.003474029	0.022225	49.0	1955.8968119621277
127	411.84625	25.275492	495.25	303.9	78.375	15360000	3.7252903e-09	3.8448534	-0.0033897867	-0.07472631	0.9831984	0.0038096437	0.027166666	49.0	1970.5256731510162
128	406.66748	16.42434	470.7	389.85	78.725	15480000	-1.1175871e-08	3.4196725	-0.00395424	-0.10576424	1.0662172	0.003203222	0.025024999	49.0	1985.1457681655884
129	418.28174	23.614233	527.3	393.4	76.17073	15600000	9.313226e-09	3.7861419	-0.0039047883	-0.08085412	1.000872	0.0032694438	0.028241666	49.0	1999.7586076259613
130	422.96625	39.485397	532.5	289.15	72.0	15720000	3.7252903e-09	4.275549	-0.0039931973	-0.09016776	1.0247735	0.0033298642	0.025608335	49.0	2014.926727771759
131	440.76355	39.098293	528.3	393.5	64.583336	15840000	-1.8626451e-09	4.206003	-0.004010012	-0.15113679	1.0195594	0.0035999152	0.0271	49.0	2029.5690636634827
132	454.35455	45.668583	528.25	313.75	57.454544	15960000	-2.7939677e-09	4.783782	-0.0040825587	-0.1127944	1.0052134	0.0033142464	0.031608336	49.0	2044.184461593628
133	458.52768	42.779232	527.9	364.05	56.625	16080000	-1.8626451e-09	4.4875264	-0.0039814003	-0.09675413	0.97710395	0.0032916458	0.028458335	49.0	2058.901123046875
134	480.79218	41.796192	534.7	400.2	45.96875	16200000	0.0	5.5091543	-0.003992562	-0.120872736	0.9627303	0.002859239	0.026233334	49.0	2073.532059431076
135	492.69275	37.635586	534.5	403.85	40.039474	16320000	0.0	5.9592905	-0.0038731645	-0.1431356	0.9419391	0.003081942	0.025633333	49.0	2088.845731973648
136	497.7994	38.928127	534.9	401.9	38.120483	16440000	1.8626451e-09	7.2539787	-0.004009397	-0.14667428	0.8864498	0.0028832222	0.024933334	49.0	2103.5302498340607
137	496.7554	45.138824	537.4	348.0	38.108433	16560000	-2.7939677e-09	6.577079	-0.0037966976	-0.09455466	0.88081425	0.0035155714	0.026308334	49.0	2118.0881016254425
138	509.53577	36.110657	536.9	397.5	31.68421	16680000	3.7252903e-09	6.730087	-0.003737112	-0.13726306	0.84541655	0.0032516643	0.025891665	49.0	2132.7398965358734
139	508.89893	40.49855	537.8	378.65	32.073685	16800000	-1.8626451e-09	6.9370193	-0.0036985788	-0.096820414	0.8462268	0.0031050318	0.024925	49.0	2147.3631155490875
140	508.9719	43.626293	538.5	345.25	31.677084	16920000	1.3504177e-08	7.6558013	-0.0036843023	-0.122789025	0.8180743	0.0036052782	0.027174998	49.0	2162.473159790039
141	509.55438	50.843365	541.3	252.5	30.5	17040000	-1.8626451e-09	8.17416	-0.003681859	-0.14850807	0.7853069	0.0031510917	0.026033334	49.0	2177.1360154151917
142	516.06757	36.244835	541.3	334.7	28.62963	17160000	-3.7252903e-09	8.341675	-0.0035101266	-0.16010684	0.7495173	0.002849606	0.0247	49.0	2191.7846965789795
143	511.35	43.350246	542.3	401.3	31.18	17280000	-5.122274e-09	6.912943	-0.003465735	-0.124699	0.79084927	0.0031239334	0.025733333	49.0	2206.7331128120422
144	513.3384	42.30436	538.7	399.8	30.126213	17400000	-2.7939677e-09	7.1275673	-0.0030349325	-0.08616173	0.7692051	0.002909741	0.020958334	49.0	2221.4650580883026
145	517.34955	40.47384	541.6	327.25	28.315315	17520000	-4.1909516e-09	7.163063	-0.003325082	-0.11283791	0.70059466	0.0026113815	0.019241666	49.0	2236.471494436264
146	518.92725	39.52805	542.4	312.6	27.1875	17640000	-7.450581e-09	8.076185	-0.0031350267	-0.1423651	0.6960034	0.0024364488	0.016675	49.0	2251.1704409122467
147	509.59396	46.849667	542.7	397.4	32.637363	17760000	1.1641532e-09	6.6435957	-0.0028666432	-0.13254416	0.7588651	0.0025912574	0.015491668	49.0	2265.7894082069397
148	516.8965	42.643486	541.9	349.3	28.3	17880000	-3.7252903e-09	7.216146	-0.0033676622	-0.08615798	0.7273121	0.0027315232	0.022333333	49.0	2280.4946093559265
149	522.9425	36.02886	544.4	402.0	25.85	18000000	3.7252903e-09	7.685011	-0.0037380368	-0.14056456	0.65862966	0.019878555	0.03193333	47.0	2295.1118624210358
150	518.88	42.87786	542.4	310.65	27.686956	18120000	-9.313226e-10	8.917857	-0.003273609	-0.14160496	0.67213124	0.0023883618	0.018416665	49.0	2310.248202085495
151	521.10175	41.363537	544.4	401.1	26.293104	18240000	5.122274e-09	7.418416	-0.003018058	-0.11773735	0.7074322	0.0030810859	0.018508334	49.0	2325.1391434669495
152	521.5089	42.39608	542.6	289.85	25.601694	18360000	1.6763806e-08	7.635022	-0.0028830748	-0.108900785	0.6952815	0.0025361085	0.018483333	49.0	2339.9092395305634
153	524.59033	35.93358	544.6	398.5	24.685484	18480000	3.7252903e-09	7.463351	-0.0028856664	-0.089264095	0.66865855	0.0026884922	0.016975	49.0	2354.5980405807495
154	520.4704	40.62022	543.9	401.3	26.791304	18600000	1.6763806e-08	7.4470253	-0.0029943353	-0.08673954	0.6699623	0.002779086	0.019575	49.0	2369.3070640563965
155	524.3407	36.459793	542.3	401.3	24.788618	18720000	-3.7252903e-09	7.257438	-0.0030439035	-0.07437724	0.6601242	0.0025391066	0.021083333	49.0	2384.3505535125732
156	524.571	37.41377	544.1	399.6	25.040323	18840000	-1.8626451e-09	7.4142933	-0.0029463882	-0.06836027	0.61952573	0.0023940075	0.016575001	49.0	2399.065634727478
157	520.0925	43.596565	542.9	336.6	26.672565	18960000	-5.5879354e-09	7.753403	-0.0029394403	-0.13551277	0.6590672	0.0020242236	0.014433334	49.0	2413.6664729118347
158	523.0608	40.277573	544.3	397.6	25.466667	19080000	9.313226e-09	7.1759787	-0.0028744626	-0.102650166	0.64220834	0.002548959	0.017933331	49.0	2428.734513282776
159	525.62225	39.225723	543.9	329.8	24.13492	19200000	3.0267984e-09	7.5163164	-0.0031344807	-0.13350493	0.5970199	0.003091474	0.020791667	49.0	2443.4692566394806
160	527.1531	32.224888	545.0	396.4	23.848484	19320000	5.5879354e-09	7.8892784	-0.002991262	-0.104414105	0.57090575	0.0023206356	0.018725	49.0	2458.5907394886017
161	526.5182	35.61252	543.7	399.7	23.992249	19440000	-1.3969839e-08	7.630361	-0.0027960783	-0.08121312	0.5744111	0.0023061186	0.015075	49.0	2473.6159415245056
162	530.905	31.2054	544.6	400.2	21.928057	19560000	9.313226e-09	7.8085065	-0.002782354	-0.06927431	0.5343126	0.0023547814	0.016275	49.0	2488.724994659424
163	527.8691	37.631042	543.8	318.85	23.022388	19680000	-4.656613e-09	7.659574	-0.0028035308	-0.09597194	0.5385425	0.002283186	0.0132	49.0	2503.667664051056
164	529.325	33.89273	544.2	400.5	22.916666	19800000	1.8626451e-09	7.502146	-0.0028215288	-0.09292179	0.5385615	0.0019332464	0.016841667	49.0	2518.645294189453
165	527.9204	36.18887	544.3	400.4	23.53077	19920000	-1.0244548e-08	7.2695036	-0.0029066508	-0.07672125	0.5439422	0.0042055417	0.014308333	49.0	2533.5704288482666
166	531.21326	30.779593	544.6	402.1	21.919117	20040000	-9.313226e-09	7.5874376	-0.0027015996	-0.0655725	0.5270636	0.0019423068	0.014075	49.0	2548.5326912403107
167	526.6019	37.86126	544.9	400.5	24.115385	20160000	3.4924597e-09	7.266096	-0.0026349789	-0.06905824	0.5550687	0.002175984	0.016466666	49.0	2563.5685284137726
168	529.6565	32.19568	544.4	404.3	22.611511	20280000	2.7939677e-09	7.635625	-0.0027739094	-0.08044106	0.5153735	0.00192128	0.015575	49.0	2579.1216039657593
169	529.14923	34.954117	544.7	402.2	22.768656	20400000	8.381903e-09	7.3319855	-0.0028867917	-0.08990216	0.52958786	0.0024251956	0.01885	49.0	2594.331277370453
170	526.57837	39.614735	545.0	403.2	23.976	20520000	-1.071021e-08	7.1944175	-0.003040748	-0.12520373	0.55244	0.002600457	0.0195	49.0	2609.5511124134064
171	531.96326	31.281582	545.0	400.6	21.454546	20640000	1.0011718e-08	7.573694	-0.0029720063	-0.10571921	0.49200615	0.0021412224	0.015725	49.0	2625.1871213912964
172	526.55426	41.21104	547.4	402.0	24.054688	20760000	-2.7939677e-09	8.043587	-0.003051111	-0.1180712	0.5341808	0.0024328784	0.017741667	49.0	2640.7383551597595
173	531.7211	31.660479	546.9	403.1	21.715328	20880000	-5.5879354e-09	7.4110003	-0.0029383907	-0.110557735	0.49982828	0.0022729766	0.01545	49.0	2655.7349603176117
174	531.38586	32.25783	547.2	401.1	21.768116	21000000	5.5879354e-09	7.2994547	-0.0028763046	-0.07554257	0.49212354	0.0021282178	0.018033333	49.0	2671.141439437866
175	530.33606	35.19975	546.15	401.7	22.066177	21120000	4.656613e-09	7.363316	-0.0028343478	-0.074991405	0.5129757	0.002382545	0.01675	49.0	2686.047755718231
176	532.29895	29.032244	546.7	403.9	21.331034	21240000	-5.122274e-09	7.726805	-0.0025693679	-0.084141016	0.46886104	0.0017381287	0.012591667	49.0	2700.897320985794
177	526.5748	38.427086	546.0	396.6	24.102362	21360000	-8.381903e-09	6.957573	-0.0026188018	-0.09364253	0.5126353	0.0024109292	0.017383333	49.0	2715.7543325424194
178	533.9571	27.711916	545.7	403.6	20.587837	21480000	-1.8626451e-09	7.683714	-0.0027349775	-0.10173833	0.44386142	0.001901132	0.017991666	49.0	2730.63165807724
179	530.7398	32.794037	546.8	402.7	21.970802	21600000	1.21071935e-08	7.2866974	-0.0026482074	-0.08005428	0.4837388	0.0019364061	0.0167	49.0	2745.4260954856873
180	531.2345	33.52025	546.6	404.0	21.936619	21720000	-1.8626451e-09	7.1686234	-0.0026043588	-0.07422668	0.43611163	0.0022752427	0.015775	49.0	2760.3216257095337
181	531.69366	33.459457	546.0	366.3	21.380281	21840000	-6.519258e-09	7.5464973	-0.0026407167	-0.082218885	0.44506127	0.0022047218	0.015825	49.0	2775.129225730896
182	532.40656	32.226196	546.5	358.6	21.351725	21960000	-1.071021e-08	8.1114235	-0.0023492668	-0.106743515	0.39750612	0.0020465504	0.016016666	49.0	2789.946705341339
183	532.87366	30.309515	546.8	403.3	21.35135	22080000	-1.4202669e-08	7.7279077	-0.0026783259	-0.09322047	0.402254	0.0023040017	0.016391667	49.0	2804.750641107559
184	536.1447	25.842901	546.9	403.6	19.53125	22200000	-4.656613e-09	8.147032	-0.0024552818	-0.14594918	0.37778693	0.0019649002	0.016816666	49.0	2819.572729110718
185	538.4242	20.183784	546.9	402.7	18.45509	22320000	-3.7252903e-09	8.394677	-0.0022895392	-0.08731294	0.3512928	0.0017109418	0.016525	49.0	2834.495032310486
186	537.17194	25.729387	546.7	403.5	19.067074	22440000	-1.3504177e-08	7.8807335	-0.002291888	-0.079110384	0.35573328	0.0032326698	0.014966667	49.0	2849.3349418640137
187	534.75665	29.162329	547.0	401.8	20.258278	22560000	-6.519258e-09	7.9316845	-0.0022039926	-0.09361774	0.3787126	0.0019173806	0.014408333	49.0	2864.117540359497
188	538.30084	22.679747	546.8	405.3	18.633137	22680000	-1.3969839e-09	8.110758	-0.0021859184	-0.106862485	0.3299617	0.0016319425	0.014966667	49.0	2879.088853597641
189	541.2313	15.364001	546.9	403.7	17.19553	22800000	1.7462298e-09	8.431905	-0.001946517	-0.09052628	0.29429466	0.0015769056	0.014066666	49.0	2893.9352695941925
190	537.8256	25.654356	547.2	402.0	18.660494	22920000	-4.656613e-09	8.207192	-0.0023685007	-0.090464056	0.35434586	0.0033494108	0.0128833335	49.0	2909.0865955352783
191	537.5515	26.32458	547.1	403.2	18.789156	23040000	-4.656613e-09	8.170803	-0.00228586	-0.07457441	0.34591734	0.0015826174	0.013283333	49.0	2924.008183479309
192	539.23975	21.53628	546.8	402.3	18.05848	23160000	-8.8475645e-09	8.119367	-0.0022617271	-0.08765614	0.32358328	0.0026002824	0.014341666	49.0	2938.9022827148438
193	540.1417	24.020119	546.9	269.1	17.318682	23280000	1.1175871e-08	9.196905	-0.0019705156	-0.14494467	0.26914963	0.0015647053	0.012283334	49.0	2953.8157863616943
194	539.57764	19.933739	546.8	401.9	17.918604	23400000	1.1641532e-09	8.259541	-0.002337505	-0.08237195	0.30938444	0.002344904	0.0145499995	49.0	2968.687160253525
195	539.66254	19.540644	546.8	405.0	17.877907	23520000	-4.656613e-09	9.167004	-0.002161713	-0.09006846	0.31974497	0.0017326201	0.013191666	49.0	2983.4831731319427
196	540.04834	21.76033	546.7	392.6	17.519552	23640000	-2.7939677e-09	8.509082	-0.0020531758	-0.09581858	0.29940578	0.0017549498	0.0098916665	49.0	2998.381965637207
197	541.29065	15.794467	546.9	402.5	17.027473	23760000	1.17579475e-08	8.39002	-0.0019118238	-0.092217684	0.2847161	0.0013680145	0.011741666	49.0	3013.224078655243
198	543.6137	9.71389	546.7	413.1	15.979382	23880000	1.4901161e-08	8.830852	-0.0020088155	-0.079384625	0.24085882	0.0016037865	0.013375	49.0	3028.137409925461
199	541.5595	14.4114275	546.9	400.8	16.891304	24000000	1.3504177e-08	8.431723	-0.0017466919	-0.1002242	0.277887	0.0015222174	0.0098749995	49.0	3043.0147161483765
200	539.129	22.450232	546.9	402.0	18.167665	24120000	-4.656613e-10	8.266102	-0.0018408424	-0.072850764	0.33001548	0.0057336553	0.014075	49.0	3057.934614419937
201	541.1251	15.318883	546.9	416.5	17.231638	24240000	1.9790605e-09	8.423962	-0.0018099826	-0.08757794	0.2851703	0.0015365592	0.012925	49.0	3072.867948770523
202	540.0602	18.60826	546.9	400.0	17.745762	24360000	-1.0244548e-08	8.374808	-0.0017816202	-0.092047095	0.28764623	0.0013914893	0.013733333	49.0	3087.7083933353424
203	538.6582	24.590412	546.9	402.9	18.482353	24480000	-9.313226e-09	8.266061	-0.001830049	-0.076895	0.29513165	0.0017455311	0.012141667	49.0	3102.6115262508392
204	540.35944	19.906246	546.7	401.2	17.46857	24600000	-1.6763806e-08	8.141859	-0.0017947168	-0.0641309	0.30073166	0.0018788653	0.014599999	49.0	3117.5454766750336
205	543.72876	4.017038	546.8	513.8	15.906735	24720000	8.294592e-09	8.880922	-0.0017295737	-0.1194042	0.22702074	0.0010417467	0.011375	49.0	3132.4491708278656
206	539.44763	22.405146	546.7	400.0	17.965319	24840000	3.259629e-09	8.335293	-0.0017312085	-0.10217756	0.2997983	0.0077346493	0.015866667	49.0	3147.2532024383545
207	541.5671	16.983856	546.9	403.5	17.0	24960000	-4.1909516e-09	8.545985	-0.0016950705	-0.060646176	0.27271023	0.001305484	0.011241667	49.0	3162.212921142578
208	542.7484	8.942804	547.5	461.8	16.44149	25080000	-4.947651e-09	8.328539	-0.0018077388	-0.07449001	0.25368422	0.001542889	0.01285	49.0	3177.3356585502625
209	540.1931	22.188934	546.8	401.8	17.685715	25200000	1.8626451e-09	8.180776	-0.001760812	-0.11890358	0.29241866	0.006742676	0.014966667	49.0	3192.533876180649
210	541.2031	18.120346	547.0	401.8	17.101124	25320000	-1.1175871e-08	8.102583	-0.0016718972	-0.05145991	0.28890783	0.001426734	0.009191666	49.0	3207.9154138565063
211	542.7188	12.599127	547.4	402.3	16.455027	25440000	-2.2351742e-08	8.694757	-0.0016890869	-0.05456686	0.25138164	0.0015333446	0.0112333335	49.0	3223.16379570961
212	539.915	21.503714	546.8	400.7	17.844828	25560000	0.0	8.043916	-0.0016799351	-0.074411094	0.28631997	0.0016710844	0.013041667	49.0	3238.3998067379
213	541.8476	15.925706	547.2	405.1	16.892473	25680000	-6.9849193e-10	8.485522	-0.0018260564	-0.0763284	0.2623303	0.0014638612	0.011425	49.0	3253.058155298233
214	542.0228	15.668722	546.9	401.4	16.741936	25800000	-4.8894435e-09	8.57239	-0.0017405582	-0.059817612	0.24736857	0.0012538596	0.01145	49.0	3268.02911567688
215	541.5596	17.305346	546.8	402.9	16.93989	25920000	4.1909516e-09	8.414656	-0.0017619447	-0.056905627	0.26509652	0.0015759987	0.0123333335	49.0	3282.8910007476807
216	542.6856	13.068595	547.2	403.7	16.508022	26040000	8.032657e-09	8.645451	-0.0019623998	-0.09251976	0.23675291	0.0066455435	0.017616667	49.0	3298.144406080246
217	538.0009	27.883429	547.0	403.2	18.616766	26160000	-1.5366822e-08	8.099371	-0.0019407363	-0.09435403	0.3423275	0.0019476386	0.014908333	49.0	3313.3534922599792
218	543.2969	11.733152	546.7	435.85	16.231579	26280000	-6.4028427e-09	8.67342	-0.0017137495	-0.10744554	0.2284379	0.0011256589	0.011266666	49.0	3328.520924806595
219	543.29474	11.953141	546.9	402.8	16.104166	26400000	-4.4237822e-09	8.782807	-0.0016395664	-0.05865532	0.2266129	0.0015495317	0.010933333	49.0	3343.4830572605133
220	541.47485	20.920794	546.7	401.1	16.93989	26520000	-3.259629e-09	8.461346	-0.0016664135	-0.09675294	0.26525655	0.0018383006	0.013008333	49.0	3358.5238773822784
221	544.2881	3.2830772	546.9	520.2	15.691919	26640000	1.0477379e-09	8.943888	-0.0017773194	-0.09970701	0.20783576	0.0021716557	0.013416667	49.0	3373.7578217983246
222	542.93506	15.352726	546.8	402.3	16.3089	26760000	9.313226e-10	8.734145	-0.0019395927	-0.08366585	0.22617432	0.006009233	0.016208334	49.0	3389.0355772972107
223	543.34454	11.137146	546.8	417.1	16.202072	26880000	9.313226e-10	8.65643	-0.0017054405	-0.070777595	0.22818784	0.0015144984	0.010925	49.0	3404.158581495285
224	543.52356	11.487997	546.7	404.3	16.051813	27000000	-5.5879354e-09	8.962852	-0.0015934044	-0.08786571	0.23240925	0.0015577083	0.011133334	49.0	3420.1620330810547
225	543.7026	13.985576	546.9	400.3	15.948718	27120000	7.450581e-09	8.796925	-0.0016676493	-0.08183253	0.22301462	0.0016169946	0.011708333	49.0	3435.959228992462
226	542.98364	9.89712	546.8	460.0	16.301588	27240000	-5.820766e-09	8.524232	-0.0017531506	-0.087569356	0.24167447	0.0012665994	0.0115249995	49.0	3451.2454810142517
227	543.49225	12.33342	546.7	410.2	16.030928	27360000	-1.6763806e-08	8.638607	-0.0014825995	-0.06836289	0.22560984	0.0017526112	0.009466667	49.0	3467.0409395694733
228	543.0089	11.603293	546.7	438.5	16.371727	27480000	5.122274e-09	8.827637	-0.0016801059	-0.074980736	0.22340317	0.002170639	0.009766666	49.0	3483.24885058403
229	543.1246	9.374566	546.9	462.1	16.20419	27600000	1.0360964e-08	8.610964	-0.0015816633	-0.057454824	0.2311131	0.001237697	0.0105	49.0	3501.5643632411957
230	542.69653	14.754876	547.0	402.2	16.49468	27720000	-4.4237822e-09	8.520119	-0.0014701306	-0.06936157	0.22810268	0.0014137613	0.010241667	49.0	3518.326509475708
231	542.9311	14.119167	546.9	414.8	16.336842	27840000	8.381903e-09	8.475426	-0.001523858	-0.07628858	0.2316996	0.0011684045	0.009333334	49.0	3535.1276412010193
232	543.04626	10.737094	546.7	446.0	16.326202	27960000	1.6298145e-08	8.84702	-0.0016297963	-0.06705952	0.23764479	0.0014719991	0.012366666	49.0	3552.2363901138306
233	542.9412	12.053844	547.0	429.2	16.361702	28080000	-1.1641532e-09	8.76218	-0.001833095	-0.07484633	0.23377198	0.0015031642	0.011933334	49.0	3568.989378452301
234	543.17346	10.590031	547.0	441.2	16.24468	28200000	4.656613e-09	8.663645	-0.0017263519	-0.06385207	0.23296028	0.0014802266	0.011316666	49.0	3585.80500459671
235	541.2698	17.184116	546.8	401.2	17.038462	28320000	-4.1909516e-09	8.491926	-0.0018158697	-0.085808694	0.26009843	0.001344779	0.013733333	49.0	3602.47789645195
236	541.1061	16.622812	546.8	422.7	17.305555	28440000	-3.0267984e-09	8.776511	-0.0019937945	-0.10720366	0.24488151	0.0016955701	0.011916667	49.0	3618.9961609840393
237	542.7553	10.5033045	547.1	465.35	16.560846	28560000	-8.614734e-09	8.94688	-0.0018138505	-0.08954251	0.22692984	0.0014364742	0.012666667	49.0	3635.492616176605
238	541.06555	16.341124	547.1	398.8	17.277779	28680000	1.0244548e-08	8.922813	-0.002039679	-0.07621992	0.25705165	0.002556715	0.014266667	49.0	3651.8853044509888
239	540.0274	20.12995	547.0	401.0	17.805714	28800000	-3.958121e-09	8.6701145	-0.0020268243	-0.08589953	0.26744142	0.0014900998	0.014575001	49.0	3668.5860052108765
240	542.9945	10.649461	546.8	429.6	16.282722	28920000	1.8626451e-09	8.856241	-0.0020704912	-0.09411162	0.22927156	0.001857754	0.014666666	49.0	3685.548064470291
241	542.24866	13.145847	547.1	401.4	16.623655	29040000	-3.958121e-09	9.026216	-0.0021696303	-0.10832095	0.24494983	0.0018035914	0.015866667	49.0	3702.6898250579834
242	540.61914	19.180662	547.0	400.6	17.370787	29160000	1.21071935e-08	8.747961	-0.0019572983	-0.081027985	0.2705622	0.0017065923	0.013741666	49.0	3719.3213696479797
243	541.9822	13.099737	547.2	428.1	16.827026	29280000	-2.3283064e-09	8.793709	-0.0020867158	-0.118866205	0.24096204	0.0011364834	0.015525	49.0	3735.81481218338
244	542.84576	8.900497	547.1	458.5	16.48936	29400000	1.0419171e-08	8.852083	-0.0018829975	-0.077450395	0.21474077	0.0012671663	0.0128	49.0	3752.3123967647552
245	542.8574	10.877087	546.9	439.0	16.47619	29520000	-6.9849193e-09	8.800527	-0.0019765191	-0.11079466	0.20907563	0.0029612333	0.011833333	49.0	3768.857495546341
246	542.24725	14.975493	547.1	402.4	16.748634	29640000	-6.519258e-09	8.461372	-0.0019466993	-0.07725674	0.23243536	0.0013959198	0.011291667	49.0	3785.36825299263
247	542.9363	9.4990635	546.8	431.45	16.455027	29760000	-2.0954758e-09	8.701364	-0.0017728934	-0.08372605	0.20588472	0.0014314612	0.0127	49.0	3801.8890342712402
248	542.7939	8.216523	546.9	470.4	16.463158	29880000	-1.6589183e-09	8.754017	-0.0016394468	-0.07467353	0.21383065	0.0011548104	0.0101666665	49.0	3818.3980593681335
249	541.261	19.099619	547.0	401.5	17.191011	30000000	5.122274e-09	8.310614	-0.0016779238	-0.09004384	0.24915525	0.0017455206	0.012158333	49.0	3834.888273715973
