Episode	TestRet	TestSteps	AverageEpRet	StdEpRet	MaxEpRet	MinEpRet	EpLen	Time
50	-108.00000160932541	80.0	-92.869	5.727049	-78.05	-103.4	80.0	4 min 8 sec
100	-176.50000942870975	80.0	-51.649002	46.750965	62.049995	-152.45001	80.0	9 min 27 sec
150	-121.10001084581017	80.0	152.569	148.29953	511.69998	-84.65	80.0	14 min 30 sec
200	473.79999505728483	80.0	337.79398	165.42735	565.4	-16.350002	80.0	20 min 9 sec
250	555.799995996058	80.0	484.295	125.79284	596.45	-49.7	80.0	25 min 30 sec
300	571.1499971747398	80.0	509.98398	120.32679	603.7	147.6	80.0	30 min 3 sec
350	539.1899960450828	80.0	513.895	138.03452	606.0	-7.8000007	80.0	35 min 6 sec
400	501.2199980780482	80.0	501.115	100.13633	589.6	48.05	80.0	40 min 29 sec
450	482.8199976570904	80.0	473.781	96.7995	586.55	161.7	80.0	45 min 42 sec
500	454.34499783217905	80.0	443.42902	119.45014	604.0	89.25	79.96	50 min 54 sec
550	566.3999974280596	80.0	509.573	92.11423	629.1	49.55	79.44	56 min 35 sec
600	548.4999979622662	80.0	481.89603	112.651726	608.6	76.25	79.92	1 h 1 min
650	532.7999978214502	80.0	456.996	139.5687	584.6	-79.85	80.0	1 h 6 min
700	620.9999971613288	60.0	459.765	116.50035	602.4	55.8	80.0	1 h 11 min
750	465.39999347925186	80.0	477.92596	142.4193	621.55	47.75	79.66	1 h 16 min
800	533.7999939695001	80.0	494.15	108.95019	612.75	76.75	79.78	1 h 22 min
850	544.499995496124	80.0	504.36	104.30388	627.3	164.45	79.4	1 h 27 min
900	520.3999953791499	80.0	503.19806	114.97198	635.8	97.15	77.56	1 h 32 min
950	574.6999966315925	80.0	522.611	94.31826	638.5	212.7	77.04	1 h 37 min
1000	573.9549978081137	80.0	532.32794	97.40674	658.15	258.85	78.2	1 h 42 min
1050	580.1999968066812	80.0	524.634	122.33243	662.2	81.049995	77.02	1 h 47 min
1100	567.7999967113137	80.0	524.668	109.019485	654.45	186.65	79.46	1 h 52 min
1150	552.8999963738024	80.0	546.054	87.342636	651.85	283.5	78.18	1 h 57 min
1200	656.1499985419214	51.0	525.16095	113.1918	620.75	182.55	79.22	2 h 2 min
1250	577.399996727705	80.0	530.864	126.715935	654.5	68.299995	78.48	2 h 7 min
1300	587.1999972835183	80.0	556.32	97.60078	670.95	211.75	74.74	2 h 12 min
1350	575.7999975681305	80.0	553.11304	130.61757	670.7	65.0	71.56	2 h 17 min
1400	599.6999974735081	80.0	571.759	75.19021	669.5	377.05	72.14	2 h 22 min
1450	584.9999967291951	80.0	573.37195	115.12336	678.4	80.95	68.22	2 h 27 min
1500	678.099998831749	34.0	596.719	80.40386	677.55	257.7	67.66	2 h 31 min
1550	674.7999988608062	38.0	575.371	107.07648	680.15	225.6	68.08	2 h 36 min
1600	670.5499986894429	39.0	590.491	73.74303	680.25	361.05	70.82	2 h 41 min
1650	675.3999988920987	38.0	577.20905	116.6946	673.1	71.95	66.66	2 h 45 min
1700	584.2999975718558	80.0	591.579	95.2257	673.7	146.45	65.68	2 h 49 min
1750	610.8999965339899	58.0	611.37805	80.99368	680.2	286.8	60.2	2 h 52 min
1800	672.6499987989664	39.0	589.938	139.17052	680.65	-39.100002	57.08	2 h 57 min
1850	682.5499992147088	37.0	638.28503	52.82883	685.7	473.25	53.46	3 h 1 min
1900	612.4999980740249	80.0	575.011	141.15196	683.5	78.549995	59.7	3 h 5 min
1950	688.8499992415309	31.0	612.966	111.3012	686.1	74.5	54.78	3 h 9 min
2000	682.8999990820885	34.0	615.504	90.636086	683.05	325.8	55.98	3 h 13 min
2050	671.5499986410141	37.0	587.202	101.45812	682.2	257.75	64.76	3 h 17 min
2100	689.849999293685	31.0	611.584	110.42156	685.5	168.9	54.24	3 h 20 min
2150	656.1499980390072	41.0	636.085	57.559216	685.35	379.8	54.62	3 h 24 min
2200	671.3999987840652	40.0	580.63696	144.00737	686.5	103.299995	57.98	3 h 28 min
2250	684.8999991863966	34.0	635.132	82.996124	686.6	234.4	51.66	3 h 32 min
2300	687.649999178946	31.0	612.547	127.764114	690.75	166.09999	50.92	3 h 35 min
2350	683.1499990448356	33.0	619.047	121.85409	687.75	142.8	49.8	3 h 39 min
2400	678.4999988526106	34.0	606.968	138.58195	689.55	24.299997	54.34	3 h 42 min
2450	674.1499988771975	39.0	656.193	45.893364	688.15	411.65	47.22	3 h 46 min
2500	687.0999990999699	30.0	628.493	118.931046	691.35	114.95	47.46	3 h 49 min
2550	685.1499991491437	33.0	653.512	66.686264	691.7	306.15	45.56	3 h 53 min
2600	680.2499989941716	35.0	608.909	107.418144	685.2	258.45	54.42	3 h 57 min
2650	682.3499991036952	35.0	634.496	89.32084	688.65	251.75	48.76	4 h 0 min
2700	686.3999991640449	32.0	639.94	100.04509	688.5	104.1	46.14	4 h 3 min
2750	690.7999992929399	30.0	638.54596	88.664055	686.95	262.55	47.84	4 h 7 min
2800	683.5499990656972	33.0	633.28503	89.34069	689.85	305.4	50.66	4 h 11 min
2850	688.399999268353	32.0	647.599	91.77019	692.15	280.1	43.7	4 h 13 min
2900	688.4999992735684	32.0	651.18	78.442955	690.85	181.34999	46.36	4 h 17 min
2950	689.4999992251396	30.0	646.87006	86.55346	692.0	301.6	44.18	4 h 20 min
3000	685.5999990217388	30.0	637.534	108.05612	693.5	199.34999	45.36	4 h 23 min
3050	675.0499988235533	37.0	634.26404	100.32943	693.7	284.3	47.82	4 h 27 min
3100	690.3999992720783	30.0	633.81396	101.89162	698.85	242.45	47.06	4 h 30 min
3150	690.6999993883073	32.0	636.10297	101.73827	695.5	298.8	44.78	4 h 33 min
3200	687.3999992161989	32.0	626.18	116.06983	691.45	237.05	46.52	4 h 37 min
3250	695.9499995112419	29.0	637.818	115.97891	692.1	129.75	46.6	4 h 40 min
3300	692.0499993078411	29.0	659.68604	60.70855	693.05	383.0	43.1	4 h 44 min
3350	691.6499993875623	31.0	621.11	128.20155	693.8	82.5	49.7	4 h 46 min
3400	691.4499993771315	31.0	655.047	61.60662	694.0	413.7	44.78	4 h 48 min
3450	692.3499993234873	29.0	621.00104	129.9367	695.95	185.34999	48.86	4 h 49 min
3500	692.799999397248	30.0	649.791	75.55763	693.8	380.65	44.2	4 h 51 min
3550	694.4999994859099	30.0	604.8859	171.2164	694.85	-16.200003	48.7	4 h 52 min
3600	692.3499993234873	29.0	630.627	115.588684	693.15	103.549995	48.18	4 h 53 min
3650	693.5999994389713	30.0	642.74603	85.25362	695.45	284.45	48.68	4 h 55 min
3700	689.4999993257225	32.0	639.58	89.41728	694.65	198.7	48.1	4 h 56 min
3750	694.8499994538724	29.0	627.109	124.49159	693.9	84.4	48.64	4 h 58 min
3800	684.3499991074204	33.0	639.88007	104.570564	693.0	187.65	44.74	4 h 59 min
3850	691.4499993771315	31.0	653.576	71.60608	691.3	355.55	44.62	5 h 0 min
3900	694.8499994538724	29.0	642.55304	87.836845	696.15	288.2	47.48	5 h 2 min
3950	696.7999995052814	28.0	633.277	101.24538	691.5	206.84999	48.48	5 h 3 min
4000	696.5999994948506	28.0	638.266	101.34375	696.95	196.09999	46.68	5 h 5 min
4050	689.5999993309379	32.0	637.62897	125.7949	693.5	122.95	43.24	5 h 6 min
4100	691.9999993555248	30.0	643.207	95.559685	694.8	197.9	45.5	5 h 7 min
4150	688.9499992467463	31.0	610.01196	121.43875	694.3	260.1	49.66	5 h 9 min
4200	690.2999992668629	30.0	660.11206	53.26903	695.65	391.0	45.42	5 h 10 min
4250	696.199999473989	28.0	628.014	114.86416	696.6	164.85	49.06	5 h 12 min
4300	691.349999371916	31.0	629.86597	104.770454	695.2	167.75	48.64	5 h 13 min
4350	684.6499991230667	33.0	581.839	158.29807	692.1	57.449997	52.74	5 h 15 min
4400	687.0499991476536	31.0	603.73804	137.49802	693.4	84.799995	54.56	5 h 16 min
4450	689.8999993465841	32.0	643.89294	109.35783	697.7	140.55	42.68	5 h 17 min
4500	692.8999994024634	30.0	624.48206	121.15979	690.35	128.9	48.16	5 h 19 min
4550	696.8999995104969	28.0	644.572	99.54466	697.3	152.65	44.92	5 h 20 min
4600	692.4499994292855	31.0	644.257	98.79729	697.2	188.85	44.42	5 h 22 min
4650	693.8499994017184	29.0	667.706	47.4917	697.5	471.3	41.3	5 h 23 min
4700	688.7999992892146	32.0	638.04	88.94749	694.55	344.65	48.6	5 h 25 min
4750	696.699999500066	28.0	622.5789	104.00034	695.4	288.25	51.42	5 h 26 min
4800	693.0999994128942	30.0	652.50507	82.30766	696.05	312.2	43.46	5 h 27 min
4850	697.0499994680285	27.0	633.146	90.78363	694.5	268.55	51.52	5 h 29 min
4900	682.5999989658594	32.0	636.671	114.233154	695.45	191.1	44.96	5 h 30 min
4950	697.649999499321	27.0	647.08203	82.714386	694.4	306.65	45.38	5 h 32 min
5000	690.9499993510544	31.0	620.01196	137.40204	698.65	53.85	46.84	5 h 33 min
5050	696.7999995052814	28.0	624.22	100.29666	695.45	345.4	50.26	5 h 34 min
5100	699.7499996088445	27.0	629.558	109.44941	695.95	163.15	49.1	5 h 36 min
5150	690.9999993033707	30.0	647.301	94.86466	696.3	221.3	43.02	5 h 37 min
5200	696.1499994210899	27.0	636.9	105.287704	696.2	192.05	46.7	5 h 39 min
5250	691.1499993614852	31.0	618.368	119.88457	695.75	251.2	50.44	5 h 40 min
5300	700.1999995820224	26.0	647.31696	100.90604	699.95	238.95	42.68	5 h 41 min
5350	694.4499994330108	29.0	656.895	78.040634	696.75	358.95	41.58	5 h 43 min
5400	703.2999996431172	24.0	641.86005	96.83438	694.9	262.95	46.6	5 h 44 min
5450	694.1999994702637	30.0	625.885	111.93682	693.75	232.3	50.22	5 h 45 min
5500	698.5999995991588	28.0	644.29205	81.7675	697.7	392.15	45.44	5 h 47 min
5550	698.2499995306134	27.0	632.016	130.31413	696.2	117.299995	45.8	5 h 48 min
5600	696.0499994158745	27.0	628.61206	115.627	697.9	194.09999	46.46	5 h 50 min
5650	698.5999994985759	26.0	647.893	97.269066	697.6	274.5	42.16	5 h 51 min
5700	698.4999995939434	28.0	608.559	135.41069	695.75	160.15	50.58	5 h 52 min
5750	697.5499994941056	27.0	633.225	123.15335	698.6	184.15	46.78	5 h 54 min
5800	697.2999995313585	28.0	653.217	98.9166	697.55	102.75	43.2	5 h 55 min
5850	693.3999993279576	28.0	648.50903	98.37114	694.95	216.5	44.26	5 h 57 min
5900	696.1499994210899	27.0	648.086	102.03616	697.1	118.7	44.26	5 h 58 min
5950	696.0999994687736	28.0	639.75995	102.112015	696.5	257.9	46.16	5 h 59 min
6000	703.7999996691942	24.0	648.89	96.523155	698.3	169.15	42.6	6 h 1 min
6050	699.7499996088445	27.0	630.24	122.997795	697.15	172.95	45.28	6 h 2 min
6100	701.5999996550381	26.0	630.341	121.34224	696.25	96.85	47.24	6 h 3 min
6150	693.3499993756413	29.0	627.815	134.96428	698.3	181.6	44.26	6 h 5 min
6200	691.2499993667006	31.0	643.068	117.68281	696.65	-0.7000015	42.64	6 h 6 min
6250	696.4999994896352	28.0	641.323	104.148155	696.4	235.95	44.24	6 h 8 min
6300	695.1499993689358	27.0	663.83	60.710094	695.15	426.75	41.02	6 h 9 min
6350	694.8999995067716	30.0	654.548	68.4489	696.8	396.1	44.36	6 h 10 min
6400	688.8499992415309	31.0	649.104	106.70445	697.7	83.15	43.22	6 h 12 min
6450	703.0499996803701	25.0	652.94	98.61814	696.35	259.65	40.32	6 h 13 min
6500	699.2999995350838	26.0	639.414	112.62311	697.25	77.299995	46.68	6 h 14 min
6550	697.5999995470047	28.0	655.22205	83.13975	696.9	292.6	42.76	6 h 16 min
6600	694.4499994330108	29.0	649.78796	115.81638	700.15	48.1	39.62	6 h 17 min
6650	692.4499993287027	29.0	659.63	74.8757	700.25	344.2	42.52	6 h 18 min
6700	701.0999996289611	26.0	657.849	60.769806	698.1	413.7	44.5	6 h 20 min
6750	696.199999473989	28.0	660.625	71.304085	697.1	271.15	42.26	6 h 21 min
6800	693.3999994285405	30.0	645.953	100.55851	696.35	197.0	43.86	6 h 23 min
6850	701.0999996289611	26.0	650.642	119.686295	696.8	-37.65	41.5	6 h 24 min
6900	699.1999995298684	26.0	654.331	73.89618	697.7	330.0	43.68	6 h 25 min
6950	698.1999995782971	28.0	647.232	113.39176	697.1	26.499998	42.46	6 h 27 min
7000	704.1499997377396	25.0	651.83405	94.37241	700.15	268.6	42.36	6 h 28 min
7050	694.3999994806945	30.0	667.7441	67.71161	700.8	258.7	39.8	6 h 29 min
7100	696.0499995164573	29.0	646.817	100.747894	700.45	221.75	43.74	6 h 31 min
7150	700.7999996133149	26.0	636.533	110.85678	700.15	235.9	45.52	6 h 32 min
7200	701.5999996550381	26.0	654.49	82.68582	697.0	235.59999	43.92	6 h 33 min
7250	701.3999996446073	26.0	640.01	89.81206	699.15	361.75	48.58	6 h 35 min
7300	699.5499995984137	27.0	642.22	94.542206	698.4	236.4	47.84	6 h 38 min
7350	698.5499995462596	27.0	648.34796	98.763985	695.7	215.3	43.68	6 h 40 min
7400	699.7999995611608	26.0	619.98303	154.75417	698.3	-7.7500024	43.82	6 h 43 min
7450	692.5499994345009	31.0	677.019	31.674608	696.65	571.9	38.98	6 h 46 min
7500	695.5999994426966	28.0	674.93	33.731987	697.3	546.9	40.96	6 h 50 min
7550	699.3499995879829	27.0	661.556	68.49362	701.4	376.8	41.86	6 h 53 min
7600	694.5499994382262	29.0	653.48596	82.17955	700.9	321.15	44.4	6 h 56 min
7650	699.3499995879829	27.0	641.285	113.833405	699.45	149.7	44.92	6 h 59 min
7700	693.5999994389713	30.0	652.813	65.070045	699.5	429.1	47.54	7 h 3 min
7750	697.5499994941056	27.0	676.24396	58.432663	699.0	290.95	37.54	7 h 6 min
7800	699.1499995775521	27.0	650.812	86.35514	700.55	243.95	44.88	7 h 10 min
7850	699.4499995931983	27.0	646.855	117.683975	696.5	153.8	41.28	7 h 13 min
7900	693.4499993808568	29.0	662.08295	82.82876	699.15	185.25	41.46	7 h 15 min
7950	700.8999996185303	26.0	657.59906	84.881096	698.7	215.05	41.58	7 h 19 min
8000	702.3499996438622	25.0	663.302	77.733	699.75	271.35	39.46	7 h 21 min
8050	692.799999397248	30.0	674.27203	47.408592	700.45	412.4	38.94	7 h 24 min
8100	702.6499996595085	25.0	638.92596	96.13124	698.2	296.2	46.42	7 h 28 min
8150	695.0499993637204	27.0	630.807	134.23874	699.95	64.25	45.38	7 h 31 min
8200	699.7499996088445	27.0	654.693	80.67857	697.8	346.05	42.52	7 h 34 min
8250	701.8999996706843	26.0	663.324	69.737686	699.35	353.6	41.12	7 h 37 min
8300	701.5999996550381	26.0	647.954	113.391235	700.65	178.65	40.4	7 h 40 min
8350	697.0999995209277	28.0	663.238	79.73131	699.55	235.4	40.66	7 h 43 min
8400	700.1499996297061	27.0	659.063	79.02647	698.2	304.5	40.92	7 h 46 min
8450	703.6499997116625	25.0	674.41705	46.72435	699.4	460.9	38.44	7 h 50 min
8500	698.2499995306134	27.0	653.99	77.77882	697.5	371.2	43.7	7 h 53 min
8550	697.2999995313585	28.0	664.644	54.760956	697.3	475.4	42.12	7 h 56 min
8600	704.6999997161329	24.0	653.178	96.8546	699.95	231.55	41.22	7 h 59 min
8650	697.3999995365739	28.0	630.587	117.961044	702.65	210.5	45.74	8 h 2 min
8700	701.3999996446073	26.0	651.337	77.875015	699.6	357.95	45.44	8 h 5 min
8750	698.7999995090067	26.0	660.52795	89.995026	701.6	192.5	40.26	8 h 8 min
8800	700.599999602884	26.0	675.7869	35.433094	702.0	514.85	40.14	8 h 11 min
8850	699.1499995775521	27.0	683.48193	21.644287	699.25	612.95	36.82	8 h 14 min
8900	700.8999996185303	26.0	660.5559	62.679653	699.35	397.0	44.14	8 h 17 min
8950	700.9999996237457	26.0	646.26	117.36547	700.65	90.25	43.68	8 h 21 min
9000	701.4999996498227	26.0	633.16797	121.2497	699.25	203.7	44.46	8 h 24 min
9050	702.1999996863306	26.0	654.956	100.77152	700.7	103.75	40.62	8 h 27 min
9100	704.1999996900558	24.0	648.743	116.367424	699.65	24.399998	41.96	8 h 30 min
9150	700.099999576807	26.0	629.443	109.63001	700.1	200.65	49.44	8 h 34 min
9200	702.0999996811152	26.0	649.004	89.41871	700.05	293.55	44.9	8 h 37 min
9250	700.8999996185303	26.0	667.43805	65.97355	703.25	290.05	40.6	8 h 40 min
9300	702.3499996438622	25.0	662.551	82.26127	701.5	305.75	39.42	8 h 43 min
9350	699.5499995984137	27.0	629.635	132.7179	699.8	177.55	43.68	8 h 46 min
9400	700.6999996080995	26.0	655.585	93.2205	700.95	258.45	40.62	8 h 49 min
9450	703.8499997220933	25.0	667.79706	71.48469	699.55	400.25	37.44	8 h 52 min
9500	702.1999996863306	26.0	647.471	103.85098	698.8	238.95	41.9	8 h 55 min
9550	703.1499996855855	25.0	660.074	80.402885	701.1	274.25	41.7	8 h 59 min
9600	702.7499996647239	25.0	667.2249	71.24036	699.1	261.7	40.08	9 h 2 min
9650	701.8999996706843	26.0	675.73706	49.06437	700.15	474.55	37.26	9 h 5 min
9700	694.2999994754791	30.0	643.87897	98.47248	701.45	361.1	43.5	9 h 8 min
9750	698.9999996200204	28.0	664.761	66.53884	698.1	337.05	41.1	9 h 12 min
9800	530.0549980349839	80.0	655.21	81.790695	700.65	301.9	43.94	9 h 15 min
9850	696.9999995157123	28.0	673.10297	42.17212	700.75	544.95	39.94	9 h 18 min
9900	699.4499995931983	27.0	638.538	123.676575	699.8	105.049995	43.36	9 h 21 min
9950	701.4999996498227	26.0	640.16	132.58409	699.85	92.299995	41.66	9 h 24 min
10000	692.8999994024634	30.0	640.43097	102.31535	701.6	127.75	48.48	9 h 28 min
10050	700.7999996133149	26.0	662.408	71.044846	700.05	411.05	41.02	9 h 31 min
10100	702.3499996438622	25.0	640.607	120.68692	700.15	101.549995	43.66	9 h 34 min
10150	703.2499996908009	25.0	676.058	66.69565	700.85	253.09999	36.36	9 h 37 min
10200	702.3999996967614	26.0	626.63403	129.44649	700.15	53.3	46.48	9 h 40 min
10250	703.2499996908009	25.0	666.74603	87.42833	699.95	117.45	38.68	9 h 44 min
10300	703.7499997168779	25.0	656.74304	83.65951	699.95	218.55	42.88	9 h 47 min
10350	698.0999995730817	28.0	632.781	114.91664	703.65	183.5	45.44	9 h 50 min
10400	698.3499995358288	27.0	657.729	86.02733	700.25	307.6	40.66	9 h 53 min
10450	701.5999996550381	26.0	635.25507	104.44137	701.7	244.25	46.56	9 h 56 min
10500	700.0499996244907	27.0	682.49304	26.515194	701.85	545.45	36.56	9 h 59 min
10550	698.0999995730817	28.0	662.752	75.584236	701.6	346.2	41.12	10 h 2 min
10600	698.9499995671213	27.0	638.43896	114.84692	699.75	242.9	42.7	10 h 5 min
10650	702.3499996438622	25.0	633.02905	135.06372	699.85	-2.7500021	44.94	10 h 9 min
10700	697.4999995417893	28.0	648.382	88.020386	699.25	253.34999	45.74	10 h 12 min
10750	700.5499996505678	27.0	632.98	114.63282	701.1	186.45	47.42	10 h 15 min
10800	699.2499995827675	27.0	671.592	43.338223	702.3	480.3	41.8	10 h 18 min
10850	700.4499996453524	27.0	683.589	26.735548	699.85	577.35	36.46	10 h 21 min
10900	704.249999742955	25.0	667.0281	70.6454	703.1	360.65	39.06	10 h 24 min
10950	701.3999996446073	26.0	653.479	95.812035	700.35	223.8	42.38	10 h 27 min
11000	699.2499995827675	27.0	665.676	91.06639	700.65	150.2	39.0	10 h 30 min
11050	701.2999996393919	26.0	612.164	133.04915	698.15	204.25	51.86	10 h 34 min
11100	701.849999718368	27.0	650.21	87.81801	701.05	266.4	44.1	10 h 37 min
11150	703.4499997012317	25.0	641.886	109.71224	698.8	224.2	44.7	10 h 40 min
11200	704.7999997213483	24.0	621.079	137.10861	700.6	96.35	47.54	10 h 43 min
11250	701.2999996393919	26.0	664.6619	65.30909	701.8	311.45	42.14	10 h 47 min
11300	704.5499997586012	25.0	653.71204	76.617645	699.6	325.35	46.18	10 h 50 min
11350	702.0999996811152	26.0	646.835	91.81134	701.3	304.05	45.08	10 h 53 min
11400	705.0999997369945	24.0	674.1309	49.209736	703.75	467.3	39.42	10 h 56 min
11450	703.9499997273088	25.0	668.08093	57.10971	700.55	388.8	41.2	11 h 0 min
11500	704.0999996848404	24.0	671.158	71.18454	701.75	294.4	37.4	11 h 3 min
11550	701.8999996706843	26.0	666.326	65.18246	700.55	356.65	41.72	11 h 6 min
11600	704.7999997213483	24.0	648.62604	107.79826	700.55	186.55	40.84	11 h 9 min
11650	696.8499995581806	29.0	672.42206	67.34781	698.4	243.55	39.14	11 h 12 min
11700	698.149999525398	27.0	632.228	118.91759	700.55	122.75	44.5	11 h 16 min
11750	698.4999995939434	28.0	657.94	93.09586	704.05	156.6	40.98	11 h 19 min
11800	704.4999997057021	24.0	661.145	88.55443	702.6	255.9	38.92	11 h 22 min
11850	698.9999996200204	28.0	648.306	93.31969	702.2	319.1	42.76	11 h 25 min
11900	701.8999996706843	26.0	631.959	115.3146	701.05	80.1	46.7	11 h 29 min
11950	705.4999997578561	24.0	646.47	110.441025	703.0	269.75	42.1	11 h 32 min
12000	700.7499996609986	27.0	640.40204	111.064674	701.55	284.7	41.88	11 h 35 min
12050	700.7999996133149	26.0	648.31396	107.407265	700.9	141.45	42.08	11 h 39 min
12100	701.4999996498227	26.0	655.034	107.48623	701.6	102.799995	39.6	11 h 42 min
12150	703.2499996908009	25.0	655.83704	93.52827	698.7	285.5	39.72	11 h 45 min
12200	701.3999996446073	26.0	661.289	76.35578	702.7	338.2	39.9	11 h 49 min
12250	697.9999995678663	28.0	643.36206	130.511	701.7	61.949997	40.74	11 h 52 min
12300	696.1499995216727	29.0	660.529	76.588165	700.55	352.9	40.92	11 h 55 min
12350	703.5499997064471	25.0	663.818	77.65355	700.05	321.25	39.28	11 h 58 min
12400	697.2499995790422	29.0	648.819	96.79548	700.15	249.35	42.38	12 h 2 min
12450	701.6999996602535	26.0	654.049	85.453094	700.0	192.25	44.64	12 h 5 min
12500	697.9999995678663	28.0	640.094	119.04394	702.3	197.15	43.34	12 h 8 min
12550	698.0499995201826	27.0	660.469	85.064026	701.7	323.0	39.46	12 h 11 min
12600	699.5999996513128	28.0	629.848	119.309685	700.75	189.65	46.66	12 h 14 min
12650	702.299999691546	26.0	654.30396	95.100204	699.95	328.1	40.02	12 h 17 min
12700	702.9499996751547	25.0	610.602	153.15282	703.15	70.9	48.88	12 h 21 min
12750	697.649999499321	27.0	669.902	52.267616	700.0	453.55	41.5	12 h 24 min
12800	703.9499997273088	25.0	650.163	95.48414	699.85	302.75	41.58	12 h 27 min
12850	704.8999997265637	24.0	655.38806	113.573044	701.8	118.8	39.72	12 h 30 min
12900	701.6999996602535	26.0	665.489	69.488174	701.3	372.0	40.74	12 h 33 min
12950	701.1499996818602	27.0	677.33295	44.41934	700.75	453.45	37.42	12 h 36 min
13000	701.1999996341765	26.0	655.562	76.09839	701.5	234.35	46.94	12 h 39 min
13050	703.7499997168779	25.0	638.491	119.23008	700.25	195.2	43.52	12 h 42 min
13100	698.2999995835125	28.0	637.847	121.946144	699.9	150.3	45.72	12 h 45 min
13150	700.6499996557832	27.0	620.48206	153.07481	700.95	71.45	45.88	12 h 48 min
13200	703.4499997012317	25.0	665.87	69.066696	702.5	367.5	39.56	12 h 51 min
13250	700.0999996773899	28.0	648.859	89.98351	698.7	340.5	44.06	12 h 55 min
13300	700.1499996297061	27.0	674.522	51.184708	700.75	479.0	37.68	12 h 57 min
13350	701.9999996758997	26.0	650.498	95.85116	699.45	228.2	42.66	13 h 0 min
13400	701.8999996706843	26.0	645.38403	133.9671	700.05	97.6	37.64	13 h 3 min
13450	703.5499997064471	25.0	634.06903	116.64438	700.75	170.9	45.02	13 h 6 min
13500	698.899999614805	28.0	617.004	162.49033	701.05	39.75	47.38	13 h 9 min
13550	697.449999589473	29.0	644.789	101.56996	700.85	241.0	43.98	13 h 12 min
13600	703.8499997220933	25.0	653.592	98.67823	702.75	135.95	42.1	13 h 16 min
13650	701.8999996706843	26.0	649.353	118.980995	700.65	103.1	39.94	13 h 19 min
13700	699.2499995827675	27.0	633.466	120.387474	700.75	229.2	44.3	13 h 22 min
13750	704.3499997481704	25.0	664.48694	45.208015	700.75	494.95	46.34	13 h 24 min
13800	702.8499996699393	25.0	664.02295	76.54017	701.3	234.0	41.52	13 h 28 min
13850	700.2499996349216	27.0	639.85297	117.27241	703.15	157.65	42.46	13 h 31 min
13900	701.4999996498227	26.0	634.883	129.41776	700.65	116.95	45.28	13 h 34 min
13950	700.1499996297061	27.0	647.053	86.40284	700.05	334.05	45.1	13 h 37 min
14000	694.8499995544553	31.0	666.005	94.52615	700.05	153.55	37.78	13 h 40 min
14050	703.1499996855855	25.0	621.70197	144.77936	701.9	139.05	44.04	13 h 43 min
14100	702.799999717623	26.0	634.656	113.52814	700.2	272.3	45.54	13 h 47 min
14150	704.3499997481704	25.0	624.75806	113.49498	700.45	270.45	49.58	13 h 50 min
14200	699.7499996088445	27.0	629.347	132.68895	699.95	20.849998	45.26	13 h 53 min
14250	701.6999996602535	26.0	588.529	159.1347	701.3	25.199999	54.38	13 h 57 min
14300	700.5499996505678	27.0	627.66907	125.769295	700.15	83.95	45.7	14 h 0 min
14350	695.9499995112419	29.0	635.361	109.80411	700.25	202.0	47.16	14 h 3 min
14400	702.299999691546	26.0	592.616	148.7027	702.85	211.55	51.44	14 h 7 min
14450	699.399999640882	28.0	627.997	127.67498	700.35	158.75	46.4	14 h 10 min
14500	700.849999666214	27.0	644.89703	100.507286	699.85	280.2	44.36	14 h 13 min
14550	691.3299994681031	33.0	641.854	97.51775	698.4	269.3	46.78	14 h 16 min
14600	698.0999995730817	28.0	615.011	121.177536	700.35	283.2	51.64	14 h 20 min
14650	701.4999996498227	26.0	616.879	133.76765	699.95	59.699997	48.04	14 h 22 min
14700	698.0499996207654	29.0	621.664	126.90117	699.2	170.75	49.4	14 h 26 min
14750	696.8499995581806	29.0	606.88696	130.4137	700.15	116.6	53.86	14 h 29 min
14800	699.0999996252358	28.0	629.04	113.89617	699.25	126.75	49.04	14 h 33 min
14850	699.0999996252358	28.0	634.50604	126.5037	698.65	44.55	44.54	14 h 36 min
14900	700.849999666214	27.0	653.83704	97.10212	701.4	121.8	43.92	14 h 38 min
14950	704.0499997325242	25.0	639.609	98.589935	701.05	224.15	47.78	14 h 42 min
15000	700.6499996557832	27.0	668.301	49.447113	703.45	433.2	42.62	14 h 45 min
15050	699.2999996356666	28.0	633.909	128.76714	701.15	59.1	44.38	14 h 48 min
15100	702.0999996811152	26.0	623.727	138.63037	702.1	149.15	46.84	14 h 52 min
15150	689.6999994367361	34.0	633.592	99.02108	700.55	229.15	48.24	14 h 56 min
15200	703.2499996908009	25.0	621.019	132.68695	701.9	87.25	47.4	14 h 59 min
15250	699.8999995663762	26.0	650.79596	84.05296	700.45	325.2	44.8	15 h 2 min
15300	701.9999996758997	26.0	677.1019	39.735146	702.1	500.75	38.62	15 h 5 min
15350	697.9999995678663	28.0	643.576	104.648	700.85	239.75	43.54	15 h 8 min
15400	208.7449987180531	80.0	654.182	84.69606	700.75	285.65	42.62	15 h 12 min
15450	705.2999997474253	24.0	624.41595	118.51646	699.45	259.7	48.82	15 h 15 min
15500	702.1999996863306	26.0	641.52795	99.21253	701.95	272.1	46.68	15 h 18 min
15550	696.199999473989	28.0	631.787	129.91093	702.9	92.2	43.66	15 h 22 min
15600	698.9999996200204	28.0	632.76294	116.5437	701.8	224.4	46.08	15 h 25 min
15650	703.8499997220933	25.0	648.056	99.60198	701.6	289.6	43.02	15 h 28 min
15700	704.0999996848404	24.0	618.995	145.12221	700.35	22.449999	46.54	15 h 32 min
15750	703.1499996855855	25.0	642.00995	127.53853	701.3	11.649999	43.72	15 h 35 min
15800	701.5999996550381	26.0	630.95404	115.112015	702.0	240.4	48.6	15 h 38 min
15850	702.1999996863306	26.0	646.497	101.42788	701.05	191.8	44.18	15 h 41 min
15900	703.1499996855855	25.0	642.54706	115.379074	700.0	224.45	41.44	15 h 45 min
15950	702.1999996863306	26.0	662.15204	72.307014	700.45	374.95	41.5	15 h 48 min
16000	702.0499997287989	27.0	646.598	98.92934	701.4	159.5	45.4	15 h 52 min
16050	700.0499996244907	27.0	632.536	119.97573	700.65	261.1	46.14	15 h 55 min
16100	701.4999996498227	26.0	565.80597	165.79607	700.25	93.799995	56.44	15 h 59 min
16150	699.399999640882	28.0	641.113	102.413704	702.1	181.05	47.48	16 h 2 min
16200	704.8999997265637	24.0	631.437	146.40205	699.75	90.2	42.44	16 h 5 min
16250	705.949999731034	23.0	653.031	81.720695	701.05	328.1	46.12	16 h 8 min
16300	697.1499995738268	29.0	647.35803	85.74287	700.75	317.5	45.82	16 h 11 min
16350	704.4999997057021	24.0	639.11304	112.6288	701.1	260.45	44.62	16 h 15 min
16400	696.949999563396	29.0	658.414	95.243324	702.0	216.2	40.68	16 h 18 min
16450	701.3999996446073	26.0	640.237	95.22703	702.6	254.1	46.5	16 h 21 min
16500	699.9499996192753	27.0	633.659	118.41064	701.05	272.2	44.0	16 h 25 min
16550	703.5499997064471	25.0	661.899	71.63226	700.65	401.0	42.16	16 h 28 min
16600	701.9999996758997	26.0	647.46796	104.64747	701.15	196.55	43.14	16 h 31 min
16650	703.4499997012317	25.0	637.82904	100.58986	704.25	219.3	48.02	16 h 34 min
16700	705.4999997578561	24.0	633.677	94.547295	701.15	396.75	48.42	16 h 37 min
16750	700.2499996349216	27.0	627.50006	125.7847	700.5	208.25	45.48	16 h 41 min
16800	699.9499996192753	27.0	617.072	133.60107	701.8	158.9	50.32	16 h 44 min
16850	695.3499994799495	29.0	642.89	111.83247	701.8	248.3	42.66	16 h 48 min
16900	702.1499996334314	25.0	627.928	125.14272	702.25	106.5	45.72	16 h 51 min
16950	698.9999996200204	28.0	654.813	97.637856	702.0	291.8	41.42	16 h 55 min
17000	699.2499995827675	27.0	656.39294	69.37472	703.55	414.65	45.42	16 h 58 min
17050	701.4499996975064	27.0	663.325	62.751297	702.7	423.15	43.78	17 h 1 min
17100	700.849999666214	27.0	583.104	160.41795	699.2	43.55	54.12	17 h 4 min
17150	705.0999997369945	24.0	652.396	109.30913	702.0	105.25	41.18	17 h 7 min
17200	705.4999997578561	24.0	633.313	109.31808	701.15	181.5	48.94	17 h 11 min
17250	701.2499996870756	27.0	631.623	139.5366	701.6	161.3	43.18	17 h 14 min
17300	699.0999996252358	28.0	661.614	74.811554	700.85	349.15	42.18	17 h 17 min
17350	699.0999996252358	28.0	612.69403	134.71849	700.85	30.999998	50.68	17 h 20 min
17400	700.7499996609986	27.0	634.48193	134.04568	702.1	92.6	45.92	17 h 23 min
17450	705.7999997735023	24.0	651.508	82.351234	700.55	314.35	45.98	17 h 27 min
17500	703.7499997168779	25.0	650.26404	89.929214	699.4	316.8	44.56	17 h 30 min
17550	702.3499996438622	25.0	660.324	90.12193	702.1	291.55	39.48	17 h 33 min
17600	699.3499995879829	27.0	647.343	104.528854	702.75	66.15	45.3	17 h 36 min
17650	703.6499997116625	25.0	656.866	100.66966	702.3	160.35	40.1	17 h 39 min
17700	702.0999996811152	26.0	657.88104	77.76356	701.45	384.7	41.42	17 h 42 min
17750	705.9999997839332	24.0	651.80896	97.03723	700.55	276.85	42.72	17 h 46 min
17800	701.7999996654689	26.0	631.715	133.25063	702.2	180.45	43.06	17 h 49 min
17850	705.4999997578561	24.0	636.651	102.80933	702.8	205.55	49.54	17 h 52 min
17900	704.0499997325242	25.0	584.99603	167.55258	700.95	220.7	48.44	17 h 56 min
17950	704.0499997325242	25.0	619.07007	115.55772	701.8	320.35	48.6	17 h 59 min
18000	701.4999996498227	26.0	643.633	96.42736	701.05	262.0	45.32	18 h 2 min
18050	698.399999588728	28.0	640.98	110.85037	699.7	215.55	45.2	18 h 5 min
18100	699.2999996356666	28.0	648.46796	87.09173	701.6	254.75	45.32	18 h 8 min
18150	702.799999717623	26.0	644.285	109.94466	700.85	182.75	44.3	18 h 11 min
18200	705.699999768287	24.0	661.59406	81.11839	700.15	266.65	41.16	18 h 14 min
18250	703.6499997116625	25.0	626.935	126.23215	701.3	159.5	46.28	18 h 18 min
18300	700.4499996453524	27.0	616.461	122.65918	700.25	282.0	49.1	18 h 22 min
18350	698.9999996200204	28.0	647.688	127.55689	701.15	16.999998	40.1	18 h 25 min
18400	702.4999997019768	26.0	633.675	118.1802	699.0	237.95	45.56	18 h 28 min
18450	704.8999997265637	24.0	618.37494	133.13953	701.25	149.65	47.3	18 h 31 min
18500	704.5999997109175	24.0	647.176	104.17019	702.0	207.1	42.96	18 h 35 min
18550	697.2499995790422	29.0	642.381	92.873726	698.6	237.05	47.7	18 h 38 min
18600	704.0499997325242	25.0	605.688	149.60753	699.05	-32.95	51.56	18 h 41 min
18650	702.4999997019768	26.0	603.062	152.31044	700.05	61.399998	51.16	18 h 44 min
18700	702.5999997071922	26.0	661.6241	77.392166	703.25	289.55	40.98	18 h 47 min
18750	703.5499997064471	25.0	651.58	76.7742	703.0	328.05	46.7	18 h 50 min
18800	703.4499997012317	25.0	635.953	124.67427	701.9	57.45	45.86	18 h 54 min
18850	702.4499996490777	25.0	637.60205	124.09843	702.3	50.8	44.92	18 h 57 min
18900	703.7499997168779	25.0	659.634	83.38159	702.8	250.75	42.84	19 h 0 min
18950	705.0999997369945	24.0	660.26294	96.29321	702.4	207.65	38.82	19 h 4 min
19000	703.8499997220933	25.0	657.1841	82.8481	701.35	406.45	41.48	19 h 7 min
19050	699.399999640882	28.0	611.066	153.41519	699.75	125.25	48.56	19 h 10 min
19100	704.4499997533858	25.0	642.609	93.12281	698.3	299.5	47.58	19 h 13 min
19150	703.3499996960163	25.0	625.659	125.65181	701.7	228.45	47.82	19 h 17 min
19200	702.6499996595085	25.0	625.42896	126.2463	700.6	131.3	46.32	19 h 20 min
19250	703.9499997273088	25.0	666.67303	65.83919	702.1	421.5	39.48	19 h 23 min
19300	702.1999996863306	26.0	653.63	99.36469	700.55	335.0	40.5	19 h 26 min
19350	703.6499997116625	25.0	663.077	59.316807	703.85	465.25	42.56	19 h 29 min
19400	700.9499996714294	27.0	652.977	91.09369	700.35	320.8	43.38	19 h 32 min
19450	703.1499996855855	25.0	673.695	65.33896	701.25	308.75	37.04	19 h 35 min
19500	702.1999996863306	26.0	660.6291	86.46359	703.75	194.45	41.4	19 h 38 min
19550	704.0499997325242	25.0	625.48596	110.720055	700.25	300.3	48.56	19 h 40 min
19600	702.0999996811152	26.0	622.84296	129.57108	700.9	108.15	48.0	19 h 44 min
19650	705.0999997369945	24.0	630.39996	120.065285	702.1	267.15	47.1	19 h 47 min
19700	705.5999997630715	24.0	636.225	96.94901	702.7	191.7	49.44	19 h 50 min
19750	702.5499996542931	25.0	620.753	118.63399	703.8	262.55	48.74	19 h 54 min
19800	703.1499996855855	25.0	625.17004	142.17879	700.9	72.9	47.8	19 h 57 min
19850	703.0999997332692	26.0	646.558	76.276054	704.15	359.2	48.4	20 h 0 min
19900	620.3749982807785	80.0	651.94104	103.07862	701.5	246.55	39.34	20 h 4 min
19950	701.5999996550381	26.0	667.47797	63.19492	702.95	427.4	39.36	20 h 7 min
20000	702.7499996647239	25.0	627.333	137.8186	698.9	93.5	46.02	20 h 10 min
20050	702.7499996647239	25.0	653.86005	87.11443	702.4	238.05	43.46	20 h 13 min
20100	699.0499995723367	27.0	651.588	120.80201	701.65	186.15	38.54	20 h 16 min
20150	699.9999996721745	28.0	653.37195	81.61666	701.2	394.65	42.42	20 h 19 min
20200	700.0499996244907	27.0	644.024	88.804375	703.25	345.7	47.8	20 h 23 min
20250	697.1499995738268	29.0	658.209	80.58755	701.3	335.25	42.44	20 h 26 min
20300	703.4499997012317	25.0	647.4	112.79156	700.05	155.84999	40.84	20 h 29 min
20350	702.8499996699393	25.0	645.88	97.04245	700.85	269.3	44.96	20 h 31 min
20400	703.3499996960163	25.0	669.361	57.330616	701.15	413.55	41.38	20 h 34 min
20450	698.7999996095896	28.0	662.224	69.993	700.95	389.15	41.28	20 h 38 min
20500	705.1999997422099	24.0	629.77	151.71158	702.6	79.4	40.16	20 h 41 min
20550	703.0499996803701	25.0	652.29596	86.421425	701.05	339.05	43.94	20 h 45 min
20600	700.7499996609986	27.0	637.90594	125.360596	704.05	126.85	44.42	20 h 48 min
20650	702.799999717623	26.0	616.169	139.24521	701.0	95.85	46.4	20 h 52 min
20700	697.5499994941056	27.0	632.70905	116.617676	702.8	169.75	46.62	20 h 55 min
20750	704.8999997265637	24.0	644.251	110.865524	701.8	130.8	43.88	20 h 59 min
20800	703.0499996803701	25.0	654.41	95.09011	702.75	229.65	43.06	21 h 2 min
20850	702.8499996699393	25.0	628.072	120.98991	701.8	139.8	50.56	21 h 5 min
20900	700.099999576807	26.0	662.9631	83.607475	702.6	263.95	41.44	21 h 8 min
20950	702.3999996967614	26.0	634.101	138.31801	702.7	-2.8000014	44.54	21 h 12 min
21000	699.1499995775521	27.0	668.82806	70.97777	701.9	344.85	37.92	21 h 14 min
21050	704.3499997481704	25.0	648.09796	87.973495	703.85	338.0	44.76	21 h 18 min
21100	701.5999996550381	26.0	615.495	147.42368	701.15	122.4	46.12	21 h 21 min
21150	427.41999877020714	80.0	651.83905	102.78362	701.0	287.65	40.74	21 h 24 min
21200	700.2999995872378	26.0	631.46	126.67682	699.3	141.15	44.58	21 h 27 min
21250	700.6999996080995	26.0	627.294	145.55101	700.65	12.799998	45.56	21 h 31 min
21300	699.3499995879829	27.0	627.283	132.42886	700.75	150.7	44.86	21 h 34 min
21350	704.4999997057021	24.0	629.103	136.08551	703.75	199.85	42.36	21 h 37 min
21400	705.949999731034	23.0	630.525	117.414696	702.5	290.6	45.96	21 h 40 min
21450	700.5499996505678	27.0	618.94403	138.17064	699.95	150.9	46.44	21 h 43 min
21500	703.7999996691942	24.0	627.02	124.99667	701.3	216.75	46.28	21 h 46 min
21550	704.9999997317791	24.0	641.321	99.244385	702.7	248.75	47.62	21 h 50 min
21600	699.4999996460974	28.0	646.18896	108.70924	702.0	57.05	44.88	21 h 53 min
21650	704.6499997638166	25.0	673.663	43.705673	699.0	519.75	40.12	21 h 56 min
21700	704.7999997213483	24.0	653.84705	92.86331	701.15	304.25	41.94	21 h 59 min
21750	702.6999997124076	26.0	671.24805	52.45855	700.55	416.25	40.82	22 h 1 min
21800	704.4999997057021	24.0	627.96	122.35614	701.25	169.2	46.34	22 h 5 min
21850	704.3499997481704	25.0	654.37604	95.509384	702.9	273.85	40.24	22 h 8 min
21900	701.7999996654689	26.0	661.05194	66.837906	701.25	395.15	43.34	22 h 12 min
21950	702.299999691546	26.0	632.989	125.951866	700.15	109.7	44.32	22 h 15 min
22000	704.0499997325242	25.0	656.35693	85.863266	702.6	262.7	42.24	22 h 18 min
22050	703.1499996855855	25.0	631.039	111.36617	702.4	256.95	46.88	22 h 22 min
22100	701.2999996393919	26.0	632.507	120.66951	702.45	229.25	43.96	22 h 25 min
22150	699.0499995723367	27.0	650.67896	108.19951	702.6	96.6	42.76	22 h 28 min
22200	699.8999995663762	26.0	620.124	128.09575	701.7	117.1	51.42	22 h 32 min
22250	704.2999996952713	24.0	604.209	140.48154	700.6	30.449999	52.54	22 h 35 min
22300	703.1499996855855	25.0	622.377	140.93927	700.65	90.7	47.36	22 h 38 min
22350	700.2499996349216	27.0	648.188	91.89576	701.25	271.55	44.86	22 h 42 min
22400	704.7999997213483	24.0	600.77795	157.77664	700.05	98.2	48.84	22 h 45 min
22450	698.6999996043742	28.0	657.58295	94.71006	701.7	151.15	42.02	22 h 48 min
22500	699.4999995455146	26.0	648.582	102.02017	702.3	208.85	42.88	22 h 51 min
22550	703.2499996908009	25.0	634.616	115.76671	701.9	195.65	45.74	22 h 54 min
22600	701.4999996498227	26.0	640.636	114.56226	701.05	181.8	45.86	22 h 57 min
22650	704.8999997265637	24.0	620.447	131.84093	702.55	227.75	47.12	23 h 0 min
22700	704.7999997213483	24.0	639.15796	111.440254	700.9	170.1	47.5	23 h 3 min
22750	704.9999997317791	24.0	634.503	107.1157	702.6	249.85	49.24	23 h 6 min
22800	695.7999995537102	30.0	661.139	60.392242	701.55	442.9	43.94	23 h 9 min
22850	703.999999679625	24.0	665.98706	74.37557	702.65	296.6	40.78	23 h 12 min
22900	702.4999997019768	26.0	645.632	116.864204	703.15	51.6	45.16	23 h 16 min
22950	702.1999996863306	26.0	658.248	95.624855	702.1	236.4	39.7	23 h 19 min
23000	705.4999997578561	24.0	665.248	98.65734	701.5	64.2	39.0	23 h 22 min
23050	702.3499996438622	25.0	624.52	146.49208	701.3	22.65	44.18	23 h 25 min
23100	690.5499994307756	33.0	661.415	65.436356	700.75	350.5	44.02	23 h 28 min
23150	704.249999742955	25.0	649.03705	92.741005	700.15	307.8	43.84	23 h 31 min
23200	701.0499996766448	27.0	636.36	122.10869	701.4	191.85	45.48	23 h 34 min
23250	701.9999996758997	26.0	651.562	86.37967	701.2	291.8	45.0	23 h 38 min
23300	704.4999997057021	24.0	621.73303	132.11368	701.15	159.25	46.78	23 h 41 min
23350	689.9749993812293	32.9	647.833	93.8209	703.45	265.2	44.12	23 h 44 min
23400	700.8999996185303	26.0	619.29596	125.29681	701.8	224.35	48.2	23 h 48 min
23450	701.9999996758997	26.0	634.65704	103.4	703.25	306.4	47.22	23 h 51 min
23500	700.599999602884	26.0	631.328	105.829056	700.35	258.85	46.88	23 h 54 min
23550	699.8499996140599	27.0	571.39404	171.82043	701.45	178.95	53.28	23 h 57 min
23600	703.3499996960163	25.0	633.751	117.75859	701.25	229.6	46.76	24 h 0 min
23650	704.9999997317791	24.0	631.94507	110.20065	700.15	347.85	45.84	24 h 4 min
23700	700.8999996185303	26.0	647.218	97.849976	702.5	230.25	45.04	24 h 7 min
23750	702.0999996811152	26.0	610.244	132.28003	702.15	112.05	50.22	24 h 11 min
23800	700.1499996297061	27.0	643.76196	95.531876	703.25	342.3	45.1	24 h 14 min
23850	705.1999997422099	24.0	608.862	144.99083	698.7	24.299997	49.1	24 h 17 min
23900	699.7999996617436	28.0	640.247	112.83928	701.0	184.4	44.64	24 h 21 min
23950	705.2999997474253	24.0	628.07404	108.00642	703.35	321.05	49.24	24 h 24 min
24000	700.7499996609986	27.0	651.696	84.28486	702.0	262.8	45.94	24 h 27 min
24050	699.1499995775521	27.0	650.696	109.25268	701.6	196.75	42.2	24 h 30 min
24100	704.6999997161329	24.0	628.604	113.08919	702.3	248.1	49.56	24 h 34 min
24150	704.9999997317791	24.0	671.625	42.357796	701.3	463.15	43.58	24 h 36 min
24200	701.9499996230006	25.0	663.49695	87.11176	703.85	245.75	40.32	24 h 39 min
24250	703.9499997273088	25.0	649.48303	84.004	702.4	363.3	46.36	24 h 42 min
24300	700.0499996244907	27.0	648.83795	79.564644	699.9	377.6	46.48	24 h 45 min
24350	703.4499997012317	25.0	618.24	118.39629	700.9	249.75	53.3	24 h 49 min
24400	703.8499997220933	25.0	647.711	111.70936	701.35	252.45	41.82	24 h 51 min
24450	704.6999997161329	24.0	658.841	85.703476	701.4	274.85	41.22	24 h 54 min
24500	699.5499995984137	27.0	660.151	84.004745	702.95	267.8	41.7	24 h 58 min
24550	703.1499996855855	25.0	658.83795	86.05964	702.95	329.55	40.18	25 h 0 min
24600	702.6499996595085	25.0	631.932	124.64296	703.65	93.55	44.62	25 h 4 min
24650	702.4499996490777	25.0	644.04803	102.92072	702.15	200.0	44.42	25 h 7 min
24700	701.0999996289611	26.0	630.168	130.00322	703.15	208.75	42.86	25 h 10 min
24750	703.0499996803701	25.0	649.718	88.5491	703.15	351.75	43.66	25 h 13 min
24800	703.7499997168779	25.0	634.561	117.2846	701.6	265.55	44.5	25 h 16 min
24850	701.6999996602535	26.0	593.78796	151.78378	701.5	30.05	53.68	25 h 20 min
24900	701.7999996654689	26.0	600.325	125.19337	702.5	181.05	52.98	25 h 23 min
24950	702.4999997019768	26.0	641.29	132.91768	702.2	37.85	43.24	25 h 26 min
25000	700.0499996244907	27.0	645.364	116.16916	701.2	94.7	42.3	25 h 29 min
25050	699.1499995775521	27.0	613.11896	158.50163	703.95	-31.2	46.24	25 h 32 min
25100	700.6499996557832	27.0	659.084	99.41225	701.0	61.35	41.92	25 h 35 min
25150	705.5999997630715	24.0	648.21405	116.95168	700.45	63.649998	42.18	25 h 39 min
25200	702.8499996699393	25.0	624.989	134.43668	702.2	249.15	44.22	25 h 42 min
25250	703.1499996855855	25.0	584.458	186.64638	701.4	-20.150002	51.18	25 h 45 min
25300	525.8949984993785	80.0	605.64197	142.66125	700.05	22.05	49.28	25 h 49 min
25350	702.5999997071922	26.0	650.049	90.60549	702.0	255.25	45.2	25 h 53 min
25400	698.7499996572733	29.0	616.07697	146.7572	700.45	64.95	47.18	25 h 56 min
25450	702.9499996751547	25.0	645.95	109.95969	700.95	104.4	45.02	25 h 59 min
25500	703.4499997012317	25.0	638.982	118.06118	701.3	173.75	44.4	26 h 1 min
25550	701.6999996602535	26.0	619.056	142.00977	702.9	136.65	45.04	26 h 4 min
25600	702.5499996542931	25.0	649.198	81.9364	701.25	358.75	46.0	26 h 8 min
25650	700.9999996237457	26.0	620.417	114.85398	702.1	208.5	51.82	26 h 12 min
25700	695.7999995537102	30.0	625.74	116.200096	699.65	248.45	48.04	26 h 16 min
25750	701.5999996550381	26.0	662.056	87.86598	702.7	235.15	39.34	26 h 18 min
25800	703.4499997012317	25.0	646.515	90.91517	700.65	332.3	44.5	26 h 22 min
25850	693.8949994705617	31.0	634.99896	130.65013	698.9	55.55	46.28	26 h 25 min
25900	696.5499994419515	27.0	633.716	105.49114	701.6	277.65	46.98	26 h 28 min
25950	703.6499997116625	25.0	642.138	103.047966	701.15	282.65	45.28	26 h 31 min
26000	580.6799987375737	80.0	657.026	85.68564	701.6	170.5	44.78	26 h 35 min
26050	701.6999996602535	26.0	632.70593	130.91605	700.6	188.9	43.66	26 h 37 min
26100	686.4699993737042	36.0	612.23596	138.53488	702.6	182.25	49.82	26 h 41 min
26150	702.9499996751547	25.0	653.355	105.193825	702.2	190.05	40.26	26 h 43 min
26200	702.0999996811152	26.0	623.35	140.73544	701.1	-25.750002	47.26	26 h 47 min
26250	699.9499996192753	27.0	645.65796	95.4349	700.95	271.75	46.58	26 h 50 min
26300	704.0499997325242	25.0	671.7991	68.46886	702.4	261.85	38.64	26 h 54 min
26350	702.1499997340143	27.0	652.51697	79.37566	702.2	282.1	46.78	26 h 58 min
26400	702.5499996542931	25.0	627.76904	139.8363	703.45	114.1	46.46	27 h 1 min
26450	702.8499996699393	25.0	633.278	131.40726	701.35	125.6	44.62	27 h 5 min
26500	702.6499996595085	25.0	632.737	99.56611	700.95	342.5	49.84	27 h 8 min
26550	702.7499996647239	25.0	649.402	108.3535	701.25	130.9	44.0	27 h 11 min
26600	703.6999996639788	24.0	659.82	90.15425	701.9	272.9	40.32	27 h 15 min
26650	701.6999996602535	26.0	617.85004	141.20422	702.1	32.199997	47.36	27 h 18 min
26700	705.2999997474253	24.0	666.2101	59.400986	702.35	389.25	43.12	27 h 21 min
26750	704.5999997109175	24.0	636.59796	122.62995	702.95	207.45	46.12	27 h 25 min
26800	701.4999996498227	26.0	624.42804	135.75333	700.65	151.05	45.18	27 h 28 min
26850	703.8499997220933	25.0	608.515	155.4237	702.9	138.3	45.0	27 h 31 min
26900	703.3499996960163	25.0	648.715	91.90209	703.2	299.85	46.22	27 h 35 min
26950	700.7499996609986	27.0	633.406	122.872925	702.0	186.84999	45.02	27 h 38 min
27000	703.8499997220933	25.0	653.045	88.41452	700.85	302.2	43.88	27 h 41 min
27050	700.4999995976686	26.0	638.378	119.88033	700.85	107.65	45.48	27 h 44 min
27100	704.0499997325242	25.0	643.76	93.62601	703.65	314.95	45.3	27 h 47 min
27150	703.4499997012317	25.0	616.604	140.61255	701.8	141.65	45.74	27 h 51 min
27200	705.2999997474253	24.0	665.93304	62.055805	701.4	371.35	41.96	27 h 54 min
27250	703.5499997064471	25.0	624.56	149.81032	703.55	180.8	41.68	27 h 57 min
27300	703.1499996855855	25.0	637.95404	108.21749	701.0	212.8	48.1	28 h 0 min
27350	702.5499996542931	25.0	655.64703	65.5274	700.35	377.3	48.0	28 h 3 min
27400	704.9999997317791	24.0	640.376	120.1973	702.1	133.75	43.3	28 h 7 min
27450	704.7999997213483	24.0	620.607	126.62014	703.65	239.1	49.24	28 h 11 min
27500	701.4499996975064	27.0	623.115	156.1915	702.8	-6.0500016	44.0	28 h 14 min
27550	702.9499996751547	25.0	637.719	102.18608	701.6	276.0	45.7	28 h 17 min
27600	702.9499996751547	25.0	643.133	90.45643	704.05	333.2	46.4	28 h 20 min
27650	702.299999691546	26.0	624.616	113.72245	700.85	233.3	49.64	28 h 23 min
27700	697.449999589473	29.0	634.48096	104.69306	702.0	322.65	46.92	28 h 24 min
27750	699.1499995775521	27.0	627.4719	124.96459	702.7	200.3	47.5	28 h 25 min
27800	702.3499996438622	25.0	622.69104	129.38423	703.95	85.95	51.74	28 h 27 min
27850	701.9999996758997	26.0	620.265	140.0634	702.9	169.45	48.54	28 h 28 min
27900	701.7999996654689	26.0	640.776	105.88905	699.95	295.95	44.0	28 h 30 min
27950	703.5499997064471	25.0	654.31604	90.15189	702.0	332.3	42.36	28 h 31 min
28000	703.4499997012317	25.0	640.836	102.98019	702.1	319.6	46.08	28 h 32 min
28050	511.309998536855	80.0	650.64996	76.708664	702.0	404.05	45.58	28 h 34 min
28100	697.5499995946884	29.0	635.796	122.50604	702.8	170.3	44.62	28 h 35 min
28150	704.5499997586012	25.0	653.284	95.5685	703.4	285.7	42.34	28 h 37 min
28200	701.2999996393919	26.0	643.68	107.38517	700.95	110.5	46.2	28 h 38 min
28250	703.2499996908009	25.0	643.677	107.0458	702.1	235.6	44.26	28 h 39 min
28300	702.3499996438622	25.0	648.31006	79.39592	703.3	346.85	46.82	28 h 41 min
28350	701.5999996550381	26.0	640.854	133.98174	702.5	45.649998	41.64	28 h 42 min
28400	700.9999996237457	26.0	649.85297	91.976006	700.25	293.65	44.52	28 h 44 min
28450	703.2499996908009	25.0	612.613	144.27184	701.7	179.95	46.74	28 h 45 min
28500	705.7999997735023	24.0	630.92	109.11757	701.9	284.2	47.58	28 h 46 min
28550	698.4849995560944	27.5	633.752	110.492134	699.95	244.25	48.48	28 h 48 min
28600	703.6499997116625	25.0	652.775	92.78633	702.6	244.2	42.6	28 h 49 min
28650	701.9999996758997	26.0	654.58405	87.65957	701.4	199.35	44.3	28 h 51 min
28700	703.4499997012317	25.0	638.06604	115.56983	702.3	189.65	44.84	28 h 52 min
28750	703.7499997168779	25.0	612.076	143.41449	702.0	119.049995	45.86	28 h 53 min
28800	699.0999996066093	28.0	655.927	82.76653	701.9	341.4	42.42	28 h 55 min
28850	701.4999996498227	26.0	632.779	117.21844	701.6	205.8	47.34	28 h 56 min
28900	703.7499997168779	25.0	673.11804	46.229595	702.6	501.4	40.28	28 h 57 min
28950	702.299999691546	26.0	628.65405	115.563255	702.35	304.25	46.84	28 h 59 min
29000	703.4499997012317	25.0	610.868	140.90506	702.5	190.45	50.98	29 h 0 min
29050	701.8499996177852	25.0	631.187	120.84686	702.1	129.3	46.24	29 h 2 min
29100	700.3999995924532	26.0	592.97	163.87582	703.35	39.949997	51.56	29 h 3 min
29150	701.8499996177852	25.0	626.807	112.72892	702.85	279.75	47.8	29 h 4 min
29200	703.5999996587634	24.0	652.013	103.101746	702.9	148.15	42.38	29 h 6 min
29250	699.2999996356666	28.0	624.72	143.36136	700.15	137.15	46.98	29 h 7 min
29300	704.3499997481704	25.0	637.021	97.24679	703.65	315.55	49.54	29 h 9 min
29350	704.3999997004867	24.0	652.711	68.78952	701.2	285.2	49.42	29 h 10 min
29400	619.2999984286726	80.0	649.70404	84.841515	703.35	319.35	46.02	29 h 12 min
29450	410.3199985798448	80.0	641.197	111.65665	699.4	224.75	46.34	29 h 13 min
29500	681.8499992787838	39.0	630.34894	106.16191	701.7	311.0	48.7	29 h 15 min
29550	703.1499996855855	25.0	644.732	115.39807	703.25	95.15	46.2	29 h 16 min
29600	371.6899989619851	80.0	655.198	76.690445	703.35	361.85	45.48	29 h 18 min
29650	644.894998801127	64.5	620.56995	127.880806	703.4	51.0	49.32	29 h 19 min
29700	705.0999997369945	24.0	671.25696	55.960648	701.8	448.1	39.94	29 h 20 min
29750	518.9949986342341	79.0	646.271	114.125656	702.8	109.45	43.22	29 h 22 min
29800	703.7499997168779	25.0	668.557	54.50645	701.3	439.1	42.1	29 h 23 min
29850	703.5499997064471	25.0	637.723	127.53055	702.2	3.499999	45.08	29 h 25 min
29900	704.9999997317791	24.0	652.26904	93.49227	702.4	217.35	43.02	29 h 26 min
29950	700.7999996133149	26.0	658.24097	94.762184	702.8	212.65	42.1	29 h 27 min
30000	705.9999997839332	24.0	648.106	81.97189	701.65	359.2	46.82	29 h 29 min
30050	702.6499996595085	25.0	631.755	124.17813	702.45	55.2	45.3	29 h 30 min
30100	703.4499997012317	25.0	625.752	105.81387	701.7	271.85	50.94	29 h 32 min
30150	697.6499995999038	29.0	634.183	117.41642	702.75	261.45	44.8	29 h 33 min
30200	704.5999997109175	24.0	642.113	104.38115	702.9	227.15	44.16	29 h 34 min
30250	704.6999997161329	24.0	617.989	138.93196	702.0	96.75	49.14	29 h 36 min
30300	702.9499996751547	25.0	651.122	103.315674	701.4	250.15	40.96	29 h 37 min
30350	700.7999996133149	26.0	654.573	85.72671	702.1	346.5	41.9	29 h 38 min
30400	704.3999997004867	24.0	669.04	77.39234	702.3	307.65	37.78	29 h 40 min
30450	703.9499997273088	25.0	630.27997	128.99669	702.3	206.6	45.2	29 h 41 min
30500	702.7499996647239	25.0	649.92	94.11305	700.85	260.2	43.56	29 h 42 min
30550	690.5499994307756	33.0	635.406	113.00778	702.0	271.45	46.26	29 h 44 min
30600	704.5999997109175	24.0	629.904	116.746025	704.15	212.1	48.04	29 h 45 min
30650	702.8999997228384	26.0	622.638	146.88676	702.8	22.65	45.26	29 h 47 min
30700	699.2999996356666	28.0	604.541	156.35023	703.35	162.85	47.26	29 h 48 min
30750	703.6499997116625	25.0	632.297	114.89677	702.1	54.449997	48.4	29 h 49 min
30800	701.4999996498227	26.0	649.161	113.65004	704.05	237.8	41.02	29 h 51 min
30850	701.7999996654689	26.0	647.409	103.323524	701.0	216.4	43.74	29 h 52 min
30900	701.8999996706843	26.0	648.602	104.276794	701.3	148.2	44.2	29 h 54 min
30950	707.2499997988343	23.0	661.238	81.41707	702.6	283.95	43.22	29 h 55 min
31000	705.699999768287	24.0	667.77295	71.08489	702.6	370.95	39.58	29 h 56 min
31050	702.5999997071922	26.0	618.335	113.8537	699.75	193.05	53.16	29 h 58 min
31100	640.7549986395985	65.6	609.914	155.25212	701.3	100.5	45.46	29 h 59 min
31150	704.7999997213483	24.0	647.79095	85.6582	700.65	274.8	47.22	30 h 1 min
31200	700.2499996349216	27.0	619.58	110.56765	700.9	131.7	54.78	30 h 2 min
31250	697.5799995563924	29.0	621.127	128.58737	701.1	192.65	47.82	30 h 3 min
31300	704.2999996952713	24.0	626.912	129.04301	700.25	19.05	48.82	30 h 5 min
31350	704.3999997004867	24.0	626.927	120.67142	700.35	223.4	48.24	30 h 6 min
31400	615.289998653531	69.2	632.735	121.655235	701.0	144.1	47.14	30 h 8 min
31450	704.8999997265637	24.0	611.32904	114.96762	702.0	286.3	54.16	30 h 9 min
31500	704.3999997004867	24.0	647.326	103.3768	701.3	163.65	44.08	30 h 11 min
31550	697.449999589473	29.0	658.952	101.36505	702.3	160.05	39.9	30 h 12 min
31600	701.7999996654689	26.0	643.199	98.90864	701.9	179.4	46.78	30 h 13 min
31650	702.9499996751547	25.0	645.914	90.359314	700.55	268.5	46.7	30 h 15 min
31700	702.8499996699393	25.0	625.507	108.03678	701.7	340.3	48.78	30 h 16 min
31750	703.0499996803701	25.0	618.642	131.51373	700.7	276.75	47.0	30 h 18 min
31800	698.4999995939434	28.0	621.998	105.74409	701.65	323.25	51.48	30 h 19 min
31850	701.0499996766448	27.0	628.757	123.20384	703.85	299.2	43.74	30 h 20 min
31900	700.7999996133149	26.0	619.261	135.48514	700.05	29.699999	48.54	30 h 22 min
31950	702.799999717623	26.0	638.12396	108.17312	701.7	235.65	43.88	30 h 23 min
32000	703.2499996908009	25.0	652.019	91.09459	702.2	198.95	45.96	30 h 25 min
32050	705.1999997422099	24.0	616.9	157.12764	702.2	10.899999	46.94	30 h 26 min
32100	703.7499996908009	24.0	641.31494	84.928185	700.15	364.75	50.0	30 h 27 min
32150	703.4499996751547	24.0	628.02496	114.37581	702.3	290.55	48.22	30 h 29 min
32200	703.9499997273088	25.0	663.891	68.53127	702.4	309.85	42.9	30 h 30 min
32250	703.999999679625	24.0	621.299	146.49693	701.8	17.649998	45.34	30 h 32 min
32300	705.3999997526407	24.0	630.928	118.16135	701.9	241.4	46.98	30 h 33 min
32350	705.0999997369945	24.0	641.431	119.01604	703.45	176.2	44.9	30 h 34 min
32400	700.6999996080995	26.0	651.36896	103.54042	702.2	65.7	45.18	30 h 36 min
32450	699.9499996192753	27.0	633.96704	113.24546	703.85	303.1	44.78	30 h 37 min
32500	701.0999996289611	26.0	649.53204	103.73717	700.25	104.9	44.92	30 h 38 min
32550	700.1499996297061	27.0	634.56396	108.56	702.45	239.85	48.14	30 h 40 min
32600	700.4499996453524	27.0	637.797	98.40452	702.0	300.1	47.62	30 h 41 min
32650	704.8999997265637	24.0	641.327	97.84653	700.85	192.4	47.8	30 h 43 min
32700	703.1499996855855	25.0	645.249	105.96515	701.9	205.05	44.16	30 h 44 min
32750	705.699999768287	24.0	652.79596	78.47786	700.8	347.35	44.46	30 h 45 min
32800	700.9999996237457	26.0	631.357	113.41946	701.0	254.4	47.64	30 h 47 min
32850	703.6499997116625	25.0	627.812	125.22453	701.5	181.2	46.92	30 h 48 min
32900	702.3499996438622	25.0	648.91296	94.70806	700.85	244.05	44.96	30 h 50 min
32950	700.7999996133149	26.0	641.251	119.1474	700.65	217.15	44.5	30 h 51 min
33000	700.8499996848404	27.0	647.802	113.26113	701.6	160.7	41.82	30 h 52 min
33050	702.3999996967614	26.0	641.43805	112.67046	703.0	222.3	43.2	30 h 54 min
33100	702.7499996647239	25.0	608.507	135.04219	701.6	215.45	48.92	30 h 55 min
33150	677.8899990063161	38.7	600.625	173.91226	701.2	49.399998	48.52	30 h 57 min
33200	704.4999997057021	24.0	632.926	104.09403	703.0	292.7	49.66	30 h 58 min
33250	694.3499995283782	31.0	645.032	86.28474	702.2	350.9	45.82	30 h 59 min
33300	705.1999997422099	24.0	640.099	110.89574	703.55	146.9	44.54	31 h 1 min
33350	704.6999997161329	24.0	615.318	137.76062	704.25	151.9	49.24	31 h 2 min
33400	705.1999997422099	24.0	642.16595	107.51011	702.2	218.1	46.0	31 h 4 min
33450	699.9499996192753	27.0	617.563	138.42102	700.6	191.75	48.7	31 h 5 min
33500	697.3999995589256	28.0	644.39197	114.98158	701.25	238.1	41.78	31 h 6 min
33550	706.6499997675419	23.0	639.354	96.64917	702.3	257.75	48.66	31 h 8 min
33600	704.0999996848404	24.0	660.81195	77.72196	701.3	291.5	41.32	31 h 9 min
33650	700.1499996297061	27.0	657.386	77.73654	704.25	321.85	42.94	31 h 11 min
33700	704.7999997213483	24.0	633.711	118.68041	703.15	59.6	47.1	31 h 12 min
33750	704.4999997057021	24.0	630.822	114.184685	702.25	232.4	48.2	31 h 13 min
33800	706.8499997779727	23.0	644.15106	106.590385	701.75	270.2	43.04	31 h 15 min
33850	703.8499997220933	25.0	611.366	162.42111	703.45	96.9	48.02	31 h 16 min
33900	704.2999996952713	24.0	661.671	75.41967	701.4	361.75	40.84	31 h 17 min
33950	704.4999997057021	24.0	639.76196	106.236305	702.5	189.4	47.06	31 h 19 min
34000	705.1999997422099	24.0	617.687	125.119415	700.2	22.499998	53.28	31 h 20 min
34050	705.0999997369945	24.0	642.076	86.80263	703.45	346.4	49.28	31 h 22 min
34100	701.0999996289611	26.0	640.283	116.51704	702.95	143.45	44.58	31 h 23 min
34150	703.8499997220933	25.0	643.596	100.30235	702.6	317.45	44.92	31 h 24 min
34200	705.7999997735023	24.0	639.37494	111.2978	703.75	214.85	47.1	31 h 26 min
34250	705.0999997369945	24.0	664.161	75.1328	703.35	344.0	39.5	31 h 27 min
34300	706.1499997414649	23.0	626.294	131.13605	703.35	177.05	45.38	31 h 29 min
34350	700.5499996505678	27.0	650.575	99.47501	703.45	226.25	41.98	31 h 30 min
34400	704.5999997109175	24.0	616.743	124.300064	700.75	184.5	50.42	31 h 31 min
34450	705.0999997369945	24.0	641.363	101.962944	703.75	237.0	45.18	31 h 33 min
34500	703.2499996908009	25.0	628.34204	128.61696	700.85	183.8	45.32	31 h 34 min
34550	699.7499996088445	27.0	626.995	119.52562	701.95	167.1	48.76	31 h 35 min
34600	702.1499996334314	25.0	654.152	98.91339	703.05	213.55	41.18	31 h 37 min
34650	699.7999996617436	28.0	662.827	62.861362	702.1	359.35	43.52	31 h 38 min
34700	704.5999997109175	24.0	634.52496	121.332924	701.8	205.75	45.34	31 h 40 min
34750	697.8499996103346	29.0	637.973	118.47777	702.7	219.85	44.04	31 h 41 min
34800	704.6999997161329	24.0	612.76294	132.71007	703.25	91.95	52.12	31 h 42 min
34850	701.5499997027218	27.0	668.313	43.211853	701.6	514.45	44.22	31 h 44 min
34900	704.4999997057021	24.0	641.44696	103.00665	704.6	199.95	47.04	31 h 45 min
34950	703.3499996960163	25.0	641.439	103.06497	702.5	221.35	46.7	31 h 47 min
35000	703.2499996908009	25.0	630.94	137.93803	701.35	102.8	46.0	31 h 48 min
35050	704.7999997213483	24.0	650.49896	98.48857	699.6	259.3	43.88	31 h 49 min
35100	609.9499979801476	80.0	617.908	137.75955	701.15	61.399998	50.56	31 h 51 min
35150	697.7999995574355	28.0	656.03705	64.29087	702.4	351.2	48.08	31 h 52 min
35200	705.1999997422099	24.0	660.50305	48.12981	701.05	481.05	48.38	31 h 54 min
35250	704.4499997533858	25.0	635.22095	119.17677	702.0	91.049995	45.48	31 h 55 min
35300	699.6999996565282	28.0	672.294	39.757835	702.3	488.45	42.8	31 h 57 min
35350	704.5999997109175	24.0	634.1409	134.6911	703.25	82.1	42.98	31 h 58 min
35400	702.4999997019768	26.0	646.32007	105.80028	702.6	273.05	40.86	31 h 59 min
35450	699.9499996192753	27.0	648.161	89.594795	702.5	325.6	45.08	32 h 1 min
35500	703.7999996691942	24.0	647.73	94.71777	703.25	178.35	45.08	32 h 2 min
35550	702.3999996967614	26.0	653.063	103.8966	702.2	123.45	41.9	32 h 3 min
35600	695.3499994799495	29.0	643.17096	109.018456	702.1	260.95	44.78	32 h 5 min
35650	695.3999995328486	30.0	623.88104	124.18019	700.45	175.65	50.46	32 h 6 min
35700	703.8499997220933	25.0	661.29193	88.29826	701.9	318.6	39.98	32 h 8 min
35750	701.5999996550381	26.0	638.092	97.79997	702.0	272.5	47.08	32 h 9 min
35800	705.3999997526407	24.0	631.31	122.393486	701.4	243.4	44.86	32 h 10 min
35850	703.6999996639788	24.0	621.87396	137.59613	702.3	49.949997	46.16	32 h 12 min
35900	705.4999997578561	24.0	638.44104	107.20486	701.8	215.9	45.2	32 h 13 min
35950	700.599999602884	26.0	649.48596	108.821266	701.6	155.0	42.72	32 h 14 min
36000	703.2499996908009	25.0	596.67303	156.48862	702.3	102.85	53.24	32 h 15 min
36050	701.3999996446073	26.0	634.59	111.034424	700.55	194.45	46.96	32 h 16 min
36100	700.0499996244907	27.0	632.00604	117.06405	702.75	107.3	48.5	32 h 18 min
36150	625.2299982924014	79.3	647.585	81.91417	699.85	312.65	47.92	32 h 19 min
36200	703.5499997064471	25.0	654.603	89.787476	703.0	169.45	43.96	32 h 20 min
36250	700.849999666214	27.0	631.593	118.81083	701.6	213.65	47.86	32 h 21 min
36300	704.5999997109175	24.0	633.428	101.50636	700.05	250.1	46.66	32 h 23 min
36350	702.3999996967614	26.0	629.88696	122.175644	700.9	178.9	45.58	32 h 24 min
36400	702.8499996699393	25.0	628.189	126.77976	702.3	71.9	47.48	32 h 25 min
36450	699.399999640882	28.0	656.095	83.80412	703.45	353.7	42.7	32 h 26 min
36500	701.5999996550381	26.0	632.47095	122.457085	700.25	255.85	44.54	32 h 27 min
36550	701.2999996393919	26.0	648.007	91.47377	700.15	350.3	44.78	32 h 28 min
36600	701.4999996498227	26.0	612.568	130.29593	698.85	147.25	51.96	32 h 30 min
36650	705.1999997422099	24.0	627.472	118.52243	700.4	181.15	51.22	32 h 31 min
36700	704.7999997213483	24.0	620.752	93.26799	700.45	238.8	57.84	32 h 32 min
36750	613.4499981254339	80.0	642.029	97.714935	702.8	290.0	46.18	32 h 34 min
36800	700.349999640137	27.0	580.594	165.6508	699.85	49.55	56.06	32 h 35 min
36850	700.1499996297061	27.0	641.22	95.27688	702.0	292.95	49.38	32 h 36 min
36900	702.049999628216	25.0	652.56604	71.78354	701.95	304.5	48.64	32 h 37 min
36950	702.6499996595085	25.0	654.75397	73.78982	701.4	379.25	45.72	32 h 39 min
37000	704.2999996952713	24.0	633.249	107.69804	701.25	183.7	51.92	32 h 40 min
37050	693.3999994285405	30.0	645.37494	89.977005	699.45	235.2	46.24	32 h 41 min
37100	704.1499997377396	25.0	648.725	70.72607	700.15	406.85	49.7	32 h 42 min
37150	704.8999997265637	24.0	641.967	97.53637	701.9	225.95	47.52	32 h 43 min
37200	703.1499996855855	25.0	616.337	155.65765	700.45	-31.500002	48.6	32 h 45 min
37250	697.699999673292	27.0	659.75604	83.23769	700.65	289.45	41.74	32 h 46 min
37300	704.1999996900558	24.0	598.256	137.54688	700.95	140.35	53.92	32 h 47 min
37350	701.8999996706843	26.0	634.588	113.37842	701.0	65.799995	48.52	32 h 48 min
37400	700.2999995872378	26.0	630.228	127.37374	702.6	194.7	45.66	32 h 50 min
37450	694.0499994724989	27.0	623.882	114.17196	700.25	204.0	49.94	32 h 51 min
37500	698.2999995537102	27.0	620.276	123.21694	699.8	227.4	48.54	32 h 52 min
37550	611.1499988794327	80.0	613.55	126.7715	700.05	106.0	51.96	32 h 53 min
37600	701.7499996125698	25.0	601.787	152.5983	700.65	120.6	52.06	32 h 55 min
37650	702.0999996811152	26.0	644.589	100.80334	700.65	209.3	44.86	32 h 56 min
37700	700.6999996323138	26.5	629.37604	114.41251	703.35	260.2	47.66	32 h 57 min
37750	413.34999881722035	80.0	640.73804	128.78368	700.95	-8.500002	43.4	32 h 58 min
37800	701.9999996758997	26.0	609.273	148.43375	701.65	106.15	52.5	33 h 0 min
37850	703.2499996908009	25.0	622.244	133.64789	701.25	20.199999	50.24	33 h 1 min
37900	702.6499996595085	25.0	635.56	95.67612	700.55	299.75	49.16	33 h 2 min
37950	456.01999836824837	80.0	655.121	102.7331	702.0	116.299995	41.76	33 h 3 min
38000	700.9999996237457	26.0	630.19403	108.94348	703.85	290.4	47.16	33 h 4 min
38050	648.4049984313548	63.6	597.132	154.28842	701.6	23.349998	51.24	33 h 6 min
38100	702.4499996490777	25.0	612.681	150.94545	701.95	183.25	46.34	33 h 7 min
38150	701.8999996706843	26.0	651.302	93.13186	702.3	187.8	44.88	33 h 8 min
38200	703.2499996908009	25.0	650.36505	81.71026	703.1	329.45	45.94	33 h 9 min
38250	701.8499996177852	25.0	622.968	108.87816	699.65	189.05	52.24	33 h 11 min
