Episode	TestRet	TestSteps	AverageEpRet	StdEpRet	MaxEpRet	MinEpRet	EpLen	Time
50	-315.4000124260783	80.0	-94.686	5.7475915	-83.75	-107.75	80.0	3 min 42 sec
100	-134.90000835433602	80.0	-50.628	48.754192	87.0	-173.90001	80.0	8 min 54 sec
150	300.8999925889075	80.0	174.58798	140.11633	512.3	-107.450005	80.0	12 min 18 sec
200	499.0499974898994	80.0	388.14798	126.72322	574.6	104.1	80.0	15 min 48 sec
250	554.6599961061031	80.0	472.01996	125.895195	609.65	134.95	80.0	22 min 35 sec
300	568.2899985671044	80.0	485.31995	118.933334	610.4	150.8	80.0	29 min 58 sec
350	416.7199986021966	80.0	490.74402	69.90173	574.1	285.15	80.0	36 min 54 sec
400	485.55999770984056	80.0	446.962	103.12075	583.1	167.2	80.0	43 min 47 sec
450	283.12999273240564	80.0	457.222	101.4513	569.85	184.5	80.0	51 min 3 sec
500	574.5999972596765	80.0	477.096	99.2055	573.1	130.55	80.0	58 min 46 sec
550	539.5899980075658	80.0	486.14398	99.197495	594.3	94.5	80.0	1 h 6 min
600	486.9449977837503	80.0	504.447	67.363914	593.3	283.5	80.0	1 h 12 min
650	525.4999963231385	80.0	490.70898	72.68933	582.65	192.55	80.0	1 h 19 min
700	583.3999973013997	80.0	503.394	93.61082	633.05	191.1	79.54	1 h 25 min
750	544.0499949902296	80.0	471.722	123.676254	595.85	133.3	80.0	1 h 30 min
800	590.1999974399805	80.0	504.33096	100.91409	601.15	165.5	80.0	1 h 36 min
850	580.4999964945018	80.0	502.097	88.84583	597.0	284.95	80.0	1 h 42 min
900	564.7999968156219	80.0	491.19098	104.840515	594.4	85.299995	80.0	1 h 49 min
950	510.1999949365854	80.0	505.97296	111.263626	649.95	128.65	78.76	1 h 54 min
1000	558.99999653548	80.0	525.516	83.59507	619.6	214.95	79.76	2 h 0 min
1050	522.1999972388148	80.0	509.49597	114.74028	628.55	112.25	79.62	2 h 5 min
1100	558.4999953471124	80.0	545.551	80.68499	632.5	198.3	78.82	2 h 10 min
1150	585.399997100234	80.0	532.319	99.00213	620.45	54.699997	79.28	2 h 16 min
1200	587.799997292459	80.0	536.536	109.79008	641.75	59.449997	78.68	2 h 21 min
1250	561.199997112155	80.0	500.20297	127.70789	641.15	106.15	79.42	2 h 26 min
1300	603.7999977096915	80.0	548.618	88.87667	662.35	249.95	76.94	2 h 33 min
1350	535.349995765835	80.0	538.671	104.82988	653.7	218.95	78.56	2 h 37 min
1400	646.5499980412424	51.0	552.176	110.597404	670.5	-4.350002	75.7	2 h 42 min
1450	563.199996471405	80.0	529.671	135.38899	666.7	109.75	76.3	2 h 48 min
1500	540.4999952875078	80.0	528.341	125.3571	638.65	167.3	78.12	2 h 52 min
1550	591.0999974869192	80.0	568.329	77.57897	662.65	251.8	78.0	2 h 58 min
1600	656.7499981708825	43.0	544.528	122.97919	673.6	34.35	77.24	3 h 3 min
1650	640.3499976173043	49.0	565.328	103.11739	676.35	180.25	74.74	3 h 9 min
1700	573.9999965950847	80.0	551.073	112.75228	658.1	211.3	75.14	3 h 15 min
1750	632.8499979302287	63.0	579.42	90.204605	671.9	215.0	72.24	3 h 20 min
1800	599.1999974697828	80.0	557.55	84.11479	653.8	269.9	77.9	3 h 26 min
1850	597.2999973706901	80.0	578.65894	102.54313	664.0	105.35	71.12	3 h 33 min
1900	630.4999973550439	54.0	593.63306	75.33277	670.5	277.15	70.68	3 h 37 min
1950	588.9999969378114	80.0	562.35803	119.14914	668.1	62.899998	75.02	3 h 43 min
2000	611.799998126924	80.0	572.848	114.85043	673.25	79.85	70.74	3 h 48 min
2050	658.8499983809888	45.0	579.088	78.727165	676.95	259.4	73.94	3 h 53 min
2100	582.1999965831637	80.0	605.49603	44.837006	669.3	411.55	70.62	3 h 58 min
2150	603.6999977044761	80.0	586.149	112.44793	674.4	179.2	66.4	4 h 5 min
2200	597.6999973915517	80.0	559.5659	138.59125	667.55	16.299997	72.46	4 h 11 min
2250	614.4999976269901	76.0	599.255	106.33049	675.75	1.1999973	66.24	4 h 17 min
2300	653.9999983794987	50.0	584.544	113.256836	671.75	76.75	70.24	4 h 21 min
2350	636.5499976202846	53.0	594.408	69.988655	673.85	358.1	69.14	4 h 27 min
2400	617.1999983638525	80.0	591.43494	89.695145	672.9	186.15	68.3	4 h 31 min
2450	660.7999986335635	48.0	525.188	178.62637	676.6	67.95	70.14	4 h 37 min
2500	680.6499991156161	37.0	628.92993	44.496433	685.7	463.1	62.72	4 h 42 min
2550	680.9499991312623	37.0	586.94	123.73476	686.45	92.049995	64.92	4 h 47 min
2600	600.1999975219369	80.0	590.822	82.869	683.7	286.45	70.24	4 h 51 min
2650	599.3999974802136	80.0	586.89197	120.071	683.5	128.6	64.62	4 h 58 min
2700	570.8999959938228	80.0	588.987	102.37102	680.0	201.5	65.2	5 h 3 min
2750	598.5999974384904	80.0	558.495	135.86609	678.65	44.899998	68.96	5 h 7 min
2800	671.0499988161027	41.0	609.913	104.93977	685.7	102.1	63.24	5 h 13 min
2850	669.8499987535179	41.0	588.566	118.62757	677.25	84.1	65.28	5 h 18 min
2900	600.8999975584447	80.0	612.36597	104.51832	687.6	113.7	62.12	5 h 23 min
2950	643.899998255074	58.0	597.959	131.41255	680.95	56.999996	60.96	5 h 28 min
3000	672.6499990001321	43.0	574.563	134.44121	675.7	76.1	65.66	5 h 35 min
3050	652.9999983273447	50.0	610.373	83.17391	683.85	201.3	63.2	5 h 41 min
3100	647.8999982625246	54.0	593.41296	121.10925	684.55	75.15	60.74	5 h 47 min
3150	680.5999991632998	38.0	596.622	119.48141	685.4	123.299995	61.5	5 h 52 min
3200	668.3999987281859	42.0	624.725	99.41672	687.3	131.2	53.98	5 h 58 min
3250	596.299997318536	80.0	630.525	85.11161	685.65	333.85	52.22	6 h 3 min
3300	684.799999281764	36.0	611.11	113.32473	686.7	189.9	56.22	6 h 7 min
3350	661.5499986223876	47.0	600.306	137.55817	687.2	12.699998	56.76	6 h 11 min
3400	677.949999075383	39.0	651.553	54.329914	687.7	379.15	48.16	6 h 16 min
3450	668.949998807162	43.0	614.331	94.322556	689.1	259.65	58.28	6 h 22 min
3500	681.399999205023	38.0	606.145	123.19975	689.7	146.95	55.74	6 h 27 min
3550	683.7499991767108	35.0	623.746	106.39557	691.25	203.6	54.1	6 h 29 min
3600	659.3499988093972	53.0	615.9959	106.61095	685.9	198.84999	54.54	6 h 34 min
3650	605.499998215586	80.0	569.338	179.88898	690.35	46.899998	54.98	6 h 39 min
3700	673.1999987773597	38.0	593.836	122.59849	688.15	264.25	57.98	6 h 44 min
3750	684.3999992609024	36.0	579.13904	156.27196	688.95	30.049997	58.6	6 h 50 min
3800	686.949999243021	33.0	623.462	102.15766	689.35	219.05	53.28	6 h 55 min
3850	688.6499993316829	33.0	597.951	145.32996	693.7	2.0499985	54.1	7 h 0 min
3900	680.899999178946	38.0	602.928	134.68527	690.55	107.5	55.82	7 h 4 min
3950	693.3499994762242	31.0	643.051	68.74006	694.8	341.95	50.32	7 h 9 min
4000	673.4499988406897	39.0	612.27203	117.96027	687.25	179.2	53.72	7 h 13 min
4050	682.849999230355	37.0	609.891	111.491325	690.5	151.95	57.08	7 h 18 min
4100	683.4999992139637	36.0	606.643	143.08247	693.55	102.25	50.94	7 h 23 min
4150	689.399999320507	32.0	631.864	92.6426	687.1	310.05	50.46	7 h 28 min
4200	686.6999992802739	34.0	616.932	114.14435	689.95	194.45	52.0	7 h 31 min
4250	687.4999993219972	34.0	607.745	121.62188	691.6	203.85	54.42	7 h 35 min
4300	669.5499989390373	45.0	583.08905	167.8826	689.85	68.7	56.08	7 h 39 min
4350	683.8999992348254	36.0	620.87897	129.67336	693.85	166.2	49.02	7 h 43 min
4400	684.6499993242323	37.0	612.971	123.8895	693.9	170.09999	49.24	7 h 47 min
4450	691.1499994620681	33.0	650.462	100.28794	692.95	27.949999	44.52	7 h 52 min
4500	686.1499992012978	33.0	603.949	129.86682	693.15	192.95	52.42	7 h 58 min
4550	686.7499992325902	33.0	639.492	81.11065	691.45	323.95	50.86	8 h 3 min
4600	660.2499984540045	45.0	611.12994	138.36053	690.75	90.75	50.82	8 h 7 min
4650	693.7999994494021	30.0	649.828	84.881325	690.95	178.45	45.64	8 h 11 min
4700	688.3499993160367	33.0	650.916	88.16385	691.5	232.7	44.6	8 h 15 min
4750	690.6999993883073	32.0	614.581	128.04448	694.3	215.65	51.64	8 h 20 min
4800	692.1999993659556	30.0	661.66205	42.062584	692.05	484.35	45.4	8 h 24 min
4850	694.2999994754791	30.0	632.7689	100.844475	692.55	155.25	49.62	8 h 28 min
4900	688.9999994002283	34.0	616.015	110.04715	693.35	272.9	52.26	8 h 32 min
4950	693.6999994441867	30.0	624.70404	115.58708	692.45	142.5	49.24	8 h 35 min
5000	687.2499992586672	33.0	617.543	117.29456	691.2	195.34999	50.2	8 h 38 min
5050	693.749999396503	29.0	605.704	131.73967	691.95	170.25	52.54	8 h 43 min
5100	686.7999992854893	34.0	651.891	78.76444	693.1	287.4	46.16	8 h 47 min
5150	689.2499993629754	33.0	629.38904	107.5665	698.1	213.15	51.66	8 h 51 min
5200	691.349999371916	31.0	640.248	105.704025	695.9	77.6	47.36	8 h 54 min
5250	688.4999992735684	32.0	652.133	74.69197	692.45	356.6	44.94	8 h 57 min
5300	672.1999987252057	38.0	641.17096	81.51961	694.9	276.2	48.58	9 h 2 min
5350	690.6999993883073	32.0	629.76904	87.24864	693.45	375.1	53.18	9 h 5 min
5400	692.3999994769692	32.0	602.913	143.837	692.35	86.35	50.56	9 h 8 min
5450	686.9999992959201	34.0	578.367	177.24876	692.55	52.55	52.26	9 h 14 min
5500	690.5499994307756	33.0	621.69	145.47044	691.95	88.75	46.86	9 h 18 min
5550	686.4999992698431	34.0	629.85	117.371216	694.45	123.049995	49.12	9 h 22 min
5600	683.54999916628	35.0	590.696	175.47516	693.4	4.0999985	49.94	9 h 27 min
5650	693.7999994494021	30.0	639.66205	89.91635	694.75	226.8	49.82	9 h 31 min
5700	694.24999942258	29.0	628.243	117.04388	695.3	224.55	48.32	9 h 35 min
5750	700.599999602884	26.0	625.14	116.6613	692.75	226.75	48.76	9 h 39 min
5800	688.0499991998076	31.0	621.9001	129.19075	694.15	81.75	50.14	9 h 43 min
5850	696.699999500066	28.0	639.17395	105.37325	692.7	272.2	44.62	9 h 48 min
5900	696.3999994844198	28.0	586.716	170.62328	698.7	117.75	51.3	9 h 51 min
5950	696.5499995425344	29.0	643.471	81.51078	697.0	332.45	46.96	9 h 54 min
6000	691.4999993294477	30.0	623.67	132.29614	695.65	146.8	47.4	9 h 58 min
6050	693.9999994598329	30.0	612.438	126.45867	697.5	188.75	51.52	10 h 2 min
6100	696.0999994687736	28.0	645.745	111.01162	694.85	68.5	45.42	10 h 5 min
6150	689.5499993786216	33.0	637.708	100.08073	693.9	94.6	49.44	10 h 10 min
6200	689.849999293685	31.0	654.59	77.51804	696.7	252.85	43.52	10 h 14 min
6250	696.0999994687736	28.0	642.98505	94.011925	694.1	196.85	46.86	10 h 17 min
6300	683.3499991558492	35.0	629.901	145.6598	695.3	137.45	42.3	10 h 23 min
6350	695.4999994374812	28.0	637.46	108.71915	697.6	216.0	44.48	10 h 27 min
6400	695.0499994643033	29.0	629.184	87.60728	690.35	383.25	52.72	10 h 31 min
6450	698.7999995090067	26.0	630.946	109.9975	695.95	143.75	48.1	10 h 34 min
6500	695.1499994695187	29.0	623.389	131.72401	698.0	199.05	46.48	10 h 38 min
6550	696.3999994844198	28.0	607.11206	134.87398	695.2	135.59999	51.72	10 h 42 min
6600	699.1499995775521	27.0	665.063	61.794212	697.05	410.15	40.74	10 h 45 min
6650	698.9499995671213	27.0	673.864	25.931911	696.45	598.6	41.94	10 h 49 min
6700	680.4499990046024	35.0	639.01	116.27364	698.0	180.5	43.4	10 h 53 min
6750	700.0499996244907	27.0	637.727	122.297005	696.35	135.59999	44.52	10 h 58 min
6800	690.2999993674457	32.0	627.3889	119.80308	699.0	191.75	46.74	11 h 2 min
6850	690.3499994203448	33.0	607.60095	151.8284	694.6	96.4	50.3	11 h 6 min
6900	694.8999995067716	30.0	642.325	108.110085	694.55	100.95	45.0	11 h 10 min
6950	694.6999994963408	30.0	631.72406	114.95806	693.05	229.15	46.98	11 h 14 min
7000	692.6999993920326	30.0	625.87604	115.32851	694.75	111.4	50.24	11 h 19 min
7050	685.3999993130565	36.0	632.8	131.21939	697.1	81.15	44.68	11 h 23 min
7100	703.7499997168779	25.0	614.447	136.3154	694.25	175.0	48.14	11 h 28 min
7150	697.2499995790422	29.0	630.883	132.39214	696.75	-46.45	48.62	11 h 33 min
7200	695.9499995112419	29.0	622.886	128.1559	693.9	151.7	47.78	11 h 38 min
7250	691.3999994248152	32.0	622.782	136.77187	696.75	137.95	47.56	11 h 43 min
7300	697.3999995365739	28.0	635.345	128.76457	695.85	115.9	45.8	11 h 47 min
7350	699.7499996088445	27.0	644.531	106.29648	696.15	73.049995	47.16	11 h 52 min
7400	692.4499994292855	31.0	630.19104	114.34696	693.65	204.4	46.54	11 h 57 min
7450	696.199999473989	28.0	624.28	144.3999	697.45	-22.500002	46.16	12 h 1 min
7500	699.1499995775521	27.0	645.182	95.91866	696.3	152.4	44.9	12 h 5 min
7550	697.2999995313585	28.0	622.957	123.94493	696.15	92.5	48.06	12 h 10 min
7600	695.6499994955957	29.0	636.73096	107.19802	695.2	185.84999	46.84	12 h 14 min
7650	691.3999994248152	32.0	648.10004	70.13643	697.05	385.4	47.96	12 h 18 min
7700	701.2999996393919	26.0	620.229	130.04596	696.65	246.3	47.58	12 h 23 min
7750	693.1499994657934	31.0	660.491	62.84067	696.55	377.6	43.08	12 h 26 min
7800	695.1999995224178	30.0	628.52405	120.75479	696.15	221.3	46.28	12 h 30 min
7850	696.3499995321035	29.0	622.605	125.05183	696.55	103.35	49.04	12 h 34 min
7900	697.4999995417893	28.0	659.64703	69.73536	695.05	312.4	43.0	12 h 39 min
7950	701.4999996498227	26.0	639.814	124.821594	697.7	75.45	43.14	12 h 44 min
8000	696.7499994523823	27.0	624.509	138.73178	695.55	127.299995	44.74	12 h 48 min
8050	692.0999993607402	30.0	620.15	135.10681	696.05	111.0	48.76	12 h 52 min
8100	697.8999995626509	28.0	635.143	111.36973	696.35	125.2	46.08	12 h 56 min
8150	689.4499992728233	31.0	648.98804	94.14078	697.3	111.35	44.84	13 h 1 min
8200	688.2999992631376	32.0	636.01697	114.718254	697.05	98.549995	47.14	13 h 6 min
8250	691.9499994032085	31.0	603.773	154.78389	698.0	-16.200003	48.98	13 h 10 min
8300	700.099999576807	26.0	608.94104	158.51526	699.05	147.7	47.14	13 h 12 min
8350	695.9999994635582	28.0	644.181	83.40756	697.65	280.3	48.08	13 h 17 min
8400	692.1999993659556	30.0	641.68896	97.587456	696.9	214.15	46.94	13 h 21 min
8450	697.7999995574355	28.0	639.062	112.444176	695.65	202.05	44.86	13 h 23 min
8500	691.2499993667006	31.0	648.85205	82.863205	698.2	330.65	46.44	13 h 28 min
8550	697.5499995946884	29.0	608.783	155.70929	696.3	25.799997	49.78	13 h 33 min
8600	696.5999994948506	28.0	647.39294	86.45837	697.9	269.5	45.62	13 h 37 min
8650	696.8999995104969	28.0	649.592	90.91512	697.2	288.9	44.36	13 h 40 min
8700	696.0999995693564	30.0	635.7	134.47621	697.05	-39.500004	43.16	13 h 44 min
8750	695.4499994851649	29.0	634.628	115.27382	697.85	158.85	47.14	13 h 48 min
8800	695.5999994426966	28.0	627.49805	164.93628	698.2	-22.350002	40.94	13 h 52 min
8850	694.749999448657	29.0	621.146	138.38077	699.55	29.199999	49.04	13 h 55 min
8900	699.9499996192753	27.0	617.75006	145.24788	696.65	105.6	47.82	13 h 58 min
8950	695.5499994903803	29.0	642.862	81.32653	698.15	312.95	47.62	14 h 3 min
9000	694.6499994434416	29.0	656.451	85.642746	696.85	339.2	41.3	14 h 7 min
9050	694.2999994754791	30.0	613.215	154.2502	697.1	99.15	48.08	14 h 10 min
9100	699.7499996088445	27.0	650.613	84.74157	697.6	252.0	46.4	14 h 14 min
9150	697.8499995097518	27.0	637.242	107.10904	695.9	95.75	48.94	14 h 18 min
9200	696.699999500066	28.0	617.478	154.18831	698.8	139.3	44.5	14 h 22 min
9250	697.4499994888902	27.0	657.181	85.34227	695.7	195.95	42.74	14 h 27 min
9300	695.1499994695187	29.0	632.90295	125.21419	699.95	117.15	45.46	14 h 31 min
9350	681.2999990992248	36.0	641.27	135.52484	699.45	40.75	40.64	14 h 35 min
9400	700.2999995872378	26.0	636.753	105.173454	696.7	162.55	46.12	14 h 39 min
9450	697.0999995209277	28.0	666.697	65.51171	698.5	331.6	39.78	14 h 42 min
9500	695.7499995008111	29.0	643.70404	121.98646	697.7	73.35	42.58	14 h 45 min
9550	695.8499995060265	29.0	596.526	154.7474	697.95	55.449997	50.26	14 h 48 min
9600	688.7299993209541	33.4	658.313	70.09188	701.75	394.5	43.02	14 h 52 min
9650	695.0499994643033	29.0	631.49506	99.143936	696.45	332.3	50.56	14 h 57 min
9700	698.399999588728	28.0	639.553	105.3107	699.35	240.3	46.16	15 h 2 min
9750	698.0499995201826	27.0	608.586	145.56773	697.75	74.25	49.3	15 h 6 min
9800	697.1999995261431	28.0	631.958	128.2018	697.8	135.0	45.24	15 h 9 min
9850	690.7999993935227	32.0	654.325	95.84345	699.3	131.9	42.76	15 h 12 min
9900	690.5499994307756	33.0	637.47	126.06273	697.05	154.25	43.94	15 h 15 min
9950	694.24999942258	29.0	645.138	114.23725	695.45	135.45	41.76	15 h 19 min
10000	698.4999995939434	28.0	636.17303	100.04428	698.15	232.65	48.04	15 h 24 min
10050	691.349999371916	31.0	624.15	115.76334	697.9	186.9	50.36	15 h 28 min
10100	696.6499995477498	29.0	621.146	139.72058	698.8	72.9	46.92	15 h 32 min
10150	697.1999995261431	28.0	623.421	139.48666	696.85	182.05	46.5	15 h 36 min
10200	695.7499995008111	29.0	645.06	105.51443	700.25	155.2	43.12	15 h 41 min
10250	698.7999996095896	28.0	629.692	113.81268	698.2	211.95	47.98	15 h 46 min
10300	695.4499994851649	29.0	638.921	115.25279	698.95	177.2	44.94	15 h 50 min
10350	695.3999994322658	28.0	636.461	108.44467	696.6	138.15	48.02	15 h 55 min
10400	692.4999994821846	32.0	628.79205	109.07656	696.75	131.65	51.0	16 h 0 min
10450	699.8999995663762	26.0	645.68506	109.83608	696.35	16.3	44.06	16 h 5 min
10500	701.3999996446073	26.0	650.277	109.860466	698.9	172.35	40.12	16 h 10 min
10550	700.349999640137	27.0	613.50397	144.01503	696.95	180.35	49.06	16 h 15 min
10600	692.299999371171	30.0	638.497	142.79462	699.25	99.299995	39.66	16 h 18 min
10650	698.9999996200204	28.0	643.74896	117.90879	698.05	164.4	40.7	16 h 23 min
10700	701.3999996446073	26.0	625.761	168.09503	698.8	-63.4	42.66	16 h 27 min
10750	692.8999994024634	30.0	652.886	79.425606	699.65	204.55	46.2	16 h 32 min
10800	692.6999994926155	32.0	630.384	143.3354	696.6	-62.550003	45.8	16 h 35 min
10850	700.7999996133149	26.0	653.342	96.056335	698.2	163.8	42.38	16 h 39 min
10900	686.2499992065132	33.0	659.049	69.76227	696.4	378.95	42.3	16 h 44 min
10950	700.8999996185303	26.0	664.158	87.037674	701.2	151.1	38.88	16 h 48 min
11000	697.1999995261431	28.0	635.743	115.77919	700.7	202.6	45.68	16 h 53 min
11050	696.8999995104969	28.0	622.45795	140.52606	700.8	68.9	46.36	16 h 57 min
11100	699.7999995611608	26.0	662.407	92.43176	697.8	281.6	37.62	16 h 59 min
11150	703.5999996587634	24.0	644.05	101.92708	700.5	271.25	44.52	17 h 2 min
11200	697.8999995626509	28.0	654.297	95.34526	699.25	267.5	40.54	17 h 7 min
11250	699.9499996192753	27.0	627.27	124.329124	699.85	222.09999	46.1	17 h 10 min
11300	698.4499995410442	27.0	643.192	115.40024	697.4	178.4	44.44	17 h 14 min
11350	696.2499995268881	29.0	658.20306	92.371994	697.25	165.2	41.52	17 h 18 min
11400	695.7499995008111	29.0	667.67896	86.08456	699.05	94.7	38.86	17 h 21 min
11450	700.0499996244907	27.0	646.156	98.45778	699.55	255.75	45.48	17 h 26 min
11500	697.9999995678663	28.0	611.99097	142.99811	697.45	239.8	46.36	17 h 29 min
11550	697.2499995790422	29.0	639.521	111.70538	700.35	189.3	43.58	17 h 32 min
11600	697.9999995678663	28.0	628.404	134.19806	701.5	106.799995	45.66	17 h 37 min
11650	701.3999996446073	26.0	626.17	118.92758	698.25	270.7	47.22	17 h 41 min
11700	695.5999995432794	30.0	660.43604	95.75762	699.55	163.5	39.5	17 h 44 min
11750	699.8499996140599	27.0	631.789	120.10823	700.45	266.7	44.78	17 h 47 min
11800	699.3499995879829	27.0	643.865	104.17363	697.15	132.95	45.64	17 h 51 min
11850	701.6999996602535	26.0	610.34705	141.06975	699.35	103.1	49.92	17 h 54 min
11900	703.499999653548	24.0	662.27704	79.63768	698.55	296.45	39.42	17 h 57 min
11950	697.1999995261431	28.0	638.047	110.705	699.65	236.85	44.52	18 h 1 min
12000	333.44999776408076	80.0	646.32007	85.26186	697.65	236.3	48.0	18 h 5 min
12050	699.4499995931983	27.0	644.12396	107.52394	697.9	155.05	45.28	18 h 8 min
12100	699.7499996192753	26.0	602.874	146.39568	697.05	60.6	51.7	18 h 13 min
12150	679.7999991215765	38.0	644.331	117.62507	697.15	89.75	41.2	18 h 16 min
12200	695.2999994270504	28.0	630.59	135.82079	699.15	15.049997	45.24	18 h 19 min
12250	698.7499995566905	27.0	617.68	142.68404	698.45	110.049995	47.46	18 h 22 min
12300	693.9499994069338	29.0	659.66797	80.995026	697.4	289.75	41.8	18 h 25 min
12350	694.8999995067716	30.0	621.05896	124.21405	699.45	181.1	47.9	18 h 29 min
12400	698.5999995991588	28.0	662.957	84.9026	701.2	210.09999	40.6	18 h 32 min
12450	697.1999995261431	28.0	644.23804	108.65611	700.6	281.3	41.72	18 h 35 min
12500	700.8999996185303	26.0	644.055	107.47573	698.7	238.25	42.88	18 h 38 min
12550	697.649999499321	27.0	634.497	112.953094	698.65	194.4	45.92	18 h 42 min
12600	696.3499995321035	29.0	654.914	94.93832	699.25	222.4	41.12	18 h 44 min
12650	699.0999996252358	28.0	643.56305	129.99632	697.5	52.199997	40.2	18 h 48 min
12700	695.3999994322658	28.0	637.577	109.50536	697.2	184.0	45.12	18 h 52 min
12750	699.7499996088445	27.0	653.568	116.2686	700.55	116.049995	39.74	18 h 55 min
12800	696.949999563396	29.0	607.4799	146.05959	695.65	158.9	50.14	19 h 0 min
12850	694.4999994859099	30.0	681.0109	27.610937	697.4	585.6	37.22	19 h 5 min
12900	692.1499994136393	31.0	586.93494	178.45322	696.65	73.15	50.04	19 h 7 min
12950	702.2499996386468	25.0	608.82	148.06483	699.55	89.55	49.44	19 h 12 min
13000	691.1999993138015	30.0	647.25195	113.16333	698.3	136.9	39.96	19 h 16 min
13050	701.4499996975064	27.0	613.96497	149.77145	698.0	40.149998	46.56	19 h 19 min
13100	696.3499995321035	29.0	606.688	154.42964	697.15	-12.550001	48.94	19 h 23 min
13150	695.1999995224178	30.0	642.36	123.4013	699.95	52.0	42.62	19 h 25 min
13200	697.1999995261431	28.0	657.25104	108.108116	700.25	55.7	39.34	19 h 29 min
13250	700.1499996297061	27.0	645.553	118.43952	698.8	131.6	42.52	19 h 32 min
13300	702.3499996438622	25.0	635.84595	123.58015	697.7	127.549995	44.4	19 h 35 min
13350	689.2499993629754	33.0	646.736	110.97132	696.6	67.4	43.1	19 h 38 min
13400	699.2499995827675	27.0	672.576	57.619675	699.65	383.6	38.48	19 h 40 min
13450	699.4499995931983	27.0	660.055	95.713844	699.85	182.2	38.54	19 h 44 min
13500	702.299999691546	26.0	653.123	77.505066	703.15	235.85	45.94	19 h 46 min
13550	694.049999512732	31.0	628.562	126.60733	699.15	183.55	45.64	19 h 50 min
13600	694.3499995283782	31.0	645.412	99.9816	698.15	254.2	43.2	19 h 54 min
13650	697.3499994836748	27.0	644.32806	106.55338	698.2	252.8	42.78	19 h 57 min
13700	701.9499996230006	25.0	654.287	106.78259	699.75	118.5	39.56	20 h 2 min
13750	698.1999995782971	28.0	655.585	87.18651	700.25	261.45	42.36	20 h 6 min
13800	695.2999995276332	30.0	597.014	167.6501	699.0	16.199997	48.3	20 h 12 min
13850	701.5999996550381	26.0	623.647	152.37169	701.0	-18.85	44.84	20 h 16 min
13900	703.999999679625	24.0	637.489	126.3793	702.1	185.8	42.06	20 h 21 min
13950	701.6999996602535	26.0	631.97095	144.70508	697.35	137.09999	41.22	20 h 26 min
14000	697.3999995365739	28.0	658.18604	107.54545	700.35	200.2	37.9	20 h 30 min
14050	696.1499995216727	29.0	633.874	119.709564	699.8	102.15	48.08	20 h 34 min
14100	699.4999996460974	28.0	654.031	109.14969	699.25	175.25	39.74	20 h 38 min
14150	698.4499995410442	27.0	624.44	132.76822	700.35	139.1	45.04	20 h 42 min
14200	700.599999602884	26.0	651.023	105.87231	700.55	231.84999	39.66	20 h 47 min
14250	693.2499993704259	29.0	617.245	176.16713	699.75	-40.5	44.82	20 h 52 min
14300	697.8499995097518	27.0	645.023	108.88681	699.75	201.8	43.66	20 h 56 min
14350	703.5499997064471	25.0	653.80396	96.38628	702.0	237.15	41.04	21 h 0 min
14400	698.6999996043742	28.0	622.921	139.23804	698.4	28.499998	47.18	21 h 5 min
14450	698.5999995991588	28.0	636.29	100.70394	696.7	289.65	46.66	21 h 10 min
14500	681.6999992206693	38.0	660.236	84.12721	701.25	294.15	40.26	21 h 14 min
14550	697.8999995626509	28.0	648.84	111.18442	700.45	128.3	42.32	21 h 19 min
14600	696.5999994948506	28.0	640.48804	126.99675	700.35	65.95	43.56	21 h 23 min
14650	692.099999461323	32.0	637.468	109.69575	699.35	119.75	46.74	21 h 27 min
14700	696.0999995693564	30.0	647.091	122.591835	702.3	151.09999	39.16	21 h 32 min
14750	703.5499997064471	25.0	665.459	80.35938	698.45	209.85	39.1	21 h 36 min
14800	698.8499995619059	27.0	628.63306	139.70032	700.05	90.15	44.12	21 h 40 min
14850	700.6499996557832	27.0	610.085	160.37857	700.35	75.45	46.36	21 h 45 min
14900	692.9499994181097	30.0	625.149	151.75005	698.3	36.649998	45.1	21 h 50 min
14950	700.599999602884	26.0	636.04596	137.69897	699.5	152.84999	41.8	21 h 54 min
15000	696.1999995745718	30.0	646.657	84.94101	700.8	293.9	46.12	21 h 59 min
15050	698.0499995201826	27.0	642.32104	122.36342	700.45	111.95	42.84	22 h 3 min
15100	697.4999995417893	28.0	635.198	140.75894	698.1	121.1	40.74	22 h 8 min
15150	696.949999563396	29.0	639.87897	148.50842	698.0	13.849998	38.98	22 h 12 min
15200	696.699999500066	28.0	679.488	48.19121	699.95	366.9	36.3	22 h 16 min
15250	691.2499994672835	33.0	651.586	124.746605	700.15	53.749996	38.5	22 h 20 min
15300	694.6999994963408	30.0	610.42096	158.17392	701.9	110.75	44.62	22 h 25 min
15350	699.3499995879829	27.0	639.496	107.69295	696.1	248.8	45.38	22 h 29 min
15400	694.3999994806945	30.0	663.87396	77.93853	699.85	256.65	39.6	22 h 34 min
15450	702.6499996595085	25.0	640.29297	148.45721	701.7	58.35	38.82	22 h 38 min
15500	691.7999994456768	32.0	653.19006	90.60044	699.85	227.8	44.38	22 h 43 min
15550	695.8999995589256	30.0	647.521	116.43723	700.25	138.5	40.52	22 h 47 min
15600	692.4499994292855	31.0	671.39	73.87338	700.15	185.65	38.92	22 h 51 min
15650	617.6999985836446	80.0	641.29095	130.87662	700.9	46.35	41.92	22 h 56 min
15700	699.6499996036291	27.0	626.445	131.0335	699.75	148.55	43.78	23 h 0 min
15750	696.7499995529652	29.0	665.766	82.94149	700.9	283.95	37.7	23 h 4 min
15800	696.6499995477498	29.0	641.989	137.00824	700.05	41.6	41.3	23 h 8 min
15850	696.9999995157123	28.0	647.55493	93.279686	698.0	194.75	46.12	23 h 13 min
15900	696.0499995164573	29.0	627.463	134.4514	701.1	48.55	45.02	23 h 18 min
15950	696.0999994687736	28.0	665.448	61.123337	699.95	402.45	42.06	23 h 22 min
16000	697.649999499321	27.0	623.223	129.27371	699.9	224.25	46.26	23 h 26 min
16050	700.9999996237457	26.0	632.06396	129.10744	699.05	161.8	44.7	23 h 31 min
16100	694.6999994963408	30.0	622.59595	144.78346	697.5	70.049995	46.24	23 h 35 min
16150	692.2499994188547	31.0	626.55096	137.61548	697.95	130.5	44.74	23 h 40 min
16200	699.6999995559454	26.0	666.89404	61.75543	699.25	409.75	40.6	23 h 44 min
16250	701.2499995864928	25.0	656.5109	81.15231	699.05	271.5	43.5	23 h 45 min
16300	697.149999473244	27.0	656.529	68.68612	700.9	414.95	43.78	23 h 47 min
16350	700.8999996185303	26.0	645.212	104.06883	698.0	283.55	42.64	23 h 49 min
16400	696.2499995268881	29.0	651.784	109.89464	700.4	80.35	41.72	23 h 51 min
16450	701.7499996125698	25.0	644.878	113.28731	701.2	249.05	40.32	23 h 52 min
16500	689.0999994054437	34.0	634.156	138.93445	700.1	0.2999986	43.26	23 h 54 min
16550	690.9499993510544	31.0	614.7	160.70844	698.95	100.799995	47.24	23 h 56 min
16600	570.6849973507226	76.4	614.658	146.12523	698.95	90.25	49.28	23 h 58 min
16650	693.6499994918704	31.0	665.15295	85.04903	700.3	246.35	37.74	24 h 0 min
16700	698.0999995730817	28.0	612.80096	124.878075	697.55	290.85	51.28	24 h 2 min
16750	695.4499994851649	29.0	633.399	106.909386	698.4	216.9	48.08	24 h 4 min
16800	695.499999538064	30.0	648.518	106.20541	698.95	196.95	43.52	24 h 5 min
16850	694.2999994754791	30.0	635.796	122.122345	698.2	141.95	42.24	24 h 7 min
16900	699.7499996088445	27.0	641.868	115.63503	700.95	142.9	43.12	24 h 9 min
16950	691.1499993614852	31.0	647.67596	90.39712	697.6	323.2	43.64	24 h 11 min
17000	695.0999995172024	30.0	633.26196	131.22957	698.35	136.15	45.48	24 h 12 min
17050	697.9499995149672	27.0	636.656	110.40375	700.5	278.4	44.04	24 h 14 min
17100	696.6999996006489	30.0	637.641	125.19183	702.1	177.65	43.94	24 h 16 min
17150	695.9999994635582	28.0	647.205	115.652084	700.2	143.2	41.06	24 h 18 min
17200	696.8999995104969	28.0	665.15	75.91849	700.65	288.4	39.48	24 h 19 min
17250	696.0499995164573	29.0	646.56604	113.0251	700.8	123.299995	42.98	24 h 21 min
17300	703.5499997064471	25.0	642.892	134.99477	699.95	-19.050001	39.76	24 h 23 min
17350	701.4999996498227	26.0	671.399	59.249046	701.9	296.0	40.12	24 h 24 min
17400	697.2999995313585	28.0	629.724	118.99332	701.6	262.9	44.26	24 h 26 min
17450	701.8999996706843	26.0	660.495	99.02313	700.25	294.9	35.94	24 h 28 min
17500	706.2499997466803	23.0	647.941	111.260605	699.4	142.45	43.38	24 h 30 min
17550	697.649999499321	27.0	651.99603	104.36086	698.7	254.3	40.26	24 h 31 min
17600	697.8999995626509	28.0	653.17896	104.034256	699.25	127.25	41.2	24 h 33 min
17650	701.8499996177852	25.0	636.497	129.78552	701.8	164.05	42.14	24 h 35 min
17700	702.4499996490777	25.0	627.46405	127.355576	699.55	60.699997	46.68	24 h 36 min
17750	699.2499995827675	27.0	660.24896	86.58657	702.1	189.7	40.62	24 h 38 min
17800	704.5999997109175	24.0	619.544	142.50444	698.95	0.69999844	47.24	24 h 40 min
17850	703.999999679625	24.0	606.057	158.19278	701.1	78.9	50.98	24 h 42 min
17900	695.2999994270504	28.0	648.35596	122.58452	702.4	58.05	39.1	24 h 43 min
17950	702.3499996438622	25.0	664.87396	62.939598	701.7	395.0	41.88	24 h 45 min
18000	702.1499996334314	25.0	648.37006	103.8509	702.2	270.5	40.34	24 h 47 min
18050	704.9999997317791	24.0	650.928	92.14739	700.9	226.59999	44.3	24 h 48 min
18100	701.8499996177852	25.0	661.72296	91.13187	702.45	144.9	40.28	24 h 50 min
18150	702.3499996438622	25.0	650.003	82.17064	701.9	355.0	46.0	24 h 52 min
18200	698.9999995194376	26.0	599.52704	189.75255	700.55	-31.95	46.46	24 h 54 min
18250	523.4099990293383	80.0	652.881	116.84817	698.9	100.9	39.5	24 h 55 min
18300	702.4499996490777	25.0	642.466	134.3728	702.95	140.15	39.22	24 h 57 min
18350	705.2999997474253	24.0	636.103	117.20734	700.55	231.9	44.22	24 h 59 min
18400	684.8499991334975	33.0	638.635	120.95622	699.75	166.2	42.7	25 h 0 min
18450	704.3999997004867	24.0	602.05896	154.37465	703.25	137.9	50.8	25 h 2 min
18500	700.3999995924532	26.0	649.465	120.2288	703.15	189.2	40.04	25 h 4 min
18550	702.6499996595085	25.0	644.801	116.74389	700.2	171.3	40.96	25 h 6 min
18600	684.9499992392957	35.0	651.63403	94.64096	702.1	273.75	42.52	25 h 7 min
18650	699.7999995611608	26.0	621.591	147.89217	699.65	4.849999	47.42	25 h 9 min
18700	702.4499996490777	25.0	641.49396	103.35948	700.45	239.05	45.06	25 h 11 min
18750	700.6499995552003	25.0	642.09204	99.736946	700.05	310.95	43.62	25 h 13 min
18800	705.5999997630715	24.0	655.70294	85.03844	701.8	242.6	42.24	25 h 14 min
18850	701.0999996289611	26.0	618.678	141.07549	701.5	188.65	47.1	25 h 16 min
18900	695.8499995060265	29.0	635.562	111.79512	700.05	245.9	44.94	25 h 18 min
18950	703.2499996908009	25.0	635.31104	129.8246	702.6	106.1	42.42	25 h 20 min
19000	697.9499995149672	27.0	625.534	146.21861	701.8	39.199997	43.7	25 h 21 min
19050	700.6999996080995	26.0	639.43396	123.96117	701.4	55.55	45.82	25 h 23 min
19100	703.999999679625	24.0	628.382	140.75237	700.2	141.75	44.5	25 h 25 min
19150	704.3999997004867	24.0	662.741	87.239586	702.0	186.9	39.9	25 h 27 min
19200	699.1499995775521	27.0	644.894	109.23169	698.4	170.25	42.98	25 h 28 min
19250	703.0499996803701	25.0	637.567	116.87187	701.3	56.1	45.86	25 h 30 min
19300	700.349999640137	27.0	639.62305	112.900116	700.2	104.05	43.4	25 h 32 min
19350	700.4999995976686	26.0	651.855	110.40146	700.8	123.799995	41.94	25 h 33 min
19400	697.5999995470047	28.0	666.8591	84.90194	699.75	131.59999	39.52	25 h 35 min
19450	700.7999996133149	26.0	645.469	122.03667	701.4	64.799995	43.66	25 h 37 min
19500	698.7499995566905	27.0	655.65796	88.37817	701.3	127.549995	44.32	25 h 39 min
19550	697.4999995417893	28.0	652.406	105.63171	699.05	210.5	39.96	25 h 40 min
19600	702.6499996595085	25.0	610.42206	153.99083	699.45	67.2	50.88	25 h 42 min
19650	691.3499994724989	33.0	634.287	122.13986	699.45	97.45	45.04	25 h 44 min
19700	703.4499997012317	25.0	625.755	165.24689	699.65	21.549997	42.44	25 h 46 min
19750	700.2999995872378	26.0	640.8	126.136314	697.4	71.1	44.64	25 h 48 min
19800	681.3749993126839	38.5	663.65796	70.85006	700.25	240.65	42.5	25 h 49 min
19850	695.2499994747341	29.0	637.958	128.33517	698.5	139.7	42.38	25 h 51 min
19900	695.5999995432794	30.0	659.0691	59.991356	698.45	466.6	44.72	25 h 53 min
19950	693.3499993756413	29.0	633.795	123.82139	699.1	94.65	44.38	25 h 54 min
20000	689.2499993890524	34.0	640.12103	117.14483	699.25	166.55	44.02	25 h 56 min
20050	694.5999994911253	30.0	646.41	108.28397	696.8	60.449997	44.08	25 h 58 min
20100	689.6499992832541	31.0	630.442	143.17848	699.5	71.15	43.08	26 h 0 min
20150	692.5499994345009	31.0	635.307	120.90272	700.35	155.7	44.48	26 h 1 min
20200	699.9499996192753	27.0	640.89703	143.39992	700.55	45.85	39.78	26 h 3 min
20250	698.149999525398	27.0	655.93	89.202095	700.55	247.2	40.54	26 h 5 min
20300	692.8499994501472	31.0	632.42896	128.44492	701.3	50.649998	44.42	26 h 7 min
20350	697.3999995365739	28.0	661.00806	71.11211	697.5	328.6	42.56	26 h 8 min
20400	697.0999995209277	28.0	633.57697	140.9919	698.1	90.0	43.68	26 h 10 min
20450	697.7999995574355	28.0	628.438	117.81388	697.35	175.4	47.52	26 h 12 min
20500	699.6499996036291	27.0	608.22705	139.69124	696.65	132.09999	49.76	26 h 13 min
20550	699.0499995723367	27.0	654.114	104.504425	699.55	119.0	42.42	26 h 15 min
20600	690.2499993145466	31.0	628.312	127.7409	701.8	162.85	47.2	26 h 17 min
20650	698.4999995939434	28.0	662.117	77.267235	697.8	259.05	40.28	26 h 18 min
20700	699.2499995827675	27.0	654.868	103.78263	699.2	108.35	41.08	26 h 20 min
20750	682.9499991349876	35.0	659.13	95.74867	697.9	195.6	41.1	26 h 22 min
20800	695.8999994583428	28.0	637.076	132.1819	700.55	103.299995	42.86	26 h 23 min
20850	701.4999996498227	26.0	634.016	110.47468	699.55	98.049995	48.34	26 h 25 min
20900	700.1499996297061	27.0	649.86	107.85362	702.1	225.25	42.14	26 h 27 min
20950	696.0499995164573	29.0	622.405	140.71501	700.75	11.049999	45.56	26 h 29 min
21000	691.4499993771315	31.0	645.96	113.81807	700.6	176.15	40.24	26 h 30 min
21050	698.2999994829297	26.0	671.419	44.170036	700.35	519.9	40.68	26 h 32 min
21100	700.0499996244907	27.0	631.127	130.6115	698.8	65.85	44.84	26 h 34 min
21150	700.1999995820224	26.0	672.3	63.802273	700.1	275.9	38.2	26 h 35 min
21200	696.5999994948506	28.0	657.52094	107.35753	701.5	171.95	37.32	26 h 37 min
21250	697.9999995678663	28.0	600.349	160.79424	699.75	153.55	47.62	26 h 39 min
21300	691.7999994456768	32.0	636.31494	119.59569	700.5	275.0	41.46	26 h 40 min
21350	696.2499995268881	29.0	672.98694	46.17537	698.95	456.25	39.6	26 h 42 min
21400	698.399999588728	28.0	666.81604	69.68868	699.0	251.7	41.34	26 h 44 min
21450	701.3999996446073	26.0	658.16797	80.702995	701.7	313.45	41.14	26 h 45 min
21500	701.3999996446073	26.0	658.64905	107.90202	700.55	18.099998	38.76	26 h 47 min
21550	695.8499995060265	29.0	650.792	82.574005	699.55	330.6	43.98	26 h 49 min
21600	704.9999997317791	24.0	640.41504	126.81787	697.6	49.5	43.48	26 h 50 min
21650	697.1499995738268	29.0	622.844	146.04202	699.75	38.0	44.48	26 h 52 min
21700	703.8999996744096	24.0	667.05396	71.00916	701.2	305.3	40.08	26 h 54 min
21750	699.59999955073	26.0	650.7131	94.55201	699.35	233.7	43.88	26 h 56 min
21800	701.7499996125698	25.0	639.974	108.51601	700.45	280.15	43.5	26 h 57 min
21850	695.0999995172024	30.0	630.765	131.4423	699.35	181.2	44.72	26 h 59 min
21900	701.7499996125698	25.0	665.214	74.44599	701.3	257.9	39.38	27 h 1 min
21950	702.9499996751547	25.0	643.522	92.43536	702.35	336.65	44.9	27 h 2 min
22000	694.3999994806945	30.0	634.93	141.19386	702.0	50.949997	44.26	27 h 4 min
22050	696.9999995157123	28.0	675.209	55.074657	701.3	401.5	36.88	27 h 6 min
22100	703.7999996691942	24.0	663.041	90.67168	701.7	203.8	37.82	27 h 7 min
22150	704.1999996900558	24.0	638.516	126.78828	700.5	123.5	43.42	27 h 9 min
22200	702.4499996490777	25.0	629.576	136.27776	699.35	171.6	43.58	27 h 11 min
22250	705.1999997422099	24.0	607.929	167.93663	701.2	103.6	44.54	27 h 12 min
22300	697.8499995097518	27.0	651.088	121.9523	701.2	46.449997	38.54	27 h 14 min
22350	698.149999525398	27.0	646.21796	129.88914	699.85	22.9	41.4	27 h 16 min
22400	698.8499995619059	27.0	629.51697	135.00876	700.25	14.199999	46.62	27 h 17 min
22450	701.3499995917082	25.0	641.725	110.48578	702.0	199.55	44.02	27 h 19 min
22500	703.5499997064471	25.0	654.73303	82.30742	701.9	248.45	44.1	27 h 21 min
22550	702.3499996438622	25.0	618.584	157.36653	698.85	45.55	44.36	27 h 23 min
22600	699.0499995723367	27.0	634.86694	134.54826	700.45	148.85	44.14	27 h 24 min
22650	699.6499996036291	27.0	661.7509	73.86468	700.35	244.2	43.34	27 h 26 min
22700	703.0499996803701	25.0	639.392	103.223885	701.7	322.7	45.42	27 h 28 min
22750	698.9499995671213	27.0	643.405	118.86249	701.8	216.6	42.02	27 h 29 min
22800	704.6999997161329	24.0	634.10297	139.24872	700.8	63.45	43.78	27 h 31 min
22850	696.449999537319	29.0	606.74005	159.62946	701.5	107.549995	45.52	27 h 33 min
22900	701.549999602139	25.0	649.48303	108.18238	700.6	126.85	42.88	27 h 34 min
22950	703.4499997012317	25.0	634.63403	130.21907	701.6	232.3	43.26	27 h 36 min
23000	699.59999955073	26.0	630.375	138.39	700.25	48.199997	44.02	27 h 38 min
23050	692.24999942258	31.0	632.008	136.81383	699.25	5.599999	46.9	27 h 40 min
23100	706.8499997779727	23.0	659.426	78.88819	702.1	308.05	41.22	27 h 41 min
23150	702.9499996751547	25.0	663.75604	75.11643	700.05	270.25	41.32	27 h 43 min
23200	702.4499996490777	25.0	667.168	64.18823	701.8	411.75	39.66	27 h 45 min
23250	699.6999995559454	26.0	612.35803	162.5732	700.45	135.95	44.74	27 h 46 min
23300	704.3999997004867	24.0	640.97296	137.46747	699.55	123.549995	41.46	27 h 48 min
23350	703.6499997116625	25.0	634.037	145.05992	699.0	19.099998	43.74	27 h 50 min
23400	703.1499996855855	25.0	642.396	120.76757	699.2	164.5	41.84	27 h 51 min
23450	702.049999628216	25.0	605.503	139.13322	699.35	136.05	51.24	27 h 53 min
23500	697.0499995686114	29.0	643.34	114.16913	701.7	122.15	44.58	27 h 55 min
23550	696.6499995477498	29.0	645.88403	111.817314	700.9	132.25	43.96	27 h 57 min
23600	700.099999576807	26.0	612.14	143.59929	699.65	28.55	47.38	27 h 58 min
23650	689.8299993611872	33.5	617.384	153.23164	700.6	41.35	47.72	28 h 0 min
23700	700.6999996080995	26.0	637.966	122.72728	700.8	123.299995	43.82	28 h 2 min
23750	701.3999996446073	26.0	642.163	105.55799	700.8	192.95	45.68	28 h 4 min
23800	698.649999551475	27.0	672.452	42.133217	700.55	494.8	40.88	28 h 5 min
23850	700.2999995872378	26.0	656.157	88.5174	703.05	300.45	40.52	28 h 7 min
23900	697.1999995261431	28.0	666.924	69.17675	702.65	324.55	39.7	28 h 9 min
23950	702.5499996542931	25.0	632.88605	122.92136	702.7	178.65	43.44	28 h 10 min
24000	701.2499995864928	25.0	639.65106	120.344696	699.65	165.55	44.24	28 h 12 min
24050	702.049999628216	25.0	638.225	117.561134	700.7	184.0	44.0	28 h 14 min
24100	706.6499997675419	23.0	656.23706	110.40836	701.6	41.6	41.22	28 h 15 min
24150	700.4499996453524	27.0	657.64703	93.34247	701.15	253.55	40.58	28 h 17 min
24200	703.8999996744096	24.0	621.675	150.42325	700.0	112.0	43.48	28 h 19 min
24250	703.5499997064471	25.0	656.793	107.91416	703.75	192.85	36.96	28 h 20 min
24300	699.2999995350838	26.0	611.3191	164.0123	700.8	65.0	42.96	28 h 22 min
24350	702.4499996490777	25.0	637.76	124.79994	701.2	108.5	42.48	28 h 24 min
24400	703.999999679625	24.0	655.62604	98.09752	700.3	248.0	39.86	28 h 25 min
24450	700.9999996237457	26.0	646.01306	128.2562	702.2	30.599998	40.68	28 h 27 min
24500	705.1999997422099	24.0	618.589	157.59433	701.7	93.45	44.4	28 h 29 min
24550	703.1999996379018	24.0	643.902	127.72671	702.35	57.35	41.36	28 h 30 min
24600	703.499999653548	24.0	612.1209	141.74104	700.5	147.84999	49.08	28 h 32 min
24650	690.9499993510544	31.0	653.406	113.00356	701.8	144.95	38.16	28 h 34 min
24700	694.4999994859099	30.0	617.328	145.40685	700.6	148.2	47.58	28 h 36 min
24750	704.5999997109175	24.0	639.764	107.42901	701.6	291.0	43.66	28 h 37 min
24800	699.4499995931983	27.0	635.15497	110.77168	702.3	139.7	47.24	28 h 39 min
24850	705.3999997526407	24.0	674.47	64.227585	701.6	264.2	37.36	28 h 41 min
24900	700.4999995976686	26.0	637.615	109.96966	702.55	237.75	46.52	28 h 42 min
24950	699.3499995879829	27.0	662.39307	95.678024	701.4	183.5	38.46	28 h 44 min
25000	700.349999640137	27.0	631.92096	120.32806	701.2	182.5	45.58	28 h 46 min
25050	697.0999995209277	28.0	649.539	120.62353	703.35	85.75	40.34	28 h 47 min
25100	698.8499995619059	27.0	663.25104	68.67825	699.95	369.7	41.42	28 h 49 min
25150	697.1499995738268	29.0	652.64	115.199196	701.3	184.35	38.7	28 h 51 min
25200	705.7499997206032	23.0	625.207	154.2581	702.0	88.2	44.42	28 h 53 min
25250	697.149999473244	27.0	638.093	117.761185	701.8	188.7	44.38	28 h 54 min
25300	703.4499997012317	25.0	659.82104	81.34098	701.7	204.7	43.38	28 h 56 min
25350	701.4999996498227	26.0	638.36206	112.71057	700.8	198.84999	44.88	28 h 58 min
25400	702.049999628216	25.0	634.826	122.415245	700.6	130.0	45.16	28 h 59 min
25450	698.2999994829297	26.0	637.664	147.10422	702.65	106.15	39.7	29 h 1 min
25500	696.7999996058643	30.0	645.835	105.64673	703.35	177.8	44.56	29 h 3 min
25550	698.8499995619059	27.0	642.016	123.36395	701.7	153.15	42.3	29 h 4 min
25600	696.9999995157123	28.0	625.613	149.26974	700.7	-45.800003	46.38	29 h 6 min
25650	700.849999666214	27.0	600.705	152.32153	699.85	159.3	51.16	29 h 8 min
25700	702.4999997019768	26.0	659.229	92.114944	700.35	160.95	41.1	29 h 10 min
25750	702.8499996699393	25.0	640.575	125.826035	699.35	153.25	42.72	29 h 11 min
25800	700.3999995924532	26.0	627.789	169.66647	699.05	41.5	39.52	29 h 13 min
25850	703.0999996326864	24.0	665.11206	59.5081	700.1	420.25	41.44	29 h 15 min
25900	706.7499997727573	23.0	642.103	102.551254	699.35	249.2	44.72	29 h 16 min
25950	706.1499997414649	23.0	630.957	146.42192	702.2	117.4	42.18	29 h 18 min
26000	703.8999996744096	24.0	655.91705	69.729576	701.6	438.5	44.26	29 h 20 min
26050	697.3999995365739	28.0	655.517	109.6895	701.4	131.85	38.96	29 h 21 min
26100	704.2999996952713	24.0	678.88	42.821827	701.95	435.0	36.9	29 h 23 min
26150	698.5499995462596	27.0	660.77094	79.22512	700.05	291.9	42.42	29 h 25 min
26200	703.0499996803701	25.0	634.16095	114.676544	700.55	241.7	44.98	29 h 26 min
26250	605.3649985767901	74.9	579.453	159.298	699.65	170.6	54.2	29 h 28 min
26300	701.549999602139	25.0	621.069	143.14034	702.55	72.6	48.0	29 h 30 min
26350	703.7999996691942	24.0	665.622	85.18751	699.15	173.45	38.4	29 h 32 min
26400	214.94999779649078	80.0	613.386	138.28056	700.3	99.25	48.82	29 h 34 min
26450	704.4999997057021	24.0	600.177	161.02678	700.7	170.2	47.52	29 h 36 min
26500	698.8499995619059	27.0	659.3109	88.3268	699.8	285.6	40.62	29 h 37 min
26550	706.4499997571111	23.0	646.07	113.14651	699.0	166.0	43.8	29 h 39 min
26600	695.1999995224178	30.0	638.03296	112.33359	701.2	170.7	44.18	29 h 41 min
26650	695.3999995328486	30.0	664.261	72.81985	700.45	343.4	39.96	29 h 42 min
26700	702.049999628216	25.0	619.634	154.2065	699.85	151.1	44.4	29 h 44 min
26750	689.1999994106591	34.0	639.033	125.31275	700.35	36.7	44.54	29 h 46 min
26800	699.4999995455146	26.0	654.217	111.0488	701.2	142.9	38.42	29 h 47 min
26850	697.6999995522201	28.0	658.9031	92.84363	699.5	209.85	40.9	29 h 49 min
26900	698.8499995619059	27.0	661.64905	87.63862	698.65	312.15	39.16	29 h 51 min
26950	700.1999995820224	26.0	640.832	113.196625	701.7	244.15	42.52	29 h 52 min
27000	705.8499997258186	23.0	649.35	93.59486	701.5	346.55	42.1	29 h 54 min
27050	704.7999997213483	24.0	671.75397	52.537422	701.6	427.0	39.82	29 h 56 min
27100	695.8499995060265	29.0	633.643	131.05582	700.35	154.6	43.7	29 h 57 min
27150	706.0499997362494	23.0	624.57697	136.47427	702.0	-75.1	50.06	29 h 59 min
27200	700.7999996133149	26.0	651.022	86.020744	702.0	256.75	44.24	30 h 1 min
27250	704.6999997161329	24.0	594.132	153.60045	700.25	145.55	53.14	30 h 3 min
27300	703.7999996691942	24.0	638.509	117.32625	700.4	170.1	44.42	30 h 4 min
27350	704.9999997317791	24.0	624.79803	123.8452	702.0	145.5	49.18	30 h 6 min
27400	702.5999997071922	26.0	662.867	78.57285	699.75	311.0	39.62	30 h 8 min
27450	701.6999996602535	26.0	640.711	124.44295	700.85	83.6	44.44	30 h 10 min
27500	701.7499996125698	25.0	667.06	78.28183	700.35	202.75	39.46	30 h 11 min
27550	696.7999995052814	28.0	660.992	115.35014	701.5	72.5	37.64	30 h 13 min
27600	706.0499997362494	23.0	652.27295	105.668785	701.2	31.9	42.92	30 h 15 min
27650	704.8999997265637	24.0	668.223	63.038918	700.85	397.45	39.96	30 h 16 min
27700	704.2999996952713	24.0	653.433	95.57759	701.6	332.1	41.3	30 h 18 min
27750	704.2999996952713	24.0	641.17303	94.82498	702.95	213.0	47.24	30 h 20 min
27800	699.6999995559454	26.0	615.687	121.35728	700.25	186.6	51.94	30 h 22 min
27850	704.2999996952713	24.0	661.69196	98.675934	699.95	181.25	37.98	30 h 23 min
27900	696.0999995693564	30.0	643.33	117.796394	701.1	196.0	43.44	30 h 25 min
27950	699.7999995611608	26.0	631.45	126.43066	702.1	222.35	44.32	30 h 27 min
28000	696.4999994896352	28.0	632.35205	125.57022	701.8	109.6	45.88	30 h 28 min
28050	700.6999996080995	26.0	635.04205	128.11444	701.4	115.75	43.2	30 h 30 min
28100	705.1999997422099	24.0	643.052	119.28175	703.55	181.6	42.04	30 h 32 min
28150	700.849999666214	27.0	652.098	94.02117	700.25	255.95	42.38	30 h 33 min
28200	704.0999996848404	24.0	644.122	88.44424	701.2	300.4	47.94	30 h 35 min
28250	704.7999997213483	24.0	626.454	127.46958	700.8	138.9	47.82	30 h 37 min
28300	698.7499995566905	27.0	643.11	118.94514	700.25	203.35	41.34	30 h 39 min
28350	702.9499996751547	25.0	632.65204	106.48112	698.3	198.95	49.8	30 h 40 min
28400	704.8999997265637	24.0	622.578	129.59946	702.85	148.5	47.9	30 h 42 min
28450	701.3999996446073	26.0	642.135	142.58539	698.2	-0.30000126	38.9	30 h 44 min
28500	698.3999994881451	26.0	628.732	137.76186	702.0	204.2	42.72	30 h 46 min
28550	701.9499996230006	25.0	619.81396	153.14413	700.8	107.15	44.14	30 h 47 min
28600	704.8999997265637	24.0	617.37	153.63065	702.1	110.1	45.5	30 h 49 min
28650	695.5499994903803	29.0	654.849	96.9915	700.5	74.5	43.52	30 h 51 min
28700	701.1999996341765	26.0	633.21405	115.584015	703.45	208.2	45.64	30 h 52 min
28750	699.099999524653	26.0	624.34	145.87746	704.25	-13.500001	47.14	30 h 54 min
28800	701.1999996341765	26.0	624.79297	139.16527	700.55	97.5	45.98	30 h 56 min
28850	702.4999996758997	25.0	631.32697	131.88914	699.75	162.84999	44.46	30 h 58 min
28900	699.8499996140599	27.0	640.604	123.813934	699.6	86.7	44.58	30 h 59 min
28950	698.9499995671213	27.0	663.56396	90.901985	701.8	71.85	41.52	31 h 1 min
29000	700.7499996144325	26.0	596.15204	142.4112	700.05	131.25	52.3	31 h 3 min
29050	697.7999994568527	26.0	630.988	127.20768	701.4	115.5	47.32	31 h 5 min
29100	702.1499996334314	25.0	667.37103	49.953453	698.75	401.8	44.26	31 h 6 min
29150	703.1499996855855	25.0	595.79803	179.51283	700.9	92.75	48.8	31 h 8 min
29200	702.2499996386468	25.0	632.489	132.40875	701.0	193.95	43.86	31 h 10 min
29250	704.1999996900558	24.0	653.617	102.33373	701.05	115.95	41.94	31 h 12 min
29300	702.9499996751547	25.0	666.015	95.12056	702.0	194.55	36.96	31 h 13 min
29350	701.1999996341765	26.0	637.1711	139.35034	702.1	126.2	41.72	31 h 15 min
29400	696.9999995157123	28.0	638.09204	135.61287	702.0	9.549999	41.8	31 h 16 min
29450	702.9499996751547	25.0	639.46405	131.65318	700.6	182.9	40.9	31 h 18 min
29500	701.7999996654689	26.0	653.899	89.70517	702.5	264.65	42.94	31 h 20 min
29550	701.1999996341765	26.0	657.671	89.669334	700.5	170.6	42.24	31 h 22 min
29600	701.3999996446073	26.0	665.089	54.768078	700.9	452.05	42.44	31 h 23 min
29650	700.4499996453524	27.0	636.782	138.37933	701.5	65.049995	42.98	31 h 25 min
29700	689.4249993022531	32.0	644.78204	142.55878	700.65	12.399999	38.58	31 h 27 min
29750	702.9499996751547	25.0	647.794	120.187164	701.1	-25.800001	42.66	31 h 28 min
29800	703.1999996379018	24.0	634.741	153.19324	703.35	113.65	39.74	31 h 30 min
29850	704.0499997325242	25.0	640.864	114.25258	701.6	86.7	44.98	31 h 32 min
29900	704.5999997109175	24.0	643.47	100.029106	700.95	297.1	45.28	31 h 33 min
29950	695.999999564141	30.0	650.923	94.24955	701.7	313.7	41.98	31 h 35 min
30000	697.149999473244	27.0	643.454	136.37143	701.9	28.449999	38.68	31 h 37 min
30050	698.8899995714426	27.4	621.37	159.6929	698.35	16.749998	45.82	31 h 38 min
30100	698.6999996043742	28.0	634.43	144.31242	703.65	75.9	41.06	31 h 40 min
30150	696.1999995745718	30.0	664.19	97.48007	703.45	68.4	39.62	31 h 42 min
30200	701.3999996446073	26.0	647.536	116.96759	699.85	133.0	41.48	31 h 43 min
30250	698.8499995619059	27.0	633.082	144.38203	699.9	16.749998	43.3	31 h 45 min
30300	693.7499994970858	31.0	645.18604	125.416275	701.3	55.05	41.5	31 h 47 min
30350	697.7499996051192	29.0	639.99493	136.77258	700.55	38.95	41.02	31 h 48 min
30400	703.7999996691942	24.0	634.46606	153.68889	700.9	15.799999	41.5	31 h 50 min
30450	695.1499994695187	29.0	647.33	121.29269	701.1	106.75	42.46	31 h 52 min
30500	701.5499996542931	26.0	635.82104	138.43875	699.85	5.199999	42.78	31 h 53 min
30550	698.7499995566905	27.0	619.527	158.22661	699.85	-29.75	44.7	31 h 55 min
30600	703.5999996587634	24.0	671.466	58.98699	700.3	323.0	39.92	31 h 57 min
30650	702.5499996542931	25.0	645.112	114.0989	699.65	165.25	42.9	31 h 58 min
30700	702.049999628216	25.0	605.391	150.39713	698.85	130.6	49.62	32 h 0 min
30750	696.7499994523823	27.0	670.19104	48.496895	701.7	486.05	40.82	32 h 2 min
30800	697.8499996103346	29.0	672.20404	79.79884	699.95	140.45	37.64	32 h 3 min
30850	701.5999996550381	26.0	612.69	152.4411	700.65	64.6	46.6	32 h 5 min
30900	697.8999995626509	28.0	644.883	131.162	702.45	11.249998	40.14	32 h 7 min
30950	692.9499994553626	31.0	638.20197	118.386055	700.15	93.299995	47.68	32 h 9 min
31000	698.4499995410442	27.0	647.645	96.16314	703.75	334.5	42.32	32 h 10 min
31050	699.7499996088445	27.0	641.265	99.19838	698.85	239.0	47.2	32 h 12 min
31100	704.0999996848404	24.0	655.62	103.11929	701.2	221.7	40.38	32 h 14 min
31150	703.1499996855855	25.0	628.353	135.0583	701.15	182.45	46.48	32 h 16 min
31200	704.8999997265637	24.0	601.555	178.03319	699.75	-16.750002	45.32	32 h 17 min
31250	696.6999996006489	30.0	663.92	67.91929	702.1	363.05	41.64	32 h 19 min
31300	243.32999814599754	80.0	612.445	141.69267	700.35	97.1	51.74	32 h 21 min
31350	702.9499996751547	25.0	618.557	150.66109	699.75	76.049995	47.46	32 h 23 min
31400	701.4499995969236	25.0	627.971	125.21812	700.15	162.25	47.68	32 h 24 min
31450	701.2999996393919	26.0	655.39795	112.17507	700.15	58.85	41.02	32 h 26 min
31500	702.9499996751547	25.0	634.429	121.08227	700.45	47.05	48.28	32 h 28 min
31550	702.7499996647239	25.0	652.391	74.211555	701.3	390.7	46.8	32 h 30 min
31600	703.7999996691942	24.0	656.80896	92.29833	699.05	229.95	40.94	32 h 31 min
31650	697.7999995797873	28.0	651.695	97.814186	701.1	292.45	41.82	32 h 33 min
31700	702.6499996595085	25.0	665.13104	101.92777	703.95	-11.300001	39.7	32 h 35 min
31750	702.049999628216	25.0	642.405	92.5591	700.05	334.05	45.2	32 h 36 min
31800	702.1999995857477	24.0	643.289	115.792435	700.7	185.9	41.56	32 h 38 min
31850	699.1499995775521	27.0	640.297	122.84278	700.1	204.5	40.72	32 h 40 min
31900	702.3499996438622	25.0	627.606	144.9562	700.85	40.899998	45.28	32 h 41 min
31950	700.9999996237457	26.0	626.48303	148.10828	701.55	30.949999	46.28	32 h 43 min
32000	692.099999461323	32.0	655.38104	83.614494	700.05	334.7	43.3	32 h 45 min
32050	701.4499995969236	25.0	652.243	111.732506	699.85	-22.85	42.04	32 h 46 min
32100	701.0999996289611	26.0	635.64197	102.80723	701.2	162.0	49.32	32 h 48 min
32150	695.2999995276332	30.0	635.23303	136.21475	701.0	49.149998	43.1	32 h 50 min
32200	703.2499996908009	25.0	611.422	155.1154	702.0	24.849998	48.74	32 h 52 min
32250	700.6999996080995	26.0	659.742	78.16472	702.95	348.85	42.36	32 h 53 min
32300	700.4499996453524	27.0	662.806	99.975494	701.1	81.9	37.52	32 h 55 min
32350	700.6999996080995	26.0	656.97797	95.33938	701.3	186.85	41.3	32 h 57 min
32400	699.2499995827675	27.0	637.018	146.78738	701.8	99.7	41.28	32 h 58 min
32450	699.5499995984137	27.0	642.56604	107.201866	701.9	83.45	48.36	33 h 0 min
32500	702.5499996542931	25.0	666.228	72.06762	700.95	236.55	40.5	33 h 2 min
32550	702.9499996751547	25.0	658.07794	97.93875	702.0	170.55	41.24	33 h 3 min
32600	705.2999997474253	24.0	641.133	115.05988	702.05	189.9	43.18	33 h 5 min
32650	699.9999995715916	26.0	649.943	91.303955	699.85	286.8	44.76	33 h 7 min
32700	699.9999995715916	26.0	661.399	90.515396	704.8	224.95	39.78	33 h 8 min
32750	703.6499997116625	25.0	625.606	136.85378	701.6	149.85	45.18	33 h 9 min
32800	697.5499994941056	27.0	641.985	125.25308	700.8	143.45	40.12	33 h 10 min
32850	704.1999996900558	24.0	654.822	90.57474	700.9	224.3	44.42	33 h 12 min
32900	702.2499996386468	25.0	639.289	102.16602	702.05	217.45	48.28	33 h 13 min
32950	704.2999996952713	24.0	681.2399	29.53794	700.8	554.85	37.46	33 h 14 min
33000	696.0999994687736	28.0	660.831	85.64651	700.0	254.2	39.86	33 h 15 min
33050	701.0999996289611	26.0	670.23206	81.48491	700.85	233.25	36.72	33 h 16 min
33100	696.449999537319	29.0	671.98	74.89629	702.75	215.7	37.18	33 h 18 min
33150	700.4499996453524	27.0	650.135	123.27783	703.75	105.6	38.42	33 h 19 min
33200	704.0999996848404	24.0	642.155	120.2883	702.3	261.1	40.24	33 h 20 min
33250	704.3999997004867	24.0	647.234	117.2903	703.75	196.09999	40.34	33 h 21 min
33300	702.9499996751547	25.0	656.699	91.16948	703.05	184.7	41.94	33 h 22 min
33350	702.4499996490777	25.0	652.155	97.68956	701.9	258.85	40.2	33 h 23 min
33400	700.6499996557832	27.0	646.58295	136.4081	702.7	37.1	40.8	33 h 25 min
33450	701.2999996393919	26.0	621.878	123.74091	700.75	262.8	48.88	33 h 26 min
33500	699.099999524653	26.0	624.659	151.5986	702.75	-7.2500014	48.5	33 h 27 min
33550	704.3999997004867	24.0	634.11304	133.13565	701.3	193.8	43.32	33 h 29 min
33600	700.3999995924532	26.0	635.575	120.852394	701.2	227.85	46.98	33 h 30 min
33650	697.7999995574355	28.0	629.224	126.68091	698.25	195.2	47.1	33 h 31 min
33700	701.4499995969236	25.0	642.174	127.86545	701.85	99.549995	43.92	33 h 32 min
33750	702.049999628216	25.0	646.661	97.89671	701.4	187.3	45.36	33 h 34 min
33800	704.9999997317791	24.0	601.563	146.48369	703.75	51.1	53.38	33 h 35 min
33850	696.199999473989	28.0	629.226	119.78099	702.1	161.8	50.38	33 h 36 min
33900	700.8499995656312	25.0	646.611	94.87411	699.05	201.35	44.98	33 h 37 min
33950	705.0999997369945	24.0	626.46704	144.09058	701.9	104.65	45.22	33 h 39 min
34000	704.2999996952713	24.0	621.206	153.6719	702.2	102.45	44.1	33 h 40 min
34050	705.949999731034	23.0	654.67004	97.88464	699.95	130.25	41.56	33 h 41 min
34100	701.8499996177852	25.0	644.31104	123.95173	701.5	96.4	40.48	33 h 42 min
34150	700.9999996237457	26.0	622.668	143.03004	700.65	144.8	43.64	33 h 43 min
34200	701.1999996341765	26.0	630.398	136.01399	701.6	178.0	43.56	33 h 44 min
34250	702.8499996699393	25.0	642.489	98.62291	701.1	326.3	44.14	33 h 46 min
34300	703.999999679625	24.0	647.872	113.31618	701.1	157.5	43.8	33 h 47 min
34350	705.8499997258186	23.0	641.822	114.25935	701.7	136.1	44.48	33 h 48 min
34400	702.8499996699393	25.0	640.914	116.44439	701.2	152.35	41.98	33 h 49 min
34450	705.3999997526407	24.0	628.73	143.74458	699.85	129.2	43.38	33 h 51 min
34500	706.6499997675419	23.0	637.68097	93.99583	701.5	298.2	49.66	33 h 52 min
34550	689.4999994263053	34.0	648.044	110.6606	701.5	104.799995	41.68	33 h 53 min
34600	701.4499995969236	25.0	679.12396	44.808903	700.25	471.05	35.8	33 h 54 min
34650	704.9999997317791	24.0	648.465	102.05453	699.95	185.55	43.7	33 h 55 min
34700	702.1999996863306	26.0	676.01794	44.02376	700.05	487.6	38.1	33 h 57 min
34750	705.8499997258186	23.0	629.287	131.78725	701.8	103.85	44.6	33 h 58 min
34800	704.3999997004867	24.0	656.072	85.54246	703.15	306.6	41.64	33 h 59 min
34850	699.9999995715916	26.0	673.67	72.2185	701.2	264.6	36.08	34 h 0 min
34900	701.9499996230006	25.0	675.66907	69.013565	699.3	226.75	35.88	34 h 1 min
34950	700.6999996080995	26.0	651.428	90.37032	702.3	284.85	44.52	34 h 2 min
35000	698.8499995619059	27.0	680.61694	39.985016	701.6	487.05	36.48	34 h 4 min
35050	705.5999997630715	24.0	668.5109	96.166176	701.25	44.5	36.88	34 h 5 min
35100	701.9499996230006	25.0	653.585	89.6531	700.0	257.65	43.08	34 h 6 min
35150	706.4499997571111	23.0	652.451	104.98388	703.65	69.9	41.54	34 h 7 min
35200	699.3499995879829	27.0	660.117	77.86132	702.3	329.65	40.38	34 h 8 min
35250	705.8999997787178	24.0	635.66	143.14102	704.4	132.55	40.84	34 h 9 min
35300	705.8499997258186	23.0	643.03595	119.2022	703.15	169.8	42.14	34 h 11 min
35350	703.6499997116625	25.0	646.239	104.10171	701.7	162.65	47.7	34 h 12 min
35400	704.9999997317791	24.0	633.33704	127.40758	702.3	134.0	45.4	34 h 13 min
35450	701.8999996706843	26.0	647.627	122.26374	702.1	170.95	40.98	34 h 14 min
35500	704.9999997317791	24.0	649.574	126.1223	702.65	47.5	39.74	34 h 15 min
35550	704.5999997109175	24.0	663.92	82.84194	701.6	172.4	40.86	34 h 17 min
35600	706.4499997571111	23.0	625.07196	132.11653	703.75	91.65	46.56	34 h 18 min
35650	699.9499996192753	27.0	630.661	117.4222	701.5	162.5	47.24	34 h 19 min
35700	702.6499996595085	25.0	654.39	91.157394	699.95	281.3	40.54	34 h 20 min
35750	703.3499996960163	25.0	644.332	121.35783	702.85	210.95	41.64	34 h 21 min
35800	703.2499996908009	25.0	614.91595	169.3098	701.3	29.75	43.22	34 h 23 min
35850	703.4499997012317	25.0	625.067	162.59648	701.6	10.349999	42.54	34 h 24 min
35900	704.9999997317791	24.0	677.161	35.92486	701.8	532.05	40.08	34 h 25 min
35950	703.5999996587634	24.0	660.464	91.082695	703.75	248.2	38.94	34 h 26 min
36000	704.7999997213483	24.0	662.475	85.506424	701.9	152.34999	42.04	34 h 27 min
36050	704.1999996900558	24.0	667.048	74.04891	701.0	270.0	39.16	34 h 29 min
36100	705.949999731034	23.0	664.449	89.95407	701.9	111.75	39.62	34 h 30 min
36150	702.1499996334314	25.0	652.85	107.34038	703.85	247.4	39.66	34 h 31 min
36200	703.0499996803701	25.0	665.4891	75.45661	704.6	311.95	39.12	34 h 32 min
36250	703.5499997064471	25.0	665.776	104.05471	700.7	93.7	37.0	34 h 33 min
36300	704.0999996848404	24.0	660.467	77.78738	702.95	279.65	40.96	34 h 34 min
36350	706.7499997727573	23.0	642.49396	114.96055	701.4	228.2	43.98	34 h 36 min
36400	705.0499996840954	23.0	630.85095	144.4874	703.05	101.9	43.92	34 h 37 min
36450	693.2999994233251	30.0	651.645	113.585434	701.5	76.0	40.12	34 h 38 min
36500	703.8999996744096	24.0	610.427	166.97716	701.9	79.549995	46.64	34 h 39 min
36550	700.7499995604157	25.0	639.679	115.51282	701.9	218.95	43.36	34 h 40 min
36600	697.6999995522201	28.0	649.891	104.020195	700.45	240.95	43.82	34 h 42 min
36650	704.9999997317791	24.0	659.8741	83.73637	700.55	222.3	42.56	34 h 43 min
36700	705.449999704957	23.0	651.20703	108.780525	702.4	154.5	41.72	34 h 44 min
36750	701.2999996393919	26.0	653.71704	89.35206	700.9	298.45	42.28	34 h 45 min
36800	704.5999997109175	24.0	644.143	102.90639	701.2	219.3	44.14	34 h 47 min
36850	706.0499997362494	23.0	635.38696	127.26061	700.75	73.7	46.18	34 h 48 min
36900	672.5999990031123	44.0	646.12	93.92177	701.8	287.1	46.78	34 h 49 min
36950	703.5499997064471	25.0	654.997	110.68299	700.4	98.7	41.44	34 h 50 min
37000	703.7499997168779	25.0	625.701	139.38033	702.7	109.7	46.16	34 h 51 min
37050	700.9999996237457	26.0	648.189	126.629295	701.6	59.449997	41.46	34 h 53 min
37100	705.7999997735023	24.0	619.426	164.39111	700.65	129.0	44.2	34 h 54 min
37150	671.5499989166856	41.0	589.861	183.7582	700.55	60.75	48.5	34 h 55 min
37200	693.3999993726611	29.5	621.955	130.33437	699.25	168.2	48.34	34 h 56 min
37250	700.3999995924532	26.0	598.232	145.38918	701.5	172.05	52.96	34 h 58 min
37300	706.6499997675419	23.0	638.096	100.322525	698.95	115.299995	50.32	34 h 59 min
37350	629.6199980914593	66.2	626.79803	134.07707	700.15	272.4	42.92	35 h 0 min
37400	688.2999992668629	32.0	630.12	142.48012	700.75	142.65	43.6	35 h 1 min
37450	702.2999996654689	25.0	624.099	149.10277	700.25	113.75	44.14	35 h 3 min
37500	703.499999653548	24.0	649.003	94.07651	700.45	300.4	42.12	35 h 4 min
37550	703.1999996379018	24.0	611.52203	149.63939	700.25	37.2	49.32	35 h 5 min
37600	700.6999996080995	26.0	651.653	102.936966	702.65	106.35	42.8	35 h 6 min
37650	699.4499995931983	27.0	622.98303	149.21353	701.0	0.09999808	44.08	35 h 7 min
37700	703.2999996431172	24.0	625.80493	154.94594	702.1	57.95	42.82	35 h 9 min
37750	704.4999997057021	24.0	610.265	167.6501	701.9	102.549995	45.84	35 h 10 min
37800	697.7499995045364	27.0	665.734	65.05681	703.05	381.9	40.58	35 h 11 min
37850	702.4499996490777	25.0	631.914	136.3875	702.7	32.3	43.76	35 h 12 min
37900	698.649999551475	27.0	633.36	129.36487	701.45	162.0	43.94	35 h 13 min
37950	702.3499996438622	25.0	609.989	166.63708	702.0	101.85	44.06	35 h 15 min
38000	171.81999867483972	80.0	607.458	164.61534	700.9	67.0	48.42	35 h 16 min
38050	703.1999996379018	24.0	641.937	113.24776	701.7	63.5	45.3	35 h 17 min
38100	702.049999628216	25.0	639.123	113.74176	701.0	199.75	44.66	35 h 18 min
38150	702.8499996699393	25.0	603.752	155.09103	702.15	102.9	50.0	35 h 20 min
38200	702.8499996699393	25.0	641.76794	129.11342	703.95	106.85	42.26	35 h 21 min
38250	675.6499989628792	38.0	611.115	161.48068	700.6	93.5	46.38	35 h 22 min
38300	698.4499995410442	27.0	582.86304	202.48315	702.4	10.099999	47.18	35 h 23 min
38350	704.2999996952713	24.0	631.674	142.03914	702.75	58.149998	43.36	35 h 24 min
38400	702.9499996751547	25.0	623.993	139.758	701.1	170.34999	46.16	35 h 26 min
38450	703.8999996744096	24.0	613.63696	171.30836	701.0	133.1	41.06	35 h 27 min
38500	699.4499995931983	27.0	619.209	158.73573	700.15	116.2	44.4	35 h 28 min
38550	696.7499995529652	29.0	646.07794	100.39299	702.35	211.35	42.8	35 h 29 min
38600	698.5499996773899	25.6	625.424	131.18681	701.7	222.1	46.14	35 h 31 min
38650	704.1999996900558	24.0	564.601	200.56067	700.35	90.2	51.96	35 h 32 min
38700	701.049999576062	25.0	639.86	123.89845	701.8	13.65	44.48	35 h 33 min
38750	697.6499995999038	29.0	605.4291	156.3533	701.55	7.0499983	48.12	35 h 34 min
38800	702.3499996438622	25.0	665.6259	76.83559	702.1	289.15	39.72	35 h 35 min
38850	705.4999997578561	24.0	658.56	90.69626	702.95	174.75	41.6	35 h 37 min
38900	702.2499996386468	25.0	639.538	112.2552	701.7	278.6	44.7	35 h 38 min
38950	702.7499996647239	25.0	618.30505	158.2435	701.3	77.4	45.16	35 h 39 min
39000	704.1999996900558	24.0	658.41	80.44492	701.5	303.2	42.26	35 h 40 min
39050	704.1999996900558	24.0	675.719	47.235806	701.6	428.3	38.82	35 h 41 min
39100	705.5999997630715	24.0	653.728	102.433815	701.5	221.34999	41.5	35 h 43 min
39150	699.9999995715916	26.0	640.956	123.66292	702.2	138.95	43.44	35 h 44 min
39200	703.499999653548	24.0	586.95	198.98851	701.3	44.05	44.34	35 h 45 min
39250	701.0999996289611	26.0	632.099	141.26395	701.1	91.6	44.66	35 h 46 min
39300	697.4999995417893	28.0	600.42096	168.33197	701.3	28.55	52.22	35 h 48 min
39350	702.9499996751547	25.0	607.081	160.02124	700.7	10.399999	48.1	35 h 49 min
39400	704.94999967888	23.0	630.045	143.49553	701.0	100.799995	44.54	35 h 50 min
39450	621.6749981138855	80.0	638.82806	128.6856	701.5	34.649998	45.96	35 h 51 min
39500	704.7999997213483	24.0	650.875	101.910675	700.15	203.5	42.3	35 h 52 min
39550	699.3499995879829	27.0	619.323	140.15656	701.3	134.8	47.28	35 h 54 min
39600	706.0499997362494	23.0	649.786	114.64744	701.6	42.1	43.8	35 h 55 min
39650	704.2999996952713	24.0	627.31104	117.150154	701.7	134.05	51.56	35 h 56 min
39700	704.5999997109175	24.0	650.368	104.02419	702.05	269.0	40.38	35 h 57 min
39750	701.2999996393919	26.0	662.526	60.71177	701.3	372.75	43.32	35 h 59 min
39800	699.9499996192753	27.0	641.197	108.78452	702.35	130.95	45.28	36 h 0 min
39850	704.8999997265637	24.0	653.54803	96.484886	701.4	214.8	40.64	36 h 1 min
39900	697.7999995574355	28.0	660.62103	78.67422	701.4	274.9	41.96	36 h 2 min
39950	706.0499997362494	23.0	630.719	137.62073	702.95	82.65	45.8	36 h 3 min
40000	699.3999995402992	26.0	634.532	124.15353	700.75	86.049995	43.22	36 h 5 min
