Episode	TestRet	TestSteps	AverageEpRet	StdEpRet	MaxEpRet	MinEpRet	EpLen	Time
50	-880.5000351518393	100.0	-328.62302	9.802123	-302.15	-349.35	100.0	8 min 28 sec
100	-295.00000439584255	100.0	-332.97	9.218755	-314.7	-352.55002	100.0	17 min 47 sec
150	-328.3000069454312	100.0	-328.802	10.902684	-291.85	-351.05002	100.0	28 min 2 sec
200	-337.9250078082085	100.0	-324.95303	11.272986	-296.4	-343.4	100.0	38 min 32 sec
250	-325.2400069400668	100.0	-322.724	13.261617	-279.30002	-347.4	100.0	49 min 14 sec
300	-309.01000667624174	100.0	-316.807	16.737602	-268.0	-340.95	100.0	58 min 48 sec
350	-299.8000053189695	100.0	-319.777	15.11776	-262.30002	-341.65	100.0	1 h 9 min 44 sec
400	-344.95000766031444	100.0	-315.247	15.800666	-252.40001	-336.85	100.0	1 h 19 min 55 sec
450	-291.29000486060977	100.0	-311.801	17.457241	-264.65	-342.25	100.0	1 h 31 min 25 sec
500	-299.4200059585273	100.0	-303.492	23.935337	-236.0	-340.75	100.0	1 h 41 min 56 sec
550	-279.99500703588126	100.0	-301.648	20.63078	-236.95001	-335.9	100.0	1 h 51 min 36 sec
600	-312.31000600904224	100.0	-293.668	30.655695	-169.35	-331.25	100.0	2 h 1 min 35 sec
650	-300.71000669673083	100.0	-296.062	24.003492	-220.65001	-326.25	100.0	2 h 13 min 0 sec
700	-282.78000556640325	100.0	-283.819	30.92069	-202.05	-327.15	100.0	2 h 24 min 5 sec
750	-272.5150069754571	100.0	-280.288	33.64361	-192.1	-323.75	100.0	2 h 37 min 0 sec
800	-316.61000706031916	100.0	-274.849	34.986275	-200.5	-324.15	100.0	2 h 50 min 10 sec
850	-266.08000632561743	100.0	-284.086	32.572956	-206.20001	-323.0	100.0	3 h 0 min 12 sec
900	-296.4250063162297	100.0	-266.588	35.77379	-163.45001	-318.4	100.0	3 h 12 min 27 sec
950	-266.43500599078834	100.0	-264.204	46.93174	-137.3	-324.05002	100.0	3 h 24 min 39 sec
1000	-273.38000534921883	100.0	-266.372	43.375336	-160.55	-320.1	100.0	3 h 37 min 27 sec
1050	-265.2150065731257	100.0	-265.562	44.325615	-156.6	-323.0	100.0	3 h 50 min 12 sec
1100	-273.17000575996934	100.0	-255.754	59.837776	-71.25001	-326.0	100.0	4 h 2 min 21 sec
1150	-256.9650058116764	100.0	-264.491	43.6	-139.05	-318.05002	100.0	4 h 15 min 24 sec
1200	-269.2700053073466	100.0	-261.141	45.54144	-142.65001	-320.6	100.0	4 h 27 min 46 sec
1250	-255.2700058273971	100.0	-265.52402	39.999237	-171.95001	-318.30002	100.0	4 h 39 min 41 sec
1300	-294.2250063542277	100.0	-275.774	37.01486	-164.15001	-364.15	100.0	4 h 51 min 5 sec
1350	-278.02500532977285	100.0	-262.271	37.770832	-165.1	-338.65002	100.0	5 h 3 min 23 sec
1400	-271.65000613816085	100.0	-257.05	31.81317	-167.25	-325.05002	100.0	5 h 15 min 46 sec
1450	-284.0550060775131	100.0	-266.979	42.887325	-150.55	-397.90002	100.0	5 h 28 min 42 sec
1500	-279.16500546708704	100.0	-251.89902	45.637695	-105.850006	-340.4	100.0	5 h 41 min 39 sec
1550	-254.89000593423845	100.0	-259.66602	49.44404	-118.9	-462.50003	100.0	5 h 55 min 45 sec
1600	-298.49000767879187	100.0	-259.693	39.129356	-164.90001	-399.65002	100.0	6 h 9 min 3 sec
1650	-266.1000055462122	100.0	-254.21002	37.074066	-154.35	-324.45	100.0	6 h 26 min 7 sec
1700	-283.3250070221722	100.0	-245.20201	37.577442	-149.45001	-298.75	100.0	6 h 42 min 13 sec
1750	-449.5000154837966	100.0	-236.87102	40.622314	-153.6	-325.65002	100.0	6 h 58 min 48 sec
1800	-269.4050058841705	100.0	-268.92102	72.788956	-116.25001	-524.45	100.0	7 h 15 min 22 sec
1850	-289.03000576347114	100.0	-244.76402	36.21144	-161.15001	-320.55002	100.0	7 h 31 min 48 sec
1900	-303.810007205978	100.0	-263.778	58.84804	-142.0	-478.2	100.0	7 h 48 min 17 sec
1950	-289.60000655576584	100.0	-252.59601	45.487198	-161.20001	-453.50003	100.0	8 h 4 min 59 sec
2000	-284.5850063782185	100.0	-253.68298	38.01409	-162.45001	-363.7	100.0	8 h 22 min 7 sec
2050	-271.4800055868924	100.0	-237.441	29.964289	-149.85	-289.95	100.0	8 h 38 min 12 sec
2100	-284.28000587671994	100.0	-247.045	26.578077	-192.15001	-310.80002	100.0	8 h 55 min 20 sec
2150	-278.1450055025518	100.0	-244.774	30.53976	-154.15001	-325.80002	100.0	9 h 11 min 32 sec
2200	-253.185005344823	100.0	-251.17401	29.941133	-177.25	-311.7	100.0	9 h 28 min 4 sec
2250	-254.93500637039543	100.0	-250.18204	31.264542	-132.05	-308.45	100.0	9 h 44 min 39 sec
2300	-292.3050066255033	100.0	-258.808	39.83459	-155.1	-383.2	100.0	10 h 0 min 59 sec
2350	-267.9550065174699	100.0	-255.64699	40.550457	-163.0	-421.15002	100.0	10 h 17 min 46 sec
2400	-236.60500621907414	100.0	-242.75102	29.903635	-139.95001	-291.85	100.0	10 h 33 min 59 sec
2450	-291.92500667758287	100.0	-254.36201	55.879852	-175.5	-501.55002	100.0	10 h 50 min 49 sec
2500	-286.3500066883862	100.0	-244.30502	29.430023	-168.8	-292.0	100.0	11 h 6 min 57 sec
2550	-275.5500062599778	100.0	-242.95001	28.437687	-169.40001	-290.05002	100.0	11 h 23 min 59 sec
2600	-273.79500501975417	100.0	-245.29903	39.272278	-124.600006	-321.45	100.0	11 h 39 min 35 sec
2650	-279.5500057544559	100.0	-238.38104	36.2985	-147.25002	-324.30002	100.0	11 h 52 min 13 sec
2700	-263.530005826056	100.0	-249.90799	40.237457	-178.1	-422.80002	100.0	12 h 3 min 12 sec
2750	-264.6800061289221	100.0	-288.804	102.29323	-182.90001	-773.35004	100.0	12 h 13 min 52 sec
2800	-273.16500693820416	100.0	-242.42201	34.817097	-128.3	-332.75	100.0	12 h 23 min 53 sec
2850	-239.75500652715564	100.0	-239.39803	41.432323	-134.90001	-372.7	100.0	12 h 34 min 21 sec
2900	-301.4500074252486	100.0	-268.781	105.49067	-163.65001	-719.30005	100.0	12 h 44 min 36 sec
2950	-281.06500665992496	100.0	-246.259	40.40591	-151.65001	-382.90002	100.0	12 h 55 min 19 sec
3000	-286.34500627331437	100.0	-231.92099	41.433064	-123.65001	-295.85	100.0	13 h 7 min 24 sec
3050	-280.0450057372451	100.0	-257.215	68.06186	-148.45001	-523.35004	100.0	13 h 19 min 5 sec
3100	-268.09000606909393	100.0	-271.761	111.07543	-94.90001	-747.4	100.0	13 h 29 min 21 sec
3150	-274.11000769771636	100.0	-246.755	68.65451	-127.100006	-478.55002	100.0	13 h 39 min 45 sec
3200	-248.6400058541447	100.0	-247.48502	72.116104	-111.850006	-464.2	100.0	13 h 50 min 7 sec
3250	-263.9400058068335	100.0	-232.54803	36.072796	-164.05	-331.90002	100.0	14 h 1 min 4 sec
3300	-245.29500619843603	100.0	-236.81898	56.20919	-138.0	-449.40002	100.0	14 h 12 min 20 sec
3350	-390.7550140157342	100.0	-251.14803	84.059616	-148.65001	-590.2	100.0	14 h 23 min 10 sec
3400	-286.1150069862604	100.0	-261.1	106.47198	-133.55	-646.55005	100.0	14 h 33 min 40 sec
3450	-256.24000589363277	100.0	-233.95499	51.634026	-113.65001	-403.55002	100.0	14 h 44 min 11 sec
3500	-245.2500060722232	100.0	-235.38101	54.891068	-92.950005	-397.75	100.0	14 h 54 min 40 sec
3550	-232.96000649631023	100.0	-252.32799	65.64138	-147.35	-441.95	100.0	15 h 4 min 27 sec
3600	-272.98000730164347	100.0	-225.94002	60.12712	-70.55	-436.55002	100.0	15 h 14 min 7 sec
3650	-253.710005703941	100.0	-232.0	47.8132	-61.100006	-317.85	100.0	15 h 25 min 8 sec
3700	-280.80500642322005	100.0	-252.66202	55.483086	-176.6	-456.85	100.0	15 h 35 min 24 sec
3750	-246.58500638753176	100.0	-224.19202	32.77354	-152.35	-294.2	100.0	15 h 47 min 3 sec
3800	-265.61500657573345	100.0	-231.27202	37.133083	-156.45001	-330.15002	100.0	15 h 57 min 50 sec
3850	-258.66500607803465	100.0	-216.84799	43.52313	-89.350006	-284.5	100.0	16 h 8 min 41 sec
3900	-239.16500679180027	100.0	-232.33601	50.61361	-120.25001	-394.5	100.0	16 h 18 min 37 sec
3950	-308.505009913072	100.0	-240.73701	43.34976	-132.75	-318.7	100.0	16 h 29 min 53 sec
4000	-244.15000599101185	100.0	-224.04	35.51757	-128.6	-294.25	100.0	16 h 40 min 35 sec
4050	-272.39000811241567	100.0	-212.905	49.987263	-132.90001	-360.15002	100.0	16 h 52 min 16 sec
4100	-243.10500710047782	100.0	-203.45502	44.68292	-58.450005	-305.35	100.0	17 h 2 min 1 sec
4150	-226.8550062894821	100.0	-215.67697	39.823925	-144.70001	-324.7	100.0	17 h 13 min 35 sec
4200	-265.950006146729	100.0	-219.07101	39.391804	-137.40001	-290.6	100.0	17 h 26 min 2 sec
4250	-239.6800052948296	100.0	-233.18402	44.17201	-100.80001	-310.7	100.0	17 h 38 min 5 sec
4300	-273.08000660091636	100.0	-213.71402	50.341908	-116.700005	-298.55002	100.0	17 h 50 min 9 sec
4350	-276.1400061368942	100.0	-228.384	45.761852	-105.55001	-335.05002	100.0	18 h 0 min 38 sec
4400	-296.7750064238906	100.0	-226.164	71.651665	-73.8	-481.6	100.0	18 h 11 min 12 sec
4450	-257.85500636547806	100.0	-238.26103	44.79456	-125.600006	-340.25	100.0	18 h 22 min 37 sec
4500	-269.97500655055046	100.0	-255.62701	80.446976	-112.65001	-538.2	100.0	18 h 32 min 18 sec
4550	-235.9450059376657	100.0	-222.018	44.78561	-100.90001	-306.5	100.0	18 h 42 min 22 sec
4600	-298.3100076850504	100.0	-221.42699	56.04253	-85.600006	-314.55002	100.0	18 h 55 min 2 sec
4650	-214.00500539168715	100.0	-224.188	43.36035	-78.950005	-298.0	100.0	19 h 4 min 31 sec
4700	-246.72500557154416	100.0	-226.69301	41.1077	-151.3	-313.30002	100.0	19 h 15 min 57 sec
4750	-267.87000624760987	100.0	-218.621	49.128517	-93.50001	-304.6	100.0	19 h 25 min 2 sec
4800	-255.86500643007457	100.0	-238.801	34.898853	-143.85	-300.5	100.0	19 h 36 min 23 sec
4850	-268.4850069656968	100.0	-218.636	45.93247	-71.40001	-296.80002	100.0	19 h 47 min 34 sec
4900	-266.88000645153227	100.0	-231.80002	45.81814	-94.600006	-288.6	100.0	19 h 59 min 16 sec
4950	-266.67000674381853	100.0	-237.63199	42.418564	-83.100006	-300.7	100.0	20 h 11 min 29 sec
5000	-248.39000655785202	100.0	-233.14601	54.84461	-89.200005	-417.7	100.0	20 h 21 min 24 sec
5050	-256.78500560969115	100.0	-232.504	71.38627	-85.65	-568.9	100.0	20 h 30 min 51 sec
5100	-391.94001395739616	100.0	-250.46701	90.94951	-104.950005	-596.80005	100.0	20 h 41 min 22 sec
5150	-319.71001061312853	100.0	-254.144	78.12934	-111.100006	-514.0	100.0	20 h 50 min 59 sec
5200	-267.92500644885	100.0	-247.58502	42.02201	-145.65001	-356.40002	100.0	21 h 1 min 13 sec
5250	-273.57000731788577	100.0	-231.20403	43.52975	-99.3	-307.6	100.0	21 h 11 min 55 sec
5300	-197.4550052922219	100.0	-231.928	46.973694	-137.25	-344.2	100.0	21 h 22 min 29 sec
5350	-226.89000552520156	100.0	-230.36801	37.67911	-126.350006	-294.1	100.0	21 h 32 min 57 sec
5400	-271.6800063472241	100.0	-224.327	45.952637	-135.65001	-308.2	100.0	21 h 41 min 25 sec
5450	-254.56500578150153	100.0	-244.31299	48.835827	-106.350006	-358.75	100.0	21 h 51 min 39 sec
5500	-242.4700055345893	100.0	-239.47699	39.078667	-167.65001	-320.05002	100.0	22 h 2 min 25 sec
5550	-297.48000713922085	100.0	-249.83502	53.288013	-144.55	-382.0	100.0	22 h 13 min 59 sec
5600	-283.84500588178634	100.0	-241.33902	42.516994	-117.05001	-352.95	100.0	22 h 24 min 46 sec
5650	-224.37500490322708	100.0	-239.80301	47.546486	-132.15001	-349.15	100.0	22 h 36 min 7 sec
5700	-255.74000553265213	100.0	-243.91699	38.98845	-142.75	-311.0	100.0	22 h 47 min 13 sec
5750	-268.1050065536052	100.0	-241.66002	40.600166	-150.0	-325.05002	100.0	22 h 57 min 8 sec
5800	-256.5650049753487	100.0	-230.34	41.14935	-149.6	-295.1	100.0	23 h 7 min 51 sec
5850	-264.01000752300024	100.0	-231.843	44.277313	-124.40001	-351.0	100.0	23 h 17 min 23 sec
5900	-247.04000566340983	100.0	-249.77	47.316635	-170.05	-415.50003	100.0	23 h 26 min 52 sec
5950	-271.620005889982	100.0	-243.73303	49.198757	-170.40001	-407.95	100.0	23 h 38 min 0 sec
6000	-285.01500852555034	100.0	-244.78099	86.46517	-109.40001	-584.35004	100.0	23 h 47 min 45 sec
6050	-249.7150060262531	100.0	-238.25102	46.240803	-155.5	-315.7	100.0	23 h 59 min 23 sec
6100	-282.4750066164881	100.0	-237.27902	47.471363	-138.5	-323.0	100.0	24 h 10 min 50 sec
6150	-264.2200069896877	100.0	-247.10002	43.933125	-146.75	-339.05002	100.0	24 h 22 min 54 sec
6200	-303.94500750228764	100.0	-259.97702	71.3647	-151.15001	-592.9	100.0	24 h 34 min 26 sec
6250	-278.7150057274848	100.0	-251.275	71.563286	-154.1	-496.80002	100.0	24 h 43 min 4 sec
6300	-249.13000630140306	100.0	-238.43	70.26163	-21.600004	-463.1	100.0	24 h 54 min 14 sec
6350	-237.42500618696212	100.0	-242.07	57.80336	-135.25	-476.45	100.0	25 h 8 min 43 sec
6400	-379.6850142918527	100.0	-245.873	50.185844	-163.8	-422.25003	100.0	25 h 23 min 9 sec
6450	-238.30000583566726	100.0	-235.49	50.708088	-120.350006	-387.25	100.0	25 h 38 min 8 sec
6500	-259.9900069002062	100.0	-211.93602	39.40775	-101.90001	-293.65	100.0	25 h 52 min 53 sec
6550	-237.75000599063932	100.0	-222.07602	42.035717	-106.600006	-288.55002	100.0	26 h 7 min 45 sec
6600	-242.91000522114336	100.0	-221.02802	42.26226	-101.700005	-339.45	100.0	26 h 21 min 10 sec
6650	-230.6250066973269	100.0	-215.85901	43.973118	-119.200005	-290.85	100.0	26 h 30 min 7 sec
6700	-242.90500652752817	100.0	-224.19301	52.98933	28.849993	-309.75	100.0	26 h 39 min 55 sec
6750	-243.11500668898225	100.0	-224.35	38.666176	-146.3	-333.05002	100.0	26 h 50 min 21 sec
6800	-225.17000655382873	100.0	-215.12802	39.666973	-124.700005	-276.1	100.0	27 h 1 min 43 sec
6850	-226.000005909428	100.0	-215.30301	34.449856	-143.70001	-326.15	100.0	27 h 13 min 59 sec
6900	-249.23500633761287	100.0	-228.739	45.07878	-133.8	-340.1	100.0	27 h 24 min 47 sec
6950	-240.9600067347288	100.0	-224.84702	38.91042	-133.3	-313.45	100.0	27 h 35 min 49 sec
7000	-214.45500589571893	100.0	-238.69899	92.95065	-120.75001	-606.45	100.0	27 h 47 min 56 sec
7050	-324.375012338534	100.0	-241.37701	98.460915	-67.75001	-526.7	100.0	27 h 57 min 30 sec
7100	-281.93000835739076	100.0	-213.20102	63.435276	-37.35001	-388.25	100.0	28 h 8 min 56 sec
7150	-251.50500587113203	100.0	-234.65898	71.769585	-88.100006	-438.80002	100.0	28 h 18 min 15 sec
7200	-249.06000517085195	100.0	-235.72203	76.81172	-119.3	-542.9	100.0	28 h 29 min 52 sec
7250	-206.51000638082624	100.0	-216.62201	35.47877	-153.0	-353.40002	100.0	28 h 40 min 31 sec
7300	-201.48500615544617	100.0	-214.727	55.10523	-95.25001	-417.6	100.0	28 h 49 min 34 sec
7350	-241.5550060737878	100.0	-217.70102	59.771893	-118.200005	-466.45	100.0	28 h 59 min 18 sec
7400	-212.1450064625591	100.0	-196.57599	48.046783	-68.15001	-306.15	100.0	29 h 11 min 38 sec
7450	-223.00500560365617	100.0	-224.075	69.0788	-130.1	-481.15002	100.0	29 h 22 min 27 sec
7500	-200.06000654548407	100.0	-200.471	43.456913	-64.80001	-277.05002	100.0	29 h 32 min 23 sec
7550	-256.35500698760154	100.0	-198.64497	41.55401	-101.450005	-269.75	100.0	29 h 40 min 31 sec
7600	-240.0700062446296	100.0	-206.52701	57.58347	-106.450005	-422.85	100.0	29 h 52 min 32 sec
7650	-220.28500524871052	100.0	-202.30699	42.28636	-110.4	-290.05002	100.0	30 h 3 min 32 sec
7700	-222.2700069889426	100.0	-206.884	41.854893	-118.350006	-337.7	100.0	30 h 15 min 20 sec
7750	-180.2450064126402	100.0	-199.95702	49.44948	-94.15001	-317.95	100.0	30 h 25 min 13 sec
7800	-224.01000583283604	100.0	-200.417	43.89726	-111.00001	-318.9	100.0	30 h 37 min 19 sec
7850	-221.69000678397714	100.0	-208.521	45.877186	-77.05001	-344.85	100.0	30 h 46 min 29 sec
7900	-176.9950054395944	100.0	-206.096	40.072872	-112.350006	-281.15	100.0	30 h 57 min 43 sec
7950	-235.97000599429012	100.0	-199.393	37.247005	-97.8	-269.05002	100.0	31 h 9 min 0 sec
8000	-217.26500648371876	100.0	-210.58699	36.15105	-132.6	-291.2	100.0	31 h 20 min 48 sec
8050	-302.1550088558346	100.0	-201.836	44.509663	-69.50001	-318.85	100.0	31 h 31 min 2 sec
8100	-221.87000729814173	100.0	-189.07803	49.705006	-69.15001	-315.30002	100.0	31 h 42 min 20 sec
8150	-243.24500607438387	100.0	-191.559	51.136604	-74.8	-380.05002	100.0	31 h 51 min 44 sec
8200	-226.26500677354633	100.0	-213.362	68.13704	-112.600006	-415.00003	100.0	32 h 2 min 25 sec
8250	-221.590007212013	100.0	-170.054	41.070526	-68.25001	-252.85	100.0	32 h 11 min 38 sec
8300	-212.00500692203642	100.0	-195.837	34.50306	-124.700005	-273.55002	100.0	32 h 21 min 26 sec
8350	-239.23500749990345	100.0	-203.926	44.071815	-74.600006	-282.0	100.0	32 h 31 min 42 sec
8400	-196.64000656679272	100.0	-193.35602	31.213467	-134.20001	-278.0	100.0	32 h 41 min 21 sec
8450	-176.9400059223175	100.0	-196.01102	49.631912	-77.100006	-341.0	100.0	32 h 50 min 36 sec
8500	-252.89500684961678	100.0	-180.616	52.123844	-72.3	-302.90002	100.0	33 h 0 min 39 sec
8550	-196.19500666819513	100.0	-189.73898	41.588413	-100.15001	-284.15	100.0	33 h 8 min 38 sec
8600	-222.87500614710152	100.0	-189.76802	37.27766	-102.100006	-280.85	100.0	33 h 18 min 50 sec
8650	-214.38500714413823	100.0	-237.47601	84.87695	-139.70001	-480.05002	100.0	33 h 28 min 15 sec
8700	-287.38500973843037	100.0	-184.79301	52.11801	-113.00001	-420.30002	100.0	33 h 38 min 24 sec
8750	-257.09000658839943	100.0	-187.74597	56.049187	-14.650005	-305.05002	100.0	33 h 48 min 39 sec
8800	-232.94000829942524	100.0	-194.009	36.647293	-111.700005	-254.85	100.0	33 h 59 min 40 sec
8850	-206.4850059311837	100.0	-204.275	49.224632	-67.100006	-332.80002	100.0	34 h 9 min 45 sec
8900	-207.7650065008551	100.0	-199.015	43.777714	-108.75001	-269.7	100.0	34 h 20 min 0 sec
8950	-260.91000725775956	100.0	-196.34601	43.900948	-112.55	-302.9	100.0	34 h 30 min 58 sec
9000	-243.03500669561328	100.0	-169.881	48.65448	-24.900005	-255.90001	100.0	34 h 41 min 50 sec
9050	-208.02000596895815	100.0	-194.225	51.983097	4.9999948	-298.4	100.0	34 h 51 min 31 sec
9100	-208.42500637061895	100.0	-185.39502	56.81947	-46.100006	-292.55002	100.0	35 h 0 min 50 sec
9150	-236.84000675305725	100.0	-206.36902	47.539288	-64.850006	-303.5	100.0	35 h 5 min 49 sec
9200	-228.8000066820532	100.0	-196.595	43.5219	-85.00001	-300.30002	100.0	35 h 10 min 42 sec
9250	-204.38000614792108	100.0	-207.59702	67.756386	-83.8	-416.15002	100.0	35 h 15 min 34 sec
9300	-198.68000653907657	100.0	-197.21101	46.62816	-59.050007	-308.0	100.0	35 h 20 min 32 sec
9350	-230.68500975593923	100.0	-206.42801	51.50155	-104.450005	-311.15	100.0	35 h 25 min 27 sec
9400	-212.4450068425387	100.0	-204.88002	46.543312	-106.30001	-348.65002	100.0	35 h 30 min 33 sec
9450	-226.51500617228447	100.0	-177.95801	50.76634	-44.550007	-293.4	100.0	35 h 35 min 32 sec
9500	-209.83500656709074	100.0	-203.108	38.721413	-111.90001	-284.6	100.0	35 h 40 min 37 sec
9550	-399.9500149656087	100.0	-186.52502	51.911602	-55.850006	-282.4	100.0	35 h 45 min 29 sec
9600	-251.41500807739794	100.0	-197.81	48.429966	-70.850006	-330.7	100.0	35 h 50 min 22 sec
9650	-227.86000622287392	100.0	-190.529	53.70639	-54.650005	-285.15	100.0	35 h 55 min 15 sec
9700	-142.54000590220093	100.0	-188.35	44.05788	-98.350006	-291.75	100.0	36 h 0 min 17 sec
9750	-245.96500674337148	100.0	-181.20801	62.80601	20.649996	-302.55002	100.0	36 h 5 min 9 sec
9800	-229.79000664241613	100.0	-179.58202	48.195984	-31.400005	-277.9	100.0	36 h 10 min 7 sec
9850	-264.40500674620273	100.0	-168.69801	45.090405	-85.30001	-261.5	100.0	36 h 15 min 3 sec
9900	-187.21000602133572	100.0	-165.61	48.876007	-26.250008	-259.75	100.0	36 h 20 min 3 sec
9950	-175.8500067960471	100.0	-176.47101	59.686115	-48.000008	-391.00003	100.0	36 h 25 min 0 sec
10000	-230.40500724054874	100.0	-170.765	59.49473	-64.00001	-375.55002	100.0	36 h 29 min 56 sec
10050	-209.3250074159354	100.0	-180.419	54.297363	-86.600006	-334.90002	100.0	36 h 34 min 50 sec
10100	-202.66000750921665	100.0	-192.29701	63.5645	-77.25001	-418.7	100.0	36 h 39 min 42 sec
10150	-202.3250075057149	100.0	-172.16803	53.384308	-41.800007	-269.80002	100.0	36 h 44 min 41 sec
10200	-198.6850060556084	100.0	-173.35498	51.31768	-57.500004	-303.15002	100.0	36 h 49 min 38 sec
10250	-220.96000626012682	100.0	-169.09703	59.336136	33.149994	-303.15002	100.0	36 h 54 min 25 sec
10300	-215.1250066958368	100.0	-165.763	48.38309	-85.25001	-337.45	100.0	36 h 59 min 19 sec
10350	-203.73000696524977	100.0	-175.271	61.020622	-6.750006	-341.30002	100.0	37 h 4 min 22 sec
10400	-287.27001170143484	100.0	-158.94801	53.131054	-22.950006	-277.25	100.0	37 h 9 min 7 sec
10450	-164.80500613972544	100.0	-181.88701	62.95121	-16.100004	-278.0	100.0	37 h 14 min 7 sec
10500	-195.50500702150165	100.0	-207.56201	66.35444	-63.600006	-365.6	100.0	37 h 19 min 6 sec
10550	-222.62500717639924	100.0	-164.00102	54.843063	-19.050005	-267.1	100.0	37 h 24 min 10 sec
10600	-204.205006531626	100.0	-170.96902	60.442112	-0.9500064	-314.0	100.0	37 h 29 min 1 sec
10650	-201.79500755183398	100.0	-155.52202	57.637703	-17.800005	-267.30002	100.0	37 h 33 min 52 sec
10700	-210.63500710763037	100.0	-202.294	60.344276	-83.450005	-422.25	100.0	37 h 38 min 46 sec
10750	-237.7600077647716	100.0	-200.669	39.062843	-122.50001	-316.9	100.0	37 h 43 min 46 sec
10800	-173.69000672399997	100.0	-178.02798	42.937206	-61.20001	-252.05	100.0	37 h 48 min 36 sec
10850	-242.85000769719483	100.0	-186.977	61.607292	-44.950005	-328.0	100.0	37 h 53 min 31 sec
10900	-158.17500541955232	100.0	-210.60101	75.225716	20.699995	-429.7	100.0	37 h 58 min 26 sec
10950	-199.94000581167637	100.0	-189.98	52.43878	-37.000008	-277.7	100.0	38 h 3 min 17 sec
11000	-171.3150058351457	100.0	-188.02101	51.222126	16.499994	-266.7	100.0	38 h 8 min 14 sec
11050	-209.6750059813261	100.0	-172.62701	48.16337	-47.550007	-258.2	100.0	38 h 13 min 11 sec
11100	-208.16000875383617	100.0	-184.769	46.88545	-88.55001	-296.55002	100.0	38 h 17 min 59 sec
11150	-207.2100061003119	100.0	-177.267	56.485935	-48.000008	-360.55002	100.0	38 h 22 min 56 sec
11200	-224.25500746145843	100.0	-184.20702	47.086742	-52.600006	-292.5	100.0	38 h 27 min 57 sec
11250	-215.53000689186155	100.0	-187.667	59.034836	-12.4500065	-305.4	100.0	38 h 32 min 48 sec
11300	-206.36500728055836	100.0	-171.32002	53.284718	5.2999935	-269.0	100.0	38 h 37 min 42 sec
11350	-227.40500604398548	100.0	-161.78001	60.37589	17.199993	-268.5	100.0	38 h 42 min 31 sec
11400	-218.3750065229833	100.0	-191.981	45.66738	-95.450005	-285.45	100.0	38 h 47 min 32 sec
11450	-185.74500575959684	100.0	-167.233	50.87596	27.299994	-251.0	100.0	38 h 52 min 24 sec
11500	-162.21500702165068	100.0	-185.303	71.49139	-21.700005	-402.05002	100.0	38 h 57 min 17 sec
11550	-197.6600074775517	100.0	-180.738	72.96808	-29.000006	-420.55002	100.0	39 h 2 min 5 sec
11600	-179.95500520393253	100.0	-192.181	48.247528	-45.250004	-319.5	100.0	39 h 6 min 52 sec
11650	-473.89001981168985	100.0	-192.86601	63.8509	-30.300009	-398.7	100.0	39 h 11 min 36 sec
11700	-167.81000669896602	100.0	-193.384	55.57136	-83.55	-389.50003	100.0	39 h 16 min 25 sec
11750	-255.505005819723	100.0	-172.008	55.841354	20.949993	-268.25	100.0	39 h 21 min 25 sec
11800	-226.58500697389246	100.0	-182.69	51.12945	-30.950006	-268.1	100.0	39 h 26 min 18 sec
11850	-230.0400053821504	100.0	-191.60002	56.148163	-49.950005	-427.15002	100.0	39 h 31 min 9 sec
11900	-184.6800065819174	100.0	-189.45601	55.809196	-23.900005	-286.9	100.0	39 h 36 min 2 sec
11950	-214.60000590011478	100.0	-179.58601	53.99931	-16.400005	-269.6	100.0	39 h 40 min 51 sec
12000	-208.42500591278076	100.0	-194.949	60.61178	-11.050006	-301.65002	100.0	39 h 45 min 40 sec
12050	-237.24000701755284	100.0	-189.87003	55.952915	-91.00001	-310.5	100.0	39 h 50 min 34 sec
12100	-219.70500644408168	100.0	-198.369	52.2226	-78.450005	-289.30002	100.0	39 h 55 min 27 sec
12150	-230.14000631421806	100.0	-210.149	86.839134	-75.350006	-454.50003	100.0	40 h 0 min 14 sec
12200	-182.0050062607974	100.0	-176.77704	63.94705	-51.150005	-291.05002	100.0	40 h 5 min 12 sec
12250	-212.05500745922328	100.0	-182.453	78.64818	-10.550008	-437.25003	100.0	40 h 10 min 8 sec
12300	-207.99000713042915	100.0	-209.487	64.496315	-48.150005	-371.25	100.0	40 h 14 min 59 sec
12350	-199.23000689297913	100.0	-210.982	58.863766	-82.3	-350.05002	100.0	40 h 19 min 55 sec
12400	-173.67000693827868	100.0	-181.61699	52.841743	20.449993	-263.05002	100.0	40 h 24 min 54 sec
12450	-212.89500783979892	100.0	-184.973	63.51434	-26.950006	-341.1	100.0	40 h 29 min 55 sec
12500	-253.87500693313777	100.0	-174.029	48.83642	-68.65	-280.15002	100.0	40 h 34 min 59 sec
12550	-125.92500618584454	100.0	-190.55302	76.7942	-24.150005	-404.5	100.0	40 h 39 min 54 sec
12600	-218.36500741392373	100.0	-169.66801	58.15769	-11.900006	-276.30002	100.0	40 h 44 min 51 sec
12650	-204.86500612944366	100.0	-167.649	45.65161	-63.150005	-263.65	100.0	40 h 49 min 32 sec
12700	-207.4000068463385	100.0	-174.902	56.618694	-20.950006	-288.25	100.0	40 h 54 min 23 sec
12750	-216.73500769212842	100.0	-169.36502	55.844875	-56.050007	-322.15	100.0	40 h 59 min 18 sec
12800	-174.56000600904227	100.0	-170.512	53.54323	-31.050005	-282.0	100.0	41 h 4 min 11 sec
12850	-252.44500673748553	100.0	-177.44301	55.047142	10.949993	-271.30002	100.0	41 h 9 min 7 sec
12900	-215.20500593036414	100.0	-167.331	62.82001	-28.850006	-351.75	100.0	41 h 14 min 1 sec
12950	-178.7100059311837	100.0	-165.01201	55.319313	-26.400005	-282.45	100.0	41 h 18 min 51 sec
13000	-233.15000652223824	100.0	-153.917	71.897835	78.34999	-334.40002	100.0	41 h 23 min 47 sec
13050	-180.83000575900078	100.0	-201.84799	93.17983	-34.20001	-429.95	100.0	41 h 28 min 31 sec
13100	-201.0400070812553	100.0	-150.839	47.457836	-38.300007	-268.85	100.0	41 h 33 min 25 sec
13150	-165.3050062853843	100.0	-182.75201	91.629616	43.199993	-414.85	100.0	41 h 38 min 12 sec
13200	-193.18500625155866	100.0	-170.166	77.189926	-7.0000052	-425.25003	100.0	41 h 43 min 4 sec
13250	-230.20500671826304	100.0	-167.37602	54.418964	-16.350004	-272.7	100.0	41 h 48 min 1 sec
13300	-202.65000747330487	100.0	-186.55699	65.51147	-40.250008	-434.00003	100.0	41 h 52 min 58 sec
13350	-184.05000624097883	100.0	-167.634	54.79915	-34.000004	-327.2	100.0	41 h 57 min 40 sec
13400	-208.26500578187407	100.0	-200.25	63.690063	-26.200006	-337.40002	100.0	42 h 2 min 31 sec
13450	-221.1500070568174	100.0	-180.919	72.28904	-35.650005	-441.95	100.0	42 h 7 min 29 sec
13500	-154.17500578947366	100.0	-189.69202	70.41598	26.149994	-347.45	100.0	42 h 12 min 22 sec
13550	-255.44001120403408	100.0	-165.57301	51.44482	-31.450006	-313.0	100.0	42 h 17 min 14 sec
13600	-186.5150060851127	100.0	-173.50201	55.32512	-43.350006	-292.05002	100.0	42 h 22 min 8 sec
13650	-231.19500723183154	100.0	-198.884	46.206104	-101.850006	-304.7	100.0	42 h 27 min 5 sec
13700	-139.81500641591848	100.0	-155.36302	60.98103	-14.450006	-312.95	100.0	42 h 31 min 59 sec
13750	-192.5000060901046	100.0	-168.61201	65.71863	24.549995	-281.6	100.0	42 h 36 min 55 sec
13800	-150.515006839484	100.0	-159.662	75.32047	-23.950006	-363.40002	100.0	42 h 41 min 44 sec
13850	-97.76500616967678	100.0	-174.43602	62.14674	-31.100006	-309.30002	100.0	42 h 46 min 29 sec
13900	-187.06000843420625	100.0	-155.488	53.21154	-21.700005	-268.45	100.0	42 h 51 min 21 sec
13950	-221.35500647500157	100.0	-187.761	83.46199	-54.300007	-478.25003	100.0	42 h 56 min 16 sec
14000	-219.58500615134835	100.0	-158.224	72.079185	49.349995	-324.6	100.0	43 h 1 min 5 sec
14050	-227.88500612862407	100.0	-178.61899	58.711678	-30.950005	-287.5	100.0	43 h 5 min 57 sec
14100	-218.82501016110183	100.0	-175.08803	52.428513	-31.750008	-255.65001	100.0	43 h 10 min 50 sec
14150	-164.13000644817947	100.0	-149.453	60.06932	-30.550007	-244.55	100.0	43 h 15 min 37 sec
14200	-207.3100060183555	100.0	-184.16202	64.45632	-39.700005	-308.7	100.0	43 h 20 min 35 sec
14250	-260.3350061926991	100.0	-183.57204	61.01236	9.7999935	-277.4	100.0	43 h 25 min 36 sec
14300	-177.69500620625914	100.0	-175.09601	73.41389	-21.650005	-396.0	100.0	43 h 30 min 30 sec
14350	-185.37000761292876	100.0	-186.32199	53.382133	-30.900005	-317.40002	100.0	43 h 35 min 25 sec
14400	-171.61000654399396	100.0	-182.34698	53.148846	-65.75001	-289.0	100.0	43 h 40 min 19 sec
14450	-297.170009444654	100.0	-159.89401	58.936333	-10.700006	-265.9	100.0	43 h 45 min 9 sec
14500	-217.95500662475825	100.0	-195.77701	78.60537	-10.500007	-430.50003	100.0	43 h 50 min 2 sec
14550	-158.8750066626817	100.0	-176.75203	79.22959	-23.450006	-415.75003	100.0	43 h 54 min 51 sec
14600	-232.53000647500158	100.0	-199.138	61.93672	-58.550007	-399.35	100.0	43 h 59 min 38 sec
14650	-183.09000551402568	100.0	-206.785	77.43818	-46.450005	-389.2	100.0	44 h 4 min 24 sec
14700	-221.04500716365874	100.0	-186.99301	61.75919	36.29999	-289.30002	100.0	44 h 9 min 26 sec
14750	-218.9550059609115	100.0	-215.372	60.270382	-43.300003	-393.1	100.0	44 h 14 min 18 sec
14800	-243.98500618711114	100.0	-188.72403	55.250786	-66.05	-297.25	100.0	44 h 19 min 17 sec
14850	-263.1750064827502	100.0	-196.866	48.945755	-61.950005	-283.80002	100.0	44 h 24 min 10 sec
14900	-226.32500648014246	100.0	-192.585	68.20217	-54.800007	-360.5	100.0	44 h 29 min 8 sec
14950	-215.22000686749817	100.0	-186.09401	57.92023	-65.950005	-285.9	100.0	44 h 34 min 4 sec
15000	-223.10500666052104	100.0	-168.63602	58.347843	-45.250004	-289.05002	100.0	44 h 39 min 4 sec
