Epoch	AverageEpRet	StdEpRet	MaxEpRet	MinEpRet	EpLen	TotalEnvInteracts	LossPi	LossV	DeltaLossPi	DeltaLossV	Entropy	KL	ClipFrac	StopIter	Time
0	-112.060425	7.5293527	-94.15	-133.15001	80.0	120000	6.146729e-08	2.8230474	-0.005290378	-2.0141883	3.4896314	0.0081288805	0.024758333	49.0	21.67423963546753
1	-110.65612	6.975816	-92.75	-129.6	80.0	240000	-1.2572855e-08	0.8871521	-0.0058195135	-0.011599459	3.4797108	0.007990135	0.027991667	49.0	43.424858808517456
2	-109.078125	6.60724	-86.6	-122.3	80.0	360000	-1.792796e-08	0.9478164	-0.00616583	-0.0055536553	3.4701185	0.008675713	0.036808334	49.0	64.28112268447876
3	-108.15613	7.1559706	-91.3	-122.15	80.0	480000	2.2118911e-09	0.93412364	-0.0059460597	-0.0049597323	3.4529285	0.008129429	0.030225	49.0	85.21849417686462
4	-103.95785	7.4443774	-81.25	-117.25	80.0	600000	-1.4901161e-08	0.9307635	-0.0062418645	-0.007468894	3.4395323	0.00838504	0.041500002	49.0	106.16569328308105
5	-101.055885	8.095512	-81.05	-120.05	80.0	720000	-6.9849193e-09	1.0594515	-0.0064789625	-0.0052277297	3.425508	0.0076140463	0.041725002	49.0	127.21316075325012
6	-100.09601	9.146894	-70.5	-119.4	80.0	840000	-3.958121e-09	1.0414734	-0.0067356033	-0.00572671	3.3971467	0.0076162033	0.047333334	49.0	147.7632966041565
7	-95.52358	9.093485	-78.65	-118.55	80.0	960000	-9.778887e-09	1.2781174	-0.0066084815	-0.014456049	3.3683581	0.0074194763	0.048116665	49.0	168.36748337745667
8	-89.479095	11.172774	-46.100002	-109.450005	80.0	1080000	-1.071021e-08	1.5324922	-0.007673625	-0.016781941	3.3368745	0.008059225	0.053941667	49.0	188.99933052062988
9	-83.68392	13.935111	-54.55	-109.200005	80.0	1200000	7.450581e-09	1.784317	-0.0069111586	-0.012634024	3.289682	0.0068364884	0.048483334	49.0	209.69769644737244
10	-76.14821	16.00165	-37.95	-102.3	80.0	1320000	5.5879354e-09	2.2806602	-0.0075632944	-0.023472592	3.2468486	0.008086555	0.056833334	49.0	230.48437881469727
11	-68.29911	16.738743	-39.350002	-103.65	80.0	1440000	-7.450581e-09	3.2981744	-0.0071532456	-0.04211223	3.1858912	0.008073434	0.05403333	49.0	251.17234349250793
12	-55.38393	29.874779	20.15	-111.450005	80.0	1560000	-4.656613e-09	4.4052997	-0.0077344542	-0.040196523	3.1123652	0.008365056	0.06648333	49.0	271.99904346466064
13	-45.86607	23.574682	15.95	-99.8	80.0	1680000	-7.450581e-09	6.9637184	-0.0070566745	-0.15304941	3.0408645	0.008002883	0.059100002	49.0	292.94171166419983
14	-38.7819	37.42914	72.9	-100.0	80.0	1800000	-2.7939677e-09	7.34074	-0.0062133474	-0.06421387	2.9748955	0.008300785	0.053116664	49.0	314.010511636734
15	-36.980354	32.18129	31.8	-104.9	80.0	1920000	-3.7252903e-09	8.312675	-0.0063723167	-0.083141744	2.9072247	0.008031143	0.054508336	49.0	334.8968605995178
16	-22.321428	35.931625	61.6	-96.65	80.0	2040000	1.3969839e-09	8.636839	-0.006220063	-0.12940884	2.8273587	0.007716464	0.06429166	49.0	355.5443115234375
17	-14.286208	37.71517	63.399998	-90.3	80.0	2160000	8.381903e-09	10.505896	-0.0059949197	-0.14539796	2.7499657	0.008025894	0.06055	49.0	376.42127656936646
18	-15.45893	40.322365	115.05	-75.4	80.0	2280000	4.656613e-09	8.536007	-0.006106125	-0.14206666	2.6940901	0.008011321	0.058083333	49.0	397.19207525253296
19	-4.9526796	43.795124	121.35	-82.25	80.0	2400000	-3.7252903e-09	10.112792	-0.0061616367	-0.13446218	2.6192832	0.0086009335	0.06651667	49.0	417.942510843277
20	-6.8377204	43.120457	90.55	-86.950005	80.0	2520000	1.8626451e-09	11.9639635	-0.005406798	-0.15520167	2.5348525	0.0087116975	0.06464166	49.0	438.75909662246704
21	3.3071415	45.140987	131.09999	-108.200005	80.0	2640000	1.8626451e-09	10.911612	-0.005431072	-0.10961974	2.4649086	0.0076162275	0.054825	49.0	459.5863094329834
22	20.128944	52.663937	139.59999	-67.05	80.0	2760000	2.3283064e-09	13.01499	-0.0053655	-0.1874035	2.3683596	0.0075693773	0.048366666	49.0	480.5345494747162
23	11.942856	54.69074	160.45	-89.75	80.0	2880000	0.0	11.404456	-0.005253978	-0.14425325	2.278569	0.0067606135	0.0466	49.0	501.4159948825836
24	28.511606	46.21751	147.9	-58.15	80.0	3000000	-9.313226e-10	12.246883	-0.005456385	-0.17228496	2.1955628	0.0066586323	0.053333335	49.0	522.4616589546204
25	41.20714	58.288902	210.2	-90.15	80.0	3120000	-9.313226e-10	13.799017	-0.0052373046	-0.17508101	2.1353703	0.005776978	0.037408333	49.0	543.4364261627197
26	53.35893	65.90005	257.45	-72.700005	80.0	3240000	-7.450581e-09	14.759412	-0.0056799715	-0.14307839	2.0801523	0.005900817	0.048258334	49.0	564.3917779922485
27	52.380352	53.95929	176.09999	-68.75	80.0	3360000	2.7939677e-09	13.285015	-0.004715179	-0.17316699	2.0008323	0.00545944	0.04039167	49.0	585.364084482193
28	82.04197	59.105644	260.5	-82.200005	80.0	3480000	0.0	18.567114	-0.0048713568	-0.44766092	1.9435164	0.006426201	0.045241665	49.0	606.3045856952667
29	77.7875	65.621956	211.59999	-52.75	80.0	3600000	9.313226e-09	15.831864	-0.005153753	-0.2422638	1.8755283	0.0056322166	0.045508333	49.0	627.2628428936005
30	84.22231	58.730545	211.34999	-27.000002	80.0	3720000	-1.5366822e-08	15.406913	-0.0048151426	-0.22533178	1.8160503	0.004920465	0.03345	49.0	648.2339835166931
31	85.94553	52.165287	194.09999	-51.550003	80.0	3840000	-4.656613e-09	13.843748	-0.0050164727	-0.20486015	1.7953806	0.0057171127	0.044316664	49.0	669.1780452728271
32	86.325005	59.002293	231.4	-54.350002	80.0	3960000	4.656613e-09	14.285279	-0.004847938	-0.23475635	1.7047591	0.005360709	0.037641667	49.0	690.2048587799072
33	117.466965	74.99081	260.75	-72.4	80.0	4080000	3.7252903e-09	17.550907	-0.0046972614	-0.3263229	1.7175667	0.005808166	0.042516664	49.0	711.191276550293
34	105.49545	66.43488	270.6	-11.350001	80.0	4200000	3.0267984e-09	15.652712	-0.0052111447	-0.21454382	1.6433322	0.0055685043	0.03993333	49.0	732.2680258750916
35	132.12231	69.86113	248.45	-67.05	80.0	4320000	-1.3969839e-09	18.636047	-0.0046341512	-0.34432185	1.6398542	0.004602677	0.035916667	49.0	753.3092894554138
36	104.35357	82.83201	268.6	-55.350002	80.0	4440000	7.450581e-09	17.989094	-0.004704536	-0.29434192	1.5873084	0.0041239373	0.031833336	49.0	774.3768026828766
37	139.66249	79.0494	305.85	-39.2	80.0	4560000	-1.8626451e-09	17.648579	-0.0049974434	-0.31927633	1.5721133	0.004729231	0.03330833	49.0	795.5451204776764
38	138.90714	70.97755	325.75	-38.45	80.0	4680000	-2.7939677e-09	19.188454	-0.0051298896	-0.36505502	1.5280995	0.00429645	0.035516664	49.0	816.7520084381104
39	147.91518	74.827484	305.25	-15.550002	80.0	4800000	1.3969839e-09	16.464554	-0.0050591193	-0.36831152	1.5236489	0.0046044136	0.036483333	49.0	837.7978155612946
40	168.34999	79.50245	365.1	-2.2500024	80.0	4920000	-1.3969839e-09	16.933811	-0.004912701	-0.35115695	1.496629	0.0036191423	0.026583334	49.0	858.9460115432739
41	163.10454	62.294117	343.6	33.949997	80.0	5040000	2.7939677e-09	17.878881	-0.005254144	-0.35075808	1.4554827	0.005086489	0.03605	49.0	879.8381049633026
42	174.13393	85.9007	323.9	-78.65	80.0	5160000	4.656613e-09	18.179852	-0.004827951	-0.34839702	1.4437227	0.004964078	0.032708332	49.0	901.059965133667
43	189.62962	71.45803	331.5	-17.45	80.0	5280000	6.519258e-09	17.442953	-0.004941892	-0.44478786	1.4214292	0.0044638542	0.028966667	49.0	922.5327503681183
44	177.61339	82.57165	374.1	-14.000002	80.0	5400000	-6.868504e-09	18.157682	-0.0050941696	-0.37094522	1.384507	0.0042750584	0.031908333	49.0	943.7371211051941
45	201.11636	87.22626	375.35	6.599998	80.0	5520000	1.8626451e-09	19.286945	-0.00534641	-0.48134398	1.3745416	0.0046822196	0.034358334	49.0	964.9868421554565
46	218.98701	81.19533	367.75	41.449997	80.0	5640000	2.7939677e-09	18.931051	-0.0047038863	-0.36805654	1.386613	0.0038733357	0.03269167	49.0	986.2918217182159
47	225.80392	102.96667	365.6	-54.4	80.0	5760000	-1.8626451e-09	22.77795	-0.005043758	-0.7205918	1.3484073	0.0043191607	0.03486667	49.0	1007.4071938991547
48	251.34166	77.7591	403.7	108.7	80.0	5880000	-9.313226e-10	18.32738	-0.004906268	-0.4798057	1.3511193	0.0041996976	0.025925001	49.0	1028.5502381324768
49	253.67789	68.3066	375.15	83.25	80.0	6000000	0.0	21.915377	-0.005240815	-0.5026469	1.3217683	0.004336099	0.035058334	49.0	1049.6397359371185
50	250.79019	89.93607	369.65	8.799999	80.0	6120000	7.3341653e-09	19.956348	-0.0050168396	-0.42244422	1.3140104	0.003735633	0.031433333	49.0	1070.7959697246552
51	258.61508	78.70711	380.15	-4.0000014	80.0	6240000	-3.608875e-09	15.68626	-0.0050945412	-0.6571826	1.2915596	0.0039736507	0.032491665	49.0	1091.9801137447357
52	268.29623	90.7401	405.6	6.2999997	80.0	6360000	-5.5879354e-09	17.290096	-0.0050320406	-0.42420053	1.285444	0.0041481503	0.029283334	49.0	1113.1377665996552
53	298.52145	75.491776	392.75	103.45	80.0	6480000	-4.1909516e-09	19.776611	-0.0056620734	-0.6675396	1.3096509	0.0046249484	0.036941666	49.0	1134.1806769371033
54	281.43124	99.78917	409.45	10.4	80.0	6600000	6.519258e-09	18.127201	-0.0050787125	-0.45473278	1.2610357	0.0041183983	0.03350833	49.0	1155.3031754493713
55	305.42398	70.88201	397.7	111.6	80.0	6720000	-5.5879354e-09	18.910458	-0.0050508585	-0.4799273	1.279463	0.0042553693	0.029558334	49.0	1176.3725397586823
56	310.90518	80.74424	399.85	84.75	80.0	6840000	4.656613e-09	14.202185	-0.0051351334	-0.38917863	1.2578567	0.0037549178	0.028191667	49.0	1197.3950090408325
57	336.64584	68.35033	413.2	94.1	80.0	6960000	9.313226e-10	16.427431	-0.0053665275	-0.46214497	1.2649118	0.0036935867	0.032383334	49.0	1218.110538482666
58	322.53925	75.82421	411.4	126.9	80.0	7080000	9.313226e-10	18.094969	-0.0050657513	-0.3428862	1.2120669	0.0030575385	0.0261	49.0	1238.929176568985
59	328.554	75.04209	417.45	125.7	80.0	7200000	7.916242e-09	14.2987795	-0.0045705917	-0.34555125	1.203662	0.0032301017	0.026658334	49.0	1259.8842496871948
60	356.79593	57.156555	419.2	168.9	80.0	7320000	8.381903e-09	13.91436	-0.0048872344	-0.33678365	1.2408633	0.0036616237	0.027141668	49.0	1280.8871204853058
61	366.84897	47.43154	411.8	183.8	80.0	7440000	5.5879354e-09	13.102917	-0.005100984	-0.24446279	1.2488284	0.0038631966	0.03255	49.0	1301.788856267929
62	354.4979	65.58898	417.7	153.45	80.0	7560000	6.9849193e-10	14.675988	-0.0050926143	-0.27522707	1.1738107	0.0039845547	0.025975	49.0	1322.7617049217224
63	344.84482	76.593704	423.1	118.1	80.0	7680000	8.8475645e-09	12.994595	-0.004986181	-0.31486034	1.1505957	0.0036305732	0.026683334	49.0	1343.7593986988068
64	335.01248	81.33284	416.45	28.849998	80.0	7800000	-1.8626451e-09	13.132193	-0.0046953284	-0.24384147	1.1285421	0.0034320601	0.02795	49.0	1364.6684594154358
65	378.58853	45.518917	424.25	185.7	80.0	7920000	6.9849193e-09	11.170618	-0.0049433354	-0.44458753	1.1610941	0.0037480602	0.027416667	49.0	1385.6100656986237
66	377.23853	51.45276	426.9	183.8	80.0	8040000	-9.313226e-10	13.306345	-0.0050433893	-0.2879551	1.1361828	0.0039671455	0.031291664	49.0	1406.532922744751
67	377.4646	60.166668	425.75	90.45	80.0	8160000	7.450581e-09	11.171988	-0.004730304	-0.32815737	1.1458975	0.0033581383	0.025508333	49.0	1427.4474506378174
68	367.57812	65.77055	419.2	132.25	80.0	8280000	7.450581e-09	11.119718	-0.0048016747	-0.2658502	1.0927507	0.0044438303	0.032833334	49.0	1448.3014252185822
69	385.14362	46.844948	426.4	204.95	80.0	8400000	4.8894435e-09	8.463298	-0.005086395	-0.3473525	1.1510501	0.0036645355	0.0271	49.0	1469.1837697029114
70	388.56143	48.628967	421.25	173.4	80.0	8520000	-1.0244548e-08	10.8458805	-0.005103276	-0.23743165	1.1011201	0.0038943307	0.03135833	49.0	1490.2946121692657
71	389.9458	43.120026	420.9	203.05	80.0	8640000	3.7252903e-09	11.528446	-0.004775565	-0.2120189	1.0526276	0.0034449152	0.025191668	49.0	1511.338181734085
72	399.13232	28.195454	424.1	266.05	80.0	8760000	9.662472e-09	7.79216	-0.0049996837	-0.34376526	1.1145406	0.0037213913	0.029008333	49.0	1532.441115140915
73	386.34583	56.25237	421.35	137.15	80.0	8880000	1.8626451e-09	8.381693	-0.0045442344	-0.24012834	1.0763416	0.0033201512	0.02425	49.0	1553.430725812912
74	387.51877	44.723858	427.45	175.6	80.0	9000000	0.0	8.221021	-0.0044589527	-0.17352796	1.0917382	0.0035638474	0.0225	49.0	1574.4341897964478
75	397.03958	40.591812	426.85	159.0	80.0	9120000	1.8626451e-09	7.631674	-0.004973432	-0.15169716	1.058922	0.0035232017	0.028666668	49.0	1595.429366350174
76	389.56357	54.31776	421.25	156.09999	80.0	9240000	1.8626451e-09	7.1736383	-0.004659987	-0.15486193	1.0828207	0.003422041	0.0252	49.0	1616.459888458252
77	407.3978	10.381178	427.6	372.05	80.0	9360000	-1.8626451e-09	7.0698156	-0.004848031	-0.17911035	1.0814574	0.0039032318	0.033275	49.0	1637.5147569179535
78	403.28854	26.712414	427.4	265.45	80.0	9480000	-3.259629e-09	7.6189804	-0.004883843	-0.14880621	1.0328234	0.0037812865	0.030116668	49.0	1658.4973185062408
79	404.8229	33.756012	434.75	187.25	80.0	9600000	9.313226e-10	6.124779	-0.004676696	-0.16164327	1.0494673	0.0033868244	0.023716666	49.0	1679.4003510475159
80	401.95728	34.370865	435.25	254.0	80.0	9720000	2.7939677e-09	7.0731115	-0.004568978	-0.1589374	1.0071824	0.0034004236	0.024608333	49.0	1700.2379841804504
81	407.42395	26.029291	431.15	262.95	80.0	9840000	-1.8626451e-09	5.3459845	-0.0043259333	-0.16779315	1.0181941	0.0037480753	0.024491668	49.0	1721.057828426361
82	398.1298	43.007393	435.7	169.09999	80.0	9960000	-8.381903e-09	7.5867243	-0.0044586333	-0.214405	1.0388536	0.0031032884	0.023991667	49.0	1741.8786823749542
83	410.85214	9.432684	430.35	390.25	80.0	10080000	3.4924597e-10	5.148546	-0.0043483535	-0.1758877	1.0017762	0.0034019286	0.02535	49.0	1762.629471540451
84	405.32498	24.197527	432.85	297.85	80.0	10200000	-2.7939677e-09	5.911159	-0.00481748	-0.14265877	1.0366353	0.003959223	0.030216668	49.0	1783.338709115982
85	405.24887	38.806023	428.2	171.4	80.0	10320000	3.7252903e-09	5.405814	-0.0041204677	-0.14125627	1.0141699	0.0033099381	0.022675	49.0	1804.1778874397278
86	405.13776	31.730846	434.05	214.0	80.0	10440000	0.0	4.7547636	-0.00436832	-0.12192905	1.0383258	0.0031792861	0.025708333	49.0	1825.1004920005798
87	409.6989	21.136044	431.55	277.4	80.0	10560000	2.7939677e-09	5.1744847	-0.004177546	-0.10241145	1.0104442	0.0031134123	0.024141667	49.0	1845.892606973648
88	411.39392	11.911649	434.25	368.6	80.0	10680000	2.3283064e-10	4.2696667	-0.004364058	-0.09756383	1.0204089	0.003607424	0.030341666	49.0	1866.7903225421906
89	404.0738	36.091904	433.45	189.3	80.0	10800000	2.7939677e-09	4.0629363	-0.0046308655	-0.12485123	1.0296805	0.0032135944	0.027883332	49.0	1887.7170414924622
90	409.9727	10.38917	430.0	376.7	80.0	10920000	-1.1641532e-09	3.899074	-0.004731035	-0.096894145	1.0346196	0.0037588472	0.031458333	49.0	1908.5512368679047
91	404.47195	27.775215	429.6	244.05	80.0	11040000	0.0	3.7853055	-0.0043241074	-0.08932197	1.0061933	0.0036091371	0.025716666	49.0	1929.2774784564972
92	405.38837	24.34302	434.05	284.2	80.0	11160000	-2.3283064e-10	4.012215	-0.004348217	-0.08303952	1.0080905	0.0030292072	0.026516667	49.0	1950.241627216339
93	397.05	39.138798	440.5	226.75	80.0	11280000	-8.381903e-09	4.6456513	-0.003804007	-0.11517456	1.0315459	0.0031680302	0.023925	49.0	1971.1389513015747
94	396.8439	50.936657	433.0	113.4	80.0	11400000	2.3283064e-09	4.0432053	-0.00435973	-0.13840318	0.98256606	0.003934261	0.026658334	49.0	1992.099464893341
95	405.81223	15.204889	430.25	355.85	80.0	11520000	-2.7939677e-09	5.108697	-0.0042197267	-0.16477287	1.019333	0.00369525	0.027808335	49.0	2013.1050555706024
96	394.58124	36.678886	423.5	208.15	80.0	11640000	4.656613e-09	4.2660027	-0.003925506	-0.14936185	1.0555143	0.0031555155	0.024991665	49.0	2033.9603464603424
97	400.91122	33.69085	432.9	208.1	80.0	11760000	8.381903e-09	3.4858456	-0.003870959	-0.122684	1.0394635	0.0033952044	0.025716666	49.0	2054.827160358429
98	405.96747	12.085279	432.85	375.8	80.0	11880000	4.0163286e-09	4.004736	-0.0037976573	-0.09206018	1.0283848	0.00313374	0.024100002	49.0	2075.6137504577637
99	402.69122	14.750318	423.9	361.95	80.0	12000000	1.1641532e-10	3.511917	-0.0040665907	-0.082473725	1.0857399	0.0037727961	0.027741667	49.0	2096.36988902092
100	393.46466	40.92504	429.65	183.2	80.0	12120000	-3.7252903e-09	4.232182	-0.0041349037	-0.14685383	1.0022916	0.003586525	0.030591667	49.0	2117.156191110611
101	397.03375	24.858454	424.75	267.7	80.0	12240000	-2.7939677e-09	4.637687	-0.0039210944	-0.1560218	1.0760231	0.0034817215	0.028225001	49.0	2138.056375026703
102	398.7175	17.404287	425.45	326.1	80.0	12360000	5.5879354e-09	3.5403032	-0.004086769	-0.14158237	1.0682389	0.0035293812	0.028191667	49.0	2158.872008085251
103	398.1625	23.903461	420.4	263.9	80.0	12480000	-3.259629e-09	3.246162	-0.003768473	-0.0733054	1.0550818	0.0038650176	0.025933335	49.0	2179.7518095970154
104	397.2425	14.309134	424.35	373.65	80.0	12600000	-4.656613e-09	3.1385765	-0.003744366	-0.090042084	1.105516	0.0034135627	0.026066665	49.0	2200.633369207382
105	396.03125	34.823814	423.0	194.84999	80.0	12720000	8.381903e-09	3.4608545	-0.0037112795	-0.101422906	1.0657048	0.0032125395	0.022716668	49.0	2221.5408325195312
106	397.46503	17.378302	427.15	328.05	80.0	12840000	-2.6775524e-09	3.1494617	-0.0037949195	-0.06749931	1.1043277	0.0036033439	0.024483334	49.0	2242.494838476181
107	395.34625	11.665809	422.0	379.4	80.0	12960000	-1.8626451e-09	3.6499834	-0.0038746838	-0.07738739	1.1542706	0.00363122	0.0245	49.0	2263.4437766075134
108	391.88373	24.537004	415.3	249.95	80.0	13080000	7.450581e-09	3.1725671	-0.004181879	-0.09363404	1.1535778	0.003915335	0.030875	49.0	2284.273943901062
109	397.305	11.542311	418.1	382.0	80.0	13200000	2.561137e-09	2.9486942	-0.0038301875	-0.06732291	1.1679252	0.004018309	0.026058335	49.0	2305.1528515815735
110	394.87003	11.211703	425.35	373.44998	80.0	13320000	-7.683411e-09	3.0269115	-0.004199164	-0.05845669	1.2057899	0.0036000847	0.02975	49.0	2326.051737546921
111	390.29742	33.078728	422.8	197.34999	80.0	13440000	-6.9849193e-09	3.4595857	-0.0040908866	-0.12062517	1.2372792	0.0040895087	0.030858334	49.0	2346.930404186249
112	390.79617	25.504328	420.0	244.55	80.0	13560000	2.0954758e-09	3.2162828	-0.0039214874	-0.101231515	1.2325644	0.0042462917	0.027766667	49.0	2371.0903680324554
113	396.3716	10.006935	418.45	385.4	80.0	13680000	4.656613e-09	2.9771898	-0.0039426885	-0.07050398	1.2234802	0.0037296016	0.025641667	49.0	2395.640788078308
114	395.55	9.847292	421.6	379.8	80.0	13800000	1.3969839e-09	3.1471066	-0.0037916661	-0.07023105	1.2434555	0.0036049853	0.026774999	49.0	2420.123042345047
115	395.73242	7.9784102	420.1	387.9	80.0	13920000	-6.519258e-09	2.8796897	-0.004013128	-0.07215324	1.2944349	0.00421144	0.025383333	49.0	2444.50239777565
116	394.12143	5.6170197	414.15	388.8	80.0	14040000	9.313226e-10	2.7116222	-0.00398364	-0.059033334	1.3090614	0.00394447	0.030408334	49.0	2468.643675804138
117	392.5622	19.97315	420.0	283.8	80.0	14160000	3.7252903e-09	2.8564134	-0.0041176286	-0.081569195	1.241333	0.003783599	0.027516667	49.0	2493.016402244568
118	386.35263	48.495068	417.8	105.4	80.0	14280000	-1.8626451e-09	3.359963	-0.0038030571	-0.19535768	1.2831063	0.003397998	0.02415	49.0	2517.2348675727844
119	395.80295	4.2076254	408.0	391.4	80.0	14400000	-2.7939677e-09	2.6940193	-0.0038494882	-0.12374827	1.3316021	0.0044432445	0.027408333	49.0	2541.395235300064
120	398.50287	6.8023925	429.0	392.6	80.0	14520000	-1.8626451e-09	2.6947188	-0.0041310266	-0.054556042	1.2810307	0.0039240248	0.028775	49.0	2565.71232008934
121	396.8157	4.5964375	412.2	390.7	80.0	14640000	3.0267984e-09	2.6213737	-0.0037179368	-0.049898893	1.3037721	0.0038344418	0.028058333	49.0	2590.141381263733
122	398.70572	6.883901	428.3	391.1	80.0	14760000	-2.6775524e-09	2.7526958	-0.0040059993	-0.047641873	1.2591717	0.003639509	0.025016667	49.0	2614.686886072159
123	397.9794	5.577767	423.9	394.1	80.0	14880000	6.519258e-09	2.673417	-0.003771521	-0.04506761	1.3125145	0.003438883	0.024333332	49.0	2639.121468782425
124	399.6056	5.026204	418.05	395.5	80.0	15000000	-6.7520887e-09	2.4750092	-0.0037972345	-0.04470989	1.2829007	0.0036483621	0.026	49.0	2663.6027534008026
125	399.75882	5.08859	420.0	391.1	80.0	15120000	-5.820766e-09	2.5916286	-0.0037197676	-0.04991585	1.2771108	0.0036560283	0.023449998	49.0	2688.1665165424347
126	398.49707	2.7732136	408.8	394.3	80.0	15240000	3.4924597e-09	2.5347884	-0.0033740823	-0.05661267	1.2938377	0.0034659035	0.022008333	49.0	2712.7888989448547
127	399.71213	2.4058037	409.85	396.7	80.0	15360000	-5.820766e-10	2.5684786	-0.003667483	-0.046147883	1.3155977	0.003422724	0.024016667	49.0	2737.1263358592987
128	399.69696	2.4753609	407.9	396.2	80.0	15480000	-3.259629e-09	2.4640796	-0.0037740655	-0.053211004	1.284481	0.003707255	0.025216667	49.0	2761.5590827465057
129	400.6703	1.9757458	408.5	397.2	80.0	15600000	-2.910383e-09	2.4678543	-0.0038058795	-0.046070546	1.3042015	0.0038540445	0.026058335	49.0	2785.8164875507355
130	401.13126	2.7391198	409.2	397.3	80.0	15720000	-2.0954758e-09	2.5552564	-0.0037401058	-0.04998082	1.2910793	0.0037688862	0.026841667	49.0	2809.9567091464996
131	397.5212	17.465702	404.7	299.3	80.0	15840000	3.7252903e-09	2.4773176	-0.003501533	-0.052410692	1.2748709	0.003929383	0.025558334	49.0	2834.064410686493
132	402.10782	2.8389614	413.65	397.4	80.0	15960000	-4.307367e-09	2.6405737	-0.0034958476	-0.057255387	1.2737062	0.0038534466	0.024191666	49.0	2858.1501290798187
133	401.98184	3.7077706	419.2	396.4	80.0	16080000	6.2864274e-09	2.5616937	-0.0036429847	-0.05136606	1.2591746	0.004017127	0.02725	49.0	2882.2790172100067
134	402.0125	2.4586565	405.95	394.1	80.0	16200000	-2.1536835e-09	2.50903	-0.0036202471	-0.045024544	1.2822882	0.0042192107	0.028983332	49.0	2906.5356533527374
135	403.52728	3.64667	417.2	398.7	80.0	16320000	9.313226e-10	2.5261755	-0.0037232446	-0.066536486	1.2427099	0.004085186	0.026508335	49.0	2930.9285769462585
136	403.65152	3.324686	412.05	395.7	80.0	16440000	-4.1909516e-09	2.5642285	-0.0036183042	-0.052333802	1.2488854	0.004221732	0.025125	49.0	2955.322765350342
137	405.45438	6.505547	434.7	392.3	80.0	16560000	6.7520887e-09	2.533441	-0.0035986272	-0.039802223	1.2209926	0.003985424	0.028116666	49.0	2979.9049389362335
138	405.5621	3.8461711	420.4	398.4	80.0	16680000	-5.5879354e-09	2.6066775	-0.003231814	-0.051612586	1.2370914	0.0033630114	0.01955	49.0	3004.3069047927856
139	405.65466	2.7761075	409.3	400.9	80.0	16800000	1.0040822e-09	2.5948958	-0.0037990827	-0.051582485	1.2324057	0.003935298	0.0272	49.0	3028.652717113495
140	406.7422	2.9510353	415.15	402.3	80.0	16920000	-1.0128133e-08	2.6460333	-0.003753154	-0.04357168	1.2183837	0.0044231485	0.028508333	49.0	3053.095175743103
141	407.75	3.0976045	416.75	401.4	80.0	17040000	-1.3969839e-09	2.6473076	-0.003660001	-0.0502041	1.2075192	0.0038204372	0.02895	49.0	3077.573278903961
142	408.09686	2.5558107	411.6	402.2	80.0	17160000	2.561137e-09	2.6629212	-0.0036706154	-0.037320495	1.2148917	0.003757976	0.027233332	49.0	3102.0318670272827
143	408.5453	2.0724144	415.75	403.4	80.0	17280000	6.344635e-09	2.5916147	-0.003651898	-0.050719112	1.1972885	0.00414867	0.028933333	49.0	3126.4342453479767
144	408.75	2.7742844	416.05	400.2	80.0	17400000	-4.627509e-09	2.6587086	-0.0035865046	-0.043059647	1.1799649	0.0037132627	0.025991667	49.0	3150.9553196430206
145	409.04266	3.3922095	424.6	402.4	80.0	17520000	-1.8626451e-09	2.68471	-0.0035094935	-0.054266125	1.1751981	0.004072668	0.025558334	49.0	3175.469996213913
146	409.65936	1.2211338	412.7	407.6	80.0	17640000	-3.3905962e-09	2.5651693	-0.0034661158	-0.056099355	1.1789724	0.0034875288	0.023858333	49.0	3199.959321975708
147	409.76874	1.5442313	412.7	405.1	80.0	17760000	1.8626451e-09	2.733176	-0.0034749382	-0.05478427	1.1769931	0.0036285387	0.025899999	49.0	3224.481593847275
148	401.63333	45.100204	414.0	146.59999	80.0	17880000	3.7252903e-09	3.4739807	-0.003249575	-0.23920095	1.1400272	0.003712627	0.02465	49.0	3248.953670501709
149	409.9953	1.0392599	412.1	407.8	80.0	18000000	-1.9208528e-09	2.6221757	-0.0032375413	-0.1070137	1.1590226	0.0046827123	0.026075002	49.0	3273.5189578533173
150	410.2516	1.132301	414.15	408.2	80.0	18120000	1.6298145e-09	2.7298026	-0.0031866953	-0.062791854	1.1366353	0.0034033656	0.021583334	49.0	3297.917757987976
151	410.91064	2.2039495	422.0	409.0	80.0	18240000	0.0	2.6010256	-0.0034345868	-0.049909532	1.1172218	0.0035764766	0.023025	49.0	3322.44832444191
152	410.85938	0.9604252	413.0	408.8	80.0	18360000	3.608875e-09	2.5761921	-0.003242535	-0.045327306	1.1270714	0.003760936	0.022166666	49.0	3346.9668395519257
153	410.81973	2.0852265	414.85	401.6	80.0	18480000	-1.1059456e-09	2.6542163	-0.0033640391	-0.0597696	1.1007843	0.0043189507	0.025583334	49.0	3371.109982252121
154	406.947	24.102135	413.5	270.7	80.0	18600000	-5.5879354e-09	2.6185322	-0.0029685479	-0.06548983	1.0910478	0.0033326044	0.021683333	49.0	3395.2544400691986
155	411.6953	0.8308854	413.5	409.9	80.0	18720000	-2.6484486e-09	2.4983332	-0.0030479105	-0.0473994	1.091897	0.003252832	0.0183	49.0	3419.3599932193756
156	411.35156	1.3940412	415.25	407.5	80.0	18840000	1.9208528e-09	2.5259852	-0.0030335132	-0.05089447	1.0753148	0.0030780025	0.0211	49.0	3443.533080101013
157	411.125	1.0647787	413.2	408.9	80.0	18960000	-1.7462298e-09	2.4122555	-0.0031607058	-0.045051724	1.0785167	0.0035787728	0.024633333	49.0	3467.6033239364624
158	411.8406	0.96787566	413.9	409.9	80.0	19080000	3.4924597e-10	2.4936528	-0.0030522624	-0.04867229	1.0751065	0.0033283606	0.020633332	49.0	3491.7013895511627
159	411.96875	1.1203878	414.3	409.6	80.0	19200000	6.9849193e-10	2.5145288	-0.0030932387	-0.055263996	1.0705476	0.0027732665	0.0185	49.0	3515.7908272743225
160	412.3797	0.98820025	414.1	409.9	80.0	19320000	-6.9849193e-10	2.430605	-0.003210703	-0.057406485	1.0729316	0.0035500121	0.021708334	49.0	3540.0053083896637
161	412.09686	1.2324333	415.05	409.9	80.0	19440000	-2.910383e-10	2.4346914	-0.002916648	-0.046147585	1.0643089	0.0032062521	0.01945	49.0	3564.413958787918
162	412.50153	2.1429412	421.7	407.7	80.0	19560000	-4.773028e-09	2.4962595	-0.003196473	-0.055090994	1.0585846	0.0032196455	0.023266666	49.0	3588.6814527511597
163	403.15152	52.017433	414.1	109.0	80.0	19680000	-3.7252903e-09	3.044363	-0.0030948035	-0.2442134	1.0402083	0.0032290942	0.023258334	49.0	3612.9425230026245
164	412.4682	2.018168	419.45	405.2	80.0	19800000	9.313226e-10	2.4527326	-0.0032214872	-0.09960294	1.0291661	0.0035381354	0.024208333	49.0	3636.96515750885
165	411.78125	1.5369294	414.4	406.3	80.0	19920000	4.5956767e-09	2.3397486	-0.0031207125	-0.052454144	1.0282255	0.0036977648	0.024375	49.0	3661.1052837371826
166	412.6803	2.9891186	427.65	406.1	80.0	20040000	2.0954758e-09	2.469474	-0.0032510436	-0.055470824	1.012118	0.0038032117	0.023725	49.0	3685.394163131714
167	412.5	1.5392781	415.3	405.5	80.0	20160000	-5.820766e-09	2.3595243	-0.0029497738	-0.05173044	1.0050402	0.018783089	0.027224999	46.0	3709.320748567581
168	413.1875	0.9194922	415.5	411.5	80.0	20280000	-4.656613e-10	2.2901235	-0.0030212826	-0.04683903	1.0390251	0.0036930158	0.022425	49.0	3733.4055256843567
169	413.15625	1.3418598	418.6	410.4	80.0	20400000	-1.4551915e-09	2.3381238	-0.0031413422	-0.057071686	1.0283757	0.0030909847	0.022525001	49.0	3757.380313873291
170	413.2697	2.7762508	427.0	408.4	80.0	20520000	2.0954758e-09	2.3815727	-0.0029633092	-0.057356328	1.01042	0.0030016643	0.020333335	49.0	3781.340253829956
171	413.53485	1.4330764	419.75	411.6	80.0	20640000	1.2805685e-08	2.4022956	-0.0029974163	-0.039245695	1.0026214	0.0030697635	0.022558333	49.0	3805.3962545394897
172	411.51324	14.773503	425.4	327.9	80.0	20760000	-3.0267984e-09	3.8925788	-0.0030619744	-0.23429152	0.9898995	0.0030781277	0.022941666	49.0	3829.5898010730743
173	410.8106	14.14296	416.6	331.1	80.0	20880000	2.6193447e-09	2.4789367	-0.0028125795	-0.11349428	0.9967711	0.003225937	0.019741666	49.0	3853.8522884845734
174	413.44696	0.92490405	415.4	411.5	80.0	21000000	-2.910383e-09	2.3804548	-0.0030951465	-0.050326034	0.98244953	0.003363194	0.020650001	49.0	3877.9113404750824
175	413.5197	2.7008393	427.25	410.9	80.0	21120000	6.9849193e-10	2.3262985	-0.0029984592	-0.075948656	0.989338	0.0032472815	0.023666667	49.0	3902.323822259903
176	413.21564	1.787477	415.2	406.4	80.0	21240000	-6.4028427e-10	2.2863626	-0.002789408	-0.048107654	0.9958397	0.003162311	0.021499999	49.0	3926.5405077934265
177	413.8703	0.73451257	415.8	412.05	80.0	21360000	1.1059456e-09	2.2722015	-0.0030174602	-0.054876506	0.9742174	0.0028627196	0.021716667	49.0	3950.6153745651245
178	414.2318	2.0500495	423.45	410.9	80.0	21480000	-4.1618478e-09	2.2989707	-0.0028846895	-0.0499264	0.9641036	0.0033085763	0.023208333	49.0	3974.729830980301
179	414.4015	2.4998376	426.6	408.35	80.0	21600000	7.450581e-09	2.2766578	-0.0027076087	-0.04600537	0.95187813	0.0027894625	0.019125	49.0	3999.0008974075317
180	414.1125	1.4423808	417.8	409.2	80.0	21720000	-4.307367e-09	2.2612267	-0.0029330435	-0.053177744	0.9718421	0.0034358199	0.023866666	49.0	4023.3876938819885
181	414.16666	2.467444	424.5	406.5	80.0	21840000	-2.73576e-09	2.3512943	-0.0029584353	-0.06568988	0.9576547	0.0029773894	0.0219	49.0	4047.742480278015
182	413.125	2.2238743	415.5	401.7	80.0	21960000	-3.0267984e-09	2.3371005	-0.0031213667	-0.05888918	0.95993465	0.0033679972	0.025108334	49.0	4072.0610790252686
183	413.73123	1.1579719	415.9	409.3	80.0	22080000	3.3760443e-09	2.1698813	-0.0029103153	-0.06371404	0.96302265	0.003069419	0.02315	49.0	4096.506912231445
184	414.1578	1.1826266	416.75	410.7	80.0	22200000	-3.3760443e-09	2.2639995	-0.002838529	-0.0662688	0.95445144	0.0029345294	0.02255	49.0	4120.827463388443
185	413.84998	0.8916282	415.4	412.3	80.0	22320000	-1.9790605e-09	2.326499	-0.0030646087	-0.06539598	0.955372	0.003204394	0.020958334	49.0	4145.141028165817
186	414.10623	0.8713991	415.9	412.1	80.0	22440000	3.783498e-09	2.1877456	-0.0030249616	-0.043672264	0.9538137	0.00372516	0.024858333	49.0	4169.503911972046
187	414.2594	1.356435	416.7	409.0	80.0	22560000	1.5716068e-09	2.2993283	-0.002821159	-0.047472388	0.9425738	0.0030772807	0.021275	49.0	4193.860876560211
188	414.33032	1.8739411	422.35	411.5	80.0	22680000	1.8626451e-09	2.3209207	-0.003084456	-0.061682254	0.93330014	0.0034483443	0.023675	49.0	4218.147962808609
189	405.2364	48.325752	415.8	132.0	80.0	22800000	7.450581e-09	2.754867	-0.0027393813	-0.2351292	0.9276428	0.00267279	0.021075	49.0	4242.66548371315
190	415.11667	3.1899128	432.65	413.1	80.0	22920000	-2.561137e-09	2.2872698	-0.0028560804	-0.0882912	0.9105352	0.0031442728	0.020983333	49.0	4267.070871591568
191	414.23126	0.9015401	415.9	412.4	80.0	23040000	-4.5401976e-09	2.2623024	-0.0026724706	-0.04623121	0.91678303	0.0028489695	0.020816667	49.0	4291.448988676071
192	414.4606	1.2538282	416.2	410.3	80.0	23160000	-5.5879354e-09	2.4225454	-0.0027640697	-0.05352807	0.8976493	0.0029169745	0.020033333	49.0	4315.878971338272
193	414.17188	1.5566846	416.0	406.7	80.0	23280000	-4.0745363e-10	2.1174355	-0.002845736	-0.04453373	0.90115094	0.0029807468	0.022183333	49.0	4340.235286474228
194	413.5625	1.9574786	416.4	406.3	80.0	23400000	-4.656613e-10	2.1538591	-0.002826361	-0.051231325	0.9006064	0.0028555873	0.022583334	49.0	4364.351967096329
195	414.5015	1.8708466	418.55	406.1	80.0	23520000	-1.6298145e-09	2.2855468	-0.0030249897	-0.061879575	0.89131576	0.0031721916	0.023858333	49.0	4388.37836933136
196	414.5625	1.8089606	416.3	408.1	80.0	23640000	-4.831236e-09	2.256579	-0.0026914675	-0.06541699	0.8805813	0.0027940208	0.019875	49.0	4412.367953777313
197	414.88437	1.1540976	418.2	412.1	80.0	23760000	1.5716068e-09	2.2040515	-0.0029718652	-0.06758736	0.88528347	0.0028431974	0.020374998	49.0	4436.385005235672
198	414.09064	1.7699493	416.4	408.2	80.0	23880000	7.392373e-09	2.2476516	-0.0026973994	-0.045234352	0.8912939	0.002580909	0.019233333	49.0	4460.465330123901
199	414.175	1.6607645	416.6	408.8	80.0	24000000	7.2759576e-10	2.20775	-0.0026835331	-0.07389906	0.8815905	0.0030893404	0.021158334	49.0	4484.718610286713
200	408.8409	32.59006	416.4	224.55	80.0	24120000	-2.7939677e-09	2.5930533	-0.0029389616	-0.17230971	0.85430175	0.003236828	0.023783334	49.0	4509.068694353104
201	414.52118	1.2119993	417.6	411.2	80.0	24240000	5.5879354e-09	2.2677388	-0.0028043287	-0.08547537	0.86748576	0.0030149883	0.020374998	49.0	4533.299825191498
202	414.02966	1.307127	417.0	409.9	80.0	24360000	-1.7462298e-10	2.2482102	-0.0026718182	-0.057575703	0.87122047	0.0030500877	0.021816667	49.0	4557.517090797424
203	414.375	1.5433306	417.3	409.1	80.0	24480000	-6.5774657e-09	2.2355814	-0.0028731474	-0.063525915	0.8631563	0.0025706468	0.018283334	49.0	4581.83122587204
204	411.81363	17.265078	416.1	314.25	80.0	24600000	2.3283064e-10	2.3057344	-0.0026985952	-0.090755045	0.8596512	0.0025568525	0.0197	49.0	4605.886515378952
205	415.04376	1.4504197	417.6	408.4	80.0	24720000	2.415618e-09	2.135257	-0.002507924	-0.059740126	0.8643704	0.003114405	0.01905	49.0	4630.057480573654
206	414.73785	2.1040015	423.65	409.8	80.0	24840000	-6.519258e-09	2.2379513	-0.0029417267	-0.07524128	0.85534966	0.0030114462	0.023400001	49.0	4654.166167020798
207	415.22272	2.226057	424.95	408.4	80.0	24960000	3.085006e-09	2.0997996	-0.002633925	-0.0722159	0.8486701	0.0027496964	0.021541666	49.0	4678.366760253906
208	414.99243	1.4590436	417.0	409.4	80.0	25080000	-2.3283064e-10	2.1928134	-0.002713319	-0.05891198	0.82997715	0.0030723703	0.021441668	49.0	4702.365308761597
209	415.1125	0.91232884	416.8	413.2	80.0	25200000	6.519258e-09	2.1293592	-0.0026519187	-0.06166488	0.8383813	0.002920569	0.023725	49.0	4726.414618730545
210	415.51816	1.5358741	421.65	412.65	80.0	25320000	4.4237822e-09	2.1609206	-0.0026823853	-0.07058814	0.8167093	0.0029326025	0.021891667	49.0	4750.454571962357
211	415.03125	1.5052907	417.6	409.9	80.0	25440000	-8.1490725e-10	2.121238	-0.0026650918	-0.042608112	0.8240264	0.003058654	0.021558333	49.0	4774.707804441452
212	415.1344	1.6681967	416.8	407.4	80.0	25560000	4.6857167e-09	2.1704812	-0.0024168273	-0.036399543	0.81409764	0.0028739874	0.019291665	49.0	4798.799405574799
213	415.66873	1.226898	417.2	410.4	80.0	25680000	-2.910383e-09	2.0787523	-0.002682862	-0.05530922	0.8185425	0.0028257198	0.024574999	49.0	4823.061685562134
214	414.9	1.7271721	417.2	410.3	80.0	25800000	5.005859e-09	2.13071	-0.0026047216	-0.06561704	0.8074392	0.0031710858	0.022483334	49.0	4847.245725154877
215	415.59216	1.468424	419.15	411.5	80.0	25920000	7.043127e-09	2.1592913	-0.0026265834	-0.055142626	0.8056584	0.003135738	0.0201	49.0	4871.358879327774
216	415.81213	1.6975021	424.05	413.9	80.0	26040000	-1.3969839e-09	2.184934	-0.002704978	-0.07063556	0.7826978	0.0031243165	0.024833333	49.0	4895.3684067726135
217	415.70312	0.9805879	417.7	413.5	80.0	26160000	7.1013346e-09	2.073103	-0.002422247	-0.035685256	0.7947155	0.0026940359	0.017633334	49.0	4919.359554767609
218	416.31818	2.4260836	426.75	410.1	80.0	26280000	-6.7520887e-09	2.1048298	-0.0024413073	-0.060908973	0.77444303	0.0026564575	0.017358333	49.0	4943.616804361343
219	415.66876	1.4791125	417.8	409.8	80.0	26400000	-4.1763997e-09	2.0881515	-0.0026508956	-0.040388852	0.78118694	0.0030908622	0.021383334	49.0	4968.032555341721
220	415.81873	1.0122509	417.7	413.9	80.0	26520000	3.3178367e-09	2.0320442	-0.002539956	-0.044461817	0.78355676	0.0025444566	0.021025	49.0	4992.413151502609
221	415.94687	1.0368149	417.8	413.6	80.0	26640000	5.820766e-10	2.0499308	-0.002751396	-0.051328078	0.7763429	0.0032286693	0.022433333	49.0	5016.785662174225
222	420.19263	22.17532	547.2	412.9	78.088234	26760000	-6.9849193e-09	2.092191	-0.0026975996	-0.059334874	0.7617823	0.0028034449	0.020816667	49.0	5041.145395040512
223	420.07727	21.799656	543.0	409.6	78.06061	26880000	-5.5879354e-09	2.1846101	-0.002552379	-0.068747476	0.7644421	0.0023147499	0.01845	49.0	5065.5220601558685
224	416.59686	1.1162128	419.9	413.8	80.0	27000000	-3.4051482e-09	2.0096369	-0.0025479773	-0.055947244	0.76674116	0.0022205561	0.018491667	49.0	5089.677224159241
225	420.36667	21.982878	544.6	414.4	78.06061	27120000	2.7939677e-09	2.0983868	-0.0025289399	-0.0470625	0.7612709	0.0028839577	0.019866668	49.0	5113.798980712891
226	427.63855	36.25941	546.4	413.5	74.42857	27240000	-6.519258e-09	2.2584727	-0.0027480817	-0.055802047	0.7457068	0.0029199645	0.022533333	49.0	5137.958748340607
227	424.45	30.539072	547.0	413.0	76.17647	27360000	5.5879354e-09	2.1531255	-0.0028420927	-0.068955585	0.73573506	0.007798559	0.024458334	49.0	5162.185770511627
228	442.72372	51.26493	546.6	409.8	67.125	27480000	-3.259629e-09	2.5126715	-0.0026829648	-0.08452372	0.7406579	0.0031809197	0.023466665	49.0	5186.297133207321
229	448.76932	55.841766	547.3	411.8	63.863636	27600000	0.0	2.7683594	-0.0025801712	-0.08113916	0.7347456	0.0028206452	0.020533333	49.0	5210.514458179474
230	442.56122	52.004215	547.0	410.5	67.0	27720000	-9.313226e-10	2.5998974	-0.0025768967	-0.0815904	0.7353445	0.0022524162	0.018883333	49.0	5234.849096775055
231	451.83524	57.211163	546.9	408.8	62.43182	27840000	7.450581e-09	2.7637715	-0.002428092	-0.08585748	0.7180001	0.0023043088	0.018941667	49.0	5259.118127822876
232	466.4346	62.581398	547.4	414.3	55.153847	27960000	9.313226e-10	3.139863	-0.0022623644	-0.08583531	0.6719843	0.0027674146	0.018675	49.0	5283.568348169327
233	491.61816	63.47401	547.4	411.9	42.536232	28080000	3.7252903e-09	3.882114	-0.0025583508	-0.17221427	0.6132932	0.0030469636	0.021391667	49.0	5307.746764659882
234	491.96014	62.986816	547.2	410.2	42.507248	28200000	5.5879354e-09	3.9177163	-0.0024277603	-0.077474415	0.6120757	0.002844914	0.019375	49.0	5331.759805679321
235	501.3179	61.187702	547.4	415.4	37.653847	28320000	-7.450581e-09	4.2842717	-0.0023774942	-0.091008425	0.58187795	0.002843989	0.018833332	49.0	5355.990922212601
236	528.28076	43.514458	547.2	413.6	24.152	28440000	-7.916242e-09	6.1351337	-0.002271222	-0.26062334	0.41465172	0.0025566048	0.017066667	49.0	5380.378189086914
237	534.91846	35.522034	546.9	365.85	20.62416	28560000	-9.313226e-09	6.9716997	-0.0020604737	-0.1051206	0.33182007	0.0016821926	0.013691667	49.0	5405.390362977982
238	535.8119	33.9264	547.3	412.0	20.251701	28680000	-9.313226e-09	6.5577664	-0.0019766476	-0.06314832	0.35217044	0.0020876518	0.013666667	49.0	5430.176313638687
239	539.0967	27.921055	547.1	415.0	18.566265	28800000	8.381903e-09	7.1558685	-0.0018468814	-0.081437886	0.29658982	0.0015654103	0.015291667	49.0	5455.0014889240265
240	539.9923	26.3565	547.6	399.85	18.047337	28920000	8.381903e-09	7.29276	-0.0018414059	-0.088520646	0.2823236	0.0016982525	0.012225	49.0	5479.779083967209
241	539.13544	26.504736	547.1	408.6	18.551516	29040000	-6.519258e-09	7.300109	-0.0019527745	-0.113699734	0.28814632	0.0019460779	0.014883334	49.0	5504.704433441162
242	537.7312	30.42793	547.2	413.5	19.242039	29160000	-3.7252903e-09	6.9831934	-0.0018579715	-0.053441405	0.31545207	0.0016461143	0.014108334	49.0	5529.438751935959
243	538.3525	29.18932	547.1	413.3	19.031055	29280000	-7.916242e-09	7.013845	-0.0017439881	-0.06512028	0.30345923	0.0015213145	0.014508333	49.0	5553.919420719147
244	540.2602	25.58818	547.2	413.4	17.936047	29400000	7.450581e-09	7.3550243	-0.0016491234	-0.057484686	0.2660061	0.0016739614	0.010783333	49.0	5578.857244729996
245	541.7892	21.353931	547.1	410.8	17.19337	29520000	2.561137e-09	7.3467464	-0.0016662407	-0.054986298	0.24278116	0.0014619958	0.010941667	49.0	5603.762412309647
246	537.0961	32.001705	547.2	411.9	19.509678	29640000	-1.3969839e-08	6.891778	-0.001949985	-0.07561231	0.322454	0.003976253	0.015291667	49.0	5628.159139156342
247	542.0674	22.293432	547.1	411.1	17.052326	29760000	1.8626451e-09	7.3501043	-0.0015708156	-0.07693654	0.27555737	0.001669917	0.012558334	49.0	5653.106500864029
248	541.2127	23.915113	547.2	410.4	17.502958	29880000	-5.5879354e-09	7.2682915	-0.0015564485	-0.087593794	0.27478158	0.0014978156	0.01265	49.0	5677.77267074585
249	540.0095	25.842527	547.0	411.3	18.057804	30000000	7.683411e-09	7.1058593	-0.0017111221	-0.08447832	0.2686539	0.0014982438	0.012125	49.0	5702.658672571182
250	539.2507	27.84312	546.9	411.8	18.452381	30120000	1.6763806e-08	7.09836	-0.0015168597	-0.068707645	0.284062	0.0015394293	0.013516666	49.0	5727.415493249893
251	534.96484	35.969578	547.1	410.2	20.547297	30240000	2.3283064e-09	6.457799	-0.0016593644	-0.08138001	0.3586153	0.0016812724	0.012924999	49.0	5752.302354812622
252	537.43585	31.210564	547.0	411.2	19.44654	30360000	9.778887e-09	6.82725	-0.0016626519	-0.0709483	0.312269	0.0016228538	0.013058334	49.0	5777.329524517059
253	539.163	27.520689	547.1	412.6	18.47826	30480000	-1.2340024e-08	6.7622323	-0.0016912681	-0.068157375	0.30861348	0.0019042026	0.014058334	49.0	5802.41223526001
254	542.7379	19.96164	547.2	407.5	16.730337	30600000	-1.8626451e-09	7.304188	-0.0014398715	-0.09827292	0.24720111	0.0015939374	0.01235	49.0	5827.690168142319
255	541.9039	21.088726	547.1	413.6	17.164835	30720000	4.656613e-10	7.2433925	-0.0014423915	-0.057371974	0.23756169	0.0013571513	0.012033334	49.0	5852.892463684082
256	536.12726	33.704826	547.1	410.2	20.01948	30840000	1.8626451e-09	6.540815	-0.0014496542	-0.09779334	0.33275443	0.0017495112	0.0120583335	49.0	5877.9248650074005
257	533.8133	37.372734	547.0	410.5	21.244755	30960000	7.450581e-09	6.2383766	-0.0016977449	-0.07604021	0.34806997	0.0018682145	0.013508333	49.0	5902.902198076248
258	540.6292	25.096243	547.1	409.4	17.767857	31080000	-2.7939677e-09	7.104209	-0.0014252004	-0.07466221	0.28040606	0.001473702	0.011091666	49.0	5927.823178052902
259	531.29767	40.52887	547.3	408.4	22.48855	31200000	1.44355e-08	6.030598	-0.0018391345	-0.10507488	0.39063662	0.0018107825	0.0156	49.0	5952.515019416809
260	536.8659	33.181286	547.0	411.2	19.785715	31320000	-1.8626451e-09	6.488908	-0.0016813842	-0.08815855	0.3160404	0.0023421478	0.014425	49.0	5977.497426986694
261	527.21405	46.176064	547.0	410.5	24.330578	31440000	-1.3969839e-09	5.639103	-0.0018874414	-0.089083314	0.44211757	0.0025111013	0.019816667	49.0	6002.349591493607
262	527.20404	46.32221	547.2	409.6	24.227642	31560000	1.2340024e-08	5.631764	-0.0018779216	-0.07494646	0.44193155	0.0021833587	0.016841665	49.0	6027.21307349205
263	529.0768	44.30528	547.1	410.6	23.401575	31680000	-3.7252903e-09	5.82166	-0.0017509839	-0.1031518	0.42100114	0.0018722193	0.016075	49.0	6051.981874227524
264	507.56662	60.573338	547.0	410.5	33.866665	31800000	-1.3969839e-08	4.4521346	-0.0022117149	-0.14782992	0.5631301	0.0022938345	0.022475	49.0	6076.902316331863
265	515.92773	55.57982	547.0	411.6	29.930693	31920000	-9.313226e-10	4.767146	-0.002019756	-0.079593	0.5129621	0.003083365	0.019216668	49.0	6101.337539672852
266	519.007	53.777397	547.1	411.0	28.401869	32040000	-3.259629e-09	5.0084276	-0.0018845999	-0.08215529	0.49716198	0.0025392699	0.0172	49.0	6125.700728654861
267	502.62686	62.18336	547.1	408.9	36.512196	32160000	1.21071935e-08	4.230569	-0.002084732	-0.10043347	0.5676795	0.00222215	0.020941667	49.0	6150.099446296692
268	505.2864	60.905525	547.1	412.5	35.25926	32280000	0.0	4.3306065	-0.0021047331	-0.07042146	0.5654254	0.0025084307	0.019708334	49.0	6174.222611904144
269	479.19153	65.9306	547.0	411.2	48.101696	32400000	0.0	3.24957	-0.002403024	-0.12132567	0.6294421	0.0023811671	0.022575	49.0	6198.590171098709
270	483.00635	66.224686	546.9	409.2	46.031746	32520000	-4.656613e-10	3.3172133	-0.0023249849	-0.054407507	0.6318016	0.002630091	0.021525	49.0	6222.912289619446
271	475.25894	65.799065	546.8	409.5	49.92857	32640000	-9.313226e-10	3.0656471	-0.0022261539	-0.051444232	0.6410527	0.0023417482	0.020733334	49.0	6247.4350616931915
272	467.799	64.29717	546.8	412.4	53.865383	32760000	3.7252903e-09	2.9707687	-0.0023211055	-0.06820086	0.63932276	0.0026219697	0.023625001	49.0	6271.746528148651
273	450.2978	57.439934	547.0	413.0	62.8	32880000	9.313226e-10	2.5444198	-0.0024815362	-0.08193858	0.657503	0.0025950167	0.022725001	49.0	6296.070032835007
274	426.27084	36.32134	546.9	412.6	74.583336	33000000	3.7252903e-09	2.1973956	-0.0026613185	-0.08592972	0.68308944	0.0020501378	0.022408333	49.0	6320.3878853321075
275	440.0902	52.18705	547.1	405.9	67.36585	33120000	-5.5879354e-09	2.375603	-0.0024565943	-0.0726603	0.6625279	0.003295123	0.023175	49.0	6344.533173322678
276	423.28677	30.924252	547.0	411.8	76.17647	33240000	-6.0535967e-09	2.0748656	-0.002550812	-0.06201154	0.6702424	0.002774509	0.022016667	49.0	6368.671540021896
277	433.1103	43.497612	546.7	413.0	71.666664	33360000	-5.5879354e-09	2.1793644	-0.0025360656	-0.07350175	0.6288768	0.0029095565	0.023	49.0	6392.6560072898865
278	426.37143	36.803444	547.0	412.0	74.42857	33480000	2.7939677e-09	2.1222558	-0.00242197	-0.045554414	0.65382993	0.0025725644	0.022133332	49.0	6416.75109910965
279	423.17206	30.759228	546.6	412.2	76.20588	33600000	9.313226e-10	2.005669	-0.0025513473	-0.05386515	0.6447846	0.0026434474	0.022675	49.0	6440.786576271057
280	419.19998	22.241457	546.5	409.4	78.088234	33720000	-2.7939677e-09	1.8933765	-0.0024746498	-0.03981924	0.6375499	0.0025356137	0.0219	49.0	6464.830317974091
281	419.18143	21.659868	544.1	412.5	78.171425	33840000	2.3283064e-09	1.9531779	-0.002509329	-0.044191062	0.63153684	0.0023782502	0.022266667	49.0	6488.869717359543
282	415.30606	2.5797496	425.8	412.4	80.0	33960000	3.7252903e-09	1.9375758	-0.0025341273	-0.056877926	0.62186503	0.0022322703	0.020925	49.0	6512.925064325333
283	419.4957	21.87018	546.1	413.1	78.14286	34080000	3.0267984e-09	2.0023928	-0.002414689	-0.056219548	0.61077476	0.0024269316	0.018291667	49.0	6537.067577600479
284	418.20572	21.669516	544.2	411.95	78.171425	34200000	4.1909516e-09	2.0104656	-0.0024561808	-0.04767604	0.61357677	0.0021721842	0.020408332	49.0	6561.329078197479
285	418.47577	21.697844	541.0	409.4	78.09091	34320000	6.9849193e-09	1.9800533	-0.0024828543	-0.05956468	0.6144966	0.0026145054	0.021916665	49.0	6585.606883525848
286	421.96466	30.202856	545.15	409.2	76.26471	34440000	4.656613e-09	1.9253908	-0.0023490088	-0.040469363	0.60081005	0.0023008962	0.020308333	49.0	6609.80491900444
287	422.35883	29.858366	545.9	409.0	76.32353	34560000	-5.5879354e-09	1.9216988	-0.0023764651	-0.054737225	0.60169387	0.0027379012	0.019341666	49.0	6633.813019275665
288	419.3044	22.253357	546.7	413.3	78.088234	34680000	4.656613e-09	1.934431	-0.0024023792	-0.049050868	0.59646714	0.0024562404	0.02075	49.0	6658.030529975891
289	428.92838	40.084587	546.3	412.0	73.08108	34800000	1.6298145e-09	2.0504625	-0.0023501378	-0.038779467	0.5802281	0.0024756277	0.018483333	49.0	6682.121184825897
290	422.55298	31.061882	546.8	409.7	76.17647	34920000	0.0	1.9185374	-0.002171295	-0.06451501	0.58565366	0.0023467375	0.016991666	49.0	6706.229463338852
291	418.74545	22.642797	546.6	409.5	78.030304	35040000	2.3283064e-09	1.950639	-0.0021177502	-0.05052346	0.5772541	0.0019833574	0.016133333	49.0	6730.148668289185
292	425.34995	33.93032	543.2	409.5	75.15385	35160000	-5.5879354e-09	2.1837792	-0.0024496862	-0.06665406	0.55922925	0.0027633384	0.020441666	49.0	6754.170973062515
293	421.91177	30.217655	546.3	412.6	76.26471	35280000	1.6298145e-09	1.9818513	-0.0020895996	-0.05101657	0.56630117	0.0021299967	0.017991666	49.0	6778.116295099258
294	425.97998	35.47236	546.9	413.2	74.62857	35400000	0.0	2.0718431	-0.002450483	-0.048020378	0.5529306	0.0069367345	0.025258332	49.0	6802.045905351639
295	422.5097	29.63112	544.2	406.7	76.44444	35520000	-9.313226e-10	1.9979684	-0.0022973511	-0.040728584	0.5551142	0.0025468161	0.021616668	49.0	6826.149598836899
296	429.09027	40.626656	546.6	408.3	72.916664	35640000	1.21071935e-08	2.058855	-0.0021408584	-0.047266424	0.5564568	0.002278837	0.018183332	49.0	6850.020528078079
297	435.25	47.030735	547.2	413.3	69.947365	35760000	4.656613e-09	2.1300313	-0.0020017738	-0.05397038	0.55280066	0.0022573546	0.016241666	49.0	6873.981711149216
298	431.88028	43.234467	547.1	409.7	71.68421	35880000	-4.656613e-09	2.116316	-0.0020846091	-0.05404316	0.5372273	0.0022573252	0.018883333	49.0	6898.064549207687
299	436.07	46.14439	546.8	413.1	70.3	36000000	-2.3283064e-09	2.1317024	-0.0020700856	-0.057937965	0.511742	0.001996707	0.016725	49.0	6922.205585241318
300	443.26947	53.677505	547.1	411.8	65.97561	36120000	-8.1490725e-10	2.32679	-0.0020447623	-0.03446497	0.524246	0.0022519983	0.0196	49.0	6946.437803983688
301	432.28162	43.479836	546.9	409.4	71.60526	36240000	-5.820766e-09	2.0833783	-0.002269162	-0.051879644	0.5274359	0.0021200115	0.018858332	49.0	6970.567084312439
302	463.6849	62.38309	546.8	413.1	55.943398	36360000	1.8626451e-09	3.106992	-0.002021399	-0.14712518	0.49032408	0.002437647	0.016416667	49.0	6994.191280841827
303	470.71204	64.03872	547.1	412.9	52.592594	36480000	-1.8626451e-09	3.0652404	-0.0019277263	-0.06621602	0.47668356	0.0020154545	0.017691666	49.0	7018.456091880798
304	470.5343	64.381615	547.1	408.2	52.537037	36600000	-4.656613e-09	3.0515804	-0.0018918025	-0.051530153	0.4838751	0.0022095765	0.01605	49.0	7042.543204545975
305	493.18942	65.194496	547.2	359.75	40.774647	36720000	-5.5879354e-09	3.8609514	-0.0018708066	-0.12569523	0.43471116	0.002188116	0.015999999	49.0	7066.887432813644
306	478.9144	65.45367	547.1	410.1	48.23729	36840000	8.381903e-09	3.3189716	-0.0019859546	-0.06206104	0.4696481	0.0021863675	0.016166667	49.0	7091.112734079361
307	478.3373	65.64182	546.9	366.2	48.38095	36960000	-5.5879354e-09	3.4861026	-0.0020314506	-0.06553815	0.4528076	0.0017393547	0.018358333	49.0	7115.125601530075
308	485.8856	64.19842	547.0	408.8	45.0	37080000	-7.450581e-09	3.4259634	-0.0019576983	-0.06337994	0.44260073	0.0025468236	0.017333332	49.0	7139.352323293686
309	495.55072	63.45554	547.1	412.8	40.05634	37200000	0.0	3.6838555	-0.0019728006	-0.06370935	0.4385602	0.0042410465	0.018025	49.0	7163.430543661118
310	497.29248	63.091232	547.0	412.7	39.232876	37320000	7.450581e-09	3.6153326	-0.0017964668	-0.04527676	0.4412941	0.0018824829	0.016258333	49.0	7187.730160236359
311	494.43546	63.490963	547.0	410.0	40.695652	37440000	-3.7252903e-09	3.4987783	-0.0019108022	-0.05064988	0.44429243	0.0019141242	0.015666667	49.0	7211.7123239040375
312	489.54495	64.1552	547.3	409.8	43.434784	37560000	-6.0535967e-09	3.595201	-0.0020677838	-0.07753977	0.42517745	0.0021418747	0.0178	49.0	7235.825075864792
313	499.9682	62.283287	547.1	413.8	37.96104	37680000	-4.1909516e-09	3.8449566	-0.0017871957	-0.061980635	0.41770723	0.0024908602	0.016216667	49.0	7260.089082479477
314	491.05362	64.41014	547.3	413.2	42.463768	37800000	-3.259629e-09	3.5212579	-0.0017620195	-0.080776185	0.44556135	0.0019198814	0.013841666	49.0	7281.081263065338
315	514.8768	55.712124	547.2	408.9	30.618557	37920000	8.381903e-09	4.454953	-0.0015402077	-0.1548481	0.37980735	0.0021783332	0.0139	49.0	7302.145529270172
316	502.27563	61.838993	547.4	412.3	36.73077	38040000	-9.313226e-10	3.847613	-0.0018003852	-0.083684504	0.41281608	0.0018853861	0.015158333	49.0	7323.330906391144
317	505.3917	60.508892	547.1	413.0	35.285713	38160000	-6.2864274e-09	4.125951	-0.0018503054	-0.058045298	0.4024371	0.0020795646	0.015141667	49.0	7344.320259094238
318	502.71835	61.41822	547.4	413.3	36.607594	38280000	0.0	3.767031	-0.0017132817	-0.066458166	0.40699404	0.0016083145	0.014608334	49.0	7365.177035808563
319	504.86584	60.38351	547.2	413.8	35.8	38400000	5.355105e-09	3.9207342	-0.0018289947	-0.0693737	0.39328894	0.0018002825	0.013566667	49.0	7386.233759641647
320	485.81274	65.40474	547.2	413.3	44.984127	38520000	0.0	3.34019	-0.0018788707	-0.09918675	0.4505764	0.001273304	0.014033333	49.0	7407.312248945236
321	471.25095	64.48435	547.0	413.4	52.38889	38640000	3.7252903e-09	2.9242144	-0.0018464065	-0.056048095	0.46417633	0.0016033172	0.01495	49.0	7428.36603307724
322	477.2229	64.751236	547.0	413.4	49.393444	38760000	1.6298145e-09	3.1338828	-0.0019503644	-0.070171595	0.441863	0.0019111708	0.017483331	49.0	7449.316689729691
323	491.22183	63.93783	547.2	413.9	42.619717	38880000	2.7939677e-09	3.4609985	-0.0019198236	-0.07530314	0.41707045	0.0020539225	0.016466666	49.0	7470.3820424079895
324	482.93387	64.934875	547.0	413.9	46.580647	39000000	5.5879354e-09	3.2461407	-0.0018850714	-0.041445166	0.44092965	0.002172368	0.016208332	49.0	7491.413950681686
325	485.66077	65.00758	547.2	413.6	45.138462	39120000	2.7939677e-09	3.3696136	-0.0018580194	-0.074352115	0.43913049	0.002120887	0.0145166665	49.0	7512.446412324905
326	494.26642	63.964203	547.3	413.3	40.931507	39240000	5.5879354e-09	3.5036979	-0.0017142707	-0.07078931	0.41939574	0.0021736375	0.014941666	49.0	7533.497431278229
327	460.9255	61.71009	547.3	414.0	57.612244	39360000	0.0	2.8556523	-0.0020910078	-0.12415454	0.46227682	0.0017104426	0.017099999	49.0	7554.31485247612
328	465.40695	63.00904	547.1	413.8	55.44	39480000	0.0	2.7607136	-0.0018526351	-0.059042245	0.45481378	0.0016324526	0.016333334	49.0	7575.206812620163
329	452.1418	58.245438	547.2	413.7	61.976746	39600000	9.313226e-10	2.4608488	-0.0018521687	-0.04987465	0.47257212	0.0017706061	0.01755	49.0	7595.9827671051025
330	436.5051	46.38552	546.9	413.7	70.10256	39720000	4.656613e-10	2.166454	-0.0018952274	-0.063223645	0.47508788	0.0018816089	0.015483334	49.0	7616.7301704883575
331	438.90753	49.664104	547.2	411.4	68.625	39840000	6.0535967e-09	2.239638	-0.0017879528	-0.046623975	0.46872836	0.0021414107	0.015608334	49.0	7637.439572811127
332	445.0683	53.573494	547.1	414.5	65.82927	39960000	-2.0954758e-09	2.2724717	-0.0020282043	-0.05312085	0.45737767	0.0018298638	0.017525	49.0	7658.255865812302
333	433.5973	44.048088	547.1	413.0	71.324326	40080000	-1.8626451e-09	2.026061	-0.0018026133	-0.05164343	0.47380847	0.0020923377	0.016833333	49.0	7679.4042019844055
334	423.67648	30.567347	547.1	413.9	76.20588	40200000	4.656613e-09	1.980479	-0.0018625292	-0.053044766	0.4752051	0.002166769	0.015583334	49.0	7700.3419189453125
335	420.05588	21.938229	545.8	413.8	78.088234	40320000	-2.7939677e-09	1.8443859	-0.0016595677	-0.06421299	0.47660756	0.0019846042	0.014416667	49.0	7720.966119289398
336	427.69028	35.48266	546.2	411.9	74.611115	40440000	-5.5879354e-09	2.0754738	-0.001973935	-0.095713064	0.45802644	0.0017173274	0.016933333	49.0	7741.798083782196
337	427.46252	35.83235	547.2	414.1	74.611115	40560000	-1.3969839e-09	1.9084594	-0.0017655103	-0.04671529	0.4540248	0.0016968161	0.015733335	49.0	7762.715461969376
338	427.21667	35.918488	547.3	413.8	74.611115	40680000	-2.0954758e-09	2.0994132	-0.0017842366	-0.057046235	0.4538442	0.0014636745	0.01285	49.0	7783.4962792396545
339	430.43054	41.0421	547.1	413.9	72.77778	40800000	-5.5879354e-09	2.0303836	-0.0018107104	-0.06404564	0.46003374	0.0020068716	0.014258333	49.0	7804.249425172806
340	426.9264	35.8872	546.8	413.9	74.611115	40920000	-1.0244548e-08	2.0573018	-0.001810113	-0.06748828	0.4545302	0.0017353129	0.015758332	49.0	7825.052229881287
341	423.24286	30.42807	547.0	413.2	76.28571	41040000	5.5879354e-09	1.9584379	-0.0017478162	-0.05761361	0.4565601	0.0018506257	0.012425	49.0	7845.833757400513
342	419.61212	22.464882	546.4	409.9	78.030304	41160000	-7.916242e-09	1.8902934	-0.0017443708	-0.039958462	0.45186132	0.0016414253	0.015691668	49.0	7866.605912208557
343	421.21143	31.739414	546.2	364.55	76.314285	41280000	-3.7252903e-09	2.0680852	-0.0020150095	-0.07018334	0.44921136	0.002265031	0.016774999	49.0	7887.258680820465
344	418.8879	20.736755	536.1	413.6	78.181816	41400000	5.5879354e-09	1.9445868	-0.0018883416	-0.044564143	0.4528364	0.0015664516	0.013791666	49.0	7907.984151363373
345	423.13382	30.058846	543.6	413.6	76.26471	41520000	-9.313226e-10	1.8967731	-0.0018901726	-0.052634224	0.448972	0.0018731768	0.014383333	49.0	7928.662482023239
346	419.6397	21.788559	544.1	408.6	78.117645	41640000	-2.3283064e-09	1.801972	-0.0019930284	-0.05576165	0.4498877	0.0018118576	0.016533334	49.0	7949.410526752472
347	429.5581	40.601883	546.7	409.1	73.0	41760000	4.656613e-09	2.0801587	-0.001960867	-0.055117443	0.43579876	0.0018641003	0.015475	49.0	7970.217777252197
348	419.3603	22.241837	546.4	408.8	78.088234	41880000	8.381903e-09	2.001031	-0.0016924884	-0.072144955	0.44039428	0.0014857482	0.0128833335	49.0	7990.81437420845
349	420.18192	33.40286	546.5	330.6	76.416664	42000000	-2.6775524e-09	2.0022013	-0.0019792072	-0.07115169	0.43956327	0.0014844817	0.014900001	49.0	8011.535188913345
350	422.91287	30.464737	546.9	413.3	76.28571	42120000	4.656613e-09	1.9351643	-0.0016953988	-0.057041347	0.44513035	0.001955024	0.016791668	49.0	8032.143130779266
351	418.9309	22.263311	546.5	413.0	78.088234	42240000	-1.3969839e-09	1.9273968	-0.0019446808	-0.053718597	0.4339479	0.0017311521	0.014125001	49.0	8052.762269258499
352	427.2557	35.484657	546.0	414.0	74.542854	42360000	-1.3969839e-09	2.0629702	-0.0019390369	-0.060970336	0.4267097	0.0014813051	0.0156166665	49.0	8073.47568154335
353	415.98636	2.0296025	424.6	413.4	80.0	42480000	-7.21775e-09	1.8641973	-0.001784837	-0.058369756	0.43038133	0.0016553849	0.014158334	49.0	8094.153945207596
354	415.88678	2.2595327	425.15	412.7	80.0	42600000	-3.8417056e-09	1.8621702	-0.0016900111	-0.052107036	0.4241522	0.001674877	0.014825	49.0	8114.819900274277
355	422.94144	28.59273	543.9	413.7	76.51428	42720000	7.916242e-09	2.069398	-0.0018593138	-0.05022511	0.42395434	0.001390437	0.01165	49.0	8135.469672203064
356	416.05624	1.0609357	418.3	413.9	80.0	42840000	1.3387762e-09	1.7884917	-0.0017961178	-0.04567118	0.4309407	0.0015575887	0.013816667	49.0	8156.154034376144
357	416.23087	2.6407437	427.15	413.5	80.0	42960000	-4.656613e-10	1.8476424	-0.0018881812	-0.060889855	0.42049068	0.0017937482	0.016800001	49.0	8176.741766214371
358	416.09265	2.252063	425.7	410.1	80.0	43080000	-4.656613e-09	1.9232128	-0.001715418	-0.047100574	0.4227063	0.0014933124	0.012966666	49.0	8197.421902894974
359	415.8781	1.507839	420.8	413.4	80.0	43200000	4.307367e-09	1.9382792	-0.0017082494	-0.04998468	0.4252448	0.0019237156	0.017091665	49.0	8218.038176059723
360	419.72058	21.927553	545.4	413.8	78.088234	43320000	2.3283064e-09	1.97067	-0.0016924448	-0.045372427	0.416966	0.0015561118	0.01495	49.0	8238.689537763596
361	415.45	0.85659266	416.8	413.6	80.0	43440000	1.5133992e-09	1.8184031	-0.001632883	-0.05364357	0.42323518	0.0020227535	0.0154	49.0	8259.357191801071
362	419.47882	22.083614	544.2	414.0	78.06061	43560000	9.313226e-10	1.9965795	-0.0017782792	-0.06870665	0.42010415	0.0019234448	0.015533334	49.0	8280.038452148438
363	415.69702	2.5131984	427.5	412.6	80.0	43680000	7.683411e-09	1.9056721	-0.0019007563	-0.06058833	0.41828585	0.0015100883	0.013066666	49.0	8300.656049728394
364	416.16177	3.252264	429.95	413.7	80.0	43800000	1.6298145e-09	1.9190085	-0.0018464413	-0.05701773	0.41283736	0.0014246255	0.013975	49.0	8321.349081039429
365	419.14413	21.044428	539.7	412.8	78.17647	43920000	-1.21071935e-08	1.9798465	-0.0018228072	-0.08162458	0.4102273	0.0015643578	0.013391666	49.0	8341.991359472275
366	415.27814	0.8820225	417.0	413.5	80.0	44040000	-3.2014214e-09	1.9863403	-0.0017181381	-0.044862896	0.4223651	0.002502546	0.017625	49.0	8362.755667686462
367	414.95	1.4352726	417.7	408.8	80.0	44160000	-9.313226e-09	2.0896716	-0.0020612045	-0.041370273	0.41982904	0.0018034059	0.01495	49.0	8383.579129219055
368	415.23282	1.870229	420.65	408.4	80.0	44280000	2.8521754e-09	1.9655263	-0.002002602	-0.0631461	0.42033702	0.0019349658	0.015633333	49.0	8404.338691711426
369	415.29062	1.2568195	418.4	412.0	80.0	44400000	4.598405e-09	1.916501	-0.0018158348	-0.07691035	0.41298145	0.0016833756	0.012908334	49.0	8425.01859998703
370	415.06665	2.147433	423.7	408.6	80.0	44520000	-4.1909516e-09	2.0000863	-0.0018229625	-0.07541299	0.40413904	0.0018578358	0.0147916665	49.0	8445.817731618881
371	415.6788	2.8507335	430.6	412.6	80.0	44640000	-4.1909516e-09	1.9441916	-0.0019146285	-0.059420034	0.40590233	0.0017380026	0.014683334	49.0	8466.483401060104
372	418.5838	21.994051	544.3	408.4	78.117645	44760000	2.7939677e-09	2.0618353	-0.0019964087	-0.0746648	0.39632493	0.0018994757	0.015883334	49.0	8487.224610090256
373	415.45294	2.160469	423.55	408.6	80.0	44880000	-4.773028e-09	1.9718469	-0.0017324763	-0.042161465	0.39177454	0.0017202811	0.014525	49.0	8507.92617726326
374	409.81857	35.978306	424.9	200.4	80.0	45000000	-4.656613e-10	2.315278	-0.0019881306	-0.17006561	0.39126927	0.001820233	0.015450001	49.0	8528.571725606918
375	419.7303	22.008297	544.0	414.1	78.06061	45120000	-3.259629e-09	2.0194438	-0.0018703281	-0.08837791	0.38586718	0.0017900976	0.0165	49.0	8549.358949899673
376	410.25293	33.755768	423.8	216.6	80.0	45240000	-4.656613e-09	2.1659346	-0.0015299948	-0.118395925	0.38888204	0.0014887154	0.011083334	49.0	8570.150275945663
377	419.56857	21.913256	545.8	409.7	78.14286	45360000	-5.5879354e-09	1.9908954	-0.0017586937	-0.07494941	0.39079916	0.0021128429	0.015483333	49.0	8590.858683109283
378	415.5576	1.777813	421.8	409.5	80.0	45480000	2.5029294e-09	1.8600194	-0.0016500081	-0.047702193	0.39925057	0.0014675204	0.01355	49.0	8611.423996686935
379	403.13528	49.331142	417.2	184.5	80.0	45600000	0.0	2.298369	-0.0018038934	-0.20688201	0.39438564	0.0016311784	0.0153583335	49.0	8632.149982452393
380	415.02344	1.95156	420.25	409.6	80.0	45720000	-3.7252903e-09	2.000529	-0.0017718889	-0.10698132	0.4038015	0.0018421821	0.012766667	49.0	8652.835629701614
381	415.34064	1.4247496	418.2	409.5	80.0	45840000	4.0745363e-10	1.8486984	-0.0016150239	-0.05845815	0.39597908	0.001594324	0.013641667	49.0	8673.428538560867
382	415.7547	1.247834	421.25	414.3	80.0	45960000	3.4924597e-10	1.8377728	-0.0015706489	-0.05576414	0.39983046	0.0015310035	0.014016667	49.0	8694.091331481934
383	415.00626	1.678158	417.4	408.9	80.0	46080000	-5.820766e-11	1.8632472	-0.0016474738	-0.057507798	0.40380195	0.0015816168	0.014358334	49.0	8714.778921365738
384	415.82877	1.9416107	425.0	413.4	80.0	46200000	4.1909516e-09	1.783034	-0.0016329067	-0.05752197	0.39625895	0.0016800077	0.013016667	49.0	8735.400490283966
385	415.36365	1.5664703	423.0	413.6	80.0	46320000	1.2805685e-08	1.8921509	-0.0017305603	-0.076446146	0.39245826	0.0012803356	0.013475	49.0	8756.213921546936
386	413.96564	3.2938008	416.0	397.5	80.0	46440000	1.1641532e-10	1.8237627	-0.0015127604	-0.0688677	0.39327657	0.0016871941	0.016233332	49.0	8776.928902864456
387	415.42032	1.0621227	420.35	414.1	80.0	46560000	-4.307367e-09	1.7939641	-0.0016765324	-0.06482756	0.3923707	0.0021348984	0.0143	49.0	8797.704361200333
388	418.74847	22.145811	543.8	408.6	78.06061	46680000	-3.259629e-09	2.0141864	-0.0016406175	-0.054752782	0.3829567	0.0018007839	0.011366666	49.0	8818.54826426506
389	415.1172	1.7096511	420.65	408.4	80.0	46800000	-1.7898856e-09	1.8051794	-0.0015543082	-0.0608584	0.37627915	0.0014641576	0.012941666	49.0	8839.207597970963
390	413.6906	4.519287	417.1	394.1	80.0	46920000	5.355105e-09	1.9011867	-0.0016981309	-0.094816074	0.3883718	0.0015004533	0.015225001	49.0	8859.872690916061
391	407.20755	38.86776	417.3	188.95	80.0	47040000	5.5879354e-09	2.2456517	-0.0018849885	-0.16007222	0.3789372	0.0013817959	0.014091667	49.0	8880.549747467041
392	413.7469	3.3280048	417.4	401.6	80.0	47160000	4.656613e-10	1.9625492	-0.001837477	-0.072202414	0.38049206	0.0021041487	0.0142250005	49.0	8901.238413333893
393	414.35004	3.629396	417.5	399.4	80.0	47280000	-2.3283064e-09	1.8934529	-0.0016814815	-0.048088834	0.3774216	0.0015191954	0.011958334	49.0	8921.87880039215
394	414.8781	2.5724175	417.2	404.0	80.0	47400000	-1.2805685e-09	1.8304572	-0.0016347978	-0.06114389	0.3714407	0.0017119204	0.013658334	49.0	8942.526992321014
395	415.19687	2.249926	417.5	406.2	80.0	47520000	6.4028427e-10	1.805771	-0.0015654012	-0.049825683	0.36767346	0.0015864039	0.012683334	49.0	8963.22567987442
396	415.69684	1.9223179	417.7	409.9	80.0	47640000	-4.656613e-10	1.8319101	-0.0015674788	-0.036620185	0.37382475	0.0016274432	0.013391667	49.0	8983.972033500671
397	415.81876	2.2832882	419.7	407.9	80.0	47760000	6.868504e-09	1.9095923	-0.001648472	-0.05382052	0.36224896	0.0014925987	0.011916667	49.0	9004.652817487717
398	414.875	4.5486956	417.5	391.9	80.0	47880000	-2.2118911e-09	1.910722	-0.001671294	-0.04920955	0.36531448	0.0012776022	0.011966666	49.0	9025.342385530472
399	415.9906	2.893889	420.3	404.2	80.0	48000000	1.9790605e-09	1.8952105	-0.0015958813	-0.09144558	0.3608517	0.0018314733	0.015800001	49.0	9046.02590584755
400	414.4909	6.94146	417.2	377.0	80.0	48120000	-3.8708095e-09	1.9133747	-0.0019968725	-0.06128198	0.36373353	0.001827953	0.014683333	49.0	9066.76313328743
401	415.60785	2.6637652	421.65	407.8	80.0	48240000	5.355105e-09	1.8961413	-0.001476472	-0.06442417	0.3713649	0.0012483539	0.012283333	49.0	9087.591802120209
402	416.04373	1.2424642	417.6	411.6	80.0	48360000	-4.831236e-09	1.8418823	-0.0015381598	-0.04083006	0.3685734	0.0012034769	0.012725	49.0	9108.343014478683
403	419.64243	21.749062	542.1	408.4	78.09091	48480000	-3.259629e-09	1.8835052	-0.0017019158	-0.0548601	0.3687846	0.0017463702	0.013241667	49.0	9129.152911424637
404	415.53125	2.7105649	417.6	403.3	80.0	48600000	1.7462298e-09	1.9657711	-0.0018741407	-0.06081368	0.3679764	0.001686102	0.013966667	49.0	9149.934581756592
405	415.75	2.8255527	418.0	402.4	80.0	48720000	-4.1909516e-09	1.9159536	-0.0017699416	-0.08000983	0.3700866	0.0018747664	0.014291667	49.0	9170.79411816597
406	414.88748	4.282652	418.1	394.4	80.0	48840000	-5.820766e-10	1.9295971	-0.0021244206	-0.06866887	0.3701805	0.0018251505	0.0151	49.0	9191.72595500946
407	415.0281	3.485257	418.2	403.0	80.0	48960000	4.5401976e-09	1.9854298	-0.0019500875	-0.065732	0.36337143	0.0020272662	0.015375	49.0	9212.56758403778
408	415.44687	2.510476	417.6	404.0	80.0	49080000	4.0745363e-10	1.8925145	-0.0018621499	-0.060360447	0.36156595	0.0013651688	0.013391666	49.0	9233.393346071243
409	415.67273	1.4539977	419.5	410.4	80.0	49200000	-1.6298145e-09	2.0564055	-0.002353489	-0.083713666	0.3673482	0.0017328088	0.013425	49.0	9254.303618431091
410	413.98788	5.7204466	417.2	386.4	80.0	49320000	2.561137e-09	2.0398698	-0.0020802533	-0.054867074	0.36493558	0.0019077553	0.013775	49.0	9275.117417573929
411	415.75626	1.1826723	416.9	411.5	80.0	49440000	-6.9849193e-09	1.9681954	-0.00188542	-0.049571633	0.3714661	0.0015958969	0.014041666	49.0	9295.980773448944
412	414.79245	6.0291204	417.7	380.95	80.0	49560000	1.1641532e-09	1.9174483	-0.0020064125	-0.06066473	0.36800244	0.0016040807	0.017083332	49.0	9316.924053430557
413	415.6969	0.931224	417.2	414.0	80.0	49680000	-1.8626451e-09	1.8297256	-0.0018179286	-0.05237861	0.36423445	0.0012356419	0.0136916675	49.0	9338.04829621315
414	415.53436	1.0129205	417.2	413.2	80.0	49800000	-1.0593794e-08	1.8710676	-0.0017025962	-0.05264224	0.3631216	0.0017439324	0.015075	49.0	9358.885900259018
415	419.74243	22.024714	544.2	411.2	78.06061	49920000	-4.1909516e-09	1.8925257	-0.002042294	-0.048766106	0.36700657	0.001770586	0.015533334	49.0	9379.697168827057
416	419.65152	20.883055	537.7	414.4	78.15151	50040000	-1.8626451e-09	1.9817438	-0.0018657924	-0.054123774	0.36175138	0.0017062344	0.016491666	49.0	9400.511779785156
417	415.3379	3.898077	417.9	393.75	80.0	50160000	-2.590241e-09	1.9492894	-0.001723161	-0.074941725	0.35730436	0.0015028557	0.012925	49.0	9421.320387363434
418	415.57187	1.3834352	417.3	410.1	80.0	50280000	-3.8999133e-09	1.9030209	-0.0016553293	-0.063960955	0.3628798	0.0015462732	0.013975	49.0	9442.166347026825
419	415.84393	1.0810883	417.3	412.9	80.0	50400000	3.8417056e-09	1.8035696	-0.0016461418	-0.0648998	0.35842347	0.0017162561	0.013883334	49.0	9462.951106786728
420	419.70605	21.951769	543.7	410.8	78.06061	50520000	1.8626451e-09	1.9609127	-0.0018717546	-0.06089841	0.36418158	0.0014475961	0.0136916675	49.0	9483.767896175385
421	415.597	1.9073226	417.4	407.8	80.0	50640000	5.9371814e-09	1.9316547	-0.0018656867	-0.061713666	0.35799703	0.0015293988	0.014033333	49.0	9504.67569899559
422	415.69846	1.4025911	417.2	410.9	80.0	50760000	4.8894435e-09	1.9442288	-0.0017136245	-0.063116536	0.361476	0.0013293937	0.012241667	49.0	9525.572224617004
423	415.0212	5.203539	417.6	386.1	80.0	50880000	-2.910383e-09	1.9312636	-0.0017855439	-0.06292249	0.35672557	0.0016000008	0.011441667	49.0	9546.488070011139
424	414.91324	7.044807	428.4	377.35	80.0	51000000	5.2386895e-09	2.0743089	-0.0018541209	-0.06154214	0.35734403	0.0015876044	0.0136750005	49.0	9567.367815732956
425	415.85626	1.0431123	417.9	412.2	80.0	51120000	-3.259629e-09	1.8612986	-0.0016838438	-0.039523363	0.36752152	0.0018422501	0.013633333	49.0	9588.28750872612
426	414.95755	6.1763506	417.5	380.4	80.0	51240000	-2.3283064e-10	1.959713	-0.0018376685	-0.062795594	0.36247218	0.0019033795	0.015975	49.0	9609.212837696075
427	415.97186	1.2104325	417.9	411.1	80.0	51360000	0.0	1.914803	-0.0019669032	-0.062193558	0.35907692	0.0015786814	0.014025	49.0	9630.026267528534
428	412.83237	46.715866	543.6	174.7	78.117645	51480000	-5.5879354e-09	2.3205047	-0.0018024505	-0.16230017	0.35399398	0.0015384611	0.014616666	49.0	9650.821910619736
429	414.28787	5.7621403	417.1	383.1	80.0	51600000	5.9371814e-09	2.0067816	-0.0018239956	-0.10848375	0.35550502	0.0016924057	0.015949998	49.0	9671.708810567856
430	414.55304	5.848877	417.4	382.45	80.0	51720000	-4.5401976e-09	1.969988	-0.0019929954	-0.059592098	0.35949945	0.0023725498	0.015541667	49.0	9692.553661823273
431	415.1531	2.3890374	417.3	405.8	80.0	51840000	4.947651e-09	1.9552214	-0.001746224	-0.042117923	0.36192027	0.0018738371	0.016033333	49.0	9713.434512138367
432	415.85605	2.688073	426.95	410.6	80.0	51960000	-1.3969839e-09	2.0015469	-0.0019341877	-0.063623995	0.3582537	0.0018065055	0.014341666	49.0	9734.426581144333
433	412.67	14.865017	428.85	337.85	80.0	52080000	-2.3283064e-09	2.1544223	-0.0019146306	-0.06772129	0.35224682	0.0019563143	0.0146	49.0	9755.457383871078
434	416.05457	1.9186637	423.0	409.9	80.0	52200000	1.5133992e-09	2.0375676	-0.0019378726	-0.080663025	0.35765135	0.0017828086	0.0156	49.0	9776.279867172241
435	415.33438	2.8672307	417.5	404.6	80.0	52320000	2.6120688e-09	2.0115147	-0.001958157	-0.06866217	0.3621636	0.0017720758	0.014875	49.0	9797.056074619293
436	415.86563	1.8011491	417.4	410.4	80.0	52440000	3.259629e-09	1.8906093	-0.0017045975	-0.050656557	0.35708374	0.0014879121	0.010733333	49.0	9817.806805372238
437	416.2606	3.830513	425.05	397.1	80.0	52560000	-8.1490725e-10	2.0186357	-0.0019692848	-0.09323405	0.3443293	0.0017907782	0.015491666	49.0	9838.536393404007
438	419.82275	21.32665	539.7	407.3	78.121216	52680000	3.7252903e-09	2.1124609	-0.0017579615	-0.08457148	0.3473596	0.0014695434	0.012758333	49.0	9859.358415842056
439	413.62646	42.620758	540.3	200.55	78.17647	52800000	-5.122274e-09	2.2735295	-0.0019789627	-0.14913534	0.34652776	0.0017616935	0.014133333	49.0	9880.126460790634
440	416.66876	1.4207028	419.9	411.6	80.0	52920000	6.7520887e-09	1.9174926	-0.0017448767	-0.07059774	0.3511014	0.0015034073	0.012816668	49.0	9900.845396995544
441	416.91562	1.3414315	420.0	411.9	80.0	53040000	-1.1641532e-10	1.9459329	-0.0016379781	-0.062199548	0.3557058	0.001406264	0.012458334	49.0	9921.638622999191
442	416.20312	1.1455042	418.0	411.9	80.0	53160000	-5.9371814e-09	1.8730714	-0.0017698294	-0.05450225	0.34961426	0.0017937104	0.016275	49.0	9942.46573638916
443	400.27432	56.42001	422.05	200.2	80.0	53280000	-1.8626451e-09	2.6581192	-0.0020241523	-0.3046378	0.3390187	0.0017133438	0.0150833335	49.0	9963.215311050415
444	423.9441	29.78644	544.2	410.9	76.26471	53400000	-2.7939677e-09	2.1101484	-0.0017431915	-0.14519617	0.34609345	0.0018000511	0.0151	49.0	9983.967653989792
445	420.78787	21.423693	541.9	415.7	78.09091	53520000	-4.656613e-10	1.9056039	-0.0017357289	-0.050524652	0.34295818	0.0015855791	0.01235	49.0	10004.650364398956
446	417.13483	0.88287294	420.0	415.1	80.0	53640000	-9.313226e-10	1.8606331	-0.0015889057	-0.06241396	0.3426304	0.0015587716	0.013016666	49.0	10025.514382362366
447	417.39117	2.0770612	427.4	414.4	80.0	53760000	2.7939677e-09	2.0119576	-0.0017945477	-0.050280705	0.33944884	0.0016359459	0.013408333	49.0	10046.424729824066
448	417.2061	1.0068533	421.95	415.6	80.0	53880000	2.7939677e-09	2.0415769	-0.0017227907	-0.077600166	0.33646274	0.0012420921	0.012775	49.0	10067.24984407425
449	417.42856	2.5340338	427.45	415.2	80.0	54000000	-2.561137e-09	1.9273582	-0.0017721388	-0.050486207	0.33332777	0.005326053	0.013941666	49.0	10087.980294942856
450	420.37057	20.64563	538.7	412.3	78.20588	54120000	-6.0535967e-09	2.0404005	-0.0018582379	-0.049976036	0.34954977	0.0015735775	0.013366667	49.0	10108.752533912659
451	416.5922	1.6534102	420.95	410.5	80.0	54240000	-1.0360964e-08	1.8931091	-0.0016203688	-0.03160444	0.35664442	0.0012288961	0.011933334	49.0	10129.530657529831
452	417.47058	2.7270172	429.9	414.9	80.0	54360000	4.656613e-09	1.9790579	-0.0015887707	-0.055904225	0.34896624	0.0015450544	0.012516666	49.0	10150.456575155258
453	420.43677	19.508423	532.1	414.1	78.29412	54480000	1.8626451e-09	2.0417113	-0.002114023	-0.055141017	0.35258454	0.0018026303	0.014383333	49.0	10171.33735704422
454	416.84064	0.84293145	420.0	415.7	80.0	54600000	-6.2282197e-09	1.9311075	-0.0017150056	-0.0434815	0.35310456	0.0015987699	0.014599999	49.0	10192.318108797073
455	417.0773	2.2059553	427.95	411.8	80.0	54720000	-4.4237822e-09	1.915607	-0.0016484633	-0.066983536	0.3516729	0.0014302148	0.012583334	49.0	10213.253378152847
456	423.98856	29.263018	546.4	415.5	76.4	54840000	-3.7252903e-09	2.125945	-0.0018186579	-0.061922997	0.3462699	0.0013084556	0.01165	49.0	10234.163610458374
457	416.38123	1.3962969	417.9	410.7	80.0	54960000	1.0477379e-09	2.0140696	-0.0017287433	-0.057301164	0.3539071	0.0015440688	0.013775	49.0	10255.120393276215
458	416.51215	2.4240942	427.2	411.3	80.0	55080000	-4.656613e-10	1.961808	-0.0017625338	-0.06274508	0.34762838	0.0015584965	0.01285	49.0	10276.042130708694
459	419.81213	21.249866	539.5	410.2	78.121216	55200000	7.450581e-09	2.0969799	-0.0019200529	-0.060024038	0.34186178	0.0014660687	0.012516666	49.0	10297.051143884659
460	415.4969	2.750852	418.2	406.9	80.0	55320000	5.4424163e-09	2.0479789	-0.0022082373	-0.050482407	0.3452434	0.0017159061	0.015816666	49.0	10317.917544841766
461	415.61514	3.3327663	420.2	400.7	80.0	55440000	-1.1641532e-10	1.9377816	-0.0017990378	-0.06669378	0.34219998	0.0012553767	0.013658334	49.0	10338.76670384407
462	420.39395	21.526287	542.1	413.9	78.09091	55560000	-4.656613e-10	1.944772	-0.001703582	-0.061602756	0.34495717	0.0013708384	0.012691667	49.0	10359.642660140991
463	420.24243	20.894922	538.4	414.6	78.15151	55680000	8.8475645e-09	2.0046444	-0.0018084117	-0.052925706	0.33752987	0.0015818472	0.0123333335	49.0	10380.528491735458
464	420.13635	20.987225	538.7	411.2	78.15151	55800000	-9.313226e-10	1.979608	-0.0016478619	-0.055253	0.33595628	0.0020288713	0.01365	49.0	10401.448471307755
465	416.25937	0.82190925	417.1	412.7	80.0	55920000	7.9744495e-09	1.8856701	-0.0015720245	-0.059507802	0.33889914	0.0013436315	0.012016666	49.0	10422.386306285858
466	416.6891	1.0717782	421.75	415.1	80.0	56040000	-8.731149e-09	1.9031092	-0.0016044142	-0.073424384	0.3316697	0.001405673	0.0107	49.0	10443.47446012497
467	416.8015	1.6760554	425.65	414.4	80.0	56160000	4.656613e-10	1.9988337	-0.0016408358	-0.083103865	0.33669624	0.001262451	0.013583333	49.0	10464.49827003479
468	417.22208	1.904608	425.85	415.4	80.0	56280000	-4.656613e-09	1.9490262	-0.0016062236	-0.0690248	0.32865712	0.004686337	0.015700001	49.0	10485.460507392883
469	416.5838	1.6904439	422.55	413.6	80.0	56400000	4.656613e-09	1.845253	-0.0017778226	-0.06090425	0.33937883	0.0019606072	0.015991665	49.0	10506.509535551071
470	417.0397	2.4668326	427.85	414.9	80.0	56520000	5.4424163e-09	1.9406023	-0.0015536926	-0.049116462	0.33263326	0.0013804092	0.014066666	49.0	10527.581238269806
471	409.37878	40.998318	421.35	177.55	80.0	56640000	-8.381903e-09	2.3239708	-0.001858175	-0.22969261	0.33531386	0.0014985749	0.014566667	49.0	10548.53067779541
472	416.97058	2.356658	427.5	413.9	80.0	56760000	-9.313226e-10	1.9210513	-0.0016188305	-0.08528735	0.32502759	0.0016484518	0.012008334	49.0	10569.53580379486
473	416.74557	1.3852363	422.55	412.8	80.0	56880000	5.9371814e-09	1.9223762	-0.0014542313	-0.067333326	0.32827872	0.0013403236	0.011516667	49.0	10590.596234798431
474	416.80453	1.8888983	426.95	415.1	80.0	57000000	-1.5133992e-09	1.8419853	-0.0014807669	-0.063098475	0.3327853	0.0013866515	0.012816667	49.0	10611.89586353302
475	416.17578	1.7935948	417.3	407.2	80.0	57120000	3.3760443e-09	1.9918985	-0.0015247826	-0.060733154	0.33171988	0.0009764895	0.009658333	49.0	10633.007602930069
476	416.3103	1.0413378	419.1	412.75	80.0	57240000	-1.1059456e-09	2.1968741	-0.0018484378	-0.058020055	0.32363698	0.0010974543	0.013216667	49.0	10654.17973780632
477	416.90784	1.1800526	421.95	415.3	80.0	57360000	2.910383e-09	1.8871546	-0.0016409395	-0.0537048	0.31690565	0.0014616253	0.0129	49.0	10675.369620800018
478	416.8818	2.264176	427.45	411.5	80.0	57480000	4.656613e-09	2.0384104	-0.0015248638	-0.08305548	0.31650597	0.0013834622	0.0131250005	49.0	10696.640548467636
479	416.66513	2.0561242	424.4	410.5	80.0	57600000	-4.656613e-09	1.8319416	-0.0014191623	-0.06800081	0.3141033	0.0016041457	0.014725	49.0	10717.912760734558
480	417.0	2.3405218	428.45	414.8	80.0	57720000	1.1641532e-09	1.9005392	-0.0014784702	-0.061822623	0.31972462	0.0014313837	0.011050001	49.0	10739.190677404404
481	416.5303	1.1177578	422.3	415.4	80.0	57840000	-5.820766e-09	2.1388454	-0.0015534561	-0.059078753	0.32075638	0.0014076608	0.011716667	49.0	10760.39191865921
482	416.9909	1.7589765	425.05	414.8	80.0	57960000	-4.1909516e-09	1.9650435	-0.0014728066	-0.053474054	0.31771758	0.0013520049	0.011600001	49.0	10781.470674753189
483	416.86212	1.5225105	425.1	415.9	80.0	58080000	2.7939677e-09	1.9672517	-0.0015179038	-0.060687363	0.31606314	0.0013918246	0.01345	49.0	10802.690012931824
484	416.03638	2.287493	419.2	406.0	80.0	58200000	7.916242e-09	2.1300988	-0.0016590019	-0.060436696	0.3136471	0.0014891017	0.012800001	49.0	10823.935627698898
485	417.1265	1.9211725	425.55	416.1	80.0	58320000	2.3283064e-09	1.9868612	-0.001563444	-0.060566917	0.31810063	0.0014165489	0.011841666	49.0	10844.921338558197
486	416.51575	5.828217	424.75	384.0	80.0	58440000	-2.3283064e-10	2.0551496	-0.0016288611	-0.07267974	0.30511862	0.0017902369	0.013683334	49.0	10865.831540107727
487	419.5706	18.936136	528.1	409.3	78.35294	58560000	7.916242e-09	2.0763102	-0.00159534	-0.050664514	0.3166321	0.001295141	0.012208333	49.0	10886.678743124008
488	417.14413	1.7985184	424.15	415.9	80.0	58680000	-3.0267984e-09	1.9430285	-0.0015739645	-0.07025491	0.31770515	0.0015623493	0.013141667	49.0	10907.62863779068
489	423.53244	28.02684	541.6	404.85	76.64865	58800000	3.259629e-09	2.1888256	-0.0015794425	-0.08476357	0.29855514	0.0013746623	0.013266666	49.0	10928.626532554626
490	415.3386	7.974343	425.1	375.45	80.0	58920000	-3.958121e-09	2.1303983	-0.0017673022	-0.078777164	0.3062507	0.001321776	0.011016667	49.0	10949.613855600357
491	416.20312	2.4003248	417.1	402.9	80.0	59040000	-6.0535967e-09	1.94697	-0.0015550144	-0.07491793	0.30300522	0.001438959	0.012416666	49.0	10970.507854700089
492	416.72424	1.7128348	422.15	410.1	80.0	59160000	1.1641532e-09	1.9711936	-0.0014407298	-0.04647173	0.30946863	0.0014001082	0.013700001	49.0	10991.507452011108
493	416.74063	1.6445149	422.05	411.2	80.0	59280000	-5.4133125e-09	1.9476984	-0.0016184078	-0.04585132	0.30508643	0.0012945678	0.012758333	49.0	11012.762681722641
494	420.88235	21.487535	543.8	415.8	78.117645	59400000	-5.5879354e-09	2.0822082	-0.0017062114	-0.06254502	0.3016491	0.005652264	0.018116668	49.0	11033.767139196396
495	413.8556	10.710281	422.1	361.8	80.0	59520000	2.7939677e-09	2.276691	-0.0017084857	-0.09630567	0.30281752	0.001324758	0.016075	49.0	11054.758687019348
496	416.15	6.320171	423.2	381.85	80.0	59640000	4.3655746e-09	2.132007	-0.0017443371	-0.061965108	0.30157667	0.0014554542	0.013350001	49.0	11075.75411438942
497	418.83243	21.997036	543.4	386.45	78.27027	59760000	-9.313226e-10	2.360333	-0.0018119403	-0.07861711	0.30131721	0.00151989	0.013366667	49.0	11096.797356367111
498	416.62286	1.8794128	425.75	412.1	80.0	59880000	-2.7939677e-09	2.0558457	-0.0015511259	-0.07842432	0.30347902	0.001514592	0.012833334	49.0	11117.774846792221
499	415.48087	10.940124	424.85	353.6	80.0	60000000	-2.561137e-09	2.1188345	-0.0014541419	-0.09148258	0.30602127	0.0012462069	0.012308333	49.0	11138.732345342636
