Episode	TestRet	TestSteps	AverageEpRet	StdEpRet	MaxEpRet	MinEpRet	EpLen	Time
50	-108.00000160932541	80.0	-93.21001	5.8696933	-77.450005	-104.85	80.0	1 min 32 sec
100	-98.60000199824572	80.0	-91.487015	7.010591	-80.05	-109.75	80.0	3 min 19 sec
150	-127.0000039190054	80.0	-87.45001	9.166319	-60.5	-103.450005	80.0	5 min 8 sec
200	-104.40000151097775	80.0	-84.698006	8.159313	-68.450005	-100.85	80.0	6 min 57 sec
250	-77.45000388212502	80.0	-79.98701	10.77749	-49.350002	-99.8	80.0	8 min 41 sec
300	-155.4000047184527	80.0	-77.714005	14.52915	-20.650002	-103.200005	80.0	10 min 29 sec
350	-128.3350053664297	80.0	-74.276	15.793158	-37.55	-102.05	80.0	12 min 14 sec
400	-145.70000621303916	80.0	-72.176	13.406517	-35.65	-101.200005	80.0	14 min 1 sec
450	-167.20000702887774	80.0	-65.271996	14.845515	-20.800001	-96.450005	80.0	15 min 50 sec
500	-147.90000681206584	80.0	-63.727997	17.590504	-27.150002	-95.35	80.0	17 min 37 sec
550	-163.10000712051988	80.0	-63.743004	19.65961	-11.200001	-90.85	80.0	19 min 25 sec
600	-109.03500572815537	80.0	-48.709	26.698904	30.3	-89.3	80.0	21 min 14 sec
650	-72.17500246874988	80.0	-46.16	26.224052	55.649998	-90.6	80.0	22 min 59 sec
700	-47.3500030875206	80.0	-44.603004	27.164465	27.65	-86.05	80.0	24 min 48 sec
750	-176.39000902883708	80.0	-36.404003	27.226372	26.85	-95.950005	80.0	26 min 35 sec
800	-30.10000214278698	80.0	-32.530003	38.722622	74.2	-94.0	80.0	28 min 20 sec
850	-81.94000455290079	80.0	-22.715	39.848503	77.4	-81.1	80.0	30 min 5 sec
900	-117.80000475794077	80.0	-16.720003	34.80961	102.3	-87.450005	80.0	31 min 55 sec
950	-52.26500289477408	80.0	-9.615002	48.411354	99.45	-81.65	80.0	33 min 42 sec
1000	-92.48000478930771	80.0	-11.524	42.48762	75.4	-88.15	80.0	35 min 29 sec
1050	21.38999691940844	80.0	-11.702001	41.694843	100.7	-84.1	80.0	37 min 18 sec
1100	-95.24000499248504	80.0	10.617999	52.2984	118.35	-80.4	80.0	39 min 5 sec
1150	-38.54500359855592	80.0	6.166999	43.25728	107.15	-62.25	80.0	40 min 52 sec
1200	-45.630003003031014	80.0	-6.070001	44.675735	122.6	-88.05	80.0	42 min 38 sec
1250	19.39999852925539	80.0	11.045999	56.164993	156.1	-79.05	80.0	44 min 23 sec
1300	-79.35000664740801	80.0	13.793999	58.328342	155.45	-90.75	80.0	46 min 10 sec
1350	-57.64000194408	80.0	7.9319997	46.50913	106.7	-87.3	80.0	47 min 57 sec
1400	-13.000004393607378	80.0	22.637	49.626904	152.85	-71.6	80.0	49 min 46 sec
1450	-118.75000618547202	80.0	26.161	46.315903	172.65	-49.5	80.0	51 min 34 sec
1500	-97.35000397637486	80.0	23.94	47.309715	142.85	-69.75	80.0	53 min 21 sec
1550	-27.580001797899605	80.0	38.362	50.236782	188.25	-34.2	80.0	55 min 7 sec
1600	30.844996209815143	80.0	28.802998	56.396732	139.3	-75.05	80.0	56 min 55 sec
1650	12.22499704733491	80.0	37.028	43.91466	126.299995	-54.75	80.0	58 min 44 sec
1700	-27.540004900842906	80.0	35.175	55.8417	156.6	-78.05	80.0	1 h 0 min 30 sec
1750	-86.35000626370311	80.0	41.23	48.600727	166.7	-60.75	80.0	1 h 2 min 20 sec
1800	-109.50000713095069	80.0	27.796997	40.675377	136.05	-57.15	80.0	1 h 4 min 10 sec
1850	-49.54500278569758	80.0	36.829002	51.11263	147.0	-64.35	80.0	1 h 5 min 56 sec
1900	-38.02000607848167	80.0	45.512	46.372173	143.9	-46.4	80.0	1 h 7 min 43 sec
1950	-41.80000502243638	80.0	44.452003	54.428143	143.7	-103.05	80.0	1 h 9 min 32 sec
2000	-33.7550035379827	80.0	43.727997	48.932144	127.299995	-81.0	80.0	1 h 11 min 19 sec
2050	-19.110004770383238	80.0	53.179	44.43197	150.7	-75.450005	80.0	1 h 13 min 9 sec
2100	-83.33500637561083	80.0	34.235	43.25051	128.5	-58.100002	80.0	1 h 14 min 59 sec
2150	18.999997867643835	80.0	55.466995	46.37784	150.75	-40.45	80.0	1 h 16 min 46 sec
2200	5.024997653439641	80.0	32.512	45.81269	134.55	-64.4	80.0	1 h 18 min 35 sec
2250	57.14999704062939	80.0	46.485	35.05778	123.549995	-41.250004	80.0	1 h 20 min 26 sec
2300	-50.01000439673662	80.0	50.98	39.81634	138.0	-60.15	80.0	1 h 22 min 15 sec
2350	-40.050004072487354	80.0	44.742992	41.901375	141.0	-34.2	80.0	1 h 24 min 6 sec
2400	-42.39500645250082	80.0	45.941994	40.69231	157.84999	-28.300001	80.0	1 h 25 min 56 sec
2450	18.194997371733187	80.0	51.67	48.94754	159.4	-41.000004	80.0	1 h 27 min 42 sec
2500	-19.30000122487545	80.0	50.253998	46.11192	154.0	-54.550003	80.0	1 h 29 min 30 sec
2550	69.89999761804938	80.0	55.421997	51.74426	156.3	-49.45	80.0	1 h 31 min 20 sec
2600	49.26999794393778	80.0	56.719994	51.495613	169.15	-51.600002	80.0	1 h 33 min 5 sec
2650	12.649996433407068	80.0	58.5	47.7603	154.65	-56.550003	80.0	1 h 34 min 55 sec
2700	-50.415001744404435	80.0	64.434	54.816925	152.8	-28.450003	80.0	1 h 36 min 40 sec
2750	99.99999729543924	80.0	72.195	52.591618	197.55	-22.95	80.0	1 h 38 min 27 sec
2800	30.5099979609251	80.0	78.952995	49.214046	171.25	-23.050001	80.0	1 h 40 min 11 sec
2850	69.11999701708555	80.0	70.418	44.28228	158.84999	-27.600002	80.0	1 h 41 min 57 sec
2900	22.669996900483966	80.0	84.799	44.217297	183.45	-15.550001	80.0	1 h 43 min 45 sec
2950	17.81499751880765	80.0	58.843002	52.557327	164.55	-46.65	80.0	1 h 45 min 28 sec
3000	-23.310003338009118	80.0	74.581	58.299267	199.2	-57.600002	80.0	1 h 47 min 13 sec
3050	83.74999751336873	80.0	71.420006	47.801517	169.3	-49.9	80.0	1 h 48 min 58 sec
3100	139.41499760113658	80.0	80.775	46.595783	170.55	-12.050003	80.0	1 h 50 min 44 sec
3150	-30.840002694353462	80.0	61.747997	45.90605	161.2	-48.45	80.0	1 h 52 min 30 sec
3200	78.83999746702611	80.0	73.277	52.748466	181.7	-69.4	80.0	1 h 54 min 15 sec
3250	-47.49000382348895	80.0	60.165	62.88581	170.8	-71.65	80.0	1 h 56 min 3 sec
3300	16.45999763906002	80.0	71.648994	47.177555	193.6	-14.350002	80.0	1 h 57 min 47 sec
3350	115.83499827347696	80.0	79.466	52.012455	196.4	-15.450002	80.0	1 h 59 min 35 sec
3400	18.36999672167003	80.0	70.93001	62.054817	183.85	-50.15	80.0	2 h 1 min 22 sec
3450	-69.35000268518925	80.0	68.634	56.858543	171.0	-39.65	80.0	2 h 3 min 6 sec
3500	160.03499772138895	80.0	79.04299	60.89769	205.0	-35.950005	80.0	2 h 4 min 50 sec
3550	13.074996824935079	80.0	88.682	58.549072	179.2	-53.100002	80.0	2 h 6 min 34 sec
3600	21.7449984703213	80.0	93.050995	62.05959	235.0	-17.050001	80.0	2 h 8 min 18 sec
3650	-9.050002685189247	80.0	96.624	52.62731	206.4	-67.25	80.0	2 h 10 min 2 sec
3700	145.26999678909777	80.0	98.61099	55.083004	213.75	-30.6	80.0	2 h 11 min 47 sec
3750	105.41999737247825	80.0	74.475	59.642414	189.0	-48.350002	80.0	2 h 13 min 35 sec
3800	169.85999773852527	80.0	88.237	58.318714	216.9	-53.600002	80.0	2 h 15 min 20 sec
3850	181.8049981072545	80.0	90.91402	51.624393	217.65	-19.150002	80.0	2 h 17 min 4 sec
3900	12.679995685070754	80.0	94.65099	45.701084	180.2	-6.7000012	80.0	2 h 18 min 52 sec
3950	16.834995007514955	80.0	86.567986	48.48498	190.95	-4.650003	80.0	2 h 20 min 37 sec
4000	58.78999691084027	80.0	71.39299	40.56429	178.9	-18.450003	80.0	2 h 22 min 23 sec
4050	28.16999915316701	80.0	76.894	56.68095	261.75	-18.0	80.0	2 h 24 min 12 sec
4100	11.854999428987503	80.0	76.42	42.789215	197.15	2.7999988	80.0	2 h 25 min 57 sec
4150	27.789996529743075	80.0	77.597	48.640377	235.45	-10.650001	80.0	2 h 27 min 44 sec
4200	87.73499677553772	80.0	80.463005	55.93883	212.34999	-26.350002	80.0	2 h 29 min 31 sec
4250	59.87999669015407	80.0	87.124	56.502617	168.4	-82.5	80.0	2 h 31 min 19 sec
4300	93.22999605610967	80.0	89.211006	49.364525	175.5	-33.75	80.0	2 h 33 min 2 sec
4350	131.66499845646322	80.0	97.41999	52.979076	232.59999	-8.4000025	80.0	2 h 34 min 47 sec
4400	65.47999772913754	80.0	93.17	42.32994	184.75	0.49999887	80.0	2 h 36 min 30 sec
4450	100.18999761380255	80.0	82.623	50.485245	205.35	-55.850002	80.0	2 h 38 min 16 sec
4500	118.919998248294	80.0	94.660995	49.835194	235.05	-24.800001	80.0	2 h 40 min 1 sec
4550	22.794996989890933	80.0	88.59499	48.65296	195.59999	-6.800005	80.0	2 h 41 min 49 sec
4600	14.854994759708642	80.0	90.074005	53.589817	211.84999	-36.850002	80.0	2 h 43 min 35 sec
4650	121.54999899491668	80.0	94.722015	57.283657	192.55	-67.6	80.0	2 h 45 min 19 sec
4700	126.08999777957797	80.0	94.39299	54.97043	201.65	-53.100002	80.0	2 h 47 min 5 sec
4750	39.8349958088249	80.0	103.22401	40.069416	197.75	-19.150002	80.0	2 h 48 min 49 sec
4800	38.72999908253551	80.0	112.804	55.46086	246.15	-9.250001	80.0	2 h 50 min 30 sec
4850	12.819997202977538	80.0	93.62301	43.586216	231.09999	-6.450001	80.0	2 h 52 min 13 sec
4900	93.93499714508653	80.0	95.77601	53.10613	212.84999	-18.75	80.0	2 h 53 min 57 sec
4950	70.00999864861369	80.0	92.412	58.92281	228.5	-25.300001	80.0	2 h 55 min 42 sec
5000	115.82999743409455	80.0	89.842	55.333748	208.75	-19.300001	80.0	2 h 57 min 28 sec
5050	64.56499733105302	80.0	90.633995	43.63971	192.3	-6.750001	80.0	2 h 59 min 12 sec
5100	102.54499781765044	80.0	83.203995	47.149094	181.3	-33.500004	80.0	3 h 0 min 57 sec
5150	39.339997927472	80.0	92.885	51.422455	176.65	-57.2	80.0	3 h 2 min 39 sec
5200	135.7799984548241	80.0	101.385	45.97049	220.84999	10.599998	80.0	3 h 4 min 21 sec
5250	52.709997330233456	80.0	76.891	54.72334	190.05	-29.95	80.0	3 h 6 min 4 sec
5300	65.68999696150422	80.0	76.565994	47.57173	185.2	-60.65	80.0	3 h 7 min 48 sec
5350	167.69999758154154	80.0	91.851	48.72873	185.25	-30.45	80.0	3 h 9 min 30 sec
5400	51.414997185766694	80.0	100.744	46.037933	207.95	-13.300001	80.0	3 h 11 min 15 sec
5450	119.92999766282738	80.0	99.47701	45.399002	176.2	-31.250002	80.0	3 h 12 min 57 sec
5500	156.37999829277396	80.0	88.29499	44.779446	181.8	-0.05000159	80.0	3 h 14 min 41 sec
5550	67.7599980443716	80.0	70.495	48.47158	173.55	-25.850002	80.0	3 h 16 min 26 sec
5600	-5.660001132264734	80.0	82.299	48.645256	203.15	-0.9000013	80.0	3 h 18 min 10 sec
5650	13.429996968433262	80.0	80.022	47.099102	178.0	-20.95	80.0	3 h 19 min 54 sec
5700	133.68999823629855	80.0	84.324	43.50741	189.09999	-20.650002	80.0	3 h 21 min 37 sec
5750	2.869995956867933	80.0	98.40699	45.258736	202.6	16.899998	80.0	3 h 23 min 23 sec
5800	79.57999622486531	80.0	85.04099	52.52387	180.3	-28.050003	80.0	3 h 25 min 10 sec
5850	42.244996988400814	80.0	102.76999	34.99296	175.3	30.65	80.0	3 h 26 min 53 sec
5900	67.26499783992767	80.0	92.99	58.113663	234.0	-15.000002	80.0	3 h 28 min 34 sec
5950	65.23499782569706	80.0	85.313995	45.448555	175.7	-8.250001	80.0	3 h 30 min 16 sec
6000	100.72499744445085	80.0	90.99501	49.265648	204.7	-20.6	80.0	3 h 31 min 59 sec
6050	80.18499795496464	80.0	89.211	46.22294	187.15	-3.7000005	80.0	3 h 33 min 42 sec
6100	-81.34000525325537	80.0	94.522	49.94477	192.84999	-0.05000179	80.0	3 h 35 min 28 sec
6150	22.959996422380208	80.0	92.46299	56.041092	241.95	-16.350002	80.0	3 h 37 min 10 sec
6200	58.494999178126456	80.0	100.92199	46.182312	225.3	17.299997	80.0	3 h 38 min 54 sec
6250	94.35499542281032	80.0	104.94	36.595703	180.05	1.8499993	80.0	3 h 40 min 38 sec
6300	9.51499779522419	80.0	103.21	47.749928	208.45	12.599999	80.0	3 h 42 min 21 sec
6350	39.57999364510179	80.0	100.41901	46.094246	193.55	-4.300001	80.0	3 h 44 min 5 sec
6400	-5.63500402495265	80.0	87.553	51.53644	249.4	-8.250001	80.0	3 h 45 min 48 sec
6450	152.50999847576023	80.0	84.296	53.84736	196.65	-35.250004	80.0	3 h 47 min 30 sec
6500	134.21499751918017	80.0	89.366	60.765766	228.9	-11.950002	80.0	3 h 49 min 13 sec
6550	6.164997234568	80.0	98.61801	62.360657	239.4	-32.300003	80.0	3 h 50 min 54 sec
6600	35.21499824337661	80.0	86.694	47.984386	192.75	-32.15	80.0	3 h 52 min 36 sec
6650	49.07999638020992	80.0	79.685	52.777332	171.7	-27.650002	80.0	3 h 54 min 18 sec
6700	114.32999689653516	80.0	84.29099	47.077145	189.55	-19.95	80.0	3 h 55 min 59 sec
6750	65.33999722339213	80.0	86.754005	52.118435	172.59999	-49.75	80.0	3 h 57 min 41 sec
6800	184.57999679222704	80.0	87.269005	52.487125	228.65	-28.000002	80.0	3 h 59 min 27 sec
6850	84.27999571673573	80.0	83.879005	53.07394	233.4	2.849999	80.0	4 h 1 min 12 sec
6900	60.319997031986716	80.0	79.25	61.69611	226.25	-53.350002	80.0	4 h 2 min 58 sec
6950	199.85499617680907	80.0	100.70699	54.957	193.7	-14.1	80.0	4 h 4 min 42 sec
7000	96.95999634675681	80.0	93.186005	53.86992	208.4	-16.900002	80.0	4 h 6 min 26 sec
7050	109.31999588236212	80.0	95.79399	51.42431	200.95	-29.250004	80.0	4 h 8 min 11 sec
7100	-12.470004430413246	80.0	104.449	51.951477	197.45	-25.900002	80.0	4 h 9 min 54 sec
7150	53.274998349696396	80.0	107.806	60.54655	256.25	-42.800003	80.0	4 h 11 min 31 sec
7200	3.2199961189180613	80.0	100.185	55.307392	212.3	-25.900002	80.0	4 h 13 min 5 sec
7250	120.44999672174454	80.0	91.123	54.80824	197.9	-32.4	80.0	4 h 14 min 43 sec
7300	57.339996259287	80.0	87.815994	63.85361	233.8	-18.35	80.0	4 h 16 min 18 sec
7350	114.73999706655741	80.0	81.999	65.60511	238.25	-31.9	80.0	4 h 17 min 53 sec
7400	45.79999569803476	80.0	90.49999	58.854717	205.5	-23.500002	80.0	4 h 19 min 27 sec
7450	116.36499785259366	80.0	102.162	61.312515	243.5	-12.850002	80.0	4 h 21 min 3 sec
7500	115.27999652773141	80.0	97.20899	58.288948	209.25	-17.550001	80.0	4 h 22 min 40 sec
7550	105.21499823592603	80.0	99.342	56.686256	264.45	-42.0	80.0	4 h 24 min 13 sec
7600	69.01499585993588	80.0	115.22101	54.983086	281.5	1.3499992	80.0	4 h 25 min 50 sec
7650	104.87499566301703	80.0	94.241	66.01827	249.45	-53.95	80.0	4 h 27 min 25 sec
7700	37.49499820694327	80.0	97.312004	56.376842	190.6	-14.800002	80.0	4 h 29 min 3 sec
7750	43.914997628331186	80.0	92.864006	57.318775	218.65	-28.650003	80.0	4 h 30 min 41 sec
7800	114.61499729454518	80.0	106.317	59.519188	224.95	-26.5	80.0	4 h 32 min 16 sec
7850	154.37499716095627	80.0	94.101	45.69488	168.59999	-38.2	80.0	4 h 33 min 50 sec
7900	-15.935001581907272	80.0	103.30699	54.157475	223.7	-15.150002	80.0	4 h 35 min 23 sec
7950	59.194996550306676	80.0	103.51499	53.961468	222.4	-6.950002	80.0	4 h 36 min 57 sec
8000	157.54999745450914	80.0	103.097	62.08142	231.05	-30.6	80.0	4 h 38 min 33 sec
8050	93.75999758280814	80.0	118.322	53.18182	202.25	-21.250002	80.0	4 h 40 min 9 sec
8100	143.30999669581652	80.0	119.352005	53.27702	225.2	-17.900002	80.0	4 h 41 min 47 sec
8150	5.099996589124203	80.0	103.765	55.790474	200.05	-29.050001	80.0	4 h 43 min 25 sec
8200	28.029996779561042	80.0	104.855995	63.46515	216.09999	-57.750004	80.0	4 h 45 min 0 sec
8250	172.3699972283095	80.0	134.11899	55.580105	247.9	-40.7	80.0	4 h 46 min 34 sec
8300	220.13499735966326	80.0	132.395	58.457012	299.05	-8.850001	80.0	4 h 48 min 9 sec
8350	167.43999789059163	80.0	118.70599	57.244003	230.45	-26.000002	80.0	4 h 49 min 50 sec
8400	128.1699966635555	80.0	137.49998	59.86657	257.5	-12.400001	80.0	4 h 51 min 32 sec
8450	97.74999700412154	80.0	125.035	49.560944	231.75	-7.0000005	80.0	4 h 53 min 15 sec
8500	144.77999600805342	80.0	125.724014	61.530933	301.75	5.8499994	80.0	4 h 54 min 59 sec
8550	140.5299977578223	80.0	134.2	73.01119	289.75	-10.750002	80.0	4 h 56 min 40 sec
8600	2.9449930973351	80.0	126.314	58.35827	263.1	-13.200001	80.0	4 h 58 min 16 sec
8650	72.14499630406499	80.0	148.605	70.05972	288.7	-9.3	80.0	4 h 59 min 54 sec
8700	111.32999628223479	80.0	115.838	68.169624	252.55	-27.950003	80.0	5 h 1 min 33 sec
8750	173.01999848522246	80.0	126.65099	68.55532	241.15	-51.350002	80.0	5 h 3 min 9 sec
8800	153.04999651387334	80.0	136.585	61.63029	247.25	-1.100002	80.0	5 h 4 min 50 sec
8850	173.39999847486615	80.0	139.06898	70.28537	280.1	-34.4	80.0	5 h 6 min 25 sec
8900	191.1599978774786	80.0	148.64299	62.942295	268.25	4.2499976	80.0	5 h 7 min 59 sec
8950	191.96999807320535	80.0	137.62	61.3893	281.3	-15.550001	80.0	5 h 9 min 35 sec
9000	128.71999755874276	80.0	126.875	50.49402	223.34999	25.599998	80.0	5 h 11 min 15 sec
9050	129.81499671079217	80.0	131.752	60.90675	264.1	-8.800001	80.0	5 h 12 min 52 sec
9100	16.899996599555017	80.0	131.50299	61.832554	266.25	-19.45	80.0	5 h 14 min 29 sec
9150	74.63999565243721	80.0	148.21399	47.53623	255.3	50.749996	80.0	5 h 16 min 6 sec
9200	31.444996435567738	80.0	134.439	49.907856	232.95	33.25	80.0	5 h 17 min 42 sec
9250	72.8499945037067	80.0	118.665	61.283585	253.95	-14.750002	80.0	5 h 19 min 20 sec
9300	198.74999782443047	80.0	140.695	60.465427	292.15	-29.350002	80.0	5 h 20 min 56 sec
9350	203.12999496236444	80.0	124.782005	68.0603	252.5	-7.15	80.0	5 h 22 min 33 sec
9400	165.70499478653073	80.0	152.562	74.36967	313.4	-24.300001	80.0	5 h 24 min 10 sec
9450	191.79999600723386	80.0	140.609	59.61459	292.75	-28.2	80.0	5 h 25 min 47 sec
9500	169.96499616876244	80.0	121.48999	60.38439	218.05	-10.500001	80.0	5 h 27 min 23 sec
9550	143.94999288767576	80.0	135.358	57.127884	240.3	20.099998	80.0	5 h 29 min 0 sec
9600	208.88999740630388	80.0	157.479	53.651356	255.75	38.25	80.0	5 h 30 min 39 sec
9650	210.54499793574215	80.0	145.507	63.071175	285.75	-27.2	80.0	5 h 32 min 17 sec
9700	179.26999917291104	80.0	166.642	58.38415	297.3	45.5	80.0	5 h 33 min 51 sec
9750	188.5199957922101	80.0	154.254	73.46439	337.95	-28.350002	80.0	5 h 35 min 27 sec
9800	188.60499778464435	80.0	163.371	51.64791	273.94998	69.35	80.0	5 h 37 min 3 sec
9850	109.48999635726213	80.0	157.252	60.15806	263.7	-28.750004	80.0	5 h 38 min 39 sec
9900	69.73499738611281	80.0	160.349	72.38111	299.1	-36.75	80.0	5 h 40 min 15 sec
9950	145.4999990016222	80.0	150.577	45.058125	269.35	59.499996	80.0	5 h 41 min 52 sec
10000	211.94999726004897	80.0	142.04901	59.28926	273.5	-22.2	80.0	5 h 43 min 28 sec
10050	200.74499754682182	80.0	144.87099	62.225716	238.7	-7.2000003	80.0	5 h 45 min 4 sec
10100	187.76999814584852	80.0	146.647	57.109314	287.35	19.099998	80.0	5 h 46 min 41 sec
10150	53.94999073073268	80.0	174.56998	59.168125	295.75	41.6	80.0	5 h 48 min 23 sec
10200	288.3349968481809	80.0	170.67499	66.1588	309.9	40.3	80.0	5 h 50 min 0 sec
10250	96.43499767966568	80.0	171.21	50.5162	295.6	43.649998	80.0	5 h 51 min 36 sec
10300	50.08999465443194	80.0	172.621	72.09617	333.05	-16.250002	80.0	5 h 53 min 12 sec
10350	49.39999797418714	80.0	152.34401	63.1157	294.7	46.35	80.0	5 h 54 min 46 sec
10400	79.41499750390649	80.0	146.888	60.812107	260.25	-16.800001	80.0	5 h 56 min 21 sec
10450	146.83999808579682	80.0	174.465	80.5797	356.05	-7.2500014	80.0	5 h 57 min 54 sec
10500	272.5749982148409	80.0	142.234	73.61536	294.25	-33.4	80.0	5 h 59 min 28 sec
10550	166.6549975208938	80.0	119.179	74.478905	258.75	-11.850001	80.0	6 h 1 min 3 sec
10600	184.48999710083007	80.0	169.452	61.906986	297.7	-8.100001	80.0	6 h 2 min 40 sec
10650	205.06499805264176	80.0	155.354	70.12328	314.6	-46.65	80.0	6 h 4 min 14 sec
10700	160.10999773405493	80.0	145.43599	60.71781	273.8	-7.1000013	80.0	6 h 5 min 50 sec
10750	180.5799983099103	80.0	171.57098	62.576775	307.8	17.099998	80.0	6 h 7 min 25 sec
10800	232.0949983086437	80.0	166.846	53.455242	299.6	50.35	80.0	6 h 9 min 0 sec
10850	144.17999595627188	80.0	174.66699	74.33903	314.2	-28.95	80.0	6 h 10 min 36 sec
10900	201.19999687373638	80.0	176.14	63.297253	305.05	56.75	80.0	6 h 12 min 13 sec
10950	317.8699962094426	80.0	194.209	81.48831	350.55	5.649999	80.0	6 h 13 min 49 sec
11000	175.92999703586102	80.0	158.214	69.09514	309.75	7.099999	80.0	6 h 15 min 25 sec
11050	209.9399971675128	80.0	172.10199	82.29211	336.05	-58.850002	80.0	6 h 17 min 0 sec
11100	159.8199980609119	80.0	164.85901	74.57087	360.05	-3.4000006	80.0	6 h 18 min 36 sec
11150	217.76499781943858	80.0	180.84898	75.544556	307.6	14.799998	80.0	6 h 20 min 11 sec
11200	117.7099960707128	80.0	176.534	70.51894	332.4	19.849997	80.0	6 h 21 min 50 sec
11250	164.05999808311464	80.0	177.54498	64.693245	317.3	18.0	80.0	6 h 23 min 27 sec
11300	330.48999786153433	80.0	175.59401	63.566868	341.9	3.0499978	80.0	6 h 25 min 1 sec
11350	182.4849963210523	80.0	175.48299	63.46386	307.7	-18.1	80.0	6 h 26 min 35 sec
11400	212.1199985872954	80.0	175.298	72.50612	316.5	27.8	80.0	6 h 28 min 11 sec
11450	218.60999829880893	80.0	197.194	81.13539	391.05	10.549997	80.0	6 h 29 min 48 sec
11500	214.38499649055302	80.0	185.02998	85.12292	409.45	-28.550001	80.0	6 h 31 min 24 sec
11550	168.3549978107214	80.0	178.07898	65.85448	310.1	48.6	80.0	6 h 33 min 1 sec
11600	253.48499753326178	80.0	198.721	65.46091	350.75	60.85	80.0	6 h 34 min 35 sec
11650	268.60499675162134	80.0	195.95702	66.466446	358.0	35.8	80.0	6 h 36 min 11 sec
11700	172.2849975284189	80.0	192.724	60.61329	343.35	10.349998	80.0	6 h 37 min 47 sec
11750	272.28999801911414	80.0	163.164	85.558205	341.15	-55.600002	80.0	6 h 39 min 20 sec
11800	207.52499812431634	80.0	205.767	68.26048	326.4	11.099999	80.0	6 h 40 min 57 sec
11850	169.74999767541885	80.0	212.93602	80.75219	403.05	-7.9500027	80.0	6 h 42 min 33 sec
11900	335.314997966215	80.0	210.795	79.7497	375.95	75.85	80.0	6 h 44 min 10 sec
11950	267.68999803066254	80.0	211.617	77.64431	359.1	3.499999	80.0	6 h 45 min 45 sec
12000	281.2549974009395	80.0	197.151	75.85302	370.2	22.649998	80.0	6 h 47 min 22 sec
12050	215.7999983344227	80.0	210.74203	77.681526	385.44998	59.5	80.0	6 h 48 min 57 sec
12100	184.3999986048788	80.0	184.339	78.127045	376.4	10.549998	80.0	6 h 50 min 32 sec
12150	123.88499617241322	80.0	189.92099	85.44705	387.3	-43.5	80.0	6 h 52 min 10 sec
12200	200.68499846160412	80.0	186.902	75.45027	337.0	-7.550001	80.0	6 h 53 min 46 sec
12250	234.31999871209263	80.0	197.96101	86.11619	355.3	21.4	80.0	6 h 55 min 23 sec
12300	199.24999671801925	80.0	207.961	89.911575	388.5	-29.7	80.0	6 h 57 min 1 sec
12350	118.52499916665256	80.0	200.31398	76.24334	368.45	29.3	80.0	6 h 58 min 37 sec
12400	314.45499796569345	80.0	177.07999	81.56304	331.1	-16.550001	80.0	7 h 0 min 12 sec
12450	266.2649978864938	80.0	192.29199	73.88904	302.55	-1.1500013	80.0	7 h 1 min 44 sec
12500	235.39999788478016	80.0	205.217	79.74532	401.4	-6.7000017	80.0	7 h 3 min 18 sec
12550	168.66999810561538	80.0	189.015	73.98574	352.25	16.099998	80.0	7 h 4 min 52 sec
12600	226.26999817974865	80.0	189.27101	69.88765	342.05	-11.300002	80.0	7 h 6 min 28 sec
12650	241.07499780356883	80.0	183.782	76.171036	354.35	23.25	80.0	7 h 8 min 3 sec
12700	266.2399962671101	80.0	197.61699	77.36993	352.6	38.1	80.0	7 h 9 min 38 sec
12750	73.1599993057549	80.0	221.16498	89.50004	391.55	-5.4000006	80.0	7 h 11 min 12 sec
12800	297.2249981254339	80.0	213.29	89.248566	345.95	-24.5	80.0	7 h 12 min 47 sec
12850	267.73499807976185	80.0	199.263	100.77523	368.5	-11.550001	80.0	7 h 14 min 21 sec
12900	204.75999760888516	80.0	199.16899	96.32807	352.1	-14.350001	80.0	7 h 15 min 55 sec
12950	329.129997337237	80.0	176.101	72.27604	307.8	-5.100002	80.0	7 h 17 min 28 sec
13000	254.54999836161733	80.0	189.61801	85.51791	311.0	5.3499994	80.0	7 h 19 min 5 sec
13050	202.1399971984327	80.0	200.06502	75.47317	336.95	36.95	80.0	7 h 20 min 39 sec
13100	174.01499847583472	80.0	205.17699	87.02286	363.45	-10.250002	80.0	7 h 22 min 15 sec
13150	169.60499810352923	80.0	196.20998	88.37926	340.95	10.449998	80.0	7 h 23 min 48 sec
13200	251.22999879792332	80.0	178.621	71.21708	338.55	-5.3000016	80.0	7 h 25 min 23 sec
13250	264.33499768413606	80.0	203.31102	87.631714	354.2	-15.050001	80.0	7 h 26 min 59 sec
13300	283.1849976915866	80.0	191.24303	84.71388	355.0	8.699998	80.0	7 h 28 min 34 sec
13350	214.14999817758797	80.0	202.34201	78.77022	386.15	20.9	80.0	7 h 30 min 8 sec
13400	310.12999860569835	80.0	196.226	71.02543	354.55	15.25	80.0	7 h 31 min 45 sec
13450	207.48999849967657	80.0	196.187	77.57007	384.55	-22.1	80.0	7 h 33 min 19 sec
13500	228.5049981098622	80.0	182.94801	83.87043	413.7	-19.4	80.0	7 h 34 min 55 sec
13550	318.41499776877464	80.0	208.52	64.47775	353.5	45.2	80.0	7 h 36 min 30 sec
13600	252.56499887518584	80.0	184.43301	82.92048	379.95	33.7	80.0	7 h 38 min 5 sec
13650	293.41499820761385	80.0	207.02701	59.85694	349.25	68.15	80.0	7 h 39 min 41 sec
13700	198.039998421818	80.0	178.142	81.184715	370.5	13.299997	80.0	7 h 41 min 16 sec
13750	272.7949979212135	80.0	186.364	80.884514	353.55	22.3	80.0	7 h 42 min 50 sec
13800	217.94499719031154	80.0	197.32903	75.37968	341.95	16.3	80.0	7 h 44 min 27 sec
13850	250.0749979633838	80.0	180.25102	74.62855	325.75	2.0999994	80.0	7 h 46 min 2 sec
13900	201.00999890342354	80.0	180.64102	74.870995	357.2	-0.10000226	80.0	7 h 47 min 39 sec
13950	242.88499834537507	80.0	192.36699	76.509636	341.2	15.399999	80.0	7 h 49 min 15 sec
14000	192.29499888308345	80.0	188.16801	84.82108	355.8	-26.800001	80.0	7 h 50 min 48 sec
14050	239.8449979323894	80.0	199.015	71.97235	359.1	30.9	80.0	7 h 52 min 23 sec
14100	171.48499766141177	80.0	192.414	80.4029	341.15	10.999998	80.0	7 h 53 min 59 sec
14150	254.3399984780699	80.0	220.80801	70.278755	365.15	26.699999	80.0	7 h 55 min 35 sec
14200	191.3699976865202	80.0	201.128	78.18108	331.1	19.699999	80.0	7 h 57 min 9 sec
14250	343.42499843612313	80.0	202.36798	82.322586	371.5	25.8	80.0	7 h 58 min 48 sec
14300	221.1599980890751	80.0	197.98299	78.20431	339.1	20.449999	80.0	8 h 0 min 23 sec
14350	232.82999942488968	80.0	181.65302	73.29038	329.0	18.749998	80.0	8 h 1 min 57 sec
14400	237.1349989812821	80.0	195.06796	85.73105	357.75	-18.65	80.0	8 h 3 min 32 sec
14450	289.19999777972697	80.0	202.05801	87.20529	372.5	2.2999992	80.0	8 h 5 min 6 sec
14500	216.78999858647586	80.0	188.38202	68.96612	308.3	-6.800001	80.0	8 h 6 min 41 sec
14550	192.0599979393184	80.0	191.81303	77.32365	353.5	14.849998	80.0	8 h 8 min 18 sec
14600	251.35999797359108	80.0	194.40498	75.92225	328.85	50.25	80.0	8 h 9 min 54 sec
14650	144.05499845407903	80.0	193.733	89.7559	400.7	-12.100001	80.0	8 h 11 min 27 sec
14700	149.48999767377973	80.0	194.258	77.91206	337.65	-16.850002	80.0	8 h 13 min 1 sec
14750	257.0799987334758	80.0	184.52899	81.95977	335.45	-6.3000007	80.0	8 h 14 min 36 sec
14800	220.70999873690306	80.0	200.128	81.7716	355.9	17.199999	80.0	8 h 16 min 10 sec
14850	294.53499837741253	80.0	183.351	79.50754	361.9	18.199999	80.0	8 h 17 min 44 sec
14900	306.54999810121956	80.0	205.812	72.498795	351.45	54.399998	80.0	8 h 19 min 20 sec
14950	249.37999782636763	80.0	167.59	83.34056	342.45	4.299999	80.0	8 h 20 min 57 sec
15000	252.30999770127238	80.0	199.27802	84.07473	338.55	27.0	80.0	8 h 22 min 34 sec
15050	285.71999846063557	80.0	176.92	93.94237	386.4	-24.45	80.0	8 h 24 min 9 sec
15100	295.93999740481377	80.0	198.82901	95.084724	341.15	-8.100001	80.0	8 h 25 min 45 sec
15150	304.53999770730735	80.0	194.909	86.715485	350.55	-42.4	80.0	8 h 27 min 23 sec
15200	266.5499981440604	80.0	199.08101	86.53002	344.8	-21.75	80.0	8 h 29 min 1 sec
15250	267.52499858662486	80.0	213.79599	67.96893	344.05	57.75	80.0	8 h 30 min 33 sec
15300	220.11999888122082	80.0	215.889	83.73348	362.8	-0.7000009	80.0	8 h 32 min 6 sec
15350	259.0999986603856	80.0	193.91202	97.13579	336.3	10.999999	80.0	8 h 33 min 44 sec
15400	222.12499799467622	80.0	209.476	76.82723	357.9	42.85	80.0	8 h 35 min 19 sec
15450	269.9549987345934	80.0	211.50702	81.30914	347.65	2.649998	80.0	8 h 36 min 56 sec
15500	336.60999793969097	80.0	208.15602	76.03418	347.4	-21.300001	80.0	8 h 38 min 32 sec
15550	307.4599983971566	80.0	174.53299	84.01726	342.25	-50.4	80.0	8 h 40 min 9 sec
15600	276.51499871872363	80.0	202.461	79.60643	319.2	26.349998	80.0	8 h 41 min 45 sec
15650	133.18499890789388	80.0	178.54298	85.05174	369.1	-10.2	80.0	8 h 43 min 22 sec
15700	265.3799978218973	80.0	220.11798	91.70193	364.35	-8.950001	80.0	8 h 45 min 0 sec
15750	315.469998607412	80.0	194.63301	79.30923	383.95	26.849998	80.0	8 h 46 min 36 sec
15800	331.24499916136267	80.0	220.06601	71.79574	333.0	-54.05	80.0	8 h 48 min 12 sec
15850	288.6549982316792	80.0	217.41899	80.05492	396.5	30.699999	80.0	8 h 49 min 46 sec
15900	269.2199984040111	80.0	200.386	82.87872	347.05	-7.600001	80.0	8 h 51 min 19 sec
15950	217.959998396039	80.0	195.94199	92.127205	360.75	-33.95	80.0	8 h 52 min 53 sec
16000	268.37499792687595	80.0	220.63203	90.34295	366.0	26.65	80.0	8 h 54 min 27 sec
16050	264.86499840952456	80.0	220.23201	87.57494	367.6	12.549998	80.0	8 h 56 min 2 sec
16100	327.11499817706647	80.0	192.812	79.5876	368.3	-26.6	80.0	8 h 57 min 38 sec
16150	296.36499849781393	80.0	201.988	80.98234	391.15	15.749999	80.0	8 h 59 min 16 sec
16200	208.14999755322933	80.0	200.57999	85.609276	355.85	19.849998	80.0	9 h 0 min 52 sec
16250	246.2099991194904	80.0	187.50699	84.858055	359.85	-22.85	80.0	9 h 2 min 30 sec
16300	187.25999724790455	80.0	211.108	76.90076	366.95	20.999998	80.0	9 h 4 min 7 sec
16350	262.6799985226244	80.0	202.51	75.36806	344.2	-28.7	80.0	9 h 5 min 44 sec
16400	225.02499753832817	80.0	202.40399	74.11688	351.9	42.35	80.0	9 h 7 min 23 sec
16450	275.74999797903	80.0	180.393	79.46751	311.1	17.199999	80.0	9 h 8 min 59 sec
16500	185.04999861121178	80.0	204.85999	81.29815	376.75	18.149998	80.0	9 h 10 min 36 sec
16550	283.04499844014646	80.0	215.31099	69.83602	356.6	17.649998	80.0	9 h 12 min 11 sec
16600	253.26999838016928	80.0	196.30098	77.24364	357.8	12.599998	80.0	9 h 13 min 47 sec
16650	262.724998081848	80.0	207.996	90.39794	374.7	-20.050001	80.0	9 h 15 min 24 sec
16700	270.2999983727932	80.0	231.634	75.13441	405.3	65.05	80.0	9 h 17 min 2 sec
16750	200.7249973654747	80.0	220.87898	84.95269	362.1	-13.700002	80.0	9 h 18 min 37 sec
16800	338.7399988375604	80.0	213.411	84.09161	386.85	-25.550001	80.0	9 h 20 min 13 sec
16850	186.09499791525303	80.0	187.26299	91.168495	324.45	-29.95	80.0	9 h 21 min 48 sec
16900	282.42999861203134	80.0	221.254	82.21475	361.75	4.4999995	80.0	9 h 23 min 26 sec
16950	305.4299981877208	80.0	193.33502	79.75944	367.95	-1.850001	80.0	9 h 25 min 3 sec
17000	383.489998665452	80.0	205.64598	73.17122	327.65	38.45	80.0	9 h 26 min 38 sec
17050	325.26499853543936	80.0	205.33699	80.70692	327.65	30.4	80.0	9 h 28 min 14 sec
17100	228.9449984204024	80.0	207.79	58.321922	327.25	69.549995	80.0	9 h 29 min 52 sec
17150	318.3299987424165	80.0	199.968	74.310295	382.5	-8.650001	80.0	9 h 31 min 28 sec
17200	185.9849990107119	80.0	231.43002	72.887825	375.3	58.399998	80.0	9 h 33 min 5 sec
17250	372.18499831855297	80.0	195.36098	98.5872	383.8	-14.000001	80.0	9 h 34 min 41 sec
17300	140.10499919503928	80.0	183.346	92.98534	336.8	-13.950001	80.0	9 h 36 min 19 sec
17350	307.5499985013157	80.0	199.82	85.484985	355.6	-18.550001	80.0	9 h 37 min 56 sec
17400	373.56499829739334	80.0	212.9	92.65739	385.3	-6.5500007	80.0	9 h 39 min 32 sec
17450	275.23999896645546	80.0	208.33203	82.53653	350.35	-27.1	80.0	9 h 41 min 8 sec
17500	240.3049988437444	80.0	196.34402	86.479	362.1	-22.000002	80.0	9 h 42 min 41 sec
17550	309.75499830506743	80.0	215.59799	80.721245	379.95	14.999999	80.0	9 h 44 min 17 sec
17600	342.6899985566735	80.0	210.94301	93.097885	367.05	-7.1000004	80.0	9 h 45 min 56 sec
17650	277.12499788589776	80.0	196.31102	98.35657	366.25	16.449999	80.0	9 h 47 min 33 sec
17700	231.87499847114086	80.0	205.19199	86.444725	347.05	30.199999	80.0	9 h 49 min 11 sec
17750	329.1699979979545	80.0	202.89201	68.22122	322.65	16.95	80.0	9 h 50 min 49 sec
17800	288.9849985022098	80.0	192.498	88.14559	351.6	-18.650002	80.0	9 h 52 min 28 sec
17850	313.92999863103034	80.0	199.20401	89.089455	345.9	-0.1000004	80.0	9 h 54 min 6 sec
17900	207.48999849930405	80.0	216.99301	82.83195	349.85	1.5999994	80.0	9 h 55 min 41 sec
17950	273.3899983447045	80.0	205.763	76.1216	355.7	34.7	80.0	9 h 57 min 16 sec
18000	219.71499872505666	80.0	215.36299	87.16831	405.25	-3.550001	80.0	9 h 58 min 53 sec
18050	281.72999870218337	80.0	212.60298	80.244896	393.7	25.149998	80.0	10 h 0 min 28 sec
18100	251.7949985474348	80.0	203.19899	85.655624	349.85	17.349998	80.0	10 h 2 min 4 sec
18150	306.60999800637364	80.0	219.78302	94.73346	375.6	22.749998	80.0	10 h 3 min 40 sec
18200	326.9399983804673	80.0	210.20201	75.526634	398.0	-27.35	80.0	10 h 5 min 17 sec
18250	294.134998062253	80.0	213.15799	84.145905	372.15	-16.800001	80.0	10 h 6 min 52 sec
18300	278.729998075217	80.0	215.185	92.12367	386.65	23.349998	80.0	10 h 8 min 29 sec
18350	196.3149989489466	80.0	187.569	74.992584	361.6	-51.600002	80.0	10 h 10 min 4 sec
18400	282.95999860689045	80.0	198.497	84.50968	349.7	-15.500001	80.0	10 h 11 min 41 sec
18450	279.2399988412857	80.0	216.87003	92.57207	422.25	-11.250001	80.0	10 h 13 min 18 sec
18500	337.0249990850687	80.0	214.364	82.08541	414.45	27.249998	80.0	10 h 14 min 54 sec
18550	321.8349981676787	80.0	198.90302	64.6588	349.15	35.199997	80.0	10 h 16 min 29 sec
18600	284.7499986961484	80.0	211.68901	79.54588	342.85	-3.650001	80.0	10 h 18 min 6 sec
18650	221.54499858431518	80.0	207.13002	76.760956	358.1	-24.300001	80.0	10 h 19 min 42 sec
18700	244.29499885886906	80.0	206.51	97.26998	349.3	-38.100002	80.0	10 h 21 min 19 sec
18750	162.39499845430254	80.0	200.284	86.04373	340.9	-31.2	80.0	10 h 22 min 57 sec
18800	267.89999793581666	80.0	198.28796	85.30615	346.35	32.95	80.0	10 h 24 min 32 sec
18850	324.80499867349863	80.0	193.41301	88.13337	345.45	-33.250004	80.0	10 h 26 min 7 sec
18900	219.30999879799782	80.0	228.62401	88.01317	377.15	10.15	80.0	10 h 27 min 45 sec
18950	307.9549992844462	80.0	211.09799	80.94554	364.25	-47.4	80.0	10 h 29 min 18 sec
19000	175.0199977658689	80.0	197.59401	75.12616	346.1	55.0	80.0	10 h 30 min 54 sec
19050	267.1949985019863	80.0	210.27301	84.230194	339.8	-14.950001	80.0	10 h 32 min 32 sec
19100	276.45999878048895	80.0	222.83902	76.7794	329.75	-51.55	80.0	10 h 34 min 8 sec
19150	310.93999786898496	80.0	193.54102	84.93138	347.6	-4.450001	80.0	10 h 35 min 45 sec
19200	236.939999011904	80.0	205.562	85.88656	384.0	-8.2	80.0	10 h 37 min 19 sec
19250	271.51999877505006	80.0	219.52597	63.29779	324.95	60.7	80.0	10 h 38 min 58 sec
19300	230.70499911941587	80.0	224.29097	76.0648	349.05	49.649998	80.0	10 h 40 min 33 sec
19350	315.0999981019646	80.0	229.37201	58.06638	338.5	97.15	80.0	10 h 42 min 8 sec
19400	192.41999937854706	80.0	218.409	82.18647	368.5	48.9	80.0	10 h 43 min 42 sec
19450	142.3749988041818	80.0	201.369	82.60765	385.35	26.099998	80.0	10 h 45 min 22 sec
19500	276.8049991551787	80.0	214.31699	75.10798	345.15	-0.950001	80.0	10 h 46 min 58 sec
19550	74.2049994919449	80.0	240.456	71.143	373.1	77.35	80.0	10 h 48 min 33 sec
19600	164.42499840706586	80.0	203.21701	84.87868	356.5	-0.050001726	80.0	10 h 50 min 9 sec
19650	75.27999852746726	80.0	185.07901	84.02915	326.75	-18.900002	80.0	10 h 51 min 47 sec
19700	265.7599988114089	80.0	217.42702	86.69796	364.8	-15.050001	80.0	10 h 53 min 21 sec
19750	247.65499894358217	80.0	212.654	83.9185	387.5	11.799999	80.0	10 h 54 min 55 sec
19800	256.69999949783085	80.0	210.08301	79.03768	344.95	-35.4	80.0	10 h 56 min 32 sec
19850	252.9599992271513	80.0	233.179	80.80095	391.15	-2.2	80.0	10 h 58 min 8 sec
19900	324.30499819926916	80.0	213.32399	78.75965	366.15	38.35	80.0	10 h 59 min 46 sec
19950	306.97499868422744	80.0	209.012	75.54711	356.6	28.099998	80.0	11 h 1 min 23 sec
20000	269.39499899446963	80.0	218.99399	90.478775	397.6	15.499999	80.0	11 h 2 min 58 sec
20050	320.5899989310652	80.0	186.42401	91.43321	371.1	-13.750002	80.0	11 h 4 min 34 sec
20100	319.69499820545315	80.0	207.31099	82.58306	356.55	-24.150002	80.0	11 h 6 min 8 sec
20150	313.48499784357847	80.0	214.51201	77.65339	404.55	-30.000002	80.0	11 h 7 min 42 sec
20200	288.55999851338566	80.0	201.29	88.28111	350.0	28.65	80.0	11 h 9 min 17 sec
20250	267.66999874673786	80.0	222.27303	74.553345	360.0	72.299995	80.0	11 h 10 min 50 sec
20300	207.9649987693876	80.0	215.80498	65.788185	348.65	51.199997	80.0	11 h 12 min 24 sec
20350	199.87999854274094	80.0	207.77802	74.27625	388.85	65.299995	80.0	11 h 14 min 1 sec
20400	188.15999885499477	80.0	203.604	90.567444	389.4	-16.650002	80.0	11 h 15 min 38 sec
20450	201.97999922446905	80.0	207.11801	77.36528	346.65	34.8	80.0	11 h 17 min 15 sec
20500	297.3999987524003	80.0	202.425	95.88241	390.7	-38.9	80.0	11 h 18 min 53 sec
20550	301.8899984564632	80.0	207.57599	80.71489	357.45	39.05	80.0	11 h 20 min 32 sec
20600	266.3349982790649	80.0	209.331	84.16652	360.95	-38.9	80.0	11 h 22 min 8 sec
20650	296.41999888047576	80.0	220.84601	83.26133	376.3	47.35	80.0	11 h 23 min 43 sec
20700	364.89499846696856	80.0	219.695	89.12786	337.3	-27.000002	80.0	11 h 25 min 17 sec
20750	291.1399995282292	80.0	222.337	83.00793	370.1	69.75	80.0	11 h 26 min 51 sec
20800	315.14999861679973	80.0	230.97198	69.57017	390.7	89.6	80.0	11 h 28 min 26 sec
20850	360.02499776780604	80.0	222.86403	87.87385	435.45	11.049999	80.0	11 h 30 min 2 sec
20900	218.23999885469675	80.0	213.28801	78.45467	372.95	8.849998	80.0	11 h 31 min 38 sec
20950	236.31999892257153	80.0	195.61	75.27601	386.25	32.399998	80.0	11 h 33 min 14 sec
21000	287.7549986951053	80.0	216.563	71.92254	373.5	62.8	80.0	11 h 34 min 52 sec
21050	261.8749980624765	80.0	214.00598	88.21989	361.5	-35.7	80.0	11 h 36 min 27 sec
21100	320.7549985807389	80.0	229.67499	87.61785	408.05	1.699999	80.0	11 h 38 min 2 sec
21150	339.36999935396017	80.0	224.107	93.03218	398.25	-26.300001	80.0	11 h 39 min 38 sec
21200	330.55999878533186	80.0	210.775	96.7854	379.6	-22.7	80.0	11 h 41 min 15 sec
21250	399.0299989860505	80.0	191.804	99.03732	328.9	-53.95	80.0	11 h 42 min 49 sec
21300	358.39499851055444	80.0	192.67099	93.625374	393.0	-53.800003	80.0	11 h 44 min 25 sec
21350	344.1249985769391	80.0	217.51599	93.4092	357.85	26.15	80.0	11 h 46 min 1 sec
21400	300.3149988286197	80.0	201.67201	97.72552	390.15	-40.2	80.0	11 h 47 min 37 sec
21450	96.07999862357974	80.0	196.46701	79.60513	347.15	11.999999	80.0	11 h 49 min 15 sec
21500	145.21999844163656	80.0	213.165	85.816666	378.75	14.549999	80.0	11 h 50 min 51 sec
21550	122.5749992378056	80.0	200.07498	92.48737	418.0	26.349998	80.0	11 h 52 min 29 sec
21600	307.59499922804537	80.0	209.205	78.95563	338.8	-1.900001	80.0	11 h 54 min 4 sec
21650	304.6899989914149	80.0	223.45898	86.525345	400.3	28.399998	80.0	11 h 55 min 38 sec
21700	306.04999844804405	80.0	203.93901	85.834854	345.8	1.5999994	80.0	11 h 57 min 15 sec
21750	303.58999858908356	80.0	229.77002	84.32758	408.4	30.049997	80.0	11 h 58 min 49 sec
21800	314.9949986368418	80.0	212.43898	96.14348	350.6	-14.600001	80.0	12 h 0 min 23 sec
21850	237.63499857336282	80.0	228.83301	72.955795	374.8	-4.500001	80.0	12 h 1 min 57 sec
21900	317.68999901078644	80.0	233.79501	78.90202	384.6	29.9	80.0	12 h 3 min 34 sec
21950	329.0099990464747	80.0	198.19202	86.878044	369.2	2.949999	80.0	12 h 5 min 10 sec
22000	294.269998094812	80.0	204.44301	93.1378	384.45	8.65	80.0	12 h 6 min 47 sec
22050	283.0149984363467	80.0	195.04901	80.05841	345.3	5.699999	80.0	12 h 8 min 23 sec
22100	362.194999184832	80.0	186.92897	82.954834	338.9	-7.950001	80.0	12 h 9 min 58 sec
22150	201.28999926373362	80.0	189.36899	89.91299	338.95	6.199999	80.0	12 h 11 min 34 sec
22200	272.66999884583055	80.0	197.70299	74.72021	339.2	42.149998	80.0	12 h 13 min 10 sec
22250	296.38499891385436	80.0	198.441	88.65296	359.4	-25.85	80.0	12 h 14 min 43 sec
22300	303.50499941557644	80.0	218.051	83.698845	386.2	-1.0500009	80.0	12 h 16 min 19 sec
22350	313.7299986381084	80.0	212.081	96.012505	391.8	-21.650002	80.0	12 h 17 min 55 sec
22400	363.5649984896183	80.0	229.413	69.55144	357.0	33.8	80.0	12 h 19 min 32 sec
22450	305.98999887891114	80.0	220.47801	84.152405	367.6	16.949999	80.0	12 h 21 min 9 sec
22500	252.23999841697514	80.0	211.06598	95.306694	369.5	-22.35	80.0	12 h 22 min 44 sec
22550	178.84499916397036	80.0	201.04901	87.585365	364.15	-2.2500014	80.0	12 h 24 min 20 sec
22600	263.1999989885837	80.0	204.055	94.32844	373.65	0.6499984	80.0	12 h 25 min 57 sec
22650	325.0449982654303	80.0	218.259	81.45393	345.9	24.8	80.0	12 h 27 min 33 sec
22700	207.50999874547125	80.0	218.38498	99.86285	388.9	38.699997	80.0	12 h 29 min 8 sec
22750	181.23999858796597	80.0	221.42097	73.6504	405.8	29.75	80.0	12 h 30 min 44 sec
22800	292.18499888964	80.0	196.39801	82.230316	370.6	16.35	80.0	12 h 32 min 19 sec
22850	325.29499916657807	80.0	181.83	103.116356	335.8	-32.4	80.0	12 h 33 min 55 sec
22900	182.6249988105148	80.0	212.908	88.912	358.75	-49.100002	80.0	12 h 35 min 33 sec
22950	127.58999912030995	80.0	196.68298	90.93905	318.35	-61.050003	80.0	12 h 37 min 11 sec
23000	293.1699977468699	80.0	202.71	80.03885	372.35	-40.95	80.0	12 h 38 min 48 sec
23050	277.96999886482956	80.0	212.642	85.52198	349.55	-18.900002	80.0	12 h 40 min 24 sec
23100	181.03999923616647	80.0	224.34402	68.94069	344.95	28.75	80.0	12 h 42 min 0 sec
23150	248.54999861381947	80.0	198.30602	92.93346	346.25	-45.550003	80.0	12 h 43 min 38 sec
23200	291.5699989028275	80.0	215.274	77.54579	347.15	0.74999976	80.0	12 h 45 min 14 sec
23250	147.63999778851866	80.0	180.96301	78.8164	328.2	-29.500002	80.0	12 h 46 min 50 sec
23300	360.4099990848452	80.0	210.81401	78.79196	342.6	24.699999	80.0	12 h 48 min 26 sec
23350	309.1199977826327	80.0	218.92699	73.835556	358.9	10.899999	80.0	12 h 50 min 1 sec
23400	300.32999833337965	80.0	223.721	77.89343	366.3	-50.0	80.0	12 h 51 min 37 sec
23450	295.4699989169836	80.0	214.86	67.54318	322.35	28.349998	80.0	12 h 53 min 12 sec
23500	205.3699991852045	80.0	195.20898	72.3277	357.15	34.5	80.0	12 h 54 min 50 sec
23550	256.8599986832589	80.0	211.28801	79.8507	360.3	16.4	80.0	12 h 56 min 27 sec
23600	180.85999936796725	80.0	200.17802	76.93814	344.5	17.05	80.0	12 h 58 min 2 sec
23650	332.38499866016207	80.0	196.584	76.99887	339.35	21.899998	80.0	12 h 59 min 39 sec
23700	242.83499912396073	80.0	202.446	90.003876	369.0	-26.900002	80.0	13 h 1 min 17 sec
23750	280.35999908149245	80.0	205.239	83.53874	344.1	36.649998	80.0	13 h 2 min 52 sec
23800	290.5399989083409	80.0	197.138	86.25463	350.45	19.849998	80.0	13 h 4 min 27 sec
23850	269.2299984756857	80.0	209.75801	76.403915	347.85	-52.25	80.0	13 h 6 min 5 sec
23900	302.20999830625954	80.0	231.18599	96.40878	395.55	-22.300001	80.0	13 h 7 min 41 sec
23950	270.13999919369815	80.0	180.107	92.24375	341.75	-0.70000315	80.0	13 h 9 min 16 sec
24000	330.32499894089995	80.0	207.55101	83.48969	350.15	-14.750001	80.0	13 h 10 min 51 sec
24050	342.0799985542893	80.0	200.06998	90.843285	395.75	-41.05	80.0	13 h 12 min 26 sec
24100	237.8299988411367	80.0	184.241	82.65513	338.3	-1.9500015	80.0	13 h 14 min 3 sec
24150	245.49999840185046	80.0	209.179	72.2251	359.2	13.499998	80.0	13 h 15 min 37 sec
24200	205.0999985653907	80.0	189.27798	84.65181	340.95	-22.2	80.0	13 h 17 min 12 sec
24250	267.2599995404482	80.0	203.97798	74.118515	354.6	22.999998	80.0	13 h 18 min 45 sec
24300	230.50999868400396	80.0	192.019	94.24364	369.8	13.749999	80.0	13 h 20 min 22 sec
24350	320.424998883903	80.0	181.55602	73.46273	324.5	-25.45	80.0	13 h 21 min 59 sec
24400	222.43499893136322	80.0	198.35101	89.967155	397.0	3.0999992	80.0	13 h 23 min 33 sec
24450	278.3299989249557	80.0	175.538	91.15498	405.6	-9.150002	80.0	13 h 25 min 8 sec
24500	333.22499787695705	80.0	204.42702	85.22018	341.65	16.949999	80.0	13 h 26 min 43 sec
24550	324.25999907553194	80.0	182.977	92.32476	361.2	-1.8500015	80.0	13 h 28 min 19 sec
24600	266.1799989245832	80.0	189.786	86.86089	335.0	-35.5	80.0	13 h 29 min 55 sec
24650	68.63999788686633	80.0	175.466	98.49404	356.3	-71.8	80.0	13 h 31 min 32 sec
24700	279.59999852739276	80.0	152.55402	86.484535	317.65	-53.550003	80.0	13 h 33 min 11 sec
24750	219.73499910905957	80.0	183.015	81.71409	322.2	-45.550003	80.0	13 h 34 min 46 sec
24800	305.43999830000104	80.0	201.71503	84.067	357.25	28.949999	80.0	13 h 36 min 22 sec
24850	283.2849989552051	80.0	191.605	95.00042	333.1	-32.350002	80.0	13 h 37 min 59 sec
24900	276.94999866597357	80.0	196.0	97.75874	369.0	-59.2	80.0	13 h 39 min 34 sec
24950	246.80999876111747	80.0	190.85498	87.09725	354.5	-35.4	80.0	13 h 41 min 12 sec
25000	96.1549989502877	80.0	214.39801	73.52186	353.65	47.5	80.0	13 h 42 min 47 sec
25050	235.2849987026304	80.0	181.99602	89.14079	341.9	-3.0000005	80.0	13 h 44 min 25 sec
25100	316.6549981176853	80.0	205.74898	90.30026	362.55	-9.150001	80.0	13 h 46 min 3 sec
25150	293.22999913580713	80.0	200.349	85.70921	378.65	24.85	80.0	13 h 47 min 41 sec
25200	262.289997074008	80.0	189.527	85.28334	362.25	30.349998	80.0	13 h 49 min 19 sec
25250	316.60499907135966	80.0	216.975	93.28014	328.8	-50.7	80.0	13 h 50 min 57 sec
25300	218.3199986215681	80.0	195.336	84.61352	354.25	-51.2	80.0	13 h 52 min 36 sec
25350	249.28499858900904	80.0	204.02802	86.74844	334.25	-15.05	80.0	13 h 54 min 13 sec
25400	340.59499864131215	80.0	200.69098	94.519325	351.2	-8.3	80.0	13 h 55 min 52 sec
25450	170.42999917827547	80.0	197.351	99.77405	331.15	-6.200001	80.0	13 h 57 min 29 sec
25500	210.77499869391323	80.0	185.62898	85.659004	377.8	15.149999	80.0	13 h 59 min 5 sec
25550	270.4899987678975	80.0	185.85	78.33892	314.8	14.099998	80.0	14 h 0 min 40 sec
25600	280.57499913312495	80.0	184.42702	83.6369	343.2	-24.500002	80.0	14 h 2 min 17 sec
25650	271.69499863125384	80.0	163.581	88.44565	325.65	3.3499997	80.0	14 h 3 min 54 sec
25700	231.48499874807894	80.0	191.48102	91.520134	332.6	-21.650002	80.0	14 h 5 min 31 sec
25750	326.3399990297854	80.0	185.841	85.67108	320.05	7.5499988	80.0	14 h 7 min 6 sec
25800	246.39499915353954	80.0	184.622	75.885796	358.25	19.449999	80.0	14 h 8 min 43 sec
25850	183.97999890819193	80.0	200.494	65.33614	345.9	39.949997	80.0	14 h 10 min 21 sec
25900	262.3949993304908	80.0	209.19801	69.050674	339.8	-1.6000011	80.0	14 h 11 min 56 sec
25950	330.55999849922955	80.0	201.502	75.849945	359.65	31.4	80.0	14 h 13 min 34 sec
26000	284.80999917760494	80.0	187.50099	93.13333	336.25	-54.15	80.0	14 h 15 min 10 sec
26050	137.57999929375947	80.0	170.77998	84.2829	321.05	-43.850002	80.0	14 h 16 min 46 sec
26100	289.83999790996313	80.0	158.492	93.293396	366.85	-23.900002	80.0	14 h 18 min 22 sec
26150	123.27499942816794	80.0	182.61398	84.85949	355.6	-70.5	80.0	14 h 19 min 58 sec
26200	250.4499982483685	80.0	174.82199	86.407555	349.45	-30.75	80.0	14 h 21 min 37 sec
26250	316.2099986229092	80.0	166.60199	93.72789	364.05	-8.850001	80.0	14 h 23 min 13 sec
26300	240.13499925881624	80.0	186.15002	85.835724	336.05	10.399999	80.0	14 h 24 min 50 sec
26350	212.80499898865818	80.0	165.574	100.07043	351.45	-26.2	80.0	14 h 26 min 23 sec
26400	268.639998729527	80.0	179.79102	83.53272	330.75	-40.100002	80.0	14 h 27 min 59 sec
26450	268.42499888949095	80.0	164.40599	82.83079	340.95	-34.25	80.0	14 h 29 min 35 sec
26500	195.76499960124494	80.0	186.78801	92.79886	335.3	-27.750002	80.0	14 h 31 min 12 sec
26550	337.929998825863	80.0	164.45699	73.73155	309.0	-11.150001	80.0	14 h 32 min 49 sec
26600	159.6049994878471	80.0	169.68102	88.676895	359.9	-13.050002	80.0	14 h 34 min 26 sec
26650	203.89999731257558	80.0	204.07101	86.75481	355.65	-22.500002	80.0	14 h 36 min 2 sec
26700	176.42999882400036	80.0	203.688	76.422516	338.0	-8.05	80.0	14 h 37 min 41 sec
26750	264.71499876715245	80.0	190.33202	93.942955	319.15	-39.75	80.0	14 h 39 min 18 sec
26800	338.9999983869493	80.0	175.23401	98.17458	344.85	-38.25	80.0	14 h 40 min 55 sec
26850	153.78499946407973	80.0	203.21301	83.97696	321.2	-45.15	80.0	14 h 42 min 31 sec
26900	33.249998735263944	80.0	169.71301	91.694626	373.65	-32.850002	80.0	14 h 44 min 7 sec
26950	199.26999878101051	80.0	191.38799	87.87762	374.3	-11.250001	80.0	14 h 45 min 46 sec
27000	235.52999916411937	80.0	161.015	72.46666	307.15	11.099999	80.0	14 h 47 min 21 sec
27050	195.18499858267606	80.0	170.894	87.36671	301.95	-6.050001	80.0	14 h 48 min 57 sec
27100	193.86499913111328	80.0	192.93599	85.15001	309.8	-51.65	80.0	14 h 50 min 34 sec
27150	242.6999988883734	80.0	200.56201	77.729515	319.65	18.3	80.0	14 h 52 min 10 sec
27200	263.3899986442178	80.0	201.54901	74.6703	336.3	25.5	80.0	14 h 53 min 45 sec
27250	221.62499874457717	80.0	182.07903	72.6571	330.5	13.699998	80.0	14 h 55 min 21 sec
27300	233.5999986883253	80.0	221.58699	63.76198	346.95	104.75	80.0	14 h 56 min 58 sec
27350	214.80499894991516	80.0	162.865	77.7972	291.65	-49.3	80.0	14 h 58 min 33 sec
27400	233.50499900728465	80.0	179.596	86.21974	348.55	-17.7	80.0	15 h 0 min 7 sec
27450	233.02499838992952	80.0	209.601	71.777336	370.85	87.7	80.0	15 h 1 min 45 sec
27500	229.93499904684722	80.0	165.47198	65.759026	300.75	12.95	80.0	15 h 3 min 20 sec
27550	228.35499902702867	80.0	197.51097	79.398155	325.15	-12.150001	80.0	15 h 4 min 55 sec
27600	214.96999839022754	80.0	149.79898	83.68265	329.2	10.349999	80.0	15 h 6 min 31 sec
27650	72.62499894760549	80.0	145.41899	85.11638	318.65	-25.550001	80.0	15 h 8 min 10 sec
27700	184.43999863415956	80.0	158.082	93.557465	315.0	-55.75	80.0	15 h 9 min 46 sec
27750	232.4349973745644	80.0	168.39	80.33884	301.1	17.199999	80.0	15 h 11 min 21 sec
27800	302.6099987540394	80.0	133.677	84.1686	332.55	-20.95	80.0	15 h 12 min 55 sec
27850	128.83999910093843	80.0	157.04501	75.32151	316.4	-47.3	80.0	15 h 14 min 32 sec
27900	265.2799979187548	80.0	184.84102	67.85676	308.25	48.8	80.0	15 h 16 min 9 sec
27950	315.15999811477957	80.0	201.53197	81.97323	328.9	7.049999	80.0	15 h 17 min 44 sec
28000	184.0099971164018	80.0	184.78	71.45182	309.05	-8.800001	80.0	15 h 19 min 22 sec
28050	294.3199983522296	80.0	185.88301	87.20596	344.6	0.9499988	80.0	15 h 20 min 57 sec
28100	223.2549991492182	80.0	180.88399	79.96354	312.45	4.599999	80.0	15 h 22 min 33 sec
28150	202.2099987387657	80.0	178.68	85.48489	343.2	-15.8	80.0	15 h 24 min 10 sec
28200	192.4299989197403	80.0	180.43102	72.82921	327.4	13.549998	80.0	15 h 25 min 47 sec
28250	237.5849989078939	80.0	181.80104	83.780685	357.95	14.399999	80.0	15 h 27 min 25 sec
28300	256.25499864146116	80.0	170.39899	79.38034	353.75	-21.650002	80.0	15 h 29 min 2 sec
28350	277.86999827735127	80.0	197.69601	83.70975	347.4	-51.7	80.0	15 h 30 min 38 sec
28400	241.79499888643622	80.0	211.779	72.156685	311.3	-56.25	80.0	15 h 32 min 15 sec
28450	261.87499906122684	80.0	182.259	69.46684	313.15	0.7999999	80.0	15 h 33 min 52 sec
28500	319.3699991788715	80.0	181.47801	66.40094	299.2	-1.6500013	80.0	15 h 35 min 26 sec
28550	141.15499850511551	80.0	177.22801	81.21559	343.8	-41.550003	80.0	15 h 37 min 2 sec
28600	225.95999904610215	80.0	181.90302	73.04705	313.55	13.499999	80.0	15 h 38 min 37 sec
28650	208.00999881848693	80.0	177.18199	94.263885	339.85	-31.95	80.0	15 h 40 min 12 sec
28700	208.70499900393187	80.0	170.334	95.69905	320.4	-31.550001	80.0	15 h 41 min 47 sec
28750	232.03499908931553	80.0	173.29399	69.035995	376.05	35.1	80.0	15 h 43 min 22 sec
28800	291.01499877497554	80.0	160.41801	87.07516	361.5	-29.500002	80.0	15 h 44 min 57 sec
28850	234.55499872155488	80.0	178.842	75.56341	300.55	-34.800003	80.0	15 h 46 min 33 sec
28900	310.7299989219755	80.0	197.309	73.65151	338.65	-4.6000013	80.0	15 h 48 min 7 sec
28950	183.4849989812821	80.0	182.93898	68.91317	342.25	9.549999	80.0	15 h 49 min 40 sec
29000	217.6549989670515	80.0	175.37401	68.66579	307.7	21.499998	80.0	15 h 51 min 16 sec
29050	275.30999872498217	80.0	203.00702	74.629875	375.65	5.45	80.0	15 h 52 min 53 sec
29100	175.5999988988042	80.0	175.70001	72.19633	325.0	4.149999	80.0	15 h 54 min 30 sec
29150	224.13499858491122	80.0	180.52399	86.483444	340.7	-85.65	80.0	15 h 56 min 6 sec
29200	199.35499899983407	80.0	183.14702	82.10487	351.6	9.699999	80.0	15 h 57 min 42 sec
29250	12.40499673448503	80.0	175.533	87.07387	339.25	-33.2	80.0	15 h 59 min 21 sec
29300	149.59999829530716	80.0	186.27998	78.79467	336.3	23.25	80.0	16 h 0 min 58 sec
29350	242.08999909907578	80.0	174.03398	78.33663	301.05	-28.1	80.0	16 h 2 min 34 sec
29400	319.68499889150263	80.0	195.123	76.924255	341.35	18.099998	80.0	16 h 4 min 9 sec
29450	28.594998036324977	80.0	182.83502	78.46601	355.8	3.549999	80.0	16 h 5 min 47 sec
29500	226.91999915651976	80.0	172.568	82.81876	327.6	-65.4	80.0	16 h 7 min 23 sec
29550	230.73999846428632	80.0	177.99998	90.67892	331.65	3.2999995	80.0	16 h 9 min 0 sec
29600	297.68499822132287	80.0	168.849	78.77777	327.8	-43.600002	80.0	16 h 10 min 36 sec
29650	276.51499834917485	80.0	165.90599	89.0397	342.9	-62.550003	80.0	16 h 12 min 12 sec
29700	237.29499864280223	80.0	202.84698	77.89592	375.1	13.249999	80.0	16 h 13 min 48 sec
29750	165.65999909825624	80.0	185.44199	62.93137	324.1	57.7	80.0	16 h 15 min 24 sec
29800	165.36499834917487	80.0	191.22202	84.781296	355.1	11.699999	80.0	16 h 17 min 2 sec
29850	299.98999863825736	80.0	176.425	92.314384	322.55	-24.250002	80.0	16 h 18 min 37 sec
29900	250.23999825790526	80.0	174.51	80.12804	342.9	-14.700002	80.0	16 h 20 min 16 sec
29950	268.194998620823	80.0	169.739	74.1752	279.3	-4.2000012	80.0	16 h 21 min 52 sec
30000	219.36999888159335	80.0	192.57301	81.885445	366.5	12.699999	80.0	16 h 23 min 28 sec
30050	237.58499864637852	80.0	188.41699	77.97225	326.0	10.399999	80.0	16 h 25 min 4 sec
30100	293.2599987655878	80.0	181.87799	81.40901	349.1	10.4	80.0	16 h 26 min 41 sec
30150	211.36499571204186	80.0	186.45801	85.09482	355.75	0.24999937	80.0	16 h 28 min 18 sec
30200	250.9199987452477	80.0	183.215	75.775085	359.2	48.8	80.0	16 h 29 min 55 sec
30250	191.23999877646565	80.0	207.518	79.75915	387.85	-5.1000004	80.0	16 h 31 min 32 sec
30300	195.31999904178082	80.0	170.179	81.833534	310.6	-50.15	80.0	16 h 33 min 8 sec
30350	102.55999847799539	80.0	207.206	67.619194	358.05	69.1	80.0	16 h 34 min 45 sec
30400	280.44999874420466	80.0	184.13799	63.63672	306.9	36.75	80.0	16 h 36 min 21 sec
30450	226.4499986857176	80.0	179.913	81.64004	330.65	8.199999	80.0	16 h 37 min 56 sec
30500	271.10999908074734	80.0	193.86998	71.78971	376.25	52.7	80.0	16 h 39 min 34 sec
30550	304.0899984106421	80.0	177.138	78.94391	312.5	-0.9500017	80.0	16 h 41 min 9 sec
30600	231.92999914884567	80.0	194.623	78.65148	328.55	-5.7000012	80.0	16 h 42 min 49 sec
30650	201.10499921627343	80.0	196.36	72.81626	356.1	51.899998	80.0	16 h 44 min 26 sec
30700	218.40999860055746	80.0	187.491	65.478386	297.3	-10.3	80.0	16 h 46 min 3 sec
30750	307.2799986660481	80.0	207.2	70.62138	370.55	51.75	80.0	16 h 47 min 40 sec
30800	264.34999887123706	80.0	229.83699	67.023	376.55	49.55	80.0	16 h 49 min 19 sec
