Episode	TestRet	TestSteps	AverageEpRet	StdEpRet	MaxEpRet	MinEpRet	EpLen	Time
50	-133.20000292360783	80.0	-93.211	5.922916	-78.05	-104.3	80.0	1 min 30 sec
100	-96.30000187829137	80.0	-90.84499	8.408485	-69.35	-104.5	80.0	3 min 6 sec
150	-132.10000506415963	80.0	-85.859	8.255463	-54.95	-102.0	80.0	4 min 43 sec
200	-175.70000606402755	80.0	-86.70499	7.345831	-71.700005	-102.0	80.0	6 min 19 sec
250	-70.90000239387155	80.0	-82.379	9.811948	-57.75	-99.75	80.0	7 min 52 sec
300	-142.8500044569373	80.0	-78.503006	12.552718	-42.0	-99.6	80.0	9 min 28 sec
350	-107.40000201761723	80.0	-75.274	11.647923	-44.850002	-98.35	80.0	11 min 3 sec
400	-167.2000074237585	80.0	-74.693	12.988191	-42.5	-98.65	80.0	12 min 39 sec
450	-138.10000527650118	80.0	-69.047005	12.780823	-34.8	-98.1	80.0	14 min 14 sec
500	-173.84000741317868	80.0	-63.135	18.325443	-15.050001	-95.15	80.0	15 min 50 sec
550	-146.75000534951687	80.0	-57.9	19.807198	-15.800001	-90.9	80.0	17 min 26 sec
600	-193.0000078678131	80.0	-57.672	25.800129	10.349999	-97.450005	80.0	19 min 4 sec
650	-92.15000183880329	80.0	-45.033005	30.320885	13.999999	-102.55	80.0	20 min 39 sec
700	-8.92000251673162	80.0	-40.209	32.209274	16.75	-90.700005	80.0	22 min 14 sec
750	-102.95000275596976	80.0	-27.767	27.136312	36.6	-87.65	80.0	23 min 53 sec
800	-112.67000688686967	80.0	-36.201	31.3173	67.049995	-94.700005	80.0	25 min 30 sec
850	-40.20000186190009	80.0	-22.452002	31.49741	81.05	-71.700005	80.0	27 min 4 sec
900	-179.45000695809722	80.0	-19.482	33.984673	36.95	-88.75	80.0	28 min 43 sec
950	-18.290004572272302	80.0	-20.252	35.732178	113.0	-83.75	80.0	30 min 16 sec
1000	-42.36000292785466	80.0	-6.815001	40.270622	66.25	-86.700005	80.0	31 min 55 sec
1050	-116.35000406205654	80.0	-6.9420013	39.07529	126.0	-72.4	80.0	33 min 32 sec
1100	21.199997898191214	80.0	-12.066002	47.820866	145.7	-90.85	80.0	35 min 6 sec
1150	-118.10000375285745	80.0	-6.405	47.014133	95.0	-78.450005	80.0	36 min 44 sec
1200	-18.150004636496305	80.0	2.1729991	44.174538	118.85	-87.65	80.0	38 min 21 sec
1250	24.019997788593173	80.0	9.4279995	38.37606	89.1	-54.65	80.0	39 min 53 sec
1300	-66.60000316426158	80.0	10.418	47.284855	108.3	-90.8	80.0	41 min 30 sec
1350	-3.3900044318288565	80.0	17.315998	59.7953	142.0	-81.5	80.0	43 min 5 sec
1400	-28.39000358991325	80.0	12.395999	50.394268	138.65	-84.85	80.0	44 min 39 sec
1450	-131.59000527746974	80.0	12.435999	42.12667	124.9	-65.55	80.0	46 min 13 sec
1500	-4.540003583580256	80.0	14.363999	47.257713	123.65	-66.35	80.0	47 min 47 sec
1550	-80.1500022597611	80.0	10.944999	48.9142	156.5	-68.75	80.0	49 min 20 sec
1600	-17.010004510730504	80.0	19.978998	43.52123	104.5	-77.1	80.0	50 min 59 sec
1650	-9.400002101063729	80.0	23.402998	44.651634	152.65	-55.45	80.0	52 min 34 sec
1700	-34.750001658499244	80.0	21.623999	55.439598	156.8	-72.8	80.0	54 min 9 sec
1750	42.19999771565199	80.0	29.120998	44.534565	136.7	-71.05	80.0	55 min 43 sec
1800	-73.480005017668	80.0	22.850998	41.937687	123.2	-66.3	80.0	57 min 19 sec
1850	-36.58000354617834	80.0	27.254002	47.37078	137.25	-73.450005	80.0	58 min 56 sec
1900	-7.3500035658478735	80.0	42.515995	44.927082	153.2	-48.45	80.0	1 h 0 min 30 sec
1950	72.5999975502491	80.0	39.039997	55.136913	160.45	-44.5	80.0	1 h 2 min 2 sec
2000	66.01999815180898	80.0	26.057999	44.499405	123.95	-71.55	80.0	1 h 3 min 37 sec
2050	-120.05000714212656	80.0	33.368996	48.10083	132.2	-61.45	80.0	1 h 5 min 14 sec
2100	67.10999800637364	80.0	31.209	44.703365	121.45	-67.5	80.0	1 h 6 min 48 sec
2150	52.659998052567246	80.0	27.336998	37.712868	112.049995	-68.35	80.0	1 h 8 min 22 sec
2200	-44.99000236317515	80.0	46.582	52.96247	186.7	-41.9	80.0	1 h 9 min 58 sec
2250	31.549996495246887	80.0	56.125	42.39926	137.2	-25.450003	80.0	1 h 11 min 33 sec
2300	67.64999779835344	80.0	41.300995	45.037354	152.5	-39.25	80.0	1 h 13 min 5 sec
2350	78.7499975964427	80.0	57.530994	43.423027	154.7	-53.700005	80.0	1 h 14 min 39 sec
2400	87.87499746866524	80.0	51.284	44.91559	159.2	-38.15	80.0	1 h 16 min 13 sec
2450	49.599997367709875	80.0	63.495995	44.949207	189.75	-28.300001	80.0	1 h 17 min 46 sec
2500	-30.87500301003456	80.0	54.681995	41.993885	121.35	-70.85	80.0	1 h 19 min 24 sec
2550	-35.85000423081219	80.0	68.965	46.214527	145.55	-21.750004	80.0	1 h 21 min 8 sec
2600	96.96999770402908	80.0	63.064995	38.437107	136.2	-12.300001	80.0	1 h 22 min 54 sec
2650	-62.0800048481673	80.0	54.11	46.980137	156.55	-28.650002	80.0	1 h 24 min 32 sec
2700	79.55999824553729	80.0	52.129005	45.973816	164.1	-52.250004	80.0	1 h 26 min 11 sec
2750	23.0549953982234	80.0	43.665997	58.346546	145.45	-96.0	80.0	1 h 27 min 49 sec
2800	58.86999591328204	80.0	52.512	49.12183	193.75	-31.600002	80.0	1 h 29 min 24 sec
2850	16.324997516348958	80.0	65.476	43.147636	162.84999	-7.800002	80.0	1 h 31 min 1 sec
2900	-6.520001070201397	80.0	56.931	43.84788	140.2	-31.7	80.0	1 h 32 min 35 sec
2950	58.509997985884546	80.0	65.394	48.721863	157.25	-53.300003	80.0	1 h 34 min 11 sec
3000	32.114998204633594	80.0	72.01	50.595474	178.25	-37.600002	80.0	1 h 35 min 47 sec
3050	-32.51500161550939	80.0	65.936005	45.787144	185.05	-29.300001	80.0	1 h 37 min 21 sec
3100	24.284993768110873	80.0	50.966	47.947113	166.65	-68.950005	80.0	1 h 38 min 58 sec
3150	34.69999850019813	80.0	85.168	49.77864	169.0	-49.850002	80.0	1 h 40 min 32 sec
3200	146.78499658145012	80.0	70.104	47.31147	163.25	-22.7	80.0	1 h 42 min 5 sec
3250	53.57499726451933	80.0	80.59899	59.267532	193.25	-75.350006	80.0	1 h 43 min 40 sec
3300	43.06499935686588	80.0	82.27599	56.077953	212.8	-38.550003	80.0	1 h 45 min 14 sec
3350	18.959998881816865	80.0	78.396	42.957672	175.25	-5.8000016	80.0	1 h 46 min 48 sec
3400	79.80499731302261	80.0	62.711002	39.56137	149.5	-21.2	80.0	1 h 48 min 32 sec
3450	49.759994961693884	80.0	84.002	62.013874	252.65	-55.600002	80.0	1 h 50 min 13 sec
3500	129.63999635204672	80.0	82.39	44.093395	180.34999	6.549999	80.0	1 h 51 min 50 sec
3550	82.72999798357486	80.0	64.199005	53.094105	255.45	-43.65	80.0	1 h 53 min 27 sec
3600	62.864996610209346	80.0	75.505	53.919243	198.75	-42.5	80.0	1 h 55 min 8 sec
3650	126.3299986321479	80.0	90.18801	45.35149	181.0	6.3999996	80.0	1 h 56 min 46 sec
3700	115.16999635472894	80.0	90.41899	43.981575	193.65	-31.000002	80.0	1 h 58 min 25 sec
3750	61.51999646760523	80.0	79.543	58.62101	210.9	-64.200005	80.0	2 h 0 min 2 sec
3800	22.449995448812842	80.0	96.45001	45.978992	186.05	-15.450002	80.0	2 h 1 min 40 sec
3850	73.86999682188033	80.0	73.993	51.49079	170.65	-31.450003	80.0	2 h 3 min 17 sec
3900	163.22999661415815	80.0	87.481	51.77141	163.6	-43.600002	80.0	2 h 4 min 55 sec
3950	218.87999772168695	80.0	80.24	48.59073	164.84999	-40.350002	80.0	2 h 6 min 34 sec
4000	-6.895001828297973	80.0	100.41699	49.925636	216.0	-31.550001	80.0	2 h 8 min 12 sec
4050	117.16999727189541	80.0	80.90699	46.54707	197.34999	-20.750002	80.0	2 h 9 min 49 sec
4100	-20.860005029290914	80.0	80.734	48.45553	204.4	-40.7	80.0	2 h 11 min 28 sec
4150	12.289996406808495	80.0	79.63	53.00987	186.09999	-31.2	80.0	2 h 13 min 6 sec
4200	82.25999696552753	80.0	88.608	53.282806	233.95	-17.350002	80.0	2 h 14 min 48 sec
4250	92.14999775998294	80.0	106.34599	40.771347	204.65	6.599999	80.0	2 h 16 min 27 sec
4300	-25.67500266395509	80.0	98.77	36.256687	163.45	-6.650001	80.0	2 h 18 min 4 sec
4350	-11.000002064183354	80.0	85.755	51.039494	227.15	-35.25	80.0	2 h 19 min 40 sec
4400	91.18999757170677	80.0	82.754	51.502945	185.75	-6.6500034	80.0	2 h 21 min 18 sec
4450	77.52999722398818	80.0	91.301994	53.484287	208.45	-26.050003	80.0	2 h 22 min 55 sec
4500	179.02999574504793	80.0	88.548	60.279713	232.7	-21.650002	80.0	2 h 24 min 31 sec
4550	94.10999740324914	80.0	100.412994	53.747623	198.75	-23.650002	80.0	2 h 26 min 6 sec
4600	135.234997151047	80.0	106.54599	57.825447	234.65	-25.100002	80.0	2 h 27 min 44 sec
4650	130.21499823741615	80.0	117.907005	62.007965	245.75	-21.550001	80.0	2 h 29 min 19 sec
4700	33.77999689951539	80.0	116.83001	51.75581	267.2	-3.1000013	80.0	2 h 31 min 1 sec
4750	147.44499710164965	80.0	87.381004	52.668465	202.75	-14.000002	80.0	2 h 32 min 40 sec
4800	71.32999708876014	80.0	105.854	52.604435	191.05	-6.9500012	80.0	2 h 34 min 17 sec
4850	30.419997009262442	80.0	105.536995	58.43062	211.45	-35.0	80.0	2 h 35 min 54 sec
4900	4.579998014122248	80.0	93.399994	44.48919	179.15	-24.300003	80.0	2 h 37 min 36 sec
4950	58.24999631009996	80.0	109.194	49.322536	213.45	14.699999	80.0	2 h 39 min 16 sec
5000	55.54999499730766	80.0	96.185	46.71928	212.05	-1.4500012	80.0	2 h 40 min 55 sec
5050	35.049994272738694	80.0	113.51101	53.741226	220.3	-5.850002	80.0	2 h 42 min 36 sec
5100	92.28999752365053	80.0	110.197	56.168705	218.15	-17.750002	80.0	2 h 44 min 11 sec
5150	190.14999618008733	80.0	101.494	60.029484	206.2	-58.5	80.0	2 h 45 min 52 sec
5200	56.269993894174696	80.0	112.393	59.1026	207.15	-54.4	80.0	2 h 47 min 30 sec
5250	144.7249981701374	80.0	113.936	64.30894	243.45	-27.900002	80.0	2 h 49 min 5 sec
5300	130.12999767176808	80.0	129.764	48.12549	251.25	-8.900001	80.0	2 h 50 min 39 sec
5350	159.10499798804523	80.0	113.65099	47.668407	209.8	1.6499985	80.0	2 h 52 min 11 sec
5400	158.6399966802448	80.0	111.747986	51.875225	226.6	-26.050001	80.0	2 h 53 min 46 sec
5450	140.22999865934253	80.0	112.425995	47.74189	187.5	-26.800001	80.0	2 h 55 min 20 sec
5500	122.76499761305749	80.0	119.573	51.427555	208.5	-27.900002	80.0	2 h 56 min 53 sec
5550	85.1749973665923	80.0	113.623	57.24813	217.15	-43.95	80.0	2 h 58 min 29 sec
5600	170.57499668635427	80.0	120.259	58.2044	233.8	-9.400002	80.0	3 h 0 min 3 sec
5650	102.20999797098338	80.0	115.83099	53.15839	223.7	-19.800003	80.0	3 h 1 min 37 sec
5700	70.46999307535589	80.0	128.94199	53.260925	242.84999	-21.450003	80.0	3 h 3 min 12 sec
5750	144.76499657444657	80.0	118.588005	59.73094	231.2	-46.350002	80.0	3 h 4 min 47 sec
5800	170.2899984870106	80.0	121.11699	55.550133	224.55	-33.800003	80.0	3 h 6 min 20 sec
5850	180.72499609179795	80.0	114.76601	51.834087	207.7	-18.550001	80.0	3 h 7 min 57 sec
5900	194.54499652981758	80.0	122.345	61.38512	259.35	-42.7	80.0	3 h 9 min 30 sec
5950	88.1049974206835	80.0	111.86299	53.932762	202.75	-6.5000014	80.0	3 h 11 min 6 sec
6000	257.73499824777247	80.0	121.796	50.513718	240.59999	14.999999	80.0	3 h 12 min 40 sec
6050	116.15999694541097	80.0	104.75499	66.55902	282.95	-51.05	80.0	3 h 14 min 15 sec
6100	153.79499880596995	80.0	130.446	58.35644	250.5	25.599998	80.0	3 h 15 min 49 sec
6150	113.37999381646515	80.0	138.919	62.00408	263.7	-6.9500003	80.0	3 h 17 min 27 sec
6200	0.6999906934797764	80.0	117.773994	65.31857	265.44998	-29.500002	80.0	3 h 19 min 7 sec
6250	48.84999605938792	80.0	124.753	62.99588	282.85	0.049997736	80.0	3 h 20 min 43 sec
6300	184.7799977503717	80.0	90.61801	67.0262	232.45	-33.75	80.0	3 h 22 min 18 sec
6350	196.07499757297336	80.0	104.218994	72.39701	228.95	-53.9	80.0	3 h 23 min 55 sec
6400	144.299997292459	80.0	118.991	55.939846	226.8	15.099998	80.0	3 h 25 min 29 sec
6450	183.98499649949372	80.0	120.73699	62.647232	270.9	-5.750001	80.0	3 h 27 min 6 sec
6500	109.01999827213585	80.0	116.63199	57.440704	224.84999	-17.7	80.0	3 h 28 min 46 sec
6550	198.6599973551929	80.0	132.443	48.62465	233.5	50.2	80.0	3 h 30 min 23 sec
6600	175.80999676026403	80.0	118.054	63.92261	229.25	-7.400001	80.0	3 h 31 min 57 sec
6650	64.97999631091952	80.0	116.592995	64.46698	234.05	-59.800003	80.0	3 h 33 min 31 sec
6700	170.47999602332712	80.0	131.97	57.453213	228.34999	-17.450003	80.0	3 h 35 min 7 sec
6750	162.81499763838946	80.0	118.256004	64.272835	242.65	-23.500002	80.0	3 h 36 min 44 sec
6800	197.76499627418815	80.0	134.28499	53.749187	247.65	43.3	80.0	3 h 38 min 21 sec
6850	135.13999719768762	80.0	128.832	62.691124	249.09999	-45.850002	80.0	3 h 40 min 9 sec
6900	45.609998903423545	80.0	128.942	64.09717	263.9	1.2499985	80.0	3 h 42 min 6 sec
6950	160.96499662175773	80.0	133.28699	56.53447	255.34999	-1.0500016	80.0	3 h 43 min 56 sec
7000	193.14499750994145	80.0	128.71999	49.446514	238.8	2.9999983	80.0	3 h 45 min 34 sec
7050	144.94499783925713	80.0	133.452	66.698746	260.7	11.799999	80.0	3 h 47 min 15 sec
7100	95.29999865405262	80.0	119.343994	65.69159	251.09999	-11.350002	80.0	3 h 48 min 51 sec
7150	116.62499688453973	80.0	136.175	62.351772	250.95	-29.700003	80.0	3 h 50 min 29 sec
7200	143.09999530017376	80.0	114.63299	73.11089	247.34999	-58.45	80.0	3 h 52 min 3 sec
7250	129.89999890401958	80.0	114.454	56.94894	268.7	-23.350002	80.0	3 h 53 min 39 sec
7300	0.009997262433171273	80.0	134.674	62.576508	270.3	-62.05	80.0	3 h 55 min 22 sec
7350	31.03499893397093	80.0	133.459	62.659626	287.3	-10.1500025	80.0	3 h 57 min 5 sec
7400	170.5449981931597	80.0	127.83101	57.92782	232.8	-32.850002	80.0	3 h 58 min 43 sec
7450	218.00499716848134	80.0	129.42099	66.746056	242.7	-17.500002	80.0	4 h 0 min 21 sec
7500	189.09999515488744	80.0	117.322	61.86948	290.15	6.4999976	80.0	4 h 1 min 59 sec
7550	179.20999698713422	80.0	140.426	51.982517	259.05	0.44999844	80.0	4 h 3 min 37 sec
7600	12.254996444284917	80.0	110.985985	57.332947	227.8	-45.550003	80.0	4 h 5 min 15 sec
7650	19.159998089820146	80.0	114.16299	57.74206	229.35	-2.1500013	80.0	4 h 6 min 52 sec
7700	72.69999704509974	80.0	132.97198	66.24374	253.7	-1.1500013	80.0	4 h 8 min 30 sec
7750	-3.5300022274255753	80.0	133.785	65.87197	281.2	-12.050001	80.0	4 h 10 min 8 sec
7800	226.58499810248614	80.0	131.48799	72.486015	299.75	0.3999984	80.0	4 h 11 min 46 sec
7850	84.92999885119498	80.0	124.11199	64.1434	260.6	6.5499983	80.0	4 h 13 min 24 sec
7900	100.07499834857882	80.0	137.608	66.49435	248.8	-19.300003	80.0	4 h 15 min 5 sec
7950	146.74499675706028	80.0	131.146	72.3669	294.6	-4.2000017	80.0	4 h 16 min 45 sec
8000	81.11999882608652	80.0	141.108	63.94731	263.8	19.649998	80.0	4 h 18 min 23 sec
8050	162.73499835245312	80.0	131.867	63.345985	269.4	9.799999	80.0	4 h 20 min 0 sec
8100	159.5299975130707	80.0	144.97	63.02342	300.75	-20.650003	80.0	4 h 21 min 38 sec
8150	286.7699939761311	80.0	124.81899	61.00092	276.0	-12.400002	80.0	4 h 23 min 18 sec
8200	199.80499690920115	80.0	114.86499	66.24095	265.25	-45.2	80.0	4 h 24 min 59 sec
8250	234.61999702453613	80.0	128.499	66.90107	259.1	-21.95	80.0	4 h 26 min 37 sec
8300	143.89999759979546	80.0	120.607	67.54839	270.8	-8.950001	80.0	4 h 28 min 20 sec
8350	187.27999779284	80.0	112.42	66.59046	273.1	-25.100002	80.0	4 h 29 min 59 sec
8400	117.81499594263732	80.0	129.61899	66.04068	253.9	-29.0	80.0	4 h 31 min 39 sec
8450	195.69999752938747	80.0	137.97	67.37852	305.2	-8.750001	80.0	4 h 33 min 19 sec
8500	181.44499763324856	80.0	134.597	61.908688	249.4	-10.200002	80.0	4 h 35 min 0 sec
8550	155.19999422878027	80.0	125.673	59.240135	247.15	7.999998	80.0	4 h 36 min 40 sec
8600	160.56999770998954	80.0	135.52899	63.435368	284.25	-6.850002	80.0	4 h 38 min 19 sec
8650	174.48999618962407	80.0	127.487	59.31955	245.4	-4.450002	80.0	4 h 39 min 58 sec
8700	218.0249988436699	80.0	109.04	63.739292	222.8	-16.700003	80.0	4 h 41 min 39 sec
8750	62.63999814465642	80.0	139.34698	64.57123	273.8	2.5999997	80.0	4 h 43 min 19 sec
8800	182.64999813586473	80.0	136.202	67.71702	264.55	-5.450001	80.0	4 h 44 min 58 sec
8850	95.40499763488769	80.0	134.68	70.713234	264.35	-2.4000008	80.0	4 h 46 min 36 sec
8900	99.10999663434923	80.0	129.40498	72.61626	270.9	9.149998	80.0	4 h 48 min 17 sec
8950	167.7449963014573	80.0	141.27899	62.993084	262.8	13.099993	80.0	4 h 49 min 56 sec
9000	143.68999575674533	80.0	144.52399	65.78591	275.3	-4.400002	80.0	4 h 51 min 35 sec
9050	120.48999737910927	80.0	138.15999	69.48293	279.85	-15.650002	80.0	4 h 53 min 12 sec
9100	78.39999708719552	80.0	148.697	74.203735	326.25	5.7999988	80.0	4 h 54 min 52 sec
9150	-43.29500289261341	80.0	127.72598	78.75856	299.5	-72.200005	80.0	4 h 56 min 29 sec
9200	131.48499754890798	80.0	152.085	81.00477	278.69998	-21.650002	80.0	4 h 58 min 9 sec
9250	116.53499774746597	80.0	124.85199	78.19094	312.85	-31.35	80.0	4 h 59 min 47 sec
9300	245.71999619342387	80.0	143.35	73.387	274.95	-35.8	80.0	5 h 1 min 28 sec
9350	209.6799985665828	80.0	134.099	71.23549	275.5	-20.450003	80.0	5 h 3 min 4 sec
9400	116.65499797426165	80.0	145.915	66.365326	266.15	4.0499988	80.0	5 h 4 min 44 sec
9450	-13.370001739263534	80.0	124.478	65.272865	267.0	21.849998	80.0	5 h 6 min 24 sec
9500	-16.380002981424333	80.0	137.728	63.304474	260.9	-40.25	80.0	5 h 8 min 3 sec
9550	142.0949976760894	80.0	130.319	81.309265	273.05	-37.9	80.0	5 h 9 min 42 sec
9600	224.0099954597652	80.0	150.739	63.98827	272.55	32.699997	80.0	5 h 11 min 22 sec
9650	96.9799962233752	80.0	153.77	78.024345	312.6	-13.8	80.0	5 h 13 min 4 sec
9700	98.88999696746468	80.0	162.09299	66.83058	298.95	-10.650002	80.0	5 h 14 min 43 sec
9750	309.0199967287481	80.0	152.776	65.76954	298.4	-5.5000014	80.0	5 h 16 min 22 sec
9800	90.23999715559185	80.0	148.072	67.68305	280.75	-11.800002	80.0	5 h 18 min 4 sec
9850	277.2649977233261	80.0	137.958	71.185295	249.75	-72.4	80.0	5 h 19 min 42 sec
9900	46.00999850742519	80.0	150.08199	63.63077	266.9	29.8	80.0	5 h 21 min 21 sec
9950	114.34999746456742	80.0	169.648	64.86855	307.75	51.15	80.0	5 h 23 min 1 sec
10000	230.64999749362468	80.0	150.566	75.61889	297.7	2.4999986	80.0	5 h 24 min 41 sec
10050	122.5499939955771	80.0	172.73701	75.73031	334.9	-13.4000025	80.0	5 h 26 min 21 sec
10100	167.13999802954496	80.0	137.356	75.44275	308.35	-15.650001	80.0	5 h 27 min 57 sec
10150	160.82499572224916	80.0	165.806	75.39	289.0	13.649999	80.0	5 h 29 min 36 sec
10200	143.4799957793206	80.0	159.15198	66.09106	281.05	19.3	80.0	5 h 31 min 13 sec
10250	219.72999585568905	80.0	160.85399	66.41923	283.05	-27.250002	80.0	5 h 32 min 50 sec
10300	150.0099984869361	80.0	172.426	66.86125	283.85	16.999996	80.0	5 h 34 min 26 sec
10350	326.08999816477296	80.0	168.879	57.63199	298.6	23.749998	80.0	5 h 36 min 5 sec
10400	100.75499926768244	80.0	179.87697	88.190834	326.35	-35.8	80.0	5 h 37 min 47 sec
10450	100.81499825268983	80.0	173.638	64.18366	292.2	14.749998	80.0	5 h 39 min 27 sec
10500	-10.11000035777688	80.0	169.945	82.27019	320.19998	-46.45	80.0	5 h 41 min 5 sec
10550	226.55999712944032	80.0	169.07298	65.611664	278.8	-17.650002	80.0	5 h 42 min 45 sec
10600	227.85999765843152	80.0	175.52602	75.17196	325.75	5.849999	80.0	5 h 44 min 22 sec
10650	223.85999810174107	80.0	178.816	61.309113	295.9	15.0999975	80.0	5 h 45 min 58 sec
10700	220.3649991698563	80.0	179.48398	69.51857	299.7	30.85	80.0	5 h 47 min 40 sec
10750	241.92999793365598	80.0	180.11398	66.05869	311.7	43.249996	80.0	5 h 49 min 19 sec
10800	216.2199975654483	80.0	172.517	80.43297	323.6	-20.900003	80.0	5 h 50 min 58 sec
10850	163.6049982097	80.0	175.492	71.917656	306.85	20.649998	80.0	5 h 52 min 39 sec
10900	261.2749957963824	80.0	157.686	83.64207	337.05	-10.000001	80.0	5 h 54 min 19 sec
10950	189.85499786920846	80.0	160.642	79.16596	291.8	15.249999	80.0	5 h 55 min 58 sec
11000	222.73999916128815	80.0	184.65799	83.34818	338.95	-0.5500021	80.0	5 h 57 min 36 sec
11050	307.62499752901493	80.0	190.10898	78.8999	349.35	-0.80000174	80.0	5 h 59 min 15 sec
11100	294.2749982457608	80.0	174.72098	83.210014	315.1	-53.100002	80.0	6 h 0 min 58 sec
11150	226.09999724105	80.0	170.685	81.77729	304.65	6.249998	80.0	6 h 2 min 39 sec
11200	289.0399980135262	80.0	181.099	79.19854	357.85	-20.150002	80.0	6 h 4 min 18 sec
11250	167.75999861955643	80.0	182.208	74.734726	329.7	8.699998	80.0	6 h 5 min 59 sec
11300	269.1549954544753	80.0	157.484	70.05957	323.55	35.5	80.0	6 h 7 min 38 sec
11350	229.62999829091132	80.0	169.64102	78.34186	313.0	-38.9	80.0	6 h 9 min 18 sec
11400	242.58999755568803	80.0	168.774	76.74955	310.75	12.449998	80.0	6 h 10 min 56 sec
11450	102.36999838650226	80.0	169.53099	67.053604	327.0	-6.450002	80.0	6 h 12 min 35 sec
11500	166.25999756231903	80.0	173.764	73.868355	311.85	15.849998	80.0	6 h 14 min 14 sec
11550	114.44999861717224	80.0	189.63202	71.96646	339.4	11.349999	80.0	6 h 15 min 56 sec
11600	121.76499741822481	80.0	162.66	71.38257	293.35	-17.900002	80.0	6 h 17 min 34 sec
11650	232.18999723568558	80.0	157.841	82.60943	342.85	-35.850002	80.0	6 h 19 min 15 sec
11700	230.16999766603112	80.0	191.23401	64.50513	350.4	36.3	80.0	6 h 20 min 54 sec
11750	139.3649972423911	80.0	192.18999	69.61616	293.85	33.399998	80.0	6 h 22 min 34 sec
11800	220.18499701805413	80.0	185.77802	75.86743	319.85	21.699999	80.0	6 h 24 min 12 sec
11850	196.4599989425391	80.0	170.896	88.02291	326.1	-17.900002	80.0	6 h 25 min 50 sec
11900	148.8199987705797	80.0	198.824	74.97334	323.6	-34.550003	80.0	6 h 27 min 30 sec
11950	323.84999836869537	80.0	201.80399	82.744225	335.0	32.95	80.0	6 h 29 min 9 sec
12000	97.21499902755022	80.0	181.61398	73.76336	326.0	-14.850001	80.0	6 h 30 min 48 sec
12050	122.41499816440046	80.0	193.06201	85.29848	352.2	-31.700003	80.0	6 h 32 min 27 sec
12100	305.1649982754141	80.0	176.38	67.29369	319.55	29.399998	80.0	6 h 34 min 7 sec
12150	257.4849980644882	80.0	203.05699	61.565838	317.6	3.5499983	80.0	6 h 35 min 46 sec
12200	260.2799973800778	80.0	177.447	80.27173	317.55	-5.2000017	80.0	6 h 37 min 29 sec
12250	92.07499752677977	80.0	177.486	83.297005	321.4	-24.850002	80.0	6 h 39 min 12 sec
12300	243.40499833002687	80.0	193.82599	77.5774	312.2	-96.15	80.0	6 h 40 min 52 sec
12350	270.73499782346187	80.0	204.04298	70.37083	342.55	75.549995	80.0	6 h 42 min 29 sec
12400	330.8599985145032	80.0	199.18901	79.66801	339.25	-66.8	80.0	6 h 44 min 13 sec
12450	244.68499671630562	80.0	166.503	93.875336	347.15	-25.650002	80.0	6 h 45 min 52 sec
12500	193.43999858386815	80.0	187.709	80.368256	346.05	-3.9500012	80.0	6 h 47 min 33 sec
12550	107.40999929085373	80.0	177.84898	79.39211	325.0	-24.050001	80.0	6 h 49 min 14 sec
12600	269.72499826811253	80.0	177.94801	75.63315	318.7	-6.4000025	80.0	6 h 50 min 56 sec
12650	276.0249976247549	80.0	192.35298	73.72445	321.05	-5.750001	80.0	6 h 52 min 34 sec
12700	258.4699979290366	80.0	170.547	84.73572	310.75	-29.9	80.0	6 h 54 min 15 sec
12750	315.73499712608753	80.0	143.01	88.703156	312.35	-40.95	80.0	6 h 55 min 55 sec
12800	79.88999746702612	80.0	169.93402	80.895836	319.35	-16.050001	80.0	6 h 57 min 37 sec
12850	124.71499901302158	80.0	163.11699	79.3026	307.9	-9.500001	80.0	6 h 59 min 16 sec
12900	297.4149978440255	80.0	189.184	81.00573	320.1	1.2999972	80.0	7 h 0 min 53 sec
12950	265.5149981666356	80.0	197.006	77.9774	333.95	-1.0000006	80.0	7 h 2 min 35 sec
13000	202.48999890424312	80.0	184.745	69.77402	336.75	-20.550001	80.0	7 h 4 min 16 sec
13050	232.20999755188822	80.0	166.099	81.05822	343.6	4.9499993	80.0	7 h 5 min 56 sec
13100	261.0249983422458	80.0	178.41002	88.71165	317.55	-67.15	80.0	7 h 7 min 36 sec
13150	282.2449979126453	80.0	178.55	77.884605	298.9	-23.750002	80.0	7 h 9 min 14 sec
13200	299.9799970857799	80.0	199.014	75.98705	311.2	8.549999	80.0	7 h 10 min 54 sec
13250	256.0749982893467	80.0	200.88301	63.766228	310.1	92.85	80.0	7 h 12 min 35 sec
13300	225.14999851994216	80.0	178.967	86.653564	316.75	-14.900002	80.0	7 h 14 min 18 sec
13350	309.77999864146113	80.0	189.72	84.3231	341.35	6.399999	80.0	7 h 16 min 0 sec
13400	100.24999793246388	80.0	197.29799	73.44726	346.0	14.099999	80.0	7 h 17 min 42 sec
13450	224.52499889843165	80.0	178.756	84.77193	336.35	-17.350002	80.0	7 h 19 min 22 sec
13500	251.88999868370593	80.0	192.89099	77.942665	343.25	1.8999989	80.0	7 h 21 min 2 sec
13550	224.38499761037528	80.0	179.681	94.251495	349.0	-26.6	80.0	7 h 22 min 43 sec
13600	-9.900004466623068	80.0	194.91801	84.0155	388.65	-56.4	80.0	7 h 24 min 24 sec
13650	269.8399979453534	80.0	185.014	77.45212	307.3	16.249998	80.0	7 h 26 min 4 sec
13700	304.2399986892939	80.0	186.60901	88.44681	356.05	-22.000002	80.0	7 h 27 min 43 sec
13750	301.32999780885876	80.0	152.35901	89.10479	333.25	-32.350002	80.0	7 h 29 min 24 sec
13800	305.30499771907927	80.0	182.627	91.6867	294.0	-32.45	80.0	7 h 31 min 3 sec
13850	301.37999809458853	80.0	186.56801	83.47275	341.2	-24.15	80.0	7 h 32 min 43 sec
13900	248.98999858424068	80.0	171.37799	88.497505	319.2	-8.050001	80.0	7 h 34 min 25 sec
13950	107.53499866165221	80.0	203.69798	79.18548	369.8	25.85	80.0	7 h 36 min 4 sec
14000	279.2649972271174	80.0	185.46799	83.71513	331.45	-4.300001	80.0	7 h 37 min 45 sec
14050	232.85999815575778	80.0	168.83202	76.16715	342.15	29.8	80.0	7 h 39 min 24 sec
14100	252.41499758958815	80.0	168.929	82.1437	358.4	-6.6000013	80.0	7 h 41 min 4 sec
14150	242.29999887645243	80.0	190.42401	89.69648	351.5	-28.6	80.0	7 h 42 min 43 sec
14200	277.87999827861785	80.0	178.89697	85.49758	318.7	-6.8500013	80.0	7 h 44 min 24 sec
14250	273.0049982022494	80.0	192.78598	77.08981	316.35	11.899999	80.0	7 h 46 min 4 sec
14300	119.06499939374626	80.0	179.30002	89.91956	343.85	-14.400002	80.0	7 h 47 min 48 sec
14350	216.61999888047575	80.0	184.24902	74.90348	309.4	-30.1	80.0	7 h 49 min 30 sec
14400	186.86999899186193	80.0	179.232	77.6422	319.5	7.1499987	80.0	7 h 51 min 12 sec
14450	249.27999828085302	80.0	182.69601	80.29391	332.6	16.499998	80.0	7 h 52 min 58 sec
14500	361.0699977748096	80.0	206.98	81.44285	381.6	-20.150002	80.0	7 h 54 min 43 sec
14550	212.82499812319875	80.0	183.084	83.59767	351.5	29.25	80.0	7 h 56 min 28 sec
14600	27.219998257607223	80.0	178.28099	88.880615	362.8	-26.150002	80.0	7 h 58 min 12 sec
14650	203.0799981996417	80.0	180.26602	89.973946	317.5	-50.0	80.0	7 h 59 min 51 sec
14700	242.3049986295402	80.0	184.547	75.78183	330.4	-22.600002	80.0	8 h 1 min 32 sec
14750	213.8199984703213	80.0	191.42502	70.69804	319.25	-28.0	80.0	8 h 3 min 15 sec
14800	243.4099979866296	80.0	175.625	73.299866	317.6	-28.2	80.0	8 h 4 min 56 sec
14850	260.6049979548901	80.0	174.445	70.30031	338.85	22.449999	80.0	8 h 6 min 36 sec
14900	217.35999881215395	80.0	178.12299	80.782	344.6	-20.45	80.0	8 h 8 min 17 sec
14950	-4.690002313256263	80.0	171.84401	78.91082	286.8	-25.85	80.0	8 h 10 min 1 sec
15000	149.92499932162463	80.0	159.46799	75.422806	295.8	-1.5500004	80.0	8 h 11 min 43 sec
15050	237.13999934531748	80.0	180.10701	87.99118	356.15	14.299999	80.0	8 h 13 min 25 sec
15100	204.469997625798	80.0	188.88199	66.01537	317.75	28.899998	80.0	8 h 15 min 9 sec
15150	285.88499886617063	80.0	162.377	74.09468	315.7	-0.60000145	80.0	8 h 16 min 50 sec
15200	156.36499894112347	80.0	169.60199	68.192406	318.2	16.35	80.0	8 h 18 min 34 sec
15250	316.5699980415404	80.0	174.60999	79.39839	344.05	-17.25	80.0	8 h 20 min 14 sec
15300	195.64999835938215	80.0	191.55301	73.23546	359.45	30.15	80.0	8 h 21 min 53 sec
15350	303.32499686926604	80.0	194.458	66.15547	333.85	35.05	80.0	8 h 23 min 40 sec
15400	257.7949980869889	80.0	197.26398	79.82584	356.6	19.749998	80.0	8 h 25 min 23 sec
15450	299.6499985449016	80.0	187.94301	83.78334	364.75	-39.850002	80.0	8 h 27 min 4 sec
15500	134.08499905467033	80.0	186.66699	71.86655	319.9	-0.6500015	80.0	8 h 28 min 49 sec
15550	220.38499763011933	80.0	188.66399	89.3565	341.8	11.599999	80.0	8 h 30 min 31 sec
15600	156.91499858908355	80.0	170.745	60.905415	298.8	10.599999	80.0	8 h 32 min 10 sec
15650	285.02999857477846	80.0	175.663	70.45903	298.9	21.15	80.0	8 h 33 min 50 sec
15700	186.15499870739876	80.0	188.725	59.388966	307.6	65.299995	80.0	8 h 35 min 31 sec
15750	241.6149976886809	80.0	170.087	72.18363	312.2	28.449999	80.0	8 h 37 min 11 sec
15800	303.749998819828	80.0	179.43898	78.869644	316.65	20.449999	80.0	8 h 38 min 49 sec
15850	220.92499857023358	80.0	186.01602	75.82071	324.65	-0.05000073	80.0	8 h 40 min 30 sec
15900	272.67499880082903	80.0	186.466	69.867485	295.85	-6.000003	80.0	8 h 42 min 8 sec
15950	290.279997677356	80.0	215.12498	64.14997	313.5	9.199999	80.0	8 h 43 min 48 sec
16000	234.44499851614236	80.0	174.01701	76.59249	349.2	-17.000002	80.0	8 h 45 min 25 sec
16050	300.8499971963465	80.0	185.36699	78.71502	363.2	-8.300001	80.0	8 h 47 min 3 sec
16100	258.62999813184143	80.0	187.78497	89.35073	355.25	-11.450001	80.0	8 h 48 min 46 sec
16150	158.64999683573842	80.0	199.66199	79.42243	351.6	1.449999	80.0	8 h 50 min 25 sec
16200	299.7399988144636	80.0	202.676	76.515144	346.1	-11.650002	80.0	8 h 52 min 6 sec
16250	280.47499904073777	80.0	191.842	79.461174	317.85	-39.0	80.0	8 h 53 min 49 sec
16300	253.20999888703227	80.0	213.38602	69.3038	366.4	46.399998	80.0	8 h 55 min 27 sec
16350	272.2399985730648	80.0	188.96999	71.56119	325.85	16.099998	80.0	8 h 57 min 10 sec
16400	121.89499933235348	80.0	200.21498	82.04757	368.75	40.7	80.0	8 h 58 min 52 sec
16450	243.81499906219543	80.0	192.09898	67.11811	331.0	50.949997	80.0	9 h 0 min 38 sec
16500	124.82999883890152	80.0	180.416	79.45544	335.3	-11.85	80.0	9 h 2 min 22 sec
16550	240.3349986087531	80.0	196.398	83.16256	333.95	33.05	80.0	9 h 4 min 4 sec
16600	248.46999891288579	80.0	192.045	76.87536	336.2	6.2999988	80.0	9 h 5 min 44 sec
16650	44.88499960377813	80.0	168.731	81.081604	352.4	-18.850002	80.0	9 h 7 min 29 sec
16700	233.3349985446781	80.0	169.04399	87.489456	352.9	-39.850002	80.0	9 h 9 min 16 sec
16750	268.4249984990805	80.0	196.30202	82.865005	344.1	-5.2000012	80.0	9 h 11 min 2 sec
16800	172.52499880418182	80.0	190.24898	87.28548	337.2	-58.15	80.0	9 h 12 min 52 sec
16850	204.1999993391335	80.0	196.05699	87.73657	342.05	-61.100002	80.0	9 h 14 min 40 sec
16900	257.63999888524415	80.0	173.42299	71.626785	309.65	-36.9	80.0	9 h 16 min 31 sec
16950	270.8649987697601	80.0	186.144	77.15849	356.75	-0.5000011	80.0	9 h 18 min 30 sec
17000	233.91499861739575	80.0	157.88701	82.71108	338.0	-16.650002	80.0	9 h 20 min 41 sec
17050	264.5999980613589	80.0	180.51498	86.58761	312.05	-47.9	80.0	9 h 22 min 58 sec
17100	321.47499906271696	80.0	191.38503	79.062935	318.75	-31.95	80.0	9 h 25 min 12 sec
17150	240.5899989724159	80.0	174.571	81.849045	335.5	14.099999	80.0	9 h 27 min 0 sec
17200	256.52499904483557	80.0	190.78699	75.22317	328.25	17.85	80.0	9 h 29 min 45 sec
17250	340.4349981315434	80.0	170.82399	86.528725	335.65	-35.9	80.0	9 h 32 min 39 sec
17300	261.01499854549763	80.0	197.39201	74.202385	320.1	28.9	80.0	9 h 35 min 16 sec
17350	308.9299987677485	80.0	197.72798	77.166595	327.15	-33.0	80.0	9 h 37 min 57 sec
17400	252.33999890945853	80.0	196.65399	79.375175	357.4	-2.2500002	80.0	9 h 40 min 31 sec
17450	268.60499898530543	80.0	177.075	78.974915	338.2	17.45	80.0	9 h 43 min 8 sec
17500	278.55499884076414	80.0	186.617	85.672874	303.4	-2.4000015	80.0	9 h 45 min 40 sec
17550	308.2399983596057	80.0	196.08199	67.87207	328.4	30.15	80.0	9 h 48 min 14 sec
17600	257.2599986128509	80.0	197.807	82.13833	345.05	12.999998	80.0	9 h 50 min 47 sec
17650	54.624999292939904	80.0	187.291	76.29934	339.95	-5.900001	80.0	9 h 53 min 23 sec
17700	240.89999903030693	80.0	198.95102	86.691185	345.4	37.8	80.0	9 h 55 min 55 sec
17750	244.71999874450267	80.0	193.236	67.07859	340.95	39.7	80.0	9 h 58 min 31 sec
17800	303.13499888181684	80.0	195.29399	80.86258	337.25	27.649998	80.0	10 h 1 min 1 sec
17850	284.8949974730611	80.0	190.169	82.29112	375.0	-14.450001	80.0	10 h 3 min 36 sec
17900	165.24999912455678	80.0	218.485	85.35064	358.0	-20.500002	80.0	10 h 6 min 10 sec
17950	199.05999889560044	80.0	178.90802	79.28137	323.5	-0.40000254	80.0	10 h 8 min 43 sec
18000	177.80499877259135	80.0	201.65602	66.59462	329.0	4.0999985	80.0	10 h 11 min 24 sec
18050	316.8349989116192	80.0	183.665	91.385025	361.6	-36.65	80.0	10 h 13 min 52 sec
18100	262.09499918185173	80.0	202.60199	73.04657	319.1	18.949999	80.0	10 h 16 min 27 sec
18150	273.96499783881006	80.0	190.88799	77.614555	307.35	-14.300001	80.0	10 h 18 min 55 sec
18200	238.79999833926558	80.0	185.035	88.44513	325.3	-1.9000003	80.0	10 h 21 min 34 sec
18250	-2.185001365095377	80.0	178.093	79.72455	328.05	-7.18981e-07	80.0	10 h 24 min 3 sec
18300	318.0499990593642	80.0	185.621	81.00424	342.45	3.5499997	80.0	10 h 26 min 34 sec
18350	88.82499847561121	80.0	175.27498	85.60489	388.3	-55.050003	80.0	10 h 29 min 5 sec
18400	264.7099986422807	80.0	167.04602	79.71392	362.9	-18.400002	80.0	10 h 31 min 38 sec
18450	182.56499854177235	80.0	151.91	90.75043	317.6	-30.750002	80.0	10 h 34 min 6 sec
18500	321.0099982745945	80.0	177.005	79.90431	345.05	15.649999	80.0	10 h 36 min 36 sec
18550	131.9099985484034	80.0	174.81099	80.38811	303.3	12.999999	80.0	10 h 38 min 59 sec
18600	219.07999913170934	80.0	192.46602	76.91166	348.5	32.899998	80.0	10 h 41 min 32 sec
18650	173.66499885581433	80.0	185.34	78.074875	388.7	8.549998	80.0	10 h 43 min 57 sec
18700	239.34499820545315	80.0	175.56102	67.93689	269.65	19.3	80.0	10 h 46 min 29 sec
18750	108.3499918282032	80.0	146.356	89.40914	316.9	-46.65	80.0	10 h 49 min 0 sec
18800	236.56999860852957	80.0	148.831	81.705605	348.25	-24.800001	80.0	10 h 51 min 23 sec
18850	211.6149992313236	80.0	190.47198	74.870995	321.55	19.15	80.0	10 h 53 min 50 sec
18900	168.43999882489442	80.0	187.895	67.00813	343.05	53.5	80.0	10 h 56 min 22 sec
18950	172.09999879822135	80.0	191.42899	78.19153	346.6	18.999998	80.0	10 h 58 min 47 sec
19000	290.90999874062834	80.0	180.14899	80.27254	321.6	-33.75	80.0	11 h 1 min 12 sec
19050	138.8549984022975	80.0	183.77899	69.95332	317.6	11.65	80.0	11 h 3 min 35 sec
19100	282.79999837204815	80.0	181.04999	76.793564	298.5	-5.150001	80.0	11 h 5 min 53 sec
19150	305.9899978656322	80.0	185.20499	79.83285	328.55	8.949999	80.0	11 h 8 min 23 sec
19200	287.134998299554	80.0	184.445	76.8151	318.1	11.749998	80.0	11 h 10 min 40 sec
19250	129.59999877922237	80.0	221.57599	81.84827	388.95	37.05	80.0	11 h 13 min 2 sec
19300	208.69999881461263	80.0	173.98499	94.615906	333.4	-22.050001	80.0	11 h 15 min 21 sec
19350	187.1899984639138	80.0	171.292	89.291824	358.7	-0.35000077	80.0	11 h 17 min 46 sec
19400	321.79999777674675	80.0	195.88	76.92646	340.75	50.85	80.0	11 h 20 min 7 sec
19450	146.07499813213946	80.0	195.54799	82.773224	324.55	31.85	80.0	11 h 22 min 28 sec
19500	335.09999798983335	80.0	195.352	86.71606	325.75	-48.4	80.0	11 h 24 min 42 sec
19550	234.60499823614956	80.0	160.172	87.238464	312.05	-63.9	80.0	11 h 27 min 8 sec
19600	266.1199986428022	80.0	169.57903	72.32827	336.75	-8.950001	80.0	11 h 29 min 30 sec
19650	284.2549984559417	80.0	184.246	79.55031	318.4	-15.450001	80.0	11 h 31 min 45 sec
19700	196.63999784104527	80.0	179.803	88.74389	374.65	-20.550001	80.0	11 h 34 min 3 sec
19750	268.6699984915555	80.0	187.63898	83.05927	332.6	0.3499992	80.0	11 h 36 min 21 sec
19800	193.69499888569118	80.0	168.445	80.68648	302.35	-72.65	80.0	11 h 38 min 41 sec
19850	296.7949990302324	80.0	182.91597	66.83634	297.65	-0.45000082	80.0	11 h 40 min 54 sec
19900	198.2549982830882	80.0	147.167	90.352806	318.55	-39.100002	80.0	11 h 43 min 12 sec
19950	207.16499869897962	80.0	165.28801	73.916275	288.3	5.749999	80.0	11 h 45 min 28 sec
20000	246.099999236688	80.0	179.72801	96.60581	358.5	-38.5	80.0	11 h 47 min 44 sec
20050	187.95999848246575	80.0	187.71901	60.279194	293.55	54.25	80.0	11 h 49 min 58 sec
20100	138.9699983689934	80.0	162.315	86.609886	324.8	-63.95	80.0	11 h 52 min 13 sec
20150	256.6899990350008	80.0	186.46898	68.494354	308.15	25.15	80.0	11 h 54 min 28 sec
20200	224.9949989963323	80.0	195.059	90.5353	358.5	-74.5	80.0	11 h 56 min 52 sec
20250	84.19999917149543	80.0	171.388	66.526825	312.4	16.3	80.0	11 h 59 min 6 sec
20300	242.88499854058028	80.0	173.77701	72.868675	290.2	-4.9500012	80.0	12 h 1 min 31 sec
20350	227.47999840304254	80.0	164.075	81.6008	336.55	5.3499994	80.0	12 h 3 min 45 sec
20400	152.72499818727374	80.0	164.18298	86.37837	348.4	-70.700005	80.0	12 h 6 min 6 sec
20450	252.79499868266285	80.0	158.28801	82.508484	337.55	-35.100002	80.0	12 h 8 min 25 sec
20500	67.18499992862344	80.0	177.63	65.00827	296.05	11.499999	80.0	12 h 10 min 37 sec
20550	38.07999874986708	80.0	182.696	76.70638	319.4	-12.1	80.0	12 h 12 min 58 sec
20600	192.34499855563044	80.0	185.128	76.65514	302.5	21.699999	80.0	12 h 15 min 7 sec
20650	265.9649982061237	80.0	162.475	78.86472	289.65	-24.4	80.0	12 h 17 min 25 sec
20700	169.7499990545213	80.0	192.06	60.321323	304.85	54.899998	80.0	12 h 19 min 43 sec
20750	215.00999876260758	80.0	180.87498	66.72392	298.4	56.899998	80.0	12 h 22 min 4 sec
20800	274.90999799072745	80.0	196.495	74.9199	351.55	-69.55	80.0	12 h 24 min 17 sec
20850	238.31999825797976	80.0	181.15	83.097084	308.95	-33.75	80.0	12 h 26 min 39 sec
20900	255.0099986296147	80.0	191.88	69.305824	370.55	21.599998	80.0	12 h 28 min 55 sec
20950	280.8499989748001	80.0	164.437	67.68852	281.65	5.9499993	80.0	12 h 31 min 19 sec
21000	238.9399988785386	80.0	162.59	80.52096	296.25	-45.800003	80.0	12 h 33 min 37 sec
21050	241.00999893434346	80.0	178.976	67.35881	292.9	43.149998	80.0	12 h 35 min 51 sec
21100	234.17499825283886	80.0	163.24599	67.690346	318.7	-22.900002	80.0	12 h 38 min 0 sec
21150	211.87499877028168	80.0	170.931	77.30417	321.2	-35.75	80.0	12 h 40 min 23 sec
21200	221.28499883152546	80.0	175.75699	69.35113	323.0	21.9	80.0	12 h 42 min 35 sec
21250	150.1349988438189	80.0	149.02301	81.97452	308.75	-22.550001	80.0	12 h 44 min 53 sec
21300	262.999999338761	80.0	195.755	79.701965	357.35	-38.550003	80.0	12 h 47 min 12 sec
21350	233.66999817974866	80.0	164.664	98.99126	342.8	-54.45	80.0	12 h 49 min 23 sec
21400	269.484998171404	80.0	195.053	69.11806	307.0	-16.900002	80.0	12 h 51 min 41 sec
21450	212.67499779500068	80.0	166.22202	74.36195	321.85	-14.950003	80.0	12 h 53 min 55 sec
21500	181.4999991092831	80.0	168.16798	84.08813	317.8	-0.70000124	80.0	12 h 56 min 15 sec
21550	149.3199979003519	80.0	162.65	84.68753	320.65	-48.5	80.0	12 h 58 min 33 sec
21600	178.4749990645796	80.0	157.695	81.10157	323.8	-61.75	80.0	13 h 0 min 56 sec
21650	201.94499956779183	80.0	177.482	87.61348	330.65	-50.7	80.0	13 h 3 min 12 sec
21700	270.67499845661223	80.0	186.83002	85.45037	357.45	38.6	80.0	13 h 5 min 35 sec
21750	351.57999869212506	80.0	185.35402	67.55785	301.45	10.4	80.0	13 h 7 min 55 sec
21800	265.3599985662848	80.0	165.673	83.1728	378.85	-12.200001	80.0	13 h 10 min 13 sec
21850	204.3699984431267	80.0	201.231	81.423584	318.25	-26.5	80.0	13 h 12 min 32 sec
21900	138.59499826170503	80.0	202.42403	82.13795	350.15	-62.4	80.0	13 h 14 min 42 sec
21950	235.04499878287317	80.0	170.913	87.62596	325.5	-29.800001	80.0	13 h 17 min 3 sec
22000	177.7449992455542	80.0	203.81502	80.524284	338.3	-2.200001	80.0	13 h 19 min 16 sec
22050	239.969999120757	80.0	176.36502	68.44263	299.15	26.3	80.0	13 h 21 min 32 sec
22100	108.36999914646148	80.0	172.524	74.45828	308.1	2.5499995	80.0	13 h 23 min 47 sec
22150	173.61999903097748	80.0	170.835	84.870766	325.55	1.2499993	80.0	13 h 25 min 56 sec
22200	242.42999947853386	80.0	186.69899	67.46065	330.6	18.4	80.0	13 h 28 min 17 sec
22250	78.4799982741475	80.0	173.68701	75.84603	317.4	9.25	80.0	13 h 30 min 30 sec
22300	231.71999913156031	80.0	192.71498	66.99514	344.05	55.649998	80.0	13 h 32 min 45 sec
22350	272.1599989198148	80.0	171.09398	82.82331	286.05	-39.4	80.0	13 h 35 min 1 sec
22400	112.42999919913709	80.0	169.47	80.45309	280.05	-50.45	80.0	13 h 37 min 23 sec
22450	28.650000179558994	80.0	180.69202	91.30101	351.4	-48.600002	80.0	13 h 39 min 32 sec
22500	176.95999908000232	80.0	179.06998	94.53241	341.25	-54.45	80.0	13 h 41 min 53 sec
22550	272.5349987015128	80.0	181.24799	83.50104	334.55	6.049999	80.0	13 h 44 min 5 sec
22600	266.64999860003593	80.0	198.505	66.71533	333.2	6.0999994	80.0	13 h 46 min 20 sec
22650	251.53999867066742	80.0	183.21602	69.166595	331.0	7.4499993	80.0	13 h 48 min 39 sec
22700	321.1499985020608	80.0	184.616	83.22326	341.65	16.05	80.0	13 h 50 min 55 sec
22750	218.13999863304198	80.0	196.932	71.89964	324.75	41.649998	80.0	13 h 53 min 10 sec
22800	183.5199988745153	80.0	180.393	79.1177	315.75	14.249999	80.0	13 h 55 min 27 sec
22850	260.4349982712418	80.0	173.83101	74.996216	314.85	9.0	80.0	13 h 57 min 44 sec
22900	260.2599987927824	80.0	180.98401	68.03582	308.05	20.15	80.0	13 h 59 min 57 sec
22950	117.83999904841184	80.0	164.40701	72.0096	351.65	8.45	80.0	14 h 2 min 19 sec
23000	130.67999922968448	80.0	152.199	78.378716	330.25	-71.9	80.0	14 h 4 min 37 sec
23050	158.35999946072698	80.0	179.58801	68.099304	359.25	1.799999	80.0	14 h 6 min 55 sec
23100	205.97499850988387	80.0	188.824	81.414085	343.2	17.9	80.0	14 h 9 min 12 sec
23150	146.3299990028143	80.0	187.93602	73.41305	340.0	6.1499996	80.0	14 h 11 min 26 sec
23200	209.01499889716507	80.0	200.00699	76.738914	326.3	-11.500002	80.0	14 h 13 min 40 sec
23250	308.08999843522906	80.0	198.19002	78.729645	345.1	11.549998	80.0	14 h 15 min 59 sec
23300	231.6299980148673	80.0	174.09102	78.53981	303.5	-61.600002	80.0	14 h 18 min 24 sec
23350	269.9699988022447	80.0	177.871	74.48029	305.3	25.199999	80.0	14 h 20 min 39 sec
23400	111.47999983541668	80.0	199.86502	79.573364	365.2	-37.850002	80.0	14 h 22 min 59 sec
23450	243.0949982650578	80.0	170.517	81.07227	311.1	10.999999	80.0	14 h 25 min 15 sec
23500	212.63499837070702	80.0	188.373	79.01385	334.7	-12.550001	80.0	14 h 27 min 33 sec
23550	298.0099987667054	80.0	165.47202	81.78683	303.45	-44.2	80.0	14 h 29 min 49 sec
23600	230.37499871999026	80.0	199.07599	79.030365	324.2	-23.35	80.0	14 h 32 min 8 sec
23650	278.0549991130829	80.0	187.223	86.71878	321.1	-19.9	80.0	14 h 34 min 23 sec
23700	275.5999982096255	80.0	195.11798	91.850136	371.1	-1.5000008	80.0	14 h 36 min 34 sec
23750	262.85999848134816	80.0	180.10399	89.71818	375.1	-40.100002	80.0	14 h 38 min 50 sec
23800	222.2749988067895	80.0	187.226	102.42796	355.0	-68.85	80.0	14 h 41 min 6 sec
23850	245.8299990043044	80.0	204.08202	69.12206	376.05	-30.0	80.0	14 h 43 min 26 sec
23900	260.69999898411334	80.0	176.12401	84.58176	332.15	-36.600002	80.0	14 h 45 min 39 sec
23950	316.7749987941235	80.0	192.488	66.824265	337.8	68.0	80.0	14 h 47 min 56 sec
24000	224.9749986987561	80.0	200.78299	68.764366	345.7	-8.550001	80.0	14 h 50 min 14 sec
24050	218.01499908789992	80.0	193.19998	59.30607	313.85	56.3	80.0	14 h 52 min 27 sec
24100	269.51999870911243	80.0	198.321	84.42231	329.0	-9.150001	80.0	14 h 54 min 44 sec
24150	169.46999895386398	80.0	183.869	77.72698	339.05	-14.65	80.0	14 h 57 min 1 sec
24200	213.85499814860523	80.0	166.767	79.56279	330.9	0.94999933	80.0	14 h 59 min 24 sec
24250	216.46999892555178	80.0	174.51501	70.9597	298.95	-19.1	80.0	15 h 1 min 36 sec
24300	172.09999848790466	80.0	181.92998	69.57415	367.85	24.499998	80.0	15 h 3 min 54 sec
24350	246.14499886147678	80.0	191.274	79.40045	335.2	11.149999	80.0	15 h 6 min 15 sec
24400	289.1199987694621	80.0	186.87299	85.72242	349.5	32.6	80.0	15 h 8 min 36 sec
24450	260.2499983496964	80.0	167.765	85.19639	355.15	-26.400002	80.0	15 h 10 min 53 sec
24500	258.1299990274012	80.0	173.812	85.63	392.9	6.349999	80.0	15 h 13 min 9 sec
24550	236.8749989390373	80.0	177.02202	73.48277	335.0	-13.900001	80.0	15 h 15 min 29 sec
24600	302.94999831430613	80.0	157.63701	79.62614	301.4	-77.5	80.0	15 h 17 min 42 sec
24650	226.56999860033392	80.0	209.746	67.42463	316.2	25.3	80.0	15 h 20 min 3 sec
24700	294.6099988885224	80.0	199.981	75.30702	329.35	-11.5	80.0	15 h 22 min 23 sec
24750	214.70999878011645	80.0	187.11798	68.6078	312.4	-56.75	80.0	15 h 24 min 41 sec
24800	265.5499986257404	80.0	209.105	79.27905	334.5	13.599999	80.0	15 h 27 min 1 sec
24850	198.7399981752038	80.0	211.99101	70.60781	374.95	53.649998	80.0	15 h 29 min 18 sec
24900	261.7349991638213	80.0	201.23401	76.058914	327.9	29.55	80.0	15 h 31 min 34 sec
24950	277.564999011904	80.0	190.235	73.82339	302.3	18.1	80.0	15 h 33 min 47 sec
25000	291.3549983661622	80.0	199.441	82.08324	357.05	-7.0000005	80.0	15 h 36 min 3 sec
25050	258.649998774752	80.0	196.215	77.53752	403.4	21.55	80.0	15 h 38 min 18 sec
25100	270.05999871492384	80.0	191.259	81.44803	352.95	17.349998	80.0	15 h 40 min 39 sec
25150	173.0949992477894	80.0	165.491	80.58784	328.65	30.6	80.0	15 h 42 min 55 sec
25200	244.84999850839375	80.0	191.87401	87.42495	350.1	21.3	80.0	15 h 45 min 11 sec
25250	311.14499874264004	80.0	176.08002	77.14238	342.9	25.949999	80.0	15 h 47 min 22 sec
25300	182.8999989438802	80.0	187.777	76.556244	324.9	-17.800001	80.0	15 h 49 min 38 sec
25350	190.0999988336116	80.0	190.44301	68.45534	331.2	53.85	80.0	15 h 51 min 47 sec
25400	226.98999847956003	80.0	184.69502	72.43403	335.1	39.0	80.0	15 h 54 min 7 sec
25450	175.35499822981654	80.0	159.493	86.23138	335.35	-46.15	80.0	15 h 56 min 27 sec
25500	259.2149980511516	80.0	193.90201	74.80241	344.45	-3.5000007	80.0	15 h 58 min 36 sec
25550	226.26999891400337	80.0	203.54	61.89961	332.65	28.65	80.0	16 h 0 min 56 sec
25600	264.75499905310573	80.0	204.264	80.08017	357.65	41.65	80.0	16 h 3 min 10 sec
25650	308.97499873898926	80.0	183.45499	74.44771	346.55	42.35	80.0	16 h 5 min 22 sec
25700	209.83499860912562	80.0	207.434	89.26767	352.4	-73.0	80.0	16 h 7 min 36 sec
25750	291.1649984356016	80.0	187.20502	74.27041	335.7	12.65	80.0	16 h 9 min 55 sec
25800	345.2199984565377	80.0	207.96298	61.773857	297.4	57.5	80.0	16 h 12 min 1 sec
25850	221.35999868921937	80.0	184.94601	71.066444	352.35	7.349999	80.0	16 h 14 min 17 sec
25900	307.5299986999482	80.0	166.725	81.506454	371.25	-26.650002	80.0	16 h 16 min 31 sec
25950	328.54999863915145	80.0	202.59702	81.94397	368.45	-1.6500003	80.0	16 h 18 min 49 sec
26000	234.66499895825982	80.0	205.01398	77.37572	351.25	27.949999	80.0	16 h 21 min 9 sec
26050	245.1999994367361	80.0	197.17	72.42753	334.1	36.6	80.0	16 h 23 min 24 sec
26100	362.26499884314836	80.0	211.006	83.00459	372.55	-46.600002	80.0	16 h 25 min 45 sec
26150	185.1899993814528	80.0	205.15302	63.72143	315.7	66.85	80.0	16 h 27 min 59 sec
26200	153.21999915763735	80.0	210.038	79.8089	319.7	-16.95	80.0	16 h 30 min 17 sec
26250	213.33999855481088	80.0	192.965	85.60535	353.8	-51.15	80.0	16 h 32 min 31 sec
26300	336.3499980531633	80.0	201.333	77.68907	343.6	4.099999	80.0	16 h 34 min 43 sec
26350	314.1299985736608	80.0	183.54999	87.28542	372.7	-48.5	80.0	16 h 37 min 0 sec
26400	113.52999833263456	80.0	182.888	93.10664	334.05	-41.350002	80.0	16 h 39 min 19 sec
26450	217.2599988013506	80.0	207.06102	83.12512	348.95	-9.250001	80.0	16 h 41 min 36 sec
26500	309.11499900370836	80.0	196.73	87.94135	388.8	-57.15	80.0	16 h 43 min 48 sec
26550	262.0549986183643	80.0	207.842	77.95409	367.5	44.3	80.0	16 h 46 min 7 sec
26600	294.9699986863881	80.0	204.813	85.703865	376.85	-19.1	80.0	16 h 48 min 21 sec
26650	284.40999872386453	80.0	190.599	73.96522	343.65	-39.3	80.0	16 h 50 min 42 sec
26700	292.2099987924099	80.0	205.65997	73.493126	350.8	-9.300002	80.0	16 h 52 min 51 sec
26750	144.37499908916652	80.0	189.42	80.98843	376.8	35.7	80.0	16 h 55 min 6 sec
26800	201.10999851077796	80.0	197.46898	82.23408	349.55	-6.500001	80.0	16 h 57 min 15 sec
26850	225.28499861359597	80.0	172.792	77.150986	317.65	39.0	80.0	16 h 59 min 33 sec
26900	218.73499925099313	80.0	183.904	70.632866	353.7	23.8	80.0	17 h 1 min 44 sec
26950	317.31499802954494	80.0	201.514	79.26509	349.6	-71.1	80.0	17 h 3 min 59 sec
27000	238.97499897517264	80.0	182.45401	76.88008	357.75	2.2999995	80.0	17 h 6 min 18 sec
27050	288.9999976679683	80.0	188.52202	80.40556	403.8	53.75	80.0	17 h 8 min 34 sec
27100	313.2849989041686	80.0	186.16602	73.62048	328.35	47.85	80.0	17 h 10 min 50 sec
27150	139.76499913223088	80.0	189.215	79.96572	349.15	-7.1	80.0	17 h 13 min 6 sec
27200	213.909998973459	80.0	209.98201	86.8962	357.0	12.949999	80.0	17 h 15 min 24 sec
27250	210.39499864950776	80.0	194.371	83.489426	382.8	14.499999	80.0	17 h 17 min 35 sec
27300	275.1349989004433	80.0	187.019	77.67242	344.9	1.7499988	80.0	17 h 19 min 55 sec
27350	221.13499872609972	80.0	186.066	73.53207	326.75	41.899998	80.0	17 h 22 min 7 sec
27400	287.86999891139567	80.0	210.191	82.489296	374.05	16.75	80.0	17 h 24 min 26 sec
27450	249.7199986450374	80.0	226.80498	73.16427	383.1	65.75	80.0	17 h 26 min 41 sec
27500	262.6049985840917	80.0	208.861	77.453995	348.55	2.1499991	80.0	17 h 29 min 0 sec
27550	340.6449988249689	80.0	199.586	84.06324	377.2	-2.0000007	80.0	17 h 31 min 20 sec
27600	185.42999805994333	80.0	208.88998	81.78435	374.15	-87.4	80.0	17 h 33 min 34 sec
27650	163.34999887160956	80.0	193.17702	104.424545	370.8	-78.15	80.0	17 h 35 min 51 sec
27700	241.39999886229634	80.0	201.79301	66.841286	341.3	80.35	80.0	17 h 38 min 7 sec
27750	243.9499987974763	80.0	178.36699	80.076996	354.5	-4.6500006	80.0	17 h 40 min 21 sec
27800	252.31499862074853	80.0	161.827	84.633766	342.85	-29.300001	80.0	17 h 42 min 36 sec
27850	243.01499880105257	80.0	198.071	74.730125	363.1	-31.650002	80.0	17 h 44 min 49 sec
27900	279.8849991552532	80.0	215.99498	81.54183	361.15	-42.300003	80.0	17 h 46 min 59 sec
27950	227.439998851344	80.0	179.09499	83.3362	321.65	-42.6	80.0	17 h 49 min 14 sec
28000	364.21499869301914	80.0	213.962	95.03077	374.5	-6.75	80.0	17 h 51 min 25 sec
28050	190.23999874778093	80.0	186.40602	92.89144	355.1	-52.600002	80.0	17 h 53 min 43 sec
28100	222.49999879300594	80.0	202.11299	73.142	348.35	-23.2	80.0	17 h 55 min 55 sec
28150	230.51999883539975	80.0	208.961	85.782104	377.4	49.7	80.0	17 h 58 min 14 sec
28200	288.7349988862872	80.0	214.95097	84.66393	374.05	39.85	80.0	18 h 0 min 27 sec
28250	296.31999893039466	80.0	210.116	86.12233	406.25	-7.6000004	80.0	18 h 2 min 37 sec
28300	128.9149983149022	80.0	194.371	81.137985	360.3	35.65	80.0	18 h 5 min 0 sec
28350	380.58499892950056	80.0	211.229	75.74728	382.5	47.75	80.0	18 h 7 min 16 sec
28400	191.1099988717586	80.0	199.24901	104.25527	369.6	13.949999	80.0	18 h 9 min 33 sec
28450	232.2999984152615	80.0	214.78598	65.67485	361.1	48.649998	80.0	18 h 11 min 50 sec
28500	286.11999816969035	80.0	190.74298	88.8699	366.15	-79.700005	80.0	18 h 14 min 4 sec
28550	118.38499816805124	80.0	193.15399	72.384674	335.85	9.099999	80.0	18 h 16 min 16 sec
28600	234.9649985514581	80.0	200.55798	74.78206	377.55	-20.6	80.0	18 h 18 min 32 sec
28650	275.21999888159337	80.0	204.655	77.18532	358.45	8.099999	80.0	18 h 20 min 37 sec
28700	261.784998556599	80.0	189.627	79.9988	357.9	1.5999988	80.0	18 h 22 min 50 sec
28750	120.01499700620771	80.0	185.83899	81.987236	382.8	33.95	80.0	18 h 24 min 55 sec
28800	240.17999958656728	80.0	205.28102	73.1478	341.25	16.4	80.0	18 h 27 min 13 sec
28850	278.15999879464505	80.0	197.94197	78.479744	381.4	16.749998	80.0	18 h 29 min 29 sec
28900	169.57999875433742	80.0	189.51	84.940895	315.7	-32.350002	80.0	18 h 31 min 42 sec
28950	270.81499896869065	80.0	180.81	77.270035	357.4	-31.0	80.0	18 h 33 min 50 sec
29000	291.97999825961887	80.0	204.161	74.573586	353.6	-9.150001	80.0	18 h 36 min 3 sec
29050	222.3999987244606	80.0	196.024	72.82189	354.65	25.499998	80.0	18 h 38 min 22 sec
29100	202.64999826960266	80.0	192.17801	91.22073	394.0	-32.45	80.0	18 h 40 min 32 sec
29150	310.70499783344565	80.0	192.73402	74.36044	316.35	-62.25	80.0	18 h 42 min 46 sec
29200	264.2749988604337	80.0	183.36801	86.51089	343.35	-39.0	80.0	18 h 45 min 1 sec
29250	250.13499882519244	80.0	203.98898	72.69284	339.45	6.999999	80.0	18 h 47 min 22 sec
29300	302.88499872907994	80.0	178.18901	86.548355	336.45	-27.9	80.0	18 h 49 min 36 sec
29350	315.91999905221167	80.0	172.29198	100.689705	378.75	-55.850002	80.0	18 h 51 min 48 sec
29400	-10.135001324489712	80.0	120.84899	126.57054	333.15	-55.0	80.0	18 h 54 min 5 sec
29450	319.33999913707373	80.0	139.53601	131.98076	359.3	-73.3	80.0	18 h 56 min 20 sec
29500	208.05999926254154	80.0	217.583	81.068985	338.35	16.65	80.0	18 h 58 min 35 sec
29550	321.3949992451817	80.0	198.066	91.92461	344.2	-48.4	80.0	19 h 0 min 50 sec
29600	203.54499870091678	80.0	202.71002	88.224236	381.95	18.25	80.0	19 h 3 min 1 sec
29650	249.48999906256796	80.0	211.67299	72.96567	343.6	21.849998	80.0	19 h 5 min 17 sec
29700	154.3099991556257	80.0	194.15799	79.89906	316.85	-2.350001	80.0	19 h 7 min 37 sec
29750	197.46999898515642	80.0	210.78801	77.858	394.8	22.749998	80.0	19 h 9 min 48 sec
29800	305.4999989364296	80.0	194.694	75.96898	331.2	7.399998	80.0	19 h 12 min 4 sec
29850	239.52999899610876	80.0	193.139	82.028435	345.4	39.75	80.0	19 h 14 min 19 sec
29900	223.3249990861863	80.0	186.15898	87.24533	343.75	-80.75	80.0	19 h 16 min 33 sec
29950	-36.99500114843249	80.0	144.368	108.3824	363.7	-71.0	80.0	19 h 18 min 48 sec
30000	198.9849982317537	80.0	187.03699	113.502945	390.9	-55.55	80.0	19 h 21 min 6 sec
30050	212.7399987615645	80.0	200.53699	94.15568	375.35	-19.35	80.0	19 h 23 min 24 sec
30100	318.2899991367012	80.0	202.46	89.609116	367.9	18.9	80.0	19 h 25 min 39 sec
30150	253.40999903641642	80.0	206.93599	81.84733	385.5	41.2	80.0	19 h 27 min 50 sec
30200	311.4999993275851	80.0	215.167	74.80158	338.9	38.25	80.0	19 h 30 min 4 sec
30250	281.45499879568814	80.0	201.158	79.833496	342.9	-4.050001	80.0	19 h 32 min 15 sec
30300	258.71499890945853	80.0	196.84799	96.600784	357.2	-35.95	80.0	19 h 34 min 30 sec
30350	234.71999858394264	80.0	210.44301	86.49525	408.7	-36.55	80.0	19 h 36 min 44 sec
30400	280.2599989868701	80.0	211.45099	65.572754	315.9	60.8	80.0	19 h 39 min 1 sec
30450	209.15999856553972	80.0	192.47699	76.322365	343.65	32.15	80.0	19 h 41 min 15 sec
30500	160.85999840646983	80.0	199.459	74.62087	328.6	-10.85	80.0	19 h 43 min 27 sec
30550	283.48999875821175	80.0	210.134	80.889305	352.35	-23.7	80.0	19 h 45 min 39 sec
30600	157.32999820001424	80.0	208.96399	79.93664	371.4	25.35	80.0	19 h 47 min 44 sec
30650	249.1599986743182	80.0	197.97101	84.92463	380.4	12.099999	80.0	19 h 49 min 51 sec
30700	143.84999924525619	80.0	201.40799	85.35179	381.1	-19.7	80.0	19 h 52 min 7 sec
30750	225.34999878890812	80.0	211.17201	68.97191	353.55	79.55	80.0	19 h 54 min 21 sec
30800	342.69999811574814	80.0	214.78299	87.66235	402.35	32.5	80.0	19 h 56 min 23 sec
30850	280.5649987820536	80.0	223.10199	93.585045	407.35	16.949999	80.0	19 h 58 min 34 sec
30900	208.3049993239343	80.0	217.172	81.71504	377.3	19.65	80.0	20 h 0 min 50 sec
30950	299.45999806672336	80.0	221.759	66.985306	371.5	87.049995	80.0	20 h 2 min 58 sec
31000	200.55499826818703	80.0	186.004	83.27954	353.5	-1.1500006	80.0	20 h 5 min 10 sec
31050	270.0699987221509	80.0	201.94199	71.19347	375.1	40.95	80.0	20 h 7 min 30 sec
31100	231.5249991029501	80.0	209.273	74.101074	379.25	24.449999	80.0	20 h 9 min 35 sec
31150	250.91999870575964	80.0	210.81401	77.41814	341.1	50.6	80.0	20 h 11 min 45 sec
31200	269.12999905087054	80.0	210.975	75.826355	333.3	19.9	80.0	20 h 13 min 53 sec
31250	200.62499892748892	80.0	205.619	79.39839	377.85	19.15	80.0	20 h 15 min 59 sec
31300	315.5149981740862	80.0	204.887	65.57034	344.7	94.35	80.0	20 h 18 min 10 sec
31350	193.81999894231558	80.0	205.364	61.58734	326.6	73.8	80.0	20 h 20 min 19 sec
31400	288.649999037385	80.0	199.84702	81.56022	348.7	3.5499995	80.0	20 h 22 min 32 sec
