Epoch	AverageEpRet	StdEpRet	MaxEpRet	MinEpRet	EpLen	EpNum	TrainIter	LossPi	LossV	DeltaLossPi	DeltaLossV	Entropy	KL	ClipFrac	StopIter	Time
0	-626.15314	13.377439	-595.75	-646.05	100.0	16.0	39.0	1.05879735e-07	5.628681	-0.003575928	-4.3567004	3.4915442	0.012544627	0.02834	49.0	154.18309712409973
1	-614.4625	13.408639	-588.0	-633.2	100.0	32.0	13.0	8.96398e-09	1.3546596	-0.0020559942	-0.40959328	3.448287	0.01161797	0.031519998	49.0	249.19660663604736
2	-604.79065	11.002416	-578.5	-620.95	100.0	48.0	18.0	5.995389e-09	0.9345355	-0.002221126	-0.0109982565	3.427167	0.010412792	0.03993	49.0	355.6345875263214
3	-601.28125	8.554793	-587.9	-616.85004	100.0	64.0	15.0	-7.3341653e-09	0.88501596	-0.0019609407	-0.02418375	3.3861008	0.010021482	0.03824	49.0	455.4138286113739
4	-593.6406	6.935514	-579.5	-606.5	100.0	80.0	10.0	-6.344635e-09	0.84530604	-0.0021411926	-0.029437743	3.3717892	0.009659336	0.052105002	49.0	543.3509278297424
5	-588.6188	7.524462	-575.95	-605.60004	100.0	96.0	0.0	5.355105e-09	0.8045597	-0.0017608914	-0.012534991	3.3296814	0.006413835	0.014289999	49.0	609.1293425559998
6	-587.09686	6.452891	-574.2	-600.7	100.0	112.0	2.0	-1.4260877e-08	0.7838028	-0.001798965	-0.004406266	3.309092	0.008935828	0.016005	49.0	679.5103876590729
7	-587.5031	5.4656215	-572.05	-595.9	100.0	128.0	33.0	-1.1816155e-08	0.7587023	-0.0021993427	-0.0043809563	3.300293	0.009050366	0.021905	49.0	822.3248538970947
8	-580.9407	4.052485	-575.05	-587.65	100.0	144.0	15.0	-2.561137e-08	0.83860856	-0.003296654	-0.09296734	3.246848	0.0122862235	0.036009997	49.0	923.0927214622498
9	-582.3656	4.2972255	-574.05	-589.65	100.0	160.0	132.0	1.0477379e-09	0.73525345	-0.001699941	-0.026598364	3.2513177	0.007549824	0.01609	49.0	1304.0003592967987
10	-577.8063	4.277517	-567.8	-584.8	100.0	176.0	131.0	-1.3969839e-08	0.7938051	-0.0037927022	-0.110819265	3.2450929	0.011714069	0.058445	49.0	1696.5850932598114
11	-577.4906	4.8563213	-568.55	-583.8	100.0	192.0	587.0	-1.816079e-08	0.7011257	-0.0029981337	-0.07887573	3.228842	0.0099082235	0.05331	49.0	3198.875765800476
12	-576.11255	4.363786	-567.60004	-583.15	100.0	208.0	1591.0	-9.778887e-09	0.7730612	-0.0036872348	-0.22703916	3.197733	0.009823432	0.061795	49.0	7338.9924030303955
13	-572.0	5.951599	-558.7	-580.7	100.0	224.0	801.0	4.773028e-09	0.59022605	-0.0033787007	-0.11191715	3.1567526	0.009659193	0.043015	49.0	9506.37555885315
14	-571.3219	5.014633	-560.75	-579.2	100.0	240.0	1110.0	6.7520887e-09	0.515025	-0.0040710834	-0.065148234	3.1323948	0.00982954	0.05145	49.0	12490.799304008484
15	-571.41254	4.360538	-563.45	-580.10004	100.0	256.0	384.0	1.3154931e-08	0.47412038	-0.004050616	-0.06180584	3.1007729	0.007820511	0.04862	49.0	13585.502992153168
16	-570.9281	3.0008874	-564.7	-576.15	100.0	272.0	723.0	-9.313226e-10	0.4142354	-0.0037483515	-0.029065706	3.0426333	0.007066597	0.036975	49.0	15585.24899840355
17	-568.0656	3.0884213	-563.0	-575.5	100.0	288.0	0.0	-3.1432137e-09	0.4067785	-0.0041690543	-0.028065149	3.018406	0.00756731	0.046085	49.0	15660.830679893494
18	-569.1844	4.115392	-558.25	-575.3	100.0	304.0	760.0	-1.14087015e-08	0.3688788	-0.0049691377	-0.023966257	2.9835424	0.008068184	0.059205003	49.0	17783.996824026108
19	-569.66876	3.1640024	-562.3	-574.9	100.0	320.0	531.0	-1.0477379e-08	0.3720976	-0.0049208417	-0.044012338	2.9482622	0.0072177127	0.054165	49.0	19251.44594144821
20	-569.9437	4.2680717	-562.10004	-575.95	100.0	336.0	733.0	-9.313226e-10	0.34191048	-0.0049777003	-0.023182351	2.9241264	0.008620208	0.059455	49.0	21272.634030342102
21	-568.4563	4.0854487	-559.65	-576.10004	100.0	352.0	178.0	6.9849193e-10	0.3594448	-0.004850743	-0.029197354	2.8904414	0.0073071797	0.049415	49.0	21818.695062160492
22	-568.5781	4.315371	-558.4	-574.5	100.0	368.0	1003.0	2.3283064e-09	0.32833812	-0.0050767222	-0.019761775	2.8575888	0.0085285725	0.05843	49.0	24539.658804416656
23	-568.5344	2.9275527	-562.9	-573.2	100.0	384.0	1349.0	-1.1641532e-09	0.3548088	-0.0052427636	-0.03131708	2.8249264	0.007815083	0.055019997	49.0	28190.52334523201
24	-566.9875	3.3100924	-561.65	-574.8	100.0	400.0	337.0	-5.820766e-09	0.3743576	-0.0055774227	-0.031967215	2.807788	0.00654485	0.05747	49.0	29156.835568904877
25	-568.6188	3.5536864	-558.95	-573.45	100.0	416.0	1001.0	7.21775e-09	0.35200456	-0.0052155107	-0.0150969215	2.7829847	0.0068427157	0.04963	49.0	31881.79944562912
26	-565.3906	4.749221	-557.45	-573.45	100.0	432.0	18.0	-6.9849193e-09	0.39783704	-0.005210624	-0.028373465	2.7345395	0.0060193744	0.04858	49.0	31999.86030316353
27	-566.9437	3.2271717	-561.60004	-572.2	100.0	448.0	44.0	-1.3969839e-09	0.3682273	-0.0054601748	-0.010294531	2.6968813	0.0073027555	0.052355	49.0	32184.976940631866
28	-568.7594	4.248024	-559.8	-576.55	100.0	464.0	398.0	5.5879354e-09	0.3691888	-0.0052872486	-0.0095391385	2.6642847	0.00614323	0.049685	49.0	33304.836535692215
29	-564.875	3.9498463	-558.5	-572.45	100.0	480.0	1.0	9.313226e-10	0.38349566	-0.00558961	-0.01051531	2.615108	0.006598495	0.051525	49.0	33377.592400074005
30	-565.0	3.680562	-559.5	-572.3	100.0	496.0	14.0	8.381903e-09	0.39908332	-0.005530885	-0.013802372	2.5645776	0.0071935374	0.050750002	49.0	33483.671592473984
31	-563.92505	5.910238	-552.95	-575.95	100.0	512.0	0.0	3.4924597e-09	0.41366845	-0.005512527	-0.011079568	2.5095549	0.006536148	0.044929996	49.0	33554.382991313934
32	-559.92505	6.1890306	-544.7	-569.10004	100.0	528.0	0.0	1.3387762e-09	0.43571708	-0.006047708	-0.01959996	2.4791298	0.0061410596	0.045685	49.0	33625.44060373306
33	-556.59064	11.331193	-519.9	-572.25	100.0	544.0	0.0	-6.9849193e-10	0.49816573	-0.0057864143	-0.024541806	2.4285822	0.005562017	0.041965	49.0	33695.669964551926
34	-549.41876	14.301257	-516.0	-572.95	100.0	560.0	0.0	-9.895302e-09	0.5457553	-0.0059795184	-0.020348929	2.4009857	0.005487659	0.0347	49.0	33767.8818025589
35	-543.5594	15.190473	-509.25	-563.9	100.0	576.0	0.0	2.910383e-09	0.66329366	-0.0060835523	-0.03322611	2.374953	0.0057290937	0.036945	49.0	33838.86689567566
36	-523.64374	17.968575	-478.80002	-551.10004	100.0	592.0	0.0	4.656613e-10	0.8126263	-0.00697612	-0.044926986	2.337951	0.005934133	0.048255	49.0	33909.533994197845
37	-506.91876	34.667667	-422.55002	-557.0	100.0	608.0	0.0	-3.958121e-09	1.1364412	-0.0059505245	-0.06679765	2.306827	0.0058860322	0.039185002	49.0	33979.841391801834
38	-476.65314	43.814583	-405.6	-552.2	100.0	624.0	0.0	-2.7939677e-09	1.7404225	-0.006185545	-0.110275924	2.274547	0.0056928587	0.04329	49.0	34056.172016859055
39	-450.17813	43.778873	-380.15	-551.4	100.0	640.0	0.0	3.0267984e-09	1.9556444	-0.006496899	-0.11775106	2.2610667	0.005684786	0.043025002	49.0	34132.29933977127
40	-439.58438	43.191612	-355.75	-512.25	100.0	656.0	0.0	-1.8626451e-09	2.1493437	-0.006007969	-0.0790032	2.2434397	0.005037494	0.03741	49.0	34207.78527355194
41	-422.27814	66.222496	-273.30002	-534.8	100.0	672.0	0.0	-5.5879354e-09	2.355748	-0.0056784414	-0.08236343	2.2246513	0.005478306	0.033775	49.0	34282.04523611069
42	-395.2469	70.252975	-286.4	-526.60004	100.0	688.0	0.0	5.5879354e-09	2.9236457	-0.0057825046	-0.15862754	2.1881046	0.0056414297	0.037100002	49.0	34359.46611595154
43	-363.02188	87.849304	-220.15001	-534.3	100.0	704.0	0.0	-5.5879354e-09	3.442768	-0.005491708	-0.14222035	2.1700082	0.0053054015	0.0357	49.0	34435.75313282013
44	-346.64688	59.773026	-253.90001	-483.30002	100.0	720.0	0.0	-2.7939677e-09	3.4445462	-0.005325164	-0.09270975	2.1348743	0.0054802806	0.038664997	49.0	34514.26605272293
45	-382.34375	81.76069	-212.25	-491.85	100.0	736.0	0.0	3.958121e-09	2.9499333	-0.0052721635	-0.21743397	2.1235623	0.0053997766	0.037445	49.0	34591.426609516144
46	-387.2	97.89812	-219.15001	-562.4	100.0	752.0	0.0	-5.5879354e-09	3.384275	-0.0053186556	-0.10165733	2.0827522	0.005069053	0.03835	49.0	34668.65698122978
47	-401.4406	98.34338	-203.95001	-515.60004	100.0	768.0	0.0	5.5879354e-09	3.1378734	-0.0053307503	-0.09244169	2.0863047	0.005476173	0.03528	49.0	34745.41503691673
48	-328.21564	88.66702	-205.5	-555.75	100.0	784.0	0.0	4.1909516e-09	3.2369719	-0.0055780867	-0.113387436	2.0480394	0.004934472	0.037929997	49.0	34823.42645716667
49	-301.17188	70.643135	-194.0	-456.55002	100.0	800.0	0.0	1.8626451e-09	3.5991426	-0.005376461	-0.109413326	2.018981	0.004944537	0.036135003	49.0	34900.80941271782
50	-307.00626	107.78339	-81.8	-472.6	100.0	816.0	0.0	-6.9849193e-10	4.1344786	-0.005254635	-0.08577365	1.9816184	0.00454649	0.037655	49.0	34978.403930187225
51	-229.75313	66.68251	-145.40001	-387.4	100.0	832.0	0.0	4.656613e-10	4.22614	-0.0054565743	-0.13387164	1.9526608	0.005514737	0.036955	49.0	35055.40985798836
52	-277.5094	86.05711	-106.75001	-418.95	100.0	848.0	0.0	1.8626451e-09	4.548053	-0.00511273	-0.10774517	1.9217782	0.0048702415	0.0391	49.0	35133.08375144005
53	-267.74063	91.63573	-138.65001	-474.35	100.0	864.0	0.0	3.7252903e-09	3.9640112	-0.0050633196	-0.12250617	1.9151338	0.004918214	0.0383	49.0	35211.103362083435
54	-249.36877	107.04434	-125.450005	-471.65	100.0	880.0	0.0	3.7252903e-09	4.033928	-0.004913664	-0.08118796	1.8586171	0.0042880513	0.037875	49.0	35288.624492406845
55	-271.74063	123.36404	-100.600006	-526.25	100.0	896.0	0.0	3.7252903e-09	4.6392713	-0.004717446	-0.12667677	1.8482516	0.004659153	0.037265003	49.0	35366.136425971985
56	-269.2469	129.34709	-31.250008	-493.7	100.0	912.0	0.0	3.7252903e-09	4.252536	-0.0049334103	-0.11579567	1.807486	0.005182962	0.04045	49.0	35436.79867219925
57	-233.3375	121.459404	6.1499944	-439.2	100.0	928.0	0.0	7.450581e-09	5.3103004	-0.004984632	-0.22212517	1.8007958	0.005649582	0.039135	49.0	35505.82286071777
58	-187.52501	119.65677	-35.900005	-466.65	100.0	944.0	0.0	7.450581e-09	5.5261593	-0.0048175883	-0.113572955	1.754791	0.004985931	0.038815003	49.0	35581.32914876938
59	-94.13751	110.30547	118.99999	-424.1	100.0	960.0	9.0	-9.313226e-10	6.0831842	-0.005249772	-0.49842745	1.7059557	0.004797497	0.03762	49.0	35674.275980234146
60	-50.381256	126.22719	83.399994	-359.75	100.0	976.0	0.0	3.7252903e-09	6.3717594	-0.004956872	-0.5264595	1.735675	0.0044192774	0.034965	49.0	35743.312415361404
61	-27.850006	108.68926	116.49999	-253.90001	100.0	992.0	0.0	1.8626451e-09	7.2658243	-0.005074352	-0.23808193	1.7182474	0.0043442473	0.03536	49.0	35812.317756175995
62	-13.900005	138.1051	167.79999	-285.6	100.0	1008.0	0.0	-3.7252903e-09	6.9645624	-0.004870437	-0.1842342	1.663499	0.0047122007	0.034889996	49.0	35883.35757088661
63	-17.675005	159.3811	177.75	-370.7	100.0	1024.0	0.0	1.1175871e-08	7.5812244	-0.0048372354	-0.1671896	1.666095	0.0038070763	0.031965002	49.0	35953.06106758118
64	35.243744	159.00064	247.34999	-302.4	100.0	1040.0	0.0	-1.1175871e-08	7.685335	-0.0046968823	-0.32930344	1.6348668	0.0046709734	0.03878	49.0	36023.53039717674
65	28.64687	133.88983	194.75	-287.75	100.0	1056.0	0.0	6.519258e-09	7.6923604	-0.004527542	-0.14283913	1.6423452	0.0040017557	0.034280002	49.0	36092.19207549095
66	79.88437	124.92895	210.54999	-242.3	100.0	1072.0	3.0	3.7252903e-09	7.9622507	-0.004229825	-0.14586228	1.615237	0.003936764	0.027965	49.0	36169.70531320572
67	33.559364	140.25285	203.7	-283.55002	100.0	1088.0	0.0	1.8626451e-09	7.4517546	-0.004522445	-0.22895163	1.6075234	0.004123525	0.035354998	49.0	36245.79103040695
68	57.271866	184.98492	258.75	-318.75	100.0	1104.0	0.0	-3.7252903e-09	8.460232	-0.0043193162	-0.20537573	1.567311	0.0035736721	0.030475	49.0	36316.557193517685
69	101.496864	168.76236	264.8	-276.95	100.0	1120.0	0.0	-8.381903e-09	8.299711	-0.004567208	-0.2943527	1.5385833	0.0043394724	0.031290002	49.0	36385.70699214935
70	79.774994	231.84767	265.75	-439.55002	100.0	1136.0	2.0	-6.519258e-09	9.194979	-0.0043234564	-0.35438097	1.5399115	0.0038975258	0.0277	49.0	36460.89752697945
71	156.37187	141.74199	301.9	-297.80002	100.0	1152.0	58.0	-2.7939677e-09	7.86197	-0.0045855474	-0.3825174	1.526058	0.0044830623	0.03354	49.0	36684.919528484344
72	142.92188	105.46098	312.4	-60.950005	100.0	1168.0	0.0	0.0	9.78694	-0.0041543874	-0.3446799	1.5302982	0.0035815896	0.025185	49.0	36760.40478038788
73	143.79062	204.3586	368.9	-398.6	100.0	1184.0	0.0	-2.7939677e-09	9.001995	-0.0043984205	-0.20785254	1.5230097	0.0040450534	0.035335	49.0	36835.44219446182
74	204.1625	167.30875	346.8	-299.75	100.0	1200.0	62.0	2.0954758e-09	9.4298725	-0.0041362373	-0.2339521	1.4948292	0.0038670697	0.027525	49.0	37071.64131999016
75	207.16876	110.71749	338.25	-89.200005	100.0	1216.0	0.0	-3.259629e-09	8.63718	-0.0043681944	-0.29640466	1.4712679	0.0045435796	0.03237	49.0	37140.44724440575
76	271.34064	82.14767	378.35	54.399994	100.0	1232.0	0.0	-7.21775e-09	8.475316	-0.004282986	-0.27153832	1.4216495	0.0043198597	0.035269998	49.0	37210.435168504715
77	282.1375	122.98746	397.94998	-127.00001	100.0	1248.0	0.0	-4.1909516e-09	8.890707	-0.0044562966	-0.19868082	1.4505206	0.0039147316	0.033265002	49.0	37279.61958551407
78	224.47186	176.36688	439.0	-208.5	100.0	1264.0	0.0	1.8626451e-09	10.04886	-0.004114574	-0.21648884	1.4023893	0.0036286863	0.028175	49.0	37348.62333607674
79	322.81873	116.83938	515.64996	32.399994	100.0	1280.0	0.0	-7.916242e-09	8.654009	-0.0043619517	-0.42957574	1.3724107	0.004034923	0.03471	49.0	37424.10742068291
80	304.825	58.410767	410.0	177.9	100.0	1296.0	0.0	4.656613e-09	9.354225	-0.004334679	-0.21574384	1.4146566	0.00401256	0.03194	49.0	37499.37680435181
81	372.9625	120.63026	526.35	114.399994	100.0	1312.0	1.0	-1.3969839e-09	9.758835	-0.0035546063	-0.2494263	1.3895715	0.0045884307	0.041474998	49.0	37577.25049710274
82	361.37186	115.060295	483.44998	156.8	100.0	1328.0	9.0	-5.5879354e-09	9.584661	-0.004232465	-0.2943527	1.3584301	0.0035239572	0.02833	49.0	37670.40974545479
83	403.9281	85.708305	515.05	166.25	100.0	1344.0	0.0	-3.7252903e-09	9.8557205	-0.0041267467	-0.24659944	1.382704	0.0035276015	0.032195	49.0	37740.205585479736
84	409.33124	139.65955	528.3	-37.800007	100.0	1360.0	0.0	-3.7252903e-09	10.919746	-0.00374295	-0.26364195	1.3482072	0.0039492417	0.028715	49.0	37810.319242715836
85	351.075	196.36467	559.64996	-219.05	100.0	1376.0	0.0	-1.8626451e-09	10.530533	-0.0039198524	-0.35926586	1.3539119	0.0038479653	0.02665	49.0	37883.33825278282
86	455.94687	60.089764	552.8	330.1	100.0	1392.0	2.0	-5.5879354e-09	8.979945	-0.004160596	-0.3332712	1.3291225	0.003788068	0.03255	49.0	37959.56199884415
87	404.92188	128.4551	555.64996	-16.750006	100.0	1408.0	0.0	-4.656613e-10	11.391588	-0.0038827364	-0.30533051	1.347675	0.003520695	0.03047	49.0	38029.70375919342
88	413.74374	203.81656	560.39996	-220.40001	100.0	1424.0	0.0	-9.313226e-10	12.311392	-0.0038357368	-0.3508898	1.2828177	0.0039458307	0.03141	49.0	38099.52147483826
89	452.06873	130.67757	571.5	76.799995	100.0	1440.0	0.0	-5.5879354e-09	10.616119	-0.004268534	-0.24747157	1.3028765	0.003683969	0.03474	49.0	38169.182965278625
90	434.45624	224.64456	601.6	-190.05	100.0	1456.0	0.0	-9.313226e-10	12.409016	-0.0036758212	-0.4200878	1.2468829	0.0033091558	0.026665	49.0	38240.15864062309
91	469.93436	144.785	576.89996	60.599995	100.0	1472.0	0.0	9.313226e-10	10.309448	-0.003655211	-0.38999027	1.2704955	0.0039565666	0.028895	49.0	38317.329677820206
92	432.46875	232.78645	633.35	-370.2	100.0	1488.0	0.0	4.656613e-10	10.559712	-0.003651495	-0.30634904	1.271739	0.0032876534	0.027564999	49.0	38388.97452664375
93	585.6937	67.03405	698.6	433.05	100.0	1504.0	0.0	1.8626451e-09	10.297514	-0.0040882262	-0.8982812	1.3058748	0.0038943817	0.032355	49.0	38465.0865547657
94	519.8656	115.417625	649.25	164.09999	100.0	1520.0	0.0	3.7252903e-09	11.766445	-0.0040121493	-0.34576994	1.2840111	0.0036615808	0.03288	49.0	38542.171961545944
95	549.90625	138.11388	671.64996	147.15	100.0	1536.0	0.0	6.519258e-09	10.503098	-0.004107995	-0.22982347	1.2293956	0.003531288	0.02833	49.0	38612.92722415924
96	553.39685	246.41313	697.05	-377.7	100.0	1552.0	0.0	-3.7252903e-09	10.753149	-0.0038053677	-0.505288	1.244508	0.0033737002	0.02888	49.0	38682.92493009567
97	561.9	113.87567	681.0	251.7	100.0	1568.0	0.0	-9.313226e-10	11.285236	-0.0037492807	-0.42481756	1.2584951	0.0030456604	0.02585	49.0	38753.53123021126
98	614.0375	141.37245	708.2	86.049995	100.0	1584.0	0.0	2.7939677e-09	10.192441	-0.003725804	-0.29795063	1.2251915	0.003433445	0.027059998	49.0	38829.04399013519
99	615.5625	57.373318	705.1	458.5	100.0	1600.0	0.0	-3.0267984e-09	10.430878	-0.004006942	-0.24629807	1.2063067	0.003732955	0.02935	49.0	38900.05643129349
100	693.0625	58.050934	789.0	530.15	100.0	1616.0	0.0	-9.546056e-09	9.930693	-0.004197073	-0.35473466	1.1923969	0.0034505848	0.02939	49.0	38971.29715180397
101	676.72186	59.627995	776.3	568.0	100.0	1632.0	0.0	-7.916242e-09	11.085776	-0.0039186394	-0.26982856	1.2145507	0.0032180278	0.030280001	49.0	39041.82102751732
102	690.01874	95.079895	802.35	464.8	100.0	1648.0	0.0	8.8475645e-09	11.38231	-0.0038489955	-0.2640592	1.2055408	0.0036578784	0.029385	49.0	39112.85281538963
103	721.6781	67.28898	826.05	560.14996	100.0	1664.0	0.0	6.519258e-09	12.34642	-0.0040883524	-0.3645512	1.2066376	0.0035271596	0.02792	49.0	39184.31562566757
104	750.9812	58.79472	827.55	560.7	100.0	1680.0	0.0	1.1641532e-09	11.125412	-0.0041832486	-0.37986135	1.2115557	0.0038461057	0.03251	49.0	39254.79751229286
105	754.71875	99.06317	810.5	390.15	100.0	1696.0	0.0	-9.313226e-09	11.949047	-0.0038880631	-0.26687384	1.1857616	0.0031853262	0.02633	49.0	39326.29192972183
106	753.1813	116.714134	845.1	338.6	100.0	1712.0	0.0	-4.1909516e-09	11.644886	-0.004109576	-0.24568284	1.2040764	0.0034901544	0.029424999	49.0	39404.55426621437
107	722.7656	215.91837	863.3	18.199995	100.0	1728.0	0.0	-1.8626451e-09	12.764206	-0.0039048442	-0.5594746	1.1849176	0.0030078758	0.02616	49.0	39475.84945559502
108	700.1062	324.90048	894.3	-331.95	100.0	1744.0	0.0	-5.5879354e-09	15.577223	-0.0041270843	-0.8909795	1.1890054	0.0035762028	0.027195	49.0	39553.9931602478
109	822.3312	49.541767	910.0	695.89996	100.0	1760.0	10.0	-1.1641532e-08	12.26282	-0.0038197623	-0.92289615	1.1897141	0.003743539	0.029169999	49.0	39656.70982837677
110	859.8781	58.35587	934.95	701.25	100.0	1776.0	24.0	-5.122274e-09	11.294703	-0.0038486351	-0.37579072	1.1990272	0.0038136556	0.0317	49.0	39787.47753882408
111	821.33435	108.48899	941.3	501.15	100.0	1792.0	0.0	-2.7939677e-09	11.106485	-0.004236116	-0.42690134	1.1833999	0.0035684663	0.03223	49.0	39857.21403169632
112	879.54065	31.921022	946.6	815.75	100.0	1808.0	44.0	-4.656613e-09	10.826916	-0.004328834	-0.3047762	1.1908195	0.004216616	0.032935	49.0	40040.20994091034
113	861.70935	181.0507	991.64996	200.54999	100.0	1824.0	0.0	-3.7252903e-09	12.573289	-0.0040283147	-0.64166534	1.1807637	0.0033136057	0.031185001	49.0	40110.17293906212
114	932.2656	38.588516	1001.7	858.3	100.0	1840.0	10.0	-2.2118911e-09	11.199394	-0.004106899	-0.43660665	1.1740485	0.0035385285	0.0301	49.0	40206.499975681305
115	928.7875	90.994835	1094.45	641.89996	100.0	1856.0	24.0	7.916242e-09	11.533589	-0.004648512	-0.30781734	1.1866708	0.003881128	0.034780003	49.0	40340.47986149788
116	927.28125	171.80415	1074.2	454.9	100.0	1872.0	0.0	-2.7939677e-09	15.636327	-0.0040947692	-0.6602894	1.16317	0.0032720629	0.03184	49.0	40411.0076584816
117	1004.05	77.64513	1099.5	769.64996	100.0	1888.0	98.0	-1.1059456e-09	13.164241	-0.004171633	-0.32036734	1.1668899	0.0038796938	0.029705	49.0	40743.03631925583
118	958.9375	39.217976	1009.7	870.5	100.0	1904.0	0.0	4.4237822e-09	10.701492	-0.004182877	-0.4914329	1.1731651	0.003567231	0.034605	49.0	40819.832407951355
119	1031.25	61.99555	1109.9	891.8	100.0	1920.0	34.0	-7.916242e-09	11.614813	-0.0046487823	-0.27632344	1.1545064	0.0034869479	0.032810003	49.0	40988.3159263134
120	1066.9688	58.216873	1159.9	931.89996	100.0	1936.0	117.0	-3.958121e-09	12.389825	-0.0045800414	-0.44921744	1.1747323	0.0035440538	0.031965002	49.0	41375.94614458084
121	1102.4501	46.853767	1182.5	1029.1	100.0	1952.0	221.0	4.656613e-10	12.126848	-0.0048049795	-0.48444808	1.1694072	0.0038058385	0.03502	49.0	42028.82800531387
122	1082.2031	54.913902	1199.4	980.6	100.0	1968.0	17.0	-6.519258e-09	12.03023	-0.0051746396	-0.46968257	1.173086	0.0039636274	0.03559	49.0	42143.5603351593
123	1078.9062	50.45526	1158.4	958.7	100.0	1984.0	0.0	-5.5879354e-09	11.190922	-0.004915664	-0.32729268	1.1623178	0.0034908648	0.029485	49.0	42214.476700782776
124	1134.3501	45.029644	1220.8	1039.75	100.0	2000.0	0.0	1.0884833e-08	12.620958	-0.0046776095	-0.26903272	1.1669452	0.00450145	0.034755	49.0	42284.884457588196
125	1179.2594	66.74284	1283.1	1039.9	100.0	2016.0	118.0	8.614734e-09	12.682129	-0.004945795	-0.32134438	1.1621069	0.0040008724	0.04012	49.0	42670.79895377159
126	1225.4937	65.83572	1361.5	1086.0	100.0	2032.0	970.0	7.450581e-09	13.892992	-0.005209498	-0.43997192	1.1898873	0.004137655	0.039240003	49.0	45317.43281888962
127	1309.272	67.78846	1446.7	1192.2	100.0	2048.0	1055.0	1.3038516e-08	16.234589	-0.0049422327	-1.4758602	1.2194515	0.0043391697	0.041149996	49.0	48162.88879275322
128	1303.0376	60.952618	1443.7	1225.05	100.0	2064.0	983.0	-5.180482e-09	16.68748	-0.005062297	-1.2991874	1.2436672	0.0049223052	0.05223	49.0	50878.56713986397
129	1370.425	58.49873	1499.8	1248.75	100.0	2080.0	951.0	2.3283064e-09	18.299587	-0.0057287877	-1.7158893	1.2308011	0.004536845	0.048985	49.0	53449.56290054321
130	1335.9781	70.06884	1445.1	1151.75	100.0	2096.0	268.0	6.9849193e-10	16.728657	-0.0056746565	-1.2826464	1.2756814	0.0050680707	0.046494998	49.0	54218.462463378906
131	1396.3157	61.871113	1487.0	1278.4	100.0	2112.0	438.0	-5.5879354e-09	17.25862	-0.006087588	-0.8782824	1.2904413	0.0048638107	0.050630003	49.0	55427.852125406265
132	1384.6782	155.98796	1569.7	875.0	100.0	2128.0	50.0	7.566996e-10	22.858963	-0.005383892	-1.6235589	1.2178917	0.0038176726	0.040175	49.0	55629.6842751503
133	1444.7219	73.6508	1564.2	1291.9	100.0	2144.0	761.0	5.122274e-09	17.98484	-0.005584376	-1.1230533	1.2650598	0.004673453	0.045485	49.0	57725.259540081024
