Epoch	AverageEpRet	StdEpRet	MaxEpRet	MinEpRet	EpLen	TotalEnvInteracts	LossPi	LossV	DeltaLossPi	DeltaLossV	Entropy	KL	ClipFrac	StopIter	Time
0	-115.7891	8.028963	-95.200005	-132.8	80.0	120000	-9.313226e-09	3.1191463	-0.0053649917	-2.298864	3.4895883	0.009077918	0.030533334	49.0	27.03708028793335
1	-117.58572	7.444578	-103.950005	-133.90001	80.0	240000	-7.450581e-09	0.85374755	-0.0054668374	-0.021976523	3.478209	0.007718404	0.0319	49.0	56.1595995426178
2	-114.67942	7.473733	-97.700005	-129.45	80.0	360000	1.0244548e-08	0.8485259	-0.005065943	-0.006185524	3.4712462	0.007126476	0.025591668	49.0	84.83205270767212
3	-116.71123	7.0957184	-100.1	-131.8	80.0	480000	-9.895302e-09	0.80456924	-0.006013355	-0.0032467172	3.4607525	0.009075232	0.036391668	49.0	112.36108660697937
4	-117.575516	6.483929	-104.0	-138.3	80.0	600000	1.0011718e-08	0.8074671	-0.0054797158	-0.0025047883	3.450842	0.009661754	0.031900004	49.0	139.91558170318604
5	-114.14791	6.754057	-97.75	-127.35	80.0	720000	4.1909516e-09	0.8646929	-0.005681254	-0.0042897686	3.4347677	0.009604346	0.043574996	49.0	167.36699557304382
6	-111.87353	7.128013	-93.6	-126.850006	80.0	840000	2.3283064e-10	0.84746456	-0.0053874142	-0.0035625026	3.415712	0.008872408	0.038525	49.0	194.65004634857178
7	-109.79609	8.642977	-87.200005	-133.7	80.0	960000	1.3038516e-08	0.89828956	-0.0056766924	-0.0051598325	3.4043412	0.008817985	0.040475	49.0	222.39801597595215
8	-106.504715	8.332445	-77.450005	-128.75	80.0	1080000	-1.3969839e-09	1.024828	-0.0066179447	-0.011203185	3.3885245	0.0079002865	0.047566667	49.0	249.33155345916748
9	-103.24728	9.646532	-83.200005	-121.200005	80.0	1200000	-1.0477379e-08	1.0381889	-0.0066676787	-0.0074686557	3.3667324	0.007938129	0.047133334	49.0	276.7813808917999
10	-98.546295	11.857178	-57.600002	-120.9	80.0	1320000	-6.9849193e-09	1.4067633	-0.008078202	-0.012301706	3.3405194	0.009342102	0.063991666	49.0	305.08399081230164
11	-91.85894	15.913477	-45.300003	-120.700005	80.0	1440000	5.5879354e-09	1.7880982	-0.00722474	-0.026949733	3.2970858	0.008843852	0.058175	49.0	332.30777287483215
12	-84.82678	14.694633	-48.550003	-110.3	80.0	1560000	1.3969839e-09	2.0960224	-0.007239444	-0.01664415	3.2475984	0.008265163	0.0594	49.0	358.29582691192627
13	-79.43839	20.068743	-36.050003	-108.700005	80.0	1680000	-8.381903e-09	3.0379748	-0.0070227645	-0.02905187	3.1970232	0.007824035	0.05665	49.0	386.12098145484924
14	-69.244644	24.865648	-8.850001	-116.65	80.0	1800000	5.5879354e-09	4.248333	-0.0069660516	-0.08861017	3.1281195	0.008760637	0.06643333	49.0	413.92192482948303
15	-62.7375	23.9404	-3.5000012	-110.700005	80.0	1920000	9.313226e-10	5.039197	-0.0060499674	-0.106977224	3.0592933	0.009413848	0.06628334	49.0	442.83026003837585
16	-49.68572	29.412134	12.849998	-109.700005	80.0	2040000	-6.519258e-09	7.299941	-0.0056781527	-0.26077908	2.9799905	0.007813102	0.058941666	49.0	470.3190884590149
17	-53.364285	28.266724	38.5	-106.85	80.0	2160000	9.313226e-10	6.6312933	-0.0049842456	-0.08286971	2.9042945	0.008110439	0.052325003	49.0	499.0424597263336
18	-44.81053	28.935118	43.199997	-92.950005	80.0	2280000	3.259629e-09	7.488513	-0.0052878126	-0.0891453	2.8301334	0.0073029418	0.05386667	49.0	530.1691527366638
19	-39.05536	37.43749	33.25	-110.55	80.0	2400000	-5.122274e-09	7.3947306	-0.0051456178	-0.08218399	2.753481	0.0077844923	0.054458335	49.0	557.9472861289978
20	-36.645004	31.282784	45.449997	-101.15	80.0	2520000	-4.656613e-09	7.865736	-0.004746178	-0.10109174	2.6660664	0.007036389	0.049133334	49.0	585.9227616786957
21	-33.99737	41.253853	72.95	-116.700005	80.0	2640000	1.3969839e-09	9.689421	-0.0040519247	-0.2550016	2.6014178	0.006692155	0.03931667	49.0	617.046247959137
22	-17.835966	39.44348	78.75	-91.55	80.0	2760000	-1.7462298e-09	11.724344	-0.0039798683	-0.3235947	2.5343876	0.0077217924	0.043725	49.0	644.4028980731964
23	-7.455359	40.506798	86.35	-91.1	80.0	2880000	0.0	12.393092	-0.004642363	-0.21822393	2.4664898	0.0072946986	0.055791665	49.0	672.4505941867828
24	-10.04643	45.51815	91.75	-95.85	80.0	3000000	-3.7252903e-09	12.955624	-0.0044551278	-0.20137042	2.413988	0.0071595777	0.04738333	49.0	699.8310434818268
25	-2.0223231	49.313778	119.85	-96.15	80.0	3120000	6.519258e-09	13.8658085	-0.004409895	-0.3029344	2.3453074	0.007333033	0.047183335	49.0	727.4561228752136
26	14.051784	47.817715	116.25	-81.8	80.0	3240000	5.5879354e-09	17.777508	-0.004429567	-0.4603789	2.2867332	0.006404791	0.045558333	49.0	755.5263736248016
27	5.0868406	50.73088	136.6	-93.8	80.0	3360000	1.8626451e-09	14.721472	-0.0044433684	-0.2565719	2.2305837	0.0067416634	0.051433332	49.0	783.7893495559692
28	16.791227	49.470535	130.75	-89.8	80.0	3480000	9.313226e-10	18.22066	-0.004584224	-0.37069762	2.145897	0.007023374	0.051775	49.0	810.2896549701691
29	11.299104	45.58115	104.7	-83.85	80.0	3600000	9.313226e-10	18.887934	-0.0037748902	-0.29621178	2.0859737	0.006039868	0.03938333	49.0	839.9307162761688
30	21.095535	57.791332	173.8	-83.4	80.0	3720000	-3.7252903e-09	19.352226	-0.003688876	-0.3130299	2.008195	0.0064232824	0.039925	49.0	867.5760049819946
31	22.949106	54.69571	169.45	-103.950005	80.0	3840000	1.7462298e-09	17.1948	-0.00372187	-0.36301064	1.9576491	0.006056194	0.035350002	49.0	895.8043522834778
32	36.255356	56.171497	232.45	-72.9	80.0	3960000	3.7252903e-09	20.27942	-0.0034822905	-0.39331818	1.9154394	0.005459233	0.03188333	49.0	923.7279357910156
33	21.796427	55.261276	181.0	-88.700005	80.0	4080000	-3.259629e-09	16.980606	-0.0038285088	-0.3710394	1.8763249	0.0053298413	0.039958335	49.0	951.6005499362946
34	37.700893	62.401424	183.25	-67.65	80.0	4200000	-2.7939677e-09	20.123985	-0.003983586	-0.45823705	1.8609462	0.006270742	0.042	49.0	979.1995420455933
35	51.895535	72.97688	239.3	-74.200005	80.0	4320000	-4.656613e-09	22.23365	-0.0034177906	-0.48490632	1.8084375	0.00578402	0.032591667	49.0	1006.8401715755463
36	44.87143	57.87053	174.7	-85.15	80.0	4440000	-2.3283064e-10	19.889084	-0.0039154403	-0.5707576	1.7497178	0.0052554533	0.035633333	49.0	1035.088965177536
37	61.81071	59.745026	281.55	-61.2	80.0	4560000	1.3969839e-09	20.634163	-0.0037599655	-0.3604895	1.7344003	0.0050353766	0.026933335	49.0	1063.5431599617004
38	43.91518	68.74432	262.6	-89.65	80.0	4680000	-2.3283064e-10	18.944084	-0.003407549	-0.3653525	1.6884503	0.005743989	0.033474997	49.0	1091.0759887695312
39	62.136604	68.24402	285.5	-91.75	80.0	4800000	-4.656613e-10	20.6082	-0.0035216874	-0.41582632	1.6606119	0.0052235527	0.027516667	49.0	1118.835322856903
40	52.36339	62.848217	230.4	-50.350002	80.0	4920000	-9.313226e-10	16.240196	-0.0032837517	-0.44037497	1.6366129	0.004604219	0.0321	49.0	1148.786259174347
41	76.29553	68.8501	249.25	-43.050003	80.0	5040000	-5.5879354e-09	18.453056	-0.0037405863	-0.41740894	1.5939431	0.005051622	0.034383334	49.0	1176.7592723369598
42	72.749084	70.451164	244.95	-64.85	80.0	5160000	2.3283064e-10	22.43311	-0.003717287	-0.79610634	1.5528514	0.0055245864	0.035741664	49.0	1205.778284072876
43	84.58303	71.02021	279.5	-49.800003	80.0	5280000	1.8626451e-09	24.44071	-0.0035454358	-0.65405154	1.5313613	0.0046573803	0.03299167	49.0	1233.3025815486908
44	92.92589	68.659004	284.35	-16.750002	80.0	5400000	9.313226e-10	22.40855	-0.0035726647	-0.9038422	1.510951	0.004127629	0.026708333	49.0	1259.9109773635864
45	101.903564	65.39731	354.2	-11.100001	80.0	5520000	2.7939677e-09	24.93437	-0.0036159563	-0.9559088	1.4879171	0.0045704544	0.026683334	49.0	1287.4339497089386
46	86.35714	60.91652	226.3	-41.600002	80.0	5640000	1.3969839e-09	21.366495	-0.0036512716	-0.4116646	1.4457144	0.004926035	0.028058333	49.0	1315.2594065666199
47	96.96071	62.90064	247.05	-45.15	80.0	5760000	6.7520887e-09	21.365139	-0.0036832634	-0.86837864	1.4253367	0.0045203287	0.032575004	49.0	1343.8835537433624
48	102.85091	55.53831	244.9	-25.800001	80.0	5880000	0.0	21.616867	-0.003928788	-0.7227036	1.4239467	0.0044578593	0.031774998	49.0	1371.7667880058289
49	131.59464	80.5719	356.65	-28.100002	80.0	6000000	2.3283064e-09	26.027603	-0.0034516426	-0.7754617	1.3849392	0.0042720726	0.02885	49.0	1399.7345252037048
50	123.93125	77.68607	324.5	-19.150002	80.0	6120000	9.313226e-10	23.584139	-0.0034765336	-0.7601713	1.3594813	0.0047443397	0.029733334	49.0	1427.3679144382477
51	132.11092	82.96679	306.95	-23.1	80.0	6240000	3.7252903e-09	25.715027	-0.003619235	-0.9063468	1.3287146	0.0045819134	0.027691666	49.0	1457.0078105926514
52	142.30182	69.2389	327.4	-0.8500022	80.0	6360000	-1.9790605e-09	25.535759	-0.003552083	-0.7095287	1.3004489	0.0045849243	0.0308	49.0	1486.5498313903809
53	129.09554	72.04555	310.3	-29.300001	80.0	6480000	-3.259629e-09	24.968967	-0.0036789535	-0.82687616	1.258394	0.0038202964	0.029758334	49.0	1514.7997689247131
54	159.05	88.29773	429.1	2.2499993	80.0	6600000	7.450581e-09	28.424833	-0.0032141046	-1.1113758	1.2413054	0.0038524524	0.029241666	49.0	1543.0679879188538
55	157.15833	90.31819	337.05	-15.450002	80.0	6720000	2.3283064e-09	27.29084	-0.0034781988	-0.92166233	1.2120826	0.00392052	0.027266666	49.0	1570.3595333099365
56	156.64017	76.67462	350.75	25.099998	80.0	6840000	1.8626451e-09	26.20342	-0.0034010771	-1.0707349	1.1678077	0.0036565592	0.019808333	49.0	1598.7951889038086
57	170.32129	73.07752	341.75	20.799997	80.0	6960000	4.656613e-10	29.849533	-0.0030529834	-0.9171181	1.1605756	0.0035384174	0.018708333	49.0	1626.1856906414032
58	185.41272	77.241486	404.5	60.699997	80.0	7080000	9.313226e-10	30.71038	-0.003070911	-0.86782575	1.1460967	0.0038786104	0.023416666	49.0	1653.8938202857971
59	185.27405	88.26895	380.7	8.799997	80.0	7200000	9.313226e-10	32.12124	-0.0032803458	-0.8418765	1.1370893	0.0038505336	0.027625002	49.0	1682.016535282135
60	156.43214	72.58108	300.7	-10.700001	80.0	7320000	7.450581e-09	25.31593	-0.003165821	-0.8271271	1.1251404	0.0034679477	0.025966667	49.0	1709.946944952011
61	192.5491	88.945564	399.9	40.399998	80.0	7440000	4.656613e-09	30.457947	-0.0033934622	-1.4685638	1.1082509	0.0042594145	0.024958333	49.0	1738.073352098465
62	207.04259	96.66213	444.35	-18.95	80.0	7560000	-7.450581e-09	35.13576	-0.003237556	-1.0779634	1.085758	0.0031376807	0.024891667	49.0	1765.9479808807373
63	186.32817	78.32052	419.8	25.349997	80.0	7680000	9.313226e-10	26.010372	-0.0032111541	-1.3701727	1.0621698	0.0035566648	0.020208333	49.0	1793.9691195487976
64	202.6	101.62265	454.95	-15.200002	80.0	7800000	1.8626451e-09	32.091854	-0.0033506874	-0.98670816	1.056108	0.0034050369	0.023825001	49.0	1821.7508118152618
65	209.3382	83.65609	490.0	-21.900002	80.0	7920000	-1.8626451e-09	33.31355	-0.0031043908	-1.215411	1.0337648	0.003494874	0.019941665	49.0	1849.8891670703888
66	211.12962	114.56812	487.95	-35.0	80.0	8040000	-5.355105e-09	33.86422	-0.0030593597	-0.95534563	1.0144063	0.0029866537	0.022258334	49.0	1878.0724091529846
67	195.83214	84.281334	435.1	33.7	80.0	8160000	3.259629e-09	27.880182	-0.0031129508	-0.72414756	1.002635	0.003380843	0.023241667	49.0	1906.1237041950226
68	199.06203	81.87687	393.55	31.349998	80.0	8280000	2.3283064e-09	29.464127	-0.0030013938	-0.659384	0.97673166	0.0031195155	0.019891668	49.0	1935.3985545635223
69	199.8625	68.30003	388.8	79.15	80.0	8400000	-2.3283064e-09	25.320137	-0.0032554897	-0.7682786	0.9663452	0.0026881406	0.019591667	49.0	1963.6892702579498
70	200.53125	73.46689	431.6	54.05	80.0	8520000	-4.656613e-09	26.706278	-0.003019617	-0.8155494	0.9562736	0.0030386774	0.022683334	49.0	1991.4255528450012
71	215.46608	95.42644	490.6	40.399998	80.0	8640000	3.7252903e-09	31.735224	-0.0030314666	-1.4519844	0.95343685	0.0033793282	0.0235	49.0	2019.0852630138397
72	235.85892	89.192245	485.4	69.1	80.0	8760000	-3.7252903e-09	33.24224	-0.0032074295	-0.91971684	0.9433625	0.003163713	0.025741667	49.0	2047.5273115634918
73	228.88303	90.82559	470.4	57.35	80.0	8880000	-4.656613e-10	32.95543	-0.0032413863	-0.8473551	0.93531656	0.0033534681	0.022666667	49.0	2075.7907803058624
74	237.47961	107.0724	510.4	23.499998	80.0	9000000	-1.8626451e-09	33.461662	-0.0030180803	-0.96284485	0.91989315	0.0031132977	0.020233333	49.0	2103.6524555683136
75	236.65378	88.05449	497.6	95.35	80.0	9120000	-2.3283064e-09	32.73256	-0.0028945478	-1.2816403	0.9078243	0.0025784038	0.021733332	49.0	2131.609572172165
76	208.95357	92.2315	465.35	89.6	80.0	9240000	1.8626451e-09	27.439316	-0.0029100128	-0.9160571	0.8907771	0.002924541	0.024233334	49.0	2158.5519354343414
77	232.78212	106.89837	537.2	34.6	80.0	9360000	-3.7252903e-09	33.006783	-0.0027916306	-1.3185798	0.8867699	0.00339505	0.023391666	49.0	2186.771076440811
78	256.05716	98.6713	498.75	73.15	80.0	9480000	4.8894435e-09	38.834442	-0.0030309015	-1.048224	0.8822304	0.0027040178	0.02035	49.0	2214.5438220500946
79	236.45091	90.86339	488.5	102.049995	80.0	9600000	-9.313226e-10	32.753242	-0.0026879977	-1.0196512	0.8625726	0.0026269257	0.018666666	49.0	2242.7329602241516
80	248.5113	80.54405	478.35	110.799995	80.0	9720000	5.2386895e-09	35.0855	-0.003198972	-1.3591471	0.87561905	0.0028690947	0.023458334	49.0	2270.0670466423035
81	239.2209	88.361496	523.45	109.45	80.0	9840000	-1.8626451e-09	32.187824	-0.0030360674	-0.9516108	0.8626809	0.002980491	0.02565	49.0	2298.080018520355
82	246.15182	94.94674	530.85	109.75	80.0	9960000	4.656613e-09	36.198685	-0.0029045043	-1.1497917	0.86015415	0.002485036	0.021808334	49.0	2325.7170214653015
83	236.4609	85.94176	499.95	126.5	80.0	10080000	1.8626451e-09	31.58154	-0.0029575974	-1.2724841	0.843871	0.0025529983	0.018208332	49.0	2353.583066225052
84	257.0392	124.43892	550.3	115.799995	80.0	10200000	-1.0244548e-08	39.148804	-0.0032204823	-2.0385268	0.83625674	0.002429922	0.020633332	49.0	2380.750737428665
85	254.25365	116.584595	567.3	113.149994	80.0	10320000	2.3283064e-10	35.644287	-0.0030516237	-1.0112104	0.83777034	0.002631199	0.021708334	49.0	2408.407924890518
86	255.61545	99.62314	493.4	119.25	80.0	10440000	-3.958121e-09	37.095566	-0.0027198556	-1.1742325	0.84358215	0.0023551362	0.01915	49.0	2438.1532669067383
87	266.12454	107.00903	515.85	113.35	80.0	10560000	3.259629e-09	39.58235	-0.0032884611	-1.5556712	0.83104694	0.002944272	0.021491665	49.0	2466.1768584251404
88	248.49443	111.9765	529.85	-33.500004	80.0	10680000	4.656613e-10	37.089325	-0.002792448	-1.0925732	0.8140925	0.0026895944	0.021808334	49.0	2494.891967535019
89	245.6634	94.26428	547.1	74.5	80.0	10800000	-2.3283064e-09	34.385105	-0.003193137	-1.1404104	0.8032155	0.0025165621	0.0186	49.0	2522.3648643493652
90	229.92924	109.449326	562.1	76.6	80.0	10920000	0.0	32.042793	-0.0031044856	-0.7715838	0.8088683	0.0029922845	0.023458334	49.0	2550.6271147727966
91	235.10088	94.53185	528.5	88.549995	80.0	11040000	0.0	33.270786	-0.0030065472	-1.0517573	0.79492927	0.0028598083	0.020849999	49.0	2580.7490799427032
92	262.67453	104.79435	565.1	101.6	80.0	11160000	-1.8626451e-09	36.347965	-0.0032824026	-1.065743	0.7825018	0.0032061348	0.02465	49.0	2608.9945974349976
93	270.6537	120.66455	566.25	85.35	80.0	11280000	0.0	38.71962	-0.0028837314	-1.8337898	0.7778591	0.002794708	0.019325001	49.0	2636.3488018512726
94	233.8324	77.574135	492.75	111.1	80.0	11400000	9.313226e-10	31.866528	-0.00300982	-1.7734199	0.7812617	0.0027144137	0.021908334	49.0	2664.210077524185
95	256.3611	98.91019	519.35	103.049995	80.0	11520000	2.0954758e-09	38.680458	-0.003035016	-1.452971	0.77535343	0.003348106	0.024766665	49.0	2691.5165305137634
96	275.46225	100.31889	556.7	116.4	80.0	11640000	-9.313226e-10	37.639584	-0.0032020817	-0.9171767	0.7755887	0.0028065774	0.021233333	49.0	2719.7080211639404
97	261.41794	117.71675	525.8	101.0	80.0	11760000	2.561137e-09	37.28614	-0.003134111	-1.063262	0.76207566	0.0028290744	0.023966666	49.0	2748.212013721466
98	271.325	117.74599	582.9	98.65	80.0	11880000	-9.313226e-09	37.366074	-0.003071579	-1.2730286	0.76097304	0.0038656497	0.023258332	49.0	2776.323367834091
99	243.94724	90.06086	520.65	144.55	80.0	12000000	-4.656613e-09	33.570827	-0.0028724128	-1.3439012	0.75130975	0.0021729663	0.017491668	49.0	2804.361382484436
100	269.6549	112.96047	569.05	116.399994	80.0	12120000	-4.656613e-10	36.503624	-0.0032423188	-1.3264737	0.7611966	0.0027433322	0.024158332	49.0	2831.612699508667
101	290.68558	122.79035	601.8	51.6	80.0	12240000	6.0535967e-09	40.541733	-0.0029893368	-1.6614144	0.7596592	0.0024383583	0.016875	49.0	2858.923410654068
102	274.70096	98.484535	578.7	95.95	80.0	12360000	4.1909516e-09	34.420624	-0.0029966836	-1.7611887	0.7451405	0.0017704775	0.016933333	49.0	2886.1025943756104
103	265.4759	110.9633	587.95	128.0	80.0	12480000	0.0	36.335403	-0.0029613015	-1.1558235	0.7493532	0.0029325476	0.024	49.0	2913.792682647705
104	283.4154	107.497086	563.55	100.0	80.0	12600000	1.1641532e-09	37.155853	-0.0031529204	-1.3977807	0.7440573	0.003125163	0.024066668	49.0	2941.916384935379
105	299.12354	115.793335	631.05	146.15	80.0	12720000	-8.381903e-09	42.97433	-0.0033826632	-1.2457676	0.7443888	0.0026463438	0.024308333	49.0	2970.215858221054
106	284.98233	107.80214	571.9	110.25	80.0	12840000	1.3969839e-09	39.106087	-0.0029921657	-1.1867964	0.7495975	0.0023672236	0.018266667	49.0	2998.084157705307
107	277.6353	121.92727	577.4	83.45	80.0	12960000	-6.0535967e-09	40.583694	-0.003026527	-1.3693161	0.72748494	0.0025150524	0.0211	49.0	3027.0603487491608
108	296.827	125.57475	615.7	84.35	80.0	13080000	-3.259629e-09	42.234306	-0.0029443973	-1.4175489	0.73702526	0.0022649346	0.018916667	49.0	3055.9645385742188
109	298.43518	116.02667	580.6	123.6	80.0	13200000	0.0	38.860893	-0.0032186613	-2.3445287	0.7409048	0.0043586157	0.023175	49.0	3083.5478303432465
110	314.07498	138.47327	624.5	94.049995	80.0	13320000	7.450581e-09	39.200855	-0.0030400704	-1.1213267	0.75018233	0.0026017823	0.017566666	49.0	3110.961844444275
111	308.084	135.69633	622.5	118.299995	80.0	13440000	0.0	46.72982	-0.0029497659	-2.6290708	0.7435032	0.0027271202	0.021225002	49.0	3138.190923690796
112	319.3057	119.148544	593.2	110.95	80.0	13560000	0.0	46.25833	-0.0027608578	-1.7963524	0.7473729	0.0025020689	0.019708334	49.0	3166.5049924850464
113	356.31473	144.79727	667.85	108.85	80.0	13680000	3.7252903e-09	45.4793	-0.003553123	-1.5618539	0.7614496	0.002499038	0.023058333	49.0	3194.9273307323456
114	347.73843	144.73715	669.65	85.7	80.0	13800000	-2.7939677e-09	46.18152	-0.0031967591	-1.4682865	0.7607206	0.002978464	0.025541667	49.0	3222.6283831596375
115	350.17453	139.82437	680.35	137.8	80.0	13920000	5.5879354e-09	47.625343	-0.0032994917	-1.335475	0.745383	0.0027733657	0.024558332	49.0	3250.70352935791
116	350.89606	152.0168	668.45	85.049995	80.0	14040000	-1.3969839e-09	44.46584	-0.0034102998	-1.3869762	0.76295066	0.0025031215	0.022691667	49.0	3278.303827524185
117	367.1082	139.55057	667.7	113.2	80.0	14160000	-8.614734e-09	41.94201	-0.0034904294	-1.126981	0.7472529	0.0028618257	0.024466667	49.0	3305.1338329315186
118	345.80383	145.13948	674.0	61.649998	80.0	14280000	-4.656613e-09	44.180305	-0.0034253134	-1.2335482	0.7464019	0.0034531197	0.027233334	49.0	3332.250780105591
119	336.52594	125.86845	660.0	56.699997	80.0	14400000	5.122274e-09	36.86283	-0.003157436	-1.5916653	0.7318279	0.0030597611	0.020933334	49.0	3360.0370519161224
120	362.14615	147.90343	683.95	100.65	80.0	14520000	9.313226e-10	47.93251	-0.0033102306	-2.569664	0.75143087	0.0030443675	0.020708334	49.0	3387.9176275730133
121	383.71155	133.17271	675.6	149.05	80.0	14640000	2.3283064e-09	43.204536	-0.0032374337	-1.7759323	0.7523618	0.0025503892	0.024716666	49.0	3415.615298271179
122	380.13202	136.90756	674.15	72.75	80.0	14760000	8.381903e-09	47.55383	-0.00342456	-1.5322657	0.7457525	0.0028187707	0.021116666	49.0	3443.423217535019
123	405.13135	147.67134	682.85	102.65	80.0	14880000	4.656613e-09	48.00623	-0.0030810523	-1.4177866	0.7568519	0.0023514885	0.02055	49.0	3471.026960134506
124	414.922	141.56903	670.0	166.8	80.0	15000000	-4.1909516e-09	44.807087	-0.0033673614	-1.0702972	0.76604617	0.0027494202	0.02705	49.0	3498.7811665534973
125	382.07758	136.62688	673.95	119.65	80.0	15120000	-1.8626451e-09	44.80211	-0.0031458626	-2.4005113	0.7471671	0.0032613333	0.02705	49.0	3525.581712245941
126	405.07446	137.60303	686.2	137.9	80.0	15240000	7.450581e-09	38.349396	-0.0036641213	-1.2710121	0.7557686	0.0031545176	0.026466668	49.0	3553.115695953369
127	418.103	141.61766	675.05	144.0	80.0	15360000	-5.5879354e-09	46.30828	-0.0032216443	-2.2133634	0.74267864	0.0027488582	0.023699999	49.0	3581.400487422943
128	413.35883	141.46864	679.2	159.25	80.0	15480000	-9.313226e-10	44.19114	-0.0034936322	-1.38447	0.7540414	0.0029135353	0.026275	49.0	3608.635585784912
129	419.73676	172.84332	691.25	134.55	80.0	15600000	-9.313226e-09	49.06106	-0.003461859	-1.5441041	0.7394879	0.003973421	0.022908334	49.0	3636.6095345020294
130	464.42188	174.26453	730.8	64.799995	79.5	15720000	4.656613e-10	47.94884	-0.0040087407	-1.4837933	0.76800454	0.0038379484	0.031141669	49.0	3664.3035900592804
131	463.30304	151.23581	699.7	228.59999	80.0	15840000	-2.7939677e-09	45.23106	-0.0035235647	-1.319037	0.7649931	0.0031632099	0.026525	49.0	3692.019506454468
132	460.7938	140.75288	683.25	127.45	80.0	15960000	-9.313226e-10	49.96573	-0.00338984	-1.2658024	0.7451416	0.0027954238	0.02225	49.0	3720.238252401352
133	468.05612	156.51004	748.95	162.4	79.28571	16080000	-2.7939677e-09	46.23426	-0.0037733365	-1.2337332	0.7754331	0.0028086451	0.024525	49.0	3747.817229270935
134	416.9551	157.90901	709.9	115.7	79.918365	16200000	-4.656613e-09	37.379524	-0.0034305535	-2.2383113	0.74870235	0.0027329857	0.026875	49.0	3776.7827186584473
135	424.6255	137.90543	688.2	169.55	80.0	16320000	-1.8626451e-09	35.291336	-0.003770941	-1.3454757	0.73959947	0.0029093227	0.025108334	49.0	3804.543444633484
136	445.149	164.4629	728.4	123.25	79.62	16440000	-3.7252903e-09	49.699883	-0.0034486214	-1.9987347	0.7264908	0.0033512318	0.022216666	49.0	3833.0560257434845
137	463.87698	156.36044	692.75	148.7	80.0	16560000	2.7939677e-09	49.461563	-0.0035875654	-1.4400244	0.72713935	0.0031469825	0.024616666	49.0	3860.3013350963593
138	438.77042	165.8683	734.4	133.25	79.57143	16680000	2.0954758e-09	47.97162	-0.0033934813	-1.456711	0.7205806	0.0030712176	0.025483334	49.0	3887.6872425079346
139	465.722	157.2491	680.85	127.45	80.0	16800000	-9.313226e-10	43.914337	-0.0032138876	-1.2981839	0.7249768	0.002536612	0.020391667	49.0	3916.415126800537
140	458.80817	148.97092	717.3	232.7	79.83673	16920000	-5.9371814e-09	45.90432	-0.0034009404	-1.344131	0.7298716	0.0026079384	0.0226	49.0	3945.03271317482
141	433.7971	173.97859	767.9	124.049995	78.44231	17040000	1.3969839e-09	46.478016	-0.0035266846	-1.2449183	0.69012254	0.0022332626	0.021608334	49.0	3971.148967027664
142	471.59183	150.90988	749.65	185.9	79.02041	17160000	9.313226e-09	46.21984	-0.0032053308	-1.6423821	0.7082344	0.0027241092	0.019433333	49.0	3999.1403045654297
143	465.80002	179.46942	751.7	133.25	78.291664	17280000	4.656613e-09	47.615475	-0.0038509262	-1.7097468	0.7082185	0.006142389	0.027875	49.0	4026.0340287685394
144	486.61942	173.25708	747.5	163.25	78.85714	17400000	4.656613e-09	42.343376	-0.0032593329	-1.0310645	0.72914207	0.002554515	0.019208334	49.0	4053.361557006836
145	466.318	156.27997	763.0	139.8	78.84	17520000	1.8626451e-09	42.87106	-0.003434005	-1.3509011	0.69610023	0.0026862915	0.022225	49.0	4082.4705946445465
146	492.37656	165.50772	748.5	158.9	79.18367	17640000	1.8626451e-09	41.065956	-0.0035627512	-1.0827765	0.7156918	0.0029843305	0.024725	49.0	4109.717846393585
147	466.27158	178.60336	754.35	107.9	79.31373	17760000	-1.8626451e-09	45.538174	-0.0036064424	-1.5725956	0.6952175	0.0026940443	0.0254	49.0	4137.018890380859
148	480.3939	155.00478	759.55	170.4	78.61224	17880000	3.7252903e-09	40.83646	-0.003679285	-1.4877923	0.6904193	0.0026254929	0.023599999	49.0	4164.265287160873
149	501.88467	171.76845	754.15	165.95	77.53061	18000000	-1.8626451e-09	43.926437	-0.003746965	-1.2994685	0.7019353	0.003513586	0.025566667	49.0	4192.034956455231
150	514.87244	163.73569	762.15	109.0	79.10204	18120000	4.8894435e-09	46.39798	-0.0036466485	-0.95169973	0.7201821	0.0032294919	0.024608333	49.0	4219.198248386383
151	507.20102	182.22356	776.4	137.84999	75.18	18240000	2.7939677e-09	35.92099	-0.0038116672	-1.8826697	0.7112664	0.0023247073	0.023825001	49.0	4247.237085342407
152	497.56348	177.19643	766.75	124.799995	76.03846	18360000	-3.7252903e-09	46.724655	-0.003633236	-1.8654771	0.6774373	0.0029328489	0.022133332	49.0	4275.059903144836
153	538.63104	192.74559	767.0	78.65	73.18	18480000	-3.7252903e-09	46.31272	-0.003574208	-1.4176443	0.70403147	0.0029303457	0.025616666	49.0	4302.773204565048
154	559.37115	165.91524	775.0	246.7	74.15385	18600000	-1.0244548e-08	44.197525	-0.0038408116	-1.7456763	0.7060349	0.0027532098	0.025841666	49.0	4330.271135091782
155	598.46735	148.63866	774.9	251.8	71.65385	18720000	0.0	41.84413	-0.0036897948	-1.9214277	0.7188699	0.0034754965	0.026741667	49.0	4357.87948513031
156	559.3674	150.53532	775.9	167.15	75.87755	18840000	-3.7252903e-09	45.768646	-0.003672251	-1.523252	0.7083879	0.0028694863	0.025158333	49.0	4385.75932431221
157	598.5693	156.29752	777.85	279.1	70.05769	18960000	5.5879354e-09	43.190083	-0.003683018	-1.6663976	0.71960545	0.002935379	0.023366667	49.0	4411.877183914185
158	579.5091	171.79257	778.0	108.35	68.09091	19080000	7.450581e-09	37.881393	-0.0038462845	-2.0220454	0.7218008	0.0029852344	0.026700001	49.0	4439.771322488785
159	639.0278	138.37712	777.9	284.85	66.01852	19200000	-6.9849193e-10	46.09712	-0.004048012	-2.889264	0.71251464	0.0038047805	0.029175	49.0	4467.796870946884
160	578.2264	196.82086	782.0	134.7	67.4	19320000	-6.0535967e-09	42.460636	-0.003463651	-1.9752097	0.69554174	0.0023418535	0.023366667	49.0	4496.976855754852
161	578.2686	177.16234	778.7	98.75	71.43137	19440000	2.7939677e-09	40.4951	-0.0036009154	-1.3257704	0.68530655	0.0039985585	0.025600001	49.0	4524.246296882629
162	572.3915	179.58052	780.35	163.75	68.73585	19560000	7.450581e-09	38.670773	-0.003724446	-1.0879016	0.68162096	0.0029942177	0.027383335	49.0	4551.835656166077
163	636.1709	139.80775	778.2	242.2	66.781815	19680000	-5.5879354e-09	45.51699	-0.0040371204	-1.9344168	0.68266666	0.017694436	0.03886667	49.0	4580.010184049606
164	604.81573	184.5329	787.2	134.84999	65.74074	19800000	0.0	40.08265	-0.0035878525	-1.8742244	0.6954582	0.0026937455	0.024608333	49.0	4606.657799243927
165	634.56573	126.006256	784.4	249.05	70.37255	19920000	0.0	36.50644	-0.003953386	-1.0577953	0.7318289	0.003106887	0.026391666	49.0	4635.226141691208
166	591.4461	188.27701	780.5	120.4	69.27451	20040000	0.0	36.91086	-0.0038056213	-1.4606924	0.72361827	0.0029312456	0.024291666	49.0	4662.31054520607
167	604.1133	141.56613	777.4	139.15	74.79592	20160000	1.8626451e-09	44.645718	-0.003603878	-1.8634424	0.7295791	0.0029070242	0.023616668	49.0	4689.518091678619
168	604.738	162.8065	781.9	207.5	68.55556	20280000	-4.4237822e-09	43.214233	-0.0037184712	-1.0880375	0.702439	0.0029609278	0.024791667	49.0	4717.0490074157715
169	621.96735	167.058	785.7	158.3	66.32727	20400000	0.0	36.8506	-0.0038314979	-1.3227262	0.70669514	0.0032289876	0.027441667	49.0	4744.684888839722
170	657.4773	131.33302	785.0	247.35	62.854546	20520000	-1.4901161e-08	32.47753	-0.004123335	-0.98818445	0.72789603	0.0048572887	0.029608333	49.0	4771.723480224609
171	634.7917	145.39365	785.8	200.0	66.27778	20640000	4.656613e-09	39.094284	-0.003751791	-1.2352252	0.7095616	0.002840734	0.024983332	49.0	4799.4664742946625
172	615.6208	150.02524	784.6	248.95	68.43396	20760000	-4.656613e-10	34.350708	-0.004032976	-1.0893009	0.702875	0.0028562497	0.026458334	49.0	4827.09721326828
173	600.2926	164.98029	784.1	202.35	68.35185	20880000	-3.7252903e-09	33.116352	-0.0037936794	-1.1211135	0.6831497	0.0030220952	0.026375	49.0	4853.167522907257
174	624.0594	164.5707	784.1	167.55	67.45283	21000000	9.313226e-09	31.311424	-0.003676692	-0.7349925	0.70224416	0.0034714537	0.026250001	49.0	4880.347018003464
175	601.72595	162.3479	784.55	137.2	67.796295	21120000	0.0	38.235497	-0.0035727392	-1.3312919	0.6874243	0.0027231583	0.022683334	49.0	4907.5383977890015
176	628.9591	197.35342	786.75	60.149998	58.766666	21240000	0.0	36.466995	-0.0036708885	-1.2798023	0.67740506	0.0031040953	0.02555	49.0	4934.666362047195
177	659.7675	125.639786	788.1	307.05	63.473682	21360000	-3.7252903e-09	40.23031	-0.00378856	-1.1870344	0.67293537	0.0029275448	0.025358334	49.0	4961.709672689438
178	628.0842	176.93376	788.2	100.9	63.666668	21480000	3.7252903e-09	42.392513	-0.0036321126	-1.0763738	0.6565743	0.002541392	0.02115	49.0	4991.849125623703
179	643.25464	159.82451	786.45	218.4	63.88889	21600000	-1.8626451e-09	32.429497	-0.0039045238	-1.0263541	0.6972418	0.0032631308	0.02685	49.0	5019.078209400177
180	634.4163	122.7463	788.35	220.84999	73.081635	21720000	-8.8475645e-09	32.27086	-0.003523506	-0.9796717	0.688877	0.0028661215	0.024516668	49.0	5047.123325109482
181	678.9578	127.703606	789.2	131.95	60.42105	21840000	-1.071021e-08	36.123535	-0.003773949	-1.2276428	0.6615659	0.0031270026	0.025258332	49.0	5078.031828403473
182	667.63947	158.12961	788.4	95.25	57.69355	21960000	-9.313226e-10	34.014	-0.0037188001	-1.3854716	0.6404283	0.0027316294	0.024425	49.0	5106.168497800827
183	650.9123	147.78677	786.0	189.9	64.649124	22080000	4.656613e-10	38.719444	-0.003421568	-1.6279213	0.63762295	0.002410091	0.025141668	49.0	5133.833564758301
184	667.9116	108.967094	789.5	364.05	64.94643	22200000	1.6298145e-09	31.622782	-0.0036733332	-1.0220745	0.65616274	0.0032891124	0.024266668	49.0	5160.72863483429
185	671.0525	124.5493	789.3	306.75	61.15	22320000	4.656613e-10	38.62378	-0.0036505684	-0.947304	0.61757916	0.0024418999	0.022575	49.0	5188.910183668137
186	641.4025	161.92476	789.9	168.9	63.87931	22440000	-4.656613e-09	34.5138	-0.003672629	-1.0669525	0.6198772	0.0027704695	0.025199998	49.0	5218.38099360466
187	691.95807	134.83498	789.5	251.6	54.822582	22560000	-5.355105e-09	35.053093	-0.0035494324	-1.0764008	0.60568655	0.0034127668	0.024308333	49.0	5246.841794490814
188	681.78107	132.68262	787.95	192.15	59.74138	22680000	-6.2864274e-09	34.733532	-0.003528629	-0.93380976	0.6155272	0.0027648483	0.022641666	49.0	5274.951623678207
189	703.0089	113.52042	788.8	248.95	56.48387	22800000	-3.7252903e-09	30.756393	-0.004063135	-0.92361116	0.6229527	0.0032366752	0.027566668	49.0	5301.7159106731415
190	668.5542	123.18112	789.6	220.7	62.42373	22920000	-2.7939677e-09	33.730072	-0.0037201033	-1.0510719	0.6225958	0.0026802705	0.022658333	49.0	5328.882876157761
191	692.1307	132.40558	789.0	182.45	56.758064	23040000	-9.313226e-09	32.46719	-0.003869952	-0.8151033	0.6046267	0.0025329608	0.024308335	49.0	5357.922057628632
192	697.57544	107.64516	790.0	205.55	58.929825	23160000	-2.7939677e-09	27.67994	-0.0037342454	-0.60195994	0.61214936	0.0029622368	0.025816668	49.0	5384.930452346802
193	664.09845	162.48215	792.4	147.55	56.56923	23280000	-3.7252903e-09	34.408157	-0.00332582	-1.3589616	0.57937634	0.0021137476	0.019141667	49.0	5411.518923282623
194	687.4016	142.83069	791.95	203.5	55.265625	23400000	-1.8626451e-09	33.856686	-0.0035954197	-1.0588312	0.58714104	0.002777483	0.022750001	49.0	5439.01922750473
195	680.02966	126.67855	789.2	300.0	60.76271	23520000	-4.656613e-10	33.708576	-0.0033303273	-0.9157171	0.59525585	0.0025262032	0.020933334	49.0	5466.289702653885
196	673.87036	131.20763	791.3	143.15	59.77966	23640000	9.313226e-10	30.809685	-0.0034976285	-0.98632884	0.58165985	0.0023598836	0.022625	49.0	5494.736001253128
197	664.4805	148.68417	790.35	112.35	60.79661	23760000	-2.0954758e-09	35.85093	-0.003567421	-0.97267675	0.5845914	0.0025750096	0.02265	49.0	5523.6352508068085
198	684.85657	125.55482	791.8	194.75	58.04918	23880000	3.7252903e-09	29.2729	-0.0035557772	-0.81663656	0.5745876	0.0025933804	0.02165	49.0	5551.395622730255
199	675.9387	138.76445	792.35	182.8	58.85484	24000000	5.820766e-10	33.530914	-0.0032796054	-1.0768385	0.56697637	0.0023443603	0.020358333	49.0	5578.4509444236755
200	687.43195	133.9203	793.4	148.0	59.37705	24120000	-5.122274e-09	29.173954	-0.003593579	-0.8256223	0.56560075	0.0026960373	0.023591667	49.0	5605.944360971451
201	701.78186	137.79025	794.0	226.1	53.0	24240000	-3.7252903e-09	25.222023	-0.0035960244	-0.74888945	0.56665206	0.0049727457	0.026291667	49.0	5632.958749771118
202	706.6962	123.44574	791.6	214.5	53.863636	24360000	-2.7939677e-09	27.709515	-0.0035942835	-0.6580105	0.5797472	0.0029751605	0.025816666	49.0	5661.423513889313
203	703.15625	105.86917	791.6	379.45	54.390625	24480000	-1.8626451e-09	23.761147	-0.003464052	-0.7603309	0.56193507	0.0025357422	0.021166667	49.0	5688.643261671066
204	671.6674	147.6124	790.8	240.1	58.516666	24600000	5.5879354e-09	31.505394	-0.0032338998	-1.4119241	0.56038296	0.0025069434	0.020908333	49.0	5715.290984869003
205	679.09216	150.4529	794.05	208.5	56.046875	24720000	3.259629e-09	25.750902	-0.0033664168	-1.3189564	0.55182594	0.0029439656	0.023633335	49.0	5741.532938718796
206	730.9346	82.90517	794.4	296.3	50.82353	24840000	2.3283064e-09	24.11274	-0.0034417724	-1.0478566	0.5426851	0.0028923699	0.020491667	49.0	5768.802663087845
207	715.2848	114.31259	793.95	86.0	51.898552	24960000	1.44355e-08	20.696898	-0.0033332687	-0.7986765	0.5257136	0.0021075343	0.020933334	49.0	5796.381419181824
208	720.5762	106.050186	792.9	255.75	52.4	25080000	4.656613e-09	21.244808	-0.0033840556	-0.6435015	0.5307603	0.0024845812	0.018291667	49.0	5823.4890348911285
209	697.97424	155.247	793.8	97.1	53.803032	25200000	-8.381903e-09	26.374525	-0.00317575	-0.7384732	0.5262356	0.002016522	0.0186	49.0	5851.213746070862
210	706.65857	127.56575	792.85	225.45	50.42857	25320000	0.0	25.112535	-0.0033119381	-0.60062766	0.50593865	0.002593181	0.019666668	49.0	5878.600298643112
211	721.3843	117.88505	792.75	201.25	49.528572	25440000	-4.8894435e-09	25.560543	-0.0032857135	-0.6987902	0.5218059	0.0026245264	0.020641666	49.0	5906.040330410004
212	725.1916	101.47246	794.4	195.59999	49.15493	25560000	2.3283064e-10	26.928246	-0.003388803	-0.8649874	0.51361173	0.0024888488	0.023275	49.0	5932.888981103897
213	711.4637	117.51683	792.35	188.3	53.833332	25680000	1.1175871e-08	22.91415	-0.0035150414	-0.59246016	0.5320106	0.0027149317	0.022358334	49.0	5960.1442992687225
214	722.83307	102.16579	794.0	301.2	49.521126	25800000	-3.7252903e-09	26.402422	-0.0033519745	-0.7051344	0.51265866	0.003183617	0.025058333	49.0	5988.256586313248
215	726.7101	97.51978	793.45	419.0	46.7973	25920000	-1.094304e-08	28.124676	-0.0032944274	-0.93189883	0.49343476	0.0022733905	0.019866666	49.0	6015.371856927872
216	705.2629	134.63412	793.7	146.65	53.560608	26040000	-9.313226e-10	30.627361	-0.0033900237	-0.98695636	0.5003449	0.002946091	0.023183335	49.0	6043.16512298584
217	697.6007	166.82042	794.75	124.0	48.51351	26160000	-1.8626451e-09	25.793621	-0.0032483642	-0.9727931	0.4878093	0.0023069647	0.022950001	49.0	6070.5419726371765
218	715.7771	119.98766	793.95	127.299995	49.73611	26280000	0.0	22.813984	-0.0034398804	-0.5702629	0.49795938	0.0028029971	0.022808334	49.0	6098.192004442215
219	732.3118	100.38998	794.7	218.15	47.48611	26400000	7.450581e-09	22.900723	-0.0032800124	-0.45910597	0.49095732	0.0025964628	0.018783335	49.0	6124.244768381119
220	733.871	116.10641	794.3	180.8	44.81081	26520000	6.0535967e-09	23.849773	-0.0034549949	-0.67120814	0.48545015	0.002278762	0.021825	49.0	6152.389214754105
221	717.06494	120.69518	794.5	166.6	50.942856	26640000	3.259629e-09	24.016964	-0.0032977122	-0.5435461	0.49414667	0.0021683732	0.020041667	49.0	6179.338845014572
222	708.91016	168.7905	794.1	35.149998	44.62162	26760000	-5.5879354e-09	23.408092	-0.0033353874	-0.9689822	0.46897858	0.0021367404	0.021733332	49.0	6206.963438272476
223	748.63104	82.65008	794.6	333.85	42.93671	26880000	7.450581e-09	24.010748	-0.0033861115	-1.1163049	0.46228313	0.0028382728	0.0203	49.0	6234.058224916458
224	738.2316	124.45869	793.5	110.6	42.088608	27000000	1.8626451e-09	24.15844	-0.003419267	-0.5958257	0.45024168	0.0024810906	0.021975	49.0	6262.429183721542
225	728.0171	135.40161	793.8	178.75	43.342106	27120000	1.8626451e-09	19.742207	-0.0035339259	-0.800403	0.46321452	0.0027614348	0.023266668	49.0	6289.464636087418
226	750.6922	67.740204	795.9	492.35	43.857143	27240000	-2.7939677e-09	19.97023	-0.0036024735	-0.5340184	0.46286178	0.0025703474	0.020691667	49.0	6317.725653171539
227	732.5525	131.5454	794.2	130.1	43.341774	27360000	-9.313226e-10	21.75336	-0.0033087155	-0.75889754	0.44467384	0.0021162564	0.0216	49.0	6345.327116966248
228	747.19434	96.13017	795.05	215.55	42.544304	27480000	-2.7939677e-09	22.279873	-0.0034796607	-0.5318339	0.45325866	0.002482561	0.020991666	49.0	6372.510246038437
229	752.4538	90.884544	795.95	102.65	41.05128	27600000	-5.5879354e-09	20.538025	-0.0032950342	-0.48156404	0.44608778	0.0023106453	0.0211	49.0	6399.950834035873
230	746.828	86.48578	794.15	309.8	44.213333	27720000	-5.5879354e-09	16.63824	-0.0034869672	-0.5674164	0.4702474	0.0026151924	0.021983333	49.0	6429.033751487732
231	741.4204	98.037384	794.6	216.7	43.82895	27840000	2.3283064e-09	18.576862	-0.003333862	-0.48671544	0.45858097	0.002624952	0.021075	49.0	6456.243580818176
232	753.46924	96.58056	794.8	179.4	41.156628	27960000	0.0	18.015694	-0.0031503006	-0.45208144	0.43448657	0.0025625462	0.019216668	49.0	6483.480638027191
233	736.76917	106.49624	797.1	189.7	46.0137	28080000	-4.656613e-09	18.47636	-0.0033880658	-0.53734815	0.45275125	0.0025653034	0.020374998	49.0	6508.85249042511
234	765.31903	72.70672	794.2	178.1	37.95238	28200000	-2.7939677e-09	15.903015	-0.0035727334	-0.51161015	0.44466102	0.0029515827	0.020858333	49.0	6535.741856336594
235	752.5738	95.79909	794.45	191.55	41.3875	28320000	8.614734e-09	18.671387	-0.003277874	-0.6269243	0.4409702	0.0022271434	0.021783333	49.0	6562.496223449707
236	754.0773	85.338455	796.1	163.09999	41.83117	28440000	1.1175871e-08	15.535264	-0.0035062642	-0.47566855	0.43662933	0.0025762904	0.025441667	49.0	6589.772688865662
237	703.025	155.08185	794.1	159.65	48.685715	28560000	-1.8626451e-09	19.333138	-0.0030404301	-0.765049	0.4486131	0.0021350503	0.0177	49.0	6616.023499011993
238	754.1818	74.54876	794.8	360.7	42.57143	28680000	9.313226e-09	17.180805	-0.003508592	-0.77704155	0.43979043	0.002557964	0.020599999	49.0	6643.050426483154
239	720.14935	152.90565	797.0	156.05	44.864864	28800000	-8.381903e-09	19.593262	-0.0033487827	-0.91991305	0.44572014	0.002604384	0.024708334	49.0	6669.739411354065
240	745.24304	85.347755	794.5	312.3	45.76389	28920000	5.5879354e-09	18.456787	-0.0035478496	-0.7951224	0.4421899	0.0027904205	0.024658334	49.0	6697.482802629471
241	748.52673	79.36584	794.5	319.55	45.739727	29040000	2.7939677e-09	17.156464	-0.0035998488	-0.47223413	0.4568745	0.0026785764	0.027058333	49.0	6724.573360681534
242	760.70074	49.134693	796.9	582.7	42.32	29160000	-6.519258e-09	13.171936	-0.0035029151	-0.5479771	0.44883645	0.0029464324	0.022333333	49.0	6751.848697900772
243	736.9069	118.44166	794.7	81.15	44.47222	29280000	-1.6763806e-08	21.474262	-0.0034826864	-0.9614428	0.45801648	0.002504087	0.021708332	49.0	6779.099942684174
244	723.8795	125.45917	796.2	158.34999	49.621212	29400000	-1.1175871e-08	16.00429	-0.0035199448	-0.52823925	0.4786504	0.0024968418	0.019816667	49.0	6807.541309118271
245	747.5534	66.71114	794.3	459.1	46.71233	29520000	1.0244548e-08	14.870038	-0.0032513966	-0.46676922	0.451631	0.0025236243	0.022191666	49.0	6834.359654664993
246	725.992	138.23671	795.95	11.3499975	48.231884	29640000	-3.7252903e-09	16.622295	-0.0034282752	-0.5848706	0.45424503	0.0024463884	0.020258334	49.0	6859.897603034973
247	753.1682	79.750206	794.1	169.75	44.22973	29760000	4.656613e-09	15.29153	-0.0033345278	-0.4175825	0.43625593	0.0023008324	0.020475	49.0	6887.740851402283
248	750.8345	79.83211	795.3	191.15	44.527027	29880000	1.6298145e-09	17.749199	-0.0031592802	-0.45104003	0.42251518	0.0019977975	0.020108335	49.0	6914.160665512085
249	736.9507	105.84821	794.7	188.3	44.64	30000000	0.0	18.240967	-0.003032444	-0.5217707	0.41650146	0.0021424294	0.017633334	49.0	6941.512243509293
250	736.71643	120.829506	795.0	188.75	42.68421	30120000	1.4901161e-08	18.579338	-0.0031177397	-0.466869	0.42034262	0.0022917888	0.021566667	49.0	6968.076113700867
251	750.7966	69.40056	796.3	388.55	44.260273	30240000	0.0	17.591146	-0.0033925916	-0.7123414	0.43174666	0.0025873703	0.018791666	49.0	6995.074937582016
252	736.38574	106.254814	796.8	185.8	47.014286	30360000	3.7252903e-09	15.460418	-0.003258232	-0.63167286	0.44246727	0.0023175098	0.020066667	49.0	7020.817226886749
253	763.06506	53.22952	795.2	502.3	40.2	30480000	2.0954758e-09	17.172333	-0.003388035	-0.37454295	0.40745643	0.0024342765	0.020008333	49.0	7048.013432502747
254	744.635	82.9306	796.3	388.6	45.342857	30600000	1.21071935e-08	13.653546	-0.0034346532	-0.34095812	0.42731205	0.0021707504	0.019766666	49.0	7075.183423995972
255	740.21985	96.85246	794.5	197.55	46.69863	30720000	-1.3969839e-08	18.178257	-0.0035023373	-0.3705182	0.42089796	0.002362277	0.021291666	49.0	7101.78378033638
256	752.7275	93.58772	796.6	200.75	40.5875	30840000	8.1490725e-09	16.5125	-0.0033055504	-0.38040924	0.40434074	0.002202094	0.019908333	49.0	7129.142377138138
257	749.10504	101.54444	794.3	38.699997	40.987343	30960000	-9.313226e-10	18.448761	-0.0031103515	-0.47152615	0.40405518	0.0020240084	0.0181	49.0	7155.159560680389
258	763.44196	50.77216	796.9	486.5	40.93827	31080000	-8.614734e-09	18.183784	-0.0032402012	-0.46388388	0.40444255	0.0022424217	0.020183332	49.0	7182.589167833328
259	761.31494	50.289062	796.9	568.0	41.753246	31200000	7.450581e-09	14.745989	-0.0032640407	-0.4019841	0.40484163	0.0019564852	0.01935	49.0	7210.494620323181
260	749.8797	68.00298	795.85	352.4	46.84058	31320000	6.9849193e-09	13.5817795	-0.0033865264	-0.32046986	0.43711922	0.0020469886	0.020016667	49.0	7238.436996221542
261	753.23114	83.80207	796.8	328.2	41.83117	31440000	3.7252903e-09	17.420593	-0.003243061	-0.39309692	0.40423042	0.0019229838	0.01725	49.0	7266.669741868973
262	747.41486	96.1236	796.7	225.3	44.05634	31560000	3.7252903e-09	14.161153	-0.003264093	-0.29296196	0.42472503	0.0022697938	0.021325	49.0	7293.539644479752
263	744.11	60.608406	796.3	522.95	49.2	31680000	-8.381903e-09	13.582828	-0.0035368828	-0.42545855	0.44757044	0.0027682025	0.022875	49.0	7320.815451622009
264	754.1577	58.989143	796.1	422.45	45.070423	31800000	-5.5879354e-09	13.162382	-0.003634599	-0.30377376	0.4392912	0.0029176904	0.022316668	49.0	7349.1888744831085
265	746.4191	82.438614	794.3	205.05	46.77941	31920000	4.656613e-10	16.378878	-0.0037181252	-0.4663707	0.43550444	0.0026326044	0.024516668	49.0	7376.509794950485
266	743.56213	83.352036	794.3	216.4	48.10606	32040000	-6.9849193e-09	14.295009	-0.0035459986	-0.25549996	0.45360237	0.002605415	0.024425	49.0	7401.958165884018
267	751.43555	54.646397	794.9	488.4	46.826088	32160000	-1.21071935e-08	13.560356	-0.0036079718	-0.31976867	0.4431974	0.002140082	0.020283334	49.0	7428.168092727661
268	748.0946	89.40691	794.0	275.5	43.824326	32280000	-7.450581e-09	18.21423	-0.0032930283	-0.5086502	0.40961036	0.0018241901	0.01905	49.0	7454.487787485123
269	751.0389	73.610146	794.9	291.25	44.833332	32400000	3.7252903e-09	16.587788	-0.0036220178	-0.44024563	0.4200934	0.0022413493	0.022366665	49.0	7481.742177963257
270	750.68286	49.89501	796.5	578.65	48.119404	32520000	2.3283064e-10	14.063048	-0.003531086	-0.35835314	0.45262736	0.002439795	0.0204	49.0	7509.3773458004
271	753.4209	66.22265	794.9	430.15	43.743244	32640000	-2.3283064e-09	19.087982	-0.0037055076	-0.6203588	0.41569835	0.0026376944	0.021991666	49.0	7536.32555437088
272	751.77423	45.142826	794.45	681.7	48.9375	32760000	2.3283064e-09	12.425649	-0.0036090605	-0.53607583	0.45863128	0.002522672	0.023425	49.0	7562.972135066986
273	752.10846	67.51302	794.8	324.7	45.774647	32880000	-9.313226e-09	16.556442	-0.0033523059	-0.5221822	0.4169074	0.0023614732	0.0208	49.0	7591.349874258041
274	756.67267	69.027054	795.2	338.0	42.453335	33000000	1.8626451e-09	14.193341	-0.0034508293	-0.40662706	0.42768162	0.0028652134	0.021416668	49.0	7618.592236280441
275	769.0321	41.611958	794.9	603.15	38.975307	33120000	4.656613e-09	15.725429	-0.0035560885	-0.32460058	0.3905723	0.0019791527	0.020633334	49.0	7645.512048006058
276	753.0827	59.748314	796.7	447.65	45.5	33240000	9.313226e-09	16.514732	-0.0037393584	-0.36311245	0.4252712	0.0024181628	0.023633333	49.0	7672.916141986847
277	767.13794	48.78865	796.8	500.7	39.544304	33360000	-7.916242e-09	13.846192	-0.003504645	-0.5119493	0.40554783	0.0025788003	0.023008332	49.0	7699.995983839035
278	764.819	40.341557	794.7	677.95	42.094593	33480000	1.6763806e-08	14.511895	-0.003719527	-0.3304565	0.415402	0.0029379842	0.024508335	49.0	7725.978704929352
279	759.03485	55.006283	797.1	519.6	43.710526	33600000	-5.820766e-09	14.137176	-0.0033372566	-0.3569554	0.39853823	0.0028986172	0.021791667	49.0	7751.65544295311
280	753.409	61.806488	796.6	378.55	46.069443	33720000	-6.519258e-09	12.212248	-0.0034566636	-0.2583325	0.42996737	0.0026584826	0.020533333	49.0	7778.086918592453
281	767.49945	60.332596	796.2	317.1	38.416668	33840000	-5.5879354e-09	16.53718	-0.0033512583	-0.39505756	0.37736535	0.002155128	0.019008333	49.0	7805.7671983242035
282	768.3269	45.80328	796.7	558.6	39.307693	33960000	8.381903e-09	13.863744	-0.0034100614	-0.31029236	0.38215604	0.0024143732	0.021858335	49.0	7832.195732593536
283	760.94165	49.154083	797.5	540.95	43.23611	34080000	1.2572855e-08	14.2212305	-0.003568723	-0.4487704	0.41562206	0.0024407175	0.021283332	49.0	7862.634263753891
284	747.8561	96.43004	797.0	204.45	43.027027	34200000	1.6298145e-09	14.240271	-0.0032174462	-0.9154053	0.39614314	0.0021478215	0.020591667	49.0	7890.17857336998
285	768.3006	41.22708	797.1	616.15	39.5	34320000	4.1909516e-09	13.55291	-0.0031772126	-0.3925674	0.37222096	0.005086516	0.019633332	49.0	7917.556163311005
286	755.79065	54.384792	796.5	510.95	44.573334	34440000	6.2864274e-09	17.86653	-0.003370951	-0.6624154	0.39777702	0.0023845653	0.021216666	49.0	7944.343547821045
287	755.00946	56.693684	797.1	525.2	45.54054	34560000	6.519258e-09	12.162401	-0.003466767	-0.5478436	0.39758027	0.0024366202	0.02335	49.0	7970.798863887787
288	748.70197	105.71122	797.6	151.8	43.06579	34680000	-3.259629e-09	15.483252	-0.0034384064	-0.56153345	0.38008505	0.0025073437	0.023291666	49.0	7998.8180940151215
289	744.684	83.85507	795.9	243.95	46.666668	34800000	8.381903e-09	14.503683	-0.0034218328	-0.35394597	0.4080752	0.0024187895	0.022125	49.0	8025.157694101334
290	766.887	39.466198	795.7	678.3	41.42857	34920000	-1.1175871e-08	13.548199	-0.0034370085	-0.3886305	0.39552212	0.0024306842	0.020125002	49.0	8051.254023551941
291	764.74866	41.092484	796.3	661.15	41.972973	35040000	1.0244548e-08	13.139945	-0.0034204812	-0.234236	0.39295608	0.0022055148	0.0211	49.0	8080.391894578934
292	769.3889	39.66088	796.6	619.25	39.185184	35160000	6.519258e-09	14.942473	-0.0030617998	-0.30163443	0.36124757	0.0020321724	0.016725	49.0	8107.870689153671
293	754.90985	99.238815	797.7	75.4	40.037037	35280000	1.3038516e-08	16.742533	-0.0033776984	-0.68656754	0.3508479	0.0022657881	0.019575	49.0	8134.598462343216
294	765.3765	47.4225	796.9	533.7	40.17284	35400000	-1.8626451e-09	17.394794	-0.0029701432	-0.7145392	0.3532978	0.0025415549	0.01905	49.0	8161.437599182129
295	764.60815	45.240208	797.9	618.15	41.8	35520000	-5.122274e-09	18.065647	-0.0031953375	-0.42703116	0.35198632	0.0024110589	0.021125	49.0	8188.494456768036
296	765.2211	77.53599	796.5	148.15	37.8	35640000	-3.7252903e-09	17.267418	-0.003257635	-0.8006723	0.33893123	0.001988339	0.019441668	49.0	8214.000097513199
297	772.97003	36.99943	796.8	661.6	37.77647	35760000	-8.381903e-09	16.146124	-0.0035211898	-0.35871756	0.34679276	0.002643121	0.02485	49.0	8240.330557346344
298	771.63306	51.17123	796.8	434.7	36.860466	35880000	-3.7252903e-09	14.024649	-0.0030167098	-0.34052062	0.34367368	0.0019259112	0.019891666	49.0	8267.379530906677
299	764.0382	78.77213	796.8	165.8	38.564705	36000000	9.313226e-09	15.967884	-0.00324363	-0.35582888	0.34054273	0.002289043	0.019583333	49.0	8293.809292316437
300	772.7903	44.47949	797.6	587.0	36.852272	36120000	-7.450581e-09	14.58901	-0.0032686517	-0.33459342	0.34248567	0.0024696563	0.019966666	49.0	8320.129781961441
301	767.3481	41.602287	795.1	633.85	40.61842	36240000	-4.656613e-09	12.797691	-0.0029563033	-0.2272104	0.3645441	0.0019046178	0.018275	49.0	8347.056363582611
302	765.13666	45.538887	795.3	589.3	41.12	36360000	4.1909516e-09	12.667614	-0.0032219077	-0.21591938	0.37978953	0.0023327535	0.019941667	49.0	8374.001981496811
303	757.2456	48.944386	797.0	647.05	45.235294	36480000	-6.9849193e-09	11.432446	-0.0035372803	-0.23227513	0.39212477	0.0022333022	0.020766668	49.0	8400.5122590065
304	767.15	43.748787	795.0	649.05	40.306667	36600000	-5.5879354e-09	14.3270235	-0.0032750824	-0.36165512	0.3805919	0.002314926	0.019883333	49.0	8427.226081848145
305	760.5293	44.756584	795.1	679.65	44.2	36720000	2.7939677e-09	11.566235	-0.003189331	-0.17477465	0.3952946	0.0026020822	0.021225	49.0	8455.121804475784
306	753.9691	55.596634	795.3	510.6	45.92647	36840000	-9.458745e-09	13.952108	-0.0033880332	-0.27450657	0.40653354	0.0019946077	0.019724999	49.0	8482.028605937958
307	744.78204	71.73943	795.0	416.05	48.15625	36960000	-1.8626451e-09	13.21493	-0.0038425934	-0.72094274	0.41968456	0.0027989398	0.024683334	49.0	8508.834794282913
308	741.4922	50.44583	795.0	677.6	53.603447	37080000	-7.1013346e-09	14.846375	-0.003890091	-0.69289815	0.4476698	0.0035807523	0.025033332	49.0	8535.003830909729
309	729.04	51.39441	795.1	592.7	60.163635	37200000	2.3283064e-09	12.9720335	-0.0036260982	-0.30140305	0.47541666	0.0022429954	0.022008333	49.0	8561.834120750427
310	718.87897	44.724934	794.3	672.2	65.3	37320000	4.1909516e-09	10.582779	-0.003860416	-0.30960894	0.49894512	0.0025245897	0.02465	49.0	8588.060234546661
311	701.61035	90.29421	794.3	152.2	69.041664	37440000	-1.3504177e-08	10.946903	-0.003635918	-0.4001431	0.49521616	0.002459879	0.021825	49.0	8613.769520759583
312	707.143	41.16155	794.5	656.0	70.30232	37560000	-3.4924597e-10	8.817305	-0.0036612586	-0.29820818	0.5131058	0.0030182211	0.024125	49.0	8640.07448220253
313	710.7043	41.22274	791.9	648.15	69.45652	37680000	4.8894435e-09	10.081146	-0.0036784909	-0.25859743	0.48167434	0.0024979403	0.022425	49.0	8667.468453168869
314	706.163	53.156338	794.5	497.55	68.652176	37800000	1.8626451e-09	9.143713	-0.0038520228	-0.32546842	0.51811075	0.0024394048	0.0242	49.0	8693.696253299713
315	712.075	37.6748	792.0	674.75	69.28261	37920000	-8.381903e-09	8.477116	-0.0038206982	-0.22169417	0.49706006	0.00258938	0.025241667	49.0	8721.15322637558
316	718.81036	45.01107	794.8	667.15	65.458336	38040000	-7.450581e-09	9.711736	-0.0039714403	-0.25154936	0.49114013	0.0027898122	0.024425	49.0	8747.52413725853
317	703.45593	31.35463	794.25	671.55	74.14286	38160000	8.381903e-09	8.242569	-0.0038637295	-0.23002052	0.50897056	0.0025406573	0.024616666	49.0	8774.566729307175
318	712.77924	44.644028	794.9	634.45	68.0625	38280000	-2.7939677e-09	9.756197	-0.0039530555	-0.2614566	0.49526793	0.0036158324	0.028366666	49.0	8801.576551437378
319	717.3532	41.668114	794.8	670.45	66.708336	38400000	-1.6298145e-09	9.187269	-0.0034758705	-0.25617337	0.49135864	0.0024818676	0.020666666	49.0	8828.68773818016
320	723.7362	47.824043	795.5	626.95	62.980392	38520000	0.0	10.3126745	-0.0035798003	-0.22881591	0.4772639	0.0026479904	0.023308333	49.0	8855.310417175293
321	729.975	44.958984	795.1	679.1	60.865383	38640000	-5.5879354e-09	11.362488	-0.0032663352	-0.24066746	0.4637139	0.002519309	0.021458333	49.0	8881.642486333847
322	735.0873	57.811	795.0	470.5	56.542374	38760000	-1.0244548e-08	10.873358	-0.0035652248	-0.36700082	0.43917334	0.002397539	0.023233334	49.0	8907.017687559128
323	740.1616	48.712807	796.7	675.95	55.285713	38880000	2.7939677e-09	10.961002	-0.0033302936	-0.2364943	0.44844675	0.0022910452	0.022741666	49.0	8935.242104291916
324	735.5181	56.01121	796.8	567.0	55.068966	39000000	1.8626451e-09	11.34074	-0.003497272	-0.44150162	0.4388777	0.0027470787	0.022675	49.0	8961.50726389885
325	751.37726	44.640095	794.9	671.25	49.333332	39120000	1.5832484e-08	12.529066	-0.003403287	-0.35534084	0.40848374	0.0026365335	0.02345	49.0	8987.569979906082
326	755.25885	45.373974	795.4	677.45	47.294117	39240000	-4.1909516e-09	12.573435	-0.003404576	-0.295532	0.4016968	0.002379861	0.022750001	49.0	9013.994826316833
327	760.78015	43.42409	795.3	672.7	43.931507	39360000	6.519258e-09	13.753046	-0.0032074053	-0.41533494	0.38087314	0.0020244673	0.018833334	49.0	9040.440281867981
328	761.9803	49.160492	795.6	565.2	41.94737	39480000	6.9849193e-10	14.991371	-0.00339226	-0.3696879	0.3609386	0.0022798472	0.019858332	49.0	9068.041736125946
329	761.9225	57.795128	797.2	399.2	41.3625	39600000	2.3283064e-09	15.266097	-0.0032357199	-0.45100427	0.34295505	0.0022330568	0.019466668	49.0	9094.941368818283
330	770.4918	38.905594	795.0	679.15	38.9125	39720000	3.4924597e-09	15.125453	-0.003354594	-0.36201322	0.3381997	0.002388132	0.021791667	49.0	9121.672103881836
331	775.9174	33.38172	795.1	685.15	36.139534	39840000	-1.1641532e-08	16.599876	-0.0032182098	-0.42006707	0.31874985	0.002441345	0.020750001	49.0	9148.543993711472
332	767.63074	39.055943	794.8	681.0	41.025642	39960000	1.6298145e-09	15.17675	-0.0032773623	-0.3054917	0.35028163	0.0021961452	0.020241667	49.0	9175.8423974514
333	770.76843	46.4782	796.7	497.65	37.488094	40080000	-2.7939677e-09	17.055618	-0.0030247578	-0.41445804	0.32266486	0.002557499	0.018158333	49.0	9201.963034629822
334	764.51544	47.804745	794.9	561.75	40.71795	40200000	-1.1175871e-08	14.269314	-0.0032211505	-0.37605822	0.3396545	0.002076528	0.019208334	49.0	9228.518203258514
335	772.03217	48.675137	795.6	536.2	36.49425	40320000	-4.656613e-09	16.98792	-0.0032539868	-0.493829	0.3122068	0.002057657	0.019225001	49.0	9256.3207757473
336	767.91296	55.820694	796.75	422.4	37.788235	40440000	2.3283064e-09	17.177544	-0.0033344843	-0.38523448	0.31681418	0.0024115818	0.021216666	49.0	9284.538103103638
337	775.7861	33.864914	794.9	680.25	36.453487	40560000	9.313226e-09	14.483467	-0.003258304	-0.33016336	0.3227906	0.002200875	0.021033334	49.0	9312.103590726852
338	769.0396	43.12074	797.2	544.25	38.865852	40680000	3.7252903e-09	13.55853	-0.0031873332	-0.31177568	0.31889758	0.001914712	0.021266667	49.0	9338.562131643295
339	763.0037	64.89504	794.55	300.8	40.333332	40800000	3.259629e-09	14.005859	-0.0033154273	-0.4590789	0.3290714	0.0022023097	0.018825	49.0	9365.871721982956
340	765.6451	46.07061	795.2	559.35	40.358025	40920000	3.7252903e-09	15.089809	-0.0031577772	-0.3420266	0.3175612	0.0023875004	0.022574998	49.0	9391.724781274796
341	773.4682	36.989914	796.5	646.9	37.317646	41040000	-1.3038516e-08	15.883208	-0.0030527262	-0.42911673	0.30443406	0.0021389602	0.019116666	49.0	9418.408915281296
342	774.2232	35.03324	796.6	672.65	37.09302	41160000	-3.958121e-09	14.24548	-0.0029839906	-0.26431775	0.30989507	0.0018469612	0.020633334	49.0	9446.304502487183
343	769.25806	63.070446	795.85	313.4	36.551723	41280000	-9.313226e-10	16.146275	-0.0030570407	-0.35550678	0.29825276	0.0021463602	0.018483333	49.0	9473.289952993393
344	775.6669	33.254726	796.5	679.95	36.139534	41400000	2.0954758e-09	15.095206	-0.0030903574	-0.3581648	0.30098063	0.002235701	0.017966667	49.0	9498.909669876099
345	765.3616	53.24232	796.8	480.15	39.841465	41520000	-7.450581e-09	15.271802	-0.0028618302	-0.3835876	0.3176981	0.0018614071	0.018516667	49.0	9525.922060012817
346	767.811	41.780468	794.6	603.65	40.09756	41640000	-9.313226e-10	15.635557	-0.0029934682	-0.27963614	0.31810516	0.002335461	0.019533332	49.0	9552.71597790718
347	776.24255	33.360046	796.8	676.6	35.471264	41760000	5.5879354e-09	13.999551	-0.0028663813	-0.352939	0.30564767	0.0019178924	0.018658333	49.0	9580.5224442482
348	775.01624	35.068573	795.55	672.65	36.604652	41880000	-7.21775e-09	13.506439	-0.0029143747	-0.24916363	0.29739362	0.0027281018	0.018583333	49.0	9606.69542002678
349	764.8467	42.447243	794.9	680.75	42.213333	42000000	-1.8626451e-09	13.068773	-0.0031470456	-0.30938613	0.33792317	0.0022972429	0.020716667	49.0	9633.378029823303
350	775.6945	34.152275	796.6	668.75	35.857143	42120000	-4.4237822e-09	15.370134	-0.0030954932	-0.39251018	0.29287687	0.0022220402	0.019091666	49.0	9660.532033205032
351	759.95135	50.32304	796.1	526.3	43.62162	42240000	-6.519258e-09	12.136652	-0.002848401	-0.2859143	0.338553	0.0020429282	0.019299999	49.0	9688.397790670395
352	769.5518	40.816696	796.7	646.75	39.121952	42360000	1.8626451e-09	12.806438	-0.0030478844	-0.22099555	0.30782905	0.0018988441	0.018575002	49.0	9715.360430240631
353	773.99347	34.212753	797.1	683.7	37.32143	42480000	1.8626451e-09	13.15055	-0.0029556877	-0.19590259	0.30792838	0.0018399656	0.019008335	49.0	9742.165407419205
354	764.62164	47.892654	795.9	549.05	40.987656	42600000	-6.519258e-09	13.628687	-0.0030852365	-0.2620355	0.32609847	0.0024320367	0.02205	49.0	9769.784149646759
355	775.67	34.657467	795.5	667.5	35.733334	42720000	6.0535967e-09	13.541929	-0.003038456	-0.2540213	0.2851814	0.0022156704	0.020941667	49.0	9794.119560718536
356	780.1171	28.875744	796.5	675.9	33.505493	42840000	-3.4924597e-09	14.553705	-0.0027466067	-0.24811292	0.28251475	0.0023452505	0.018649999	49.0	9823.28708076477
357	769.6067	48.51287	796.9	513.5	37.939026	42960000	9.778887e-09	15.109123	-0.0028816923	-0.46526027	0.30302235	0.0024794473	0.020383334	49.0	9849.793999910355
358	774.6862	35.5581	796.2	669.95	36.563217	43080000	0.0	14.419764	-0.002615063	-0.27735758	0.28616938	0.0018639257	0.0187	49.0	9877.108465194702
359	776.17206	34.24361	796.7	669.8	35.494507	43200000	-1.3969839e-09	15.062544	-0.0028317603	-0.2824378	0.28291953	0.0018407567	0.017841667	49.0	9903.881845712662
360	779.53455	38.361336	796.25	516.85	33.13402	43320000	2.7939677e-09	16.224817	-0.0025972277	-0.64293134	0.2540182	0.0018775784	0.016308334	49.0	9931.117679834366
361	777.6656	48.433083	794.8	391.8	33.270832	43440000	4.1909516e-09	14.523752	-0.0025057914	-0.335456	0.2534448	0.001980762	0.017708333	49.0	9957.672919511795
362	779.61536	29.58478	796.7	675.0	33.840427	43560000	9.313226e-09	15.185616	-0.0027038287	-0.3042767	0.26468176	0.002075558	0.016408332	49.0	9984.402120351791
363	779.791	35.083275	795.8	603.1	32.94737	43680000	-3.7252903e-09	15.13847	-0.00272509	-0.21508992	0.2581442	0.0020100875	0.016483333	49.0	10011.236552476883
364	786.7005	18.756388	794.6	692.45	30.242424	43800000	4.656613e-10	14.500107	-0.0025575832	-0.21871006	0.24168596	0.0020801744	0.017916666	49.0	10038.178651332855
365	780.3479	29.624012	794.5	687.5	33.67021	43920000	9.313226e-10	14.149417	-0.002589914	-0.20835745	0.26472312	0.002006986	0.016858334	49.0	10065.793622016907
366	775.5938	36.060097	796.1	615.7	35.41573	44040000	1.071021e-08	16.051891	-0.002674881	-0.3728279	0.27232555	0.002174348	0.016916666	49.0	10091.877575159073
367	776.94617	34.503605	794.5	656.6	35.032967	44160000	6.0535967e-09	13.646557	-0.0024924343	-0.27871966	0.26785395	0.0028076926	0.017608333	49.0	10120.106936216354
368	782.5021	24.535408	794.1	678.95	32.5567	44280000	1.3038516e-08	14.803469	-0.0026307823	-0.28451562	0.24587792	0.002006282	0.017758334	49.0	10147.092648267746
369	780.7489	27.13143	794.4	677.9	33.38298	44400000	-4.656613e-10	13.502565	-0.002783088	-0.22575426	0.26275733	0.0019742737	0.017108334	49.0	10173.850601911545
370	773.8023	33.85676	796.2	679.35	37.06818	44520000	2.561137e-09	14.225157	-0.0027574142	-0.22833598	0.28322935	0.0020622232	0.0184	49.0	10201.2542450428
371	774.87805	37.437973	796.3	585.8	36.022472	44640000	6.7520887e-09	14.99339	-0.0027528154	-0.21394193	0.27452362	0.002018328	0.017175	49.0	10227.70754122734
372	778.0104	32.27943	794.5	681.35	34.703297	44760000	-2.3283064e-10	12.955502	-0.0026564314	-0.2722528	0.2700758	0.0025060722	0.015866667	49.0	10254.681103229523
373	778.0011	29.460306	794.7	681.7	34.511112	44880000	2.3283064e-09	13.394918	-0.0027317777	-0.31048667	0.2766568	0.0019541606	0.017333332	49.0	10282.066017150879
374	777.0168	33.798775	795.2	622.2	34.489132	45000000	-4.1909516e-09	15.246331	-0.0025130815	-0.2785523	0.26123443	0.0019086077	0.016916668	49.0	10308.346779823303
375	768.2878	69.86287	794.3	305.15	35.444443	45120000	-3.7252903e-09	16.351582	-0.00269261	-0.6179718	0.26661092	0.001616644	0.016941667	49.0	10336.738903045654
376	780.7994	25.535055	794.6	693.5	33.446808	45240000	7.450581e-09	13.907322	-0.002810336	-0.25787854	0.2569911	0.0018946859	0.018475	49.0	10363.004890441895
377	776.006	37.705093	796.9	588.6	34.42857	45360000	5.122274e-09	15.447617	-0.0028295203	-0.30552042	0.25914794	0.0019466123	0.017033333	49.0	10391.172712087631
378	770.13824	40.526928	794.4	624.8	38.6	45480000	4.656613e-09	12.881938	-0.0028060824	-0.2166897	0.28034285	0.00215554	0.018291667	49.0	10417.706649303436
379	765.0981	42.289093	794.6	660.65	41.153847	45600000	-1.1175871e-08	12.717246	-0.0028564425	-0.23897922	0.3106355	0.0019442297	0.020508334	49.0	10444.544984579086
380	774.92804	37.861423	794.5	578.15	35.65934	45720000	-6.0535967e-09	13.685604	-0.0028458405	-0.31890178	0.26951313	0.002081663	0.019991666	49.0	10473.293675422668
381	772.97675	38.978012	794.3	621.2	37.238636	45840000	-7.450581e-09	13.930828	-0.00295815	-0.2633723	0.287813	0.002422627	0.020241667	49.0	10500.009451389313
382	772.40906	55.46674	794.6	348.95	35.483147	45960000	-1.094304e-08	14.707741	-0.0029380037	-0.45149314	0.26847538	0.0020968039	0.017516667	49.0	10529.81531882286
383	773.0111	36.791355	796.7	638.6	36.779068	46080000	-1.5599653e-08	14.702686	-0.0030638408	-0.25338113	0.28054845	0.0022648694	0.019858332	49.0	10556.948706626892
384	780.9609	29.394243	794.3	671.15	32.85567	46200000	5.5879354e-09	13.677938	-0.0030943644	-0.24131382	0.2549485	0.0019919276	0.020008333	49.0	10585.120574951172
385	780.6344	25.483467	794.9	689.15	33.462364	46320000	-3.7252903e-09	14.002566	-0.003010728	-0.22484171	0.25847167	0.0022604517	0.021616668	49.0	10614.41266989708
386	777.2763	31.038353	794.9	685.8	35.595505	46440000	2.0954758e-09	13.481253	-0.0031288234	-0.22174549	0.2756384	0.002554539	0.02	49.0	10642.102628946304
387	766.3557	60.134926	794.9	453.45	37.546513	46560000	3.7252903e-09	16.84285	-0.0029819699	-0.40604758	0.28002226	0.0025490527	0.020466667	49.0	10668.09821844101
388	773.72	37.812634	794.4	574.35	36.2	46680000	-5.820766e-09	13.937695	-0.0031535365	-0.30903792	0.27588254	0.0025224863	0.021833334	49.0	10695.202855587006
389	773.7265	36.00453	794.3	612.35	36.62069	46800000	-1.094304e-08	13.770953	-0.0029686124	-0.22878265	0.28136712	0.0018624162	0.017749999	49.0	10722.497973442078
390	774.31366	34.458363	795.4	675.2	36.875	46920000	4.656613e-10	14.267644	-0.0029837885	-0.38160634	0.2803736	0.0020940169	0.019825	49.0	10748.711411476135
391	773.3899	35.432476	794.6	675.05	37.333332	47040000	4.1909516e-09	12.894314	-0.0027365163	-0.30591428	0.28882837	0.0019429794	0.017341666	49.0	10775.34710073471
392	770.30237	47.35925	794.6	522.05	37.341175	47160000	1.8626451e-09	14.359933	-0.003029448	-0.34064436	0.28344548	0.0021596001	0.018575	49.0	10802.473773956299
393	779.94104	32.085903	794.8	631.75	33.42105	47280000	1.6298145e-09	13.978209	-0.0028447963	-0.2773112	0.25434482	0.002027925	0.018275	49.0	10829.401163101196
394	780.8211	31.96145	794.4	614.1	32.72165	47400000	-2.7939677e-09	15.147892	-0.0030081796	-0.35880697	0.2499507	0.0019489037	0.018424999	49.0	10857.51966547966
395	774.0905	47.24053	794.4	465.75	35.555557	47520000	-9.778887e-09	13.710262	-0.0029460774	-0.294361	0.26603267	0.0020239966	0.020158332	49.0	10884.392482280731
396	780.799	29.501188	794.9	638.95	33.03125	47640000	1.17579475e-08	14.434294	-0.0026243182	-0.2394445	0.25109112	0.0017010719	0.015958332	49.0	10911.44934296608
397	774.6484	62.645287	795.85	239.0	34.0989	47760000	-8.381903e-09	15.997387	-0.0028151264	-0.36978424	0.2614614	0.0022961204	0.017841667	49.0	10938.50956773758
398	775.10767	41.724358	794.5	559.85	34.692307	47880000	6.0535967e-09	14.711376	-0.0030886342	-0.47149158	0.27040598	0.0020290117	0.020233333	49.0	10964.80194401741
399	774.3888	47.979446	794.8	483.6	34.774193	48000000	-1.2340024e-08	15.990534	-0.0031184475	-0.27407908	0.26321018	0.0016961663	0.019866668	49.0	10991.226321458817
400	782.6032	24.228638	795.4	672.25	32.375	48120000	-1.1641532e-08	15.39881	-0.0030657845	-0.2278173	0.2460315	0.0018627332	0.016866667	49.0	11018.33479309082
401	782.3656	25.67211	795.3	690.6	32.83871	48240000	1.44355e-08	15.656002	-0.003176954	-0.26928508	0.25174728	0.002416809	0.019583333	49.0	11045.844053983688
402	786.54706	16.586487	795.0	690.35	30.663366	48360000	1.3969839e-09	17.599997	-0.0030059866	-0.36590612	0.23082215	0.001696242	0.01805	49.0	11076.074210166931
403	779.82495	28.975126	794.7	666.4	34.0	48480000	-1.0244548e-08	16.666485	-0.0029253343	-0.30425262	0.2539171	0.0024018367	0.019991666	49.0	11103.6835668087
404	779.5517	29.82526	795.2	679.75	34.147728	48600000	-7.450581e-09	15.503864	-0.0031060395	-0.28920805	0.27613762	0.0018570379	0.018791666	49.0	11130.38747549057
405	770.3378	59.397827	794.5	378.0	35.965115	48720000	-5.5879354e-09	15.395304	-0.0031379575	-0.30735767	0.27166286	0.0021744934	0.020758335	49.0	11157.2503221035
406	776.97046	35.0111	795.1	627.15	35.215908	48840000	2.7939677e-09	14.8005085	-0.0030240575	-0.2804911	0.2665349	0.001920122	0.01985	49.0	11183.999079704285
407	775.4322	31.991165	794.7	669.75	36.436783	48960000	-1.7462298e-09	15.936127	-0.0031977748	-0.2694286	0.2675869	0.002047918	0.018241666	49.0	11212.363376617432
408	778.33496	30.61354	796.4	677.55	35.077778	49080000	1.071021e-08	14.510073	-0.0026763168	-0.2480855	0.25576025	0.0020620746	0.016625	49.0	11238.609256982803
409	773.5077	35.77616	795.0	669.75	37.47059	49200000	-2.7939677e-09	15.23846	-0.0031088293	-0.34935582	0.267339	0.0021026884	0.019633334	49.0	11265.501553297043
410	776.0875	34.40145	794.8	659.0	35.79762	49320000	1.44355e-08	14.63003	-0.0029743812	-0.2872765	0.2749508	0.0021831947	0.017825	49.0	11292.406571388245
411	775.2793	38.118954	794.8	578.6	35.770115	49440000	1.8626451e-09	14.212503	-0.003012361	-0.2166084	0.274553	0.0021179565	0.020316668	49.0	11320.019731998444
412	775.5759	34.05662	794.9	678.75	36.235294	49560000	7.450581e-09	14.430883	-0.0030690094	-0.25253868	0.27260965	0.0018231287	0.02025	49.0	11347.815492153168
413	779.76794	29.7487	794.8	661.0	33.62105	49680000	6.9849193e-09	15.426325	-0.0029792504	-0.32794523	0.24281275	0.0017451613	0.018675001	49.0	11374.934608221054
414	783.93	23.308811	795.2	688.1	32.031578	49800000	-9.313226e-10	16.678041	-0.0029549613	-0.313254	0.2415807	0.0019568051	0.018275	49.0	11401.400429725647
415	778.69995	38.868298	794.8	532.5	33.51064	49920000	-6.519258e-09	15.717858	-0.0030080238	-0.3297367	0.24646649	0.0020283777	0.018841667	49.0	11429.500719070435
416	775.7561	44.593212	795.3	461.6	35.244446	50040000	-7.450581e-09	16.171251	-0.0032339473	-0.4273852	0.26058468	0.0020768032	0.020575	49.0	11458.653936624527
417	773.1022	49.127476	794.9	497.25	35.516483	50160000	-2.3283064e-09	15.239558	-0.0032411874	-0.3389777	0.26322642	0.002356716	0.022574998	49.0	11486.331132173538
418	778.7977	30.12882	795.3	683.45	35.0	50280000	1.14087015e-08	17.942722	-0.0029224353	-0.45770693	0.2540754	0.0030660592	0.021233333	49.0	11512.981558799744
419	774.2635	51.090805	795.0	393.8	35.033707	50400000	7.450581e-09	15.209577	-0.0033215594	-0.32026505	0.263848	0.0020670951	0.021258334	49.0	11539.77830028534
420	784.4285	22.77176	794.9	686.0	31.55	50520000	-1.8626451e-09	15.756807	-0.0031483243	-0.36428285	0.23786354	0.003542984	0.019100001	49.0	11565.666524887085
421	778.7001	36.34376	795.1	554.95	33.695652	50640000	5.5879354e-09	15.678324	-0.0031185485	-0.5632175	0.2646197	0.0020099676	0.018275	49.0	11592.709122419357
422	780.9501	29.542627	795.6	670.0	33.489132	50760000	1.094304e-08	15.693505	-0.0031304858	-0.26320255	0.26002413	0.0021808203	0.018525	49.0	11621.684627532959
423	778.86414	32.213997	795.1	664.0	34.45652	50880000	-2.7939677e-09	16.177608	-0.0032212161	-0.29710972	0.25605723	0.001918617	0.018916667	49.0	11648.876334667206
424	780.043	32.23839	795.1	631.15	33.634407	51000000	6.0535967e-09	15.72753	-0.003270458	-0.24687088	0.25258625	0.0021065394	0.020066665	49.0	11677.91548037529
425	784.9784	21.050694	794.9	693.9	31.731958	51120000	5.5879354e-09	14.660642	-0.0027885386	-0.24224424	0.24047378	0.001822023	0.0181	49.0	11707.640393972397
426	779.36426	31.722805	795.2	661.2	34.076923	51240000	-4.1909516e-09	14.1121235	-0.0029651576	-0.25325882	0.25454783	0.0020661452	0.018091667	49.0	11735.037541389465
427	786.19073	22.540585	795.2	684.2	30.77451	51360000	0.0	14.422826	-0.0028136927	-0.24825251	0.22877239	0.0020054947	0.01785	49.0	11763.018532276154
428	776.88434	31.40828	795.0	687.7	36.011627	51480000	-8.96398e-09	13.227423	-0.0028761919	-0.20502007	0.27170193	0.0020582792	0.018008333	49.0	11789.058602571487
429	776.21747	32.198204	794.9	679.1	36.2907	51600000	9.313226e-10	13.670994	-0.002961426	-0.23200476	0.26791635	0.002009778	0.019466665	49.0	11815.554208755493
430	782.32007	27.234226	795.4	683.95	33.11579	51720000	-1.1175871e-08	13.6987	-0.0028752214	-0.24842644	0.2409954	0.0021123579	0.019524999	49.0	11842.219753980637
431	782.37366	26.089998	795.0	683.05	33.042107	51840000	-8.381903e-09	14.055076	-0.0028953403	-0.18589365	0.23469949	0.002035698	0.018233335	49.0	11868.698671340942
432	782.58636	26.466639	795.6	685.0	32.789474	51960000	-5.5879354e-09	13.857538	-0.002978477	-0.18360388	0.24583824	0.002248324	0.019991666	49.0	11896.548525094986
433	779.04395	31.78791	795.2	664.95	34.6	52080000	1.44355e-08	13.416053	-0.0028586446	-0.25081396	0.25328547	0.001697133	0.019375	49.0	11924.570122480392
434	780.8419	29.523224	795.3	680.15	33.741936	52200000	2.3283064e-09	13.835387	-0.0027897588	-0.23564887	0.24026637	0.0022004852	0.018183334	49.0	11952.275775194168
435	776.3978	32.854557	795.0	683.0	36.41573	52320000	3.7252903e-09	14.366932	-0.003018292	-0.28493357	0.25522846	0.0020297547	0.019258333	49.0	11980.219842672348
436	773.6404	36.850006	795.4	676.95	37.457832	52440000	-1.1641532e-08	12.942233	-0.0028925068	-0.29211116	0.27543572	0.0020260494	0.018791666	49.0	12007.509222984314
437	778.4784	43.94661	795.7	488.4	33.37895	52560000	-4.656613e-09	13.882925	-0.0031062597	-0.28760552	0.24552436	0.0017784154	0.019716667	49.0	12034.571062326431
438	779.32965	33.252716	796.0	670.95	34.53846	52680000	-4.656613e-09	12.988306	-0.0029773733	-0.27053547	0.24249601	0.002247428	0.019841667	49.0	12062.970123767853
439	784.006	27.455833	794.8	650.55	31.806452	52800000	-6.519258e-09	16.183636	-0.0030167513	-0.32250798	0.23993212	0.0019510253	0.017883334	49.0	12089.685504198074
440	783.1113	26.247768	795.4	686.15	32.666668	52920000	6.519258e-09	14.482402	-0.0030035288	-0.25348163	0.23884751	0.00230446	0.02	49.0	12116.473717451096
441	779.8951	29.791426	795.3	668.55	34.42857	53040000	-1.2922101e-08	14.314392	-0.0029687085	-0.17779839	0.24761617	0.001792613	0.016675	49.0	12142.60558962822
442	783.5327	25.782682	797.1	681.6	32.71579	53160000	1.2572855e-08	15.417937	-0.0029910144	-0.26930845	0.2320627	0.0018607371	0.017175	49.0	12170.16714477539
443	789.9687	16.81265	795.5	687.15	28.906542	53280000	8.731149e-09	14.540812	-0.002669168	-0.26773012	0.19890612	0.0017725294	0.016825	49.0	12198.065759181976
444	779.4033	32.977863	795.1	682.65	34.45055	53400000	2.0954758e-09	13.389783	-0.0026826952	-0.21906137	0.2412768	0.002037739	0.018174998	49.0	12223.717545509338
445	786.41565	22.551168	795.2	684.6	30.838385	53520000	-2.3283064e-09	13.826217	-0.0028079718	-0.22295189	0.21903142	0.0018128615	0.017524999	49.0	12250.735739946365
446	784.9185	23.873178	795.0	687.05	31.89	53640000	8.8475645e-09	14.173332	-0.002569511	-0.23053312	0.21706446	0.0017544702	0.015075	49.0	12277.08614730835
447	785.38055	23.533344	795.0	690.9	31.561224	53760000	-1.3038516e-08	13.96877	-0.0025786064	-0.22885156	0.2210582	0.0020068039	0.017675001	49.0	12304.72545170784
448	783.50256	26.106205	795.2	687.05	32.309277	53880000	-1.6298145e-09	15.956335	-0.002754178	-0.30899727	0.22299412	0.0021033192	0.016916666	49.0	12331.645669937134
449	781.91064	27.88398	794.9	676.85	33.074467	54000000	5.355105e-09	14.434519	-0.0026709586	-0.21357656	0.22797313	0.0019566524	0.017266667	49.0	12358.426684856415
450	783.8713	30.176111	795.2	574.95	31.613861	54120000	-1.3504177e-08	13.960534	-0.002450365	-0.22532988	0.21115203	0.0016508393	0.014433333	49.0	12385.466263532639
451	788.0495	17.427061	795.0	698.65	30.069307	54240000	-1.21071935e-08	15.489775	-0.0025214544	-0.22816563	0.20419559	0.0017810256	0.014975	49.0	12412.858269453049
452	782.4219	32.00084	796.95	588.15	32.489582	54360000	0.0	15.334741	-0.0027072188	-0.2615707	0.22139175	0.0017494691	0.016841667	49.0	12438.8394780159
453	781.5	41.430992	794.9	466.85	31.858585	54480000	0.0	13.524395	-0.0024081627	-0.19831574	0.22169882	0.001800932	0.015149999	49.0	12466.80269742012
454	784.1247	27.859385	794.5	663.4	31.484848	54600000	-3.7252903e-09	13.495708	-0.002489406	-0.18521881	0.20980483	0.0017160872	0.016408334	49.0	12493.436993837357
455	786.76025	19.16828	795.4	693.25	30.450981	54720000	5.5879354e-09	14.335775	-0.0024663084	-0.17383718	0.20300606	0.0019548514	0.015575	49.0	12520.921422243118
456	785.8413	25.074354	794.6	675.3	31.15306	54840000	1.4202669e-08	13.389437	-0.002492244	-0.17995298	0.20976856	0.0021953364	0.015833333	49.0	12548.909073114395
457	784.7878	27.139446	794.6	652.55	31.234694	54960000	4.1909516e-09	13.281828	-0.0025808052	-0.19872916	0.21042588	0.0017850536	0.017608333	49.0	12575.743938207626
458	784.33777	25.261414	794.8	692.45	31.918367	55080000	-9.313226e-10	13.87512	-0.00233306	-0.21375382	0.21082568	0.0017186718	0.014308332	49.0	12603.421335697174
459	785.77625	23.096632	795.1	683.65	31.13402	55200000	-6.519258e-09	14.058582	-0.0026007812	-0.2394011	0.2101669	0.0021543521	0.016683333	49.0	12631.485305786133
460	783.3794	27.306595	794.8	693.55	32.739132	55320000	-2.3283064e-09	14.472841	-0.002495503	-0.23853743	0.22338895	0.0018473532	0.014291666	49.0	12660.281781435013
461	783.11127	28.956123	794.9	657.7	32.377552	55440000	5.355105e-09	13.7355	-0.0026832272	-0.30822027	0.21326822	0.0014817739	0.017025001	49.0	12686.802416086197
462	784.4664	25.571844	795.0	673.35	31.938776	55560000	3.259629e-09	14.548015	-0.0025340868	-0.23941278	0.21091925	0.0019368766	0.018691666	49.0	12714.15640759468
463	783.6207	27.961117	795.0	665.3	32.29293	55680000	-6.9849193e-10	13.2272415	-0.0024803649	-0.15317488	0.21152651	0.0021294882	0.017041666	49.0	12740.835227251053
464	788.52026	15.261826	795.1	690.3	29.518867	55800000	-5.122274e-09	16.014593	-0.0027590678	-0.3096366	0.19539821	0.0017053966	0.016175	49.0	12770.053382873535
465	786.2395	20.885319	795.4	688.75	31.12	55920000	1.1175871e-08	15.430549	-0.0024952036	-0.34983265	0.20127752	0.0019494563	0.017	49.0	12798.507832050323
466	784.029	26.27493	794.8	671.3	31.96	56040000	9.313226e-09	15.045259	-0.0025724308	-0.32620072	0.2088908	0.0019286326	0.017091667	49.0	12826.541334152222
467	778.79065	32.19102	794.8	639.9	34.422222	56160000	-3.7252903e-09	15.715876	-0.002734193	-0.33008718	0.22281809	0.0019355465	0.018216666	49.0	12855.256761550903
468	785.68774	26.928858	794.8	639.25	30.843138	56280000	-4.656613e-09	14.766539	-0.0025573461	-0.3818313	0.19804342	0.0020603677	0.015633333	49.0	12882.699930667877
469	783.75305	23.843796	795.0	692.35	32.367348	56400000	5.122274e-09	14.132852	-0.0026921392	-0.27136946	0.20726418	0.001867262	0.016966667	49.0	12909.730660676956
470	785.2775	23.897415	796.9	668.75	31.35	56520000	-1.3271347e-08	14.440676	-0.0025325061	-0.27420676	0.20183608	0.0019075267	0.016433332	49.0	12938.366981744766
471	782.6805	31.399658	794.9	615.0	32.06	56640000	3.259629e-09	13.4193125	-0.0025858528	-0.24905372	0.1965797	0.001512955	0.017308332	49.0	12966.099682092667
472	788.86755	19.936317	795.0	662.0	29.2	56760000	2.7939677e-09	14.759399	-0.002534751	-0.26656747	0.1856693	0.0016601961	0.016208332	49.0	12993.135093927383
473	787.1396	22.087378	794.9	677.25	30.320755	56880000	-6.519258e-09	14.114729	-0.0025592658	-0.24447834	0.18814734	0.0013795758	0.014908333	49.0	13020.691091775894
474	781.4599	31.185167	795.6	657.05	33.177082	57000000	-8.381903e-09	13.387293	-0.0026248305	-0.22801161	0.21228045	0.002095953	0.018074999	49.0	13048.391397953033
475	779.7361	33.149155	794.9	666.25	34.526882	57120000	2.7939677e-09	13.707709	-0.0026206218	-0.25700355	0.21866322	0.0016075594	0.017208334	49.0	13075.328207731247
476	783.5466	28.4842	794.8	671.95	31.93	57240000	6.519258e-09	13.166447	-0.0024794382	-0.21112382	0.19716862	0.0016251606	0.014741667	49.0	13101.429181098938
477	778.5618	36.01224	795.2	650.2	34.387096	57360000	1.0244548e-08	12.365877	-0.002385392	-0.17730951	0.21059662	0.0015654364	0.015458333	49.0	13128.319617033005
478	785.34656	27.16355	795.2	650.25	30.77451	57480000	5.5879354e-09	13.381445	-0.002550756	-0.19532168	0.18917266	0.0017874604	0.017516667	49.0	13156.016698122025
479	784.1657	26.480917	795.4	678.85	32.104168	57600000	-1.3038516e-08	13.95646	-0.0025824986	-0.211846	0.20619348	0.0016789858	0.016333334	49.0	13183.4177942276
480	786.8601	23.593231	795.1	653.85	30.26923	57720000	2.561137e-09	13.477646	-0.0025449104	-0.23492837	0.18780467	0.002001034	0.015833333	49.0	13210.53803730011
481	778.8347	36.00883	795.3	658.3	34.294735	57840000	-2.3283064e-09	13.747017	-0.0028055408	-0.32300723	0.20819998	0.002131408	0.018058334	49.0	13241.002239704132
482	775.81287	56.416397	795.0	343.8	33.7957	57960000	-5.5879354e-09	15.005537	-0.002486682	-0.37484038	0.21127775	0.002004956	0.016558332	49.0	13268.172280788422
483	783.05096	32.24972	797.3	642.8	32.0	58080000	2.3283064e-09	13.592054	-0.002671891	-0.3476665	0.1948129	0.0020974576	0.01845	49.0	13295.914126634598
484	779.5382	35.89715	795.2	662.8	34.215054	58200000	-6.519258e-09	12.465696	-0.0026962068	-0.22865641	0.21509658	0.0019637942	0.016733333	49.0	13323.423605918884
485	776.6576	38.16272	795.1	659.6	35.27174	58320000	7.450581e-09	12.319467	-0.0025062964	-0.16671443	0.21520436	0.0017830203	0.016283333	49.0	13351.957012414932
486	786.4279	25.02847	795.6	674.15	30.72549	58440000	1.3969839e-09	12.87919	-0.002403332	-0.2390734	0.18832657	0.0019254136	0.015741667	49.0	13378.723877191544
487	782.4571	31.30302	795.0	662.4	32.32653	58560000	-1.3969839e-08	13.120218	-0.002438661	-0.18710136	0.19809917	0.0022022394	0.016375	49.0	13406.255336999893
488	784.645	27.365887	795.2	656.4	31.53	58680000	1.8626451e-09	14.32735	-0.0023538256	-0.24776757	0.19581477	0.001385068	0.015708333	49.0	13434.300305604935
489	783.8135	28.315271	795.4	664.55	32.092785	58800000	-9.313226e-10	13.005442	-0.0023638199	-0.16852951	0.19914953	0.0019103617	0.01605	49.0	13462.07523560524
490	788.5854	17.903767	795.2	685.65	29.679611	58920000	1.8626451e-09	13.591587	-0.0024831449	-0.23692787	0.18525684	0.0016875701	0.015925	49.0	13489.34293103218
491	786.50397	25.536804	795.4	658.55	30.931372	59040000	8.381903e-09	13.915552	-0.0022940035	-0.24686301	0.18416752	0.0021394133	0.016108334	49.0	13518.576478481293
492	785.7436	26.901285	797.2	645.4	30.970297	59160000	9.313226e-09	14.61349	-0.0022470155	-0.27035153	0.18541571	0.0013887672	0.012066668	49.0	13545.615425109863
493	787.35834	23.440973	795.1	643.2	30.485437	59280000	1.1641532e-09	13.732553	-0.0023990818	-0.20549488	0.18288803	0.0016939342	0.0145333335	49.0	13572.171798706055
494	788.2688	16.62075	795.3	698.05	30.134615	59400000	1.3737008e-08	14.372656	-0.0023703922	-0.20368123	0.18220891	0.0016202673	0.015041667	49.0	13600.597813129425
495	783.0271	32.233185	795.4	636.45	32.163265	59520000	5.5879354e-09	13.917366	-0.0026620831	-0.19486713	0.19545439	0.0023652124	0.018958334	49.0	13628.417830705643
496	790.73785	13.926918	797.2	684.45	28.672897	59640000	3.0267984e-09	13.763225	-0.002373324	-0.18630409	0.17302781	0.0018685528	0.014283333	49.0	13655.386803627014
497	787.9674	17.928495	795.4	683.25	30.153847	59760000	6.9849193e-09	15.578279	-0.0022913176	-0.31345856	0.17861587	0.0014772698	0.013908333	49.0	13682.031836271286
498	788.749	19.49633	795.3	665.7	29.485981	59880000	3.958121e-09	14.923972	-0.0023127985	-0.23434246	0.17043152	0.0018971822	0.0145000005	49.0	13712.41351556778
499	786.8877	22.047783	795.6	664.95	30.465347	60000000	-8.381903e-09	13.496521	-0.0024263961	-0.20548797	0.18646121	0.0018858045	0.01765	49.0	13740.859504461288
