Episode	TestRet	TestSteps	AverageEpRet	StdEpRet	MaxEpRet	MinEpRet	EpLen	Time
50	-295.00000439584255	100.0	-360.91605	15.434326	-324.55002	-397.65002	100.0	5 min 16 sec
100	-295.1800044931471	100.0	-332.629	10.0257225	-313.55002	-354.30002	100.0	10 min 53 sec
150	-298.1700052116066	100.0	-329.03	8.539331	-312.35	-345.0	100.0	16 min 26 sec
200	-300.06500520184636	100.0	-325.493	12.000856	-299.30002	-351.2	100.0	22 min 2 sec
250	-350.7900082502514	100.0	-323.339	10.191629	-299.9	-342.35	100.0	27 min 40 sec
300	-305.3200060416013	100.0	-321.187	11.894352	-294.1	-339.45	100.0	33 min 21 sec
350	-304.01000605262817	100.0	-319.09903	11.812834	-288.35	-339.45	100.0	38 min 56 sec
400	-295.4700049918145	100.0	-312.43402	15.952479	-260.80002	-333.9	100.0	44 min 36 sec
450	-293.96000478118657	100.0	-310.02402	21.70298	-244.40001	-337.0	100.0	50 min 13 sec
500	-298.69000520780685	100.0	-307.59903	18.750212	-252.1	-332.85	100.0	55 min 49 sec
550	-294.4100056465715	100.0	-301.66003	22.11719	-251.75	-333.4	100.0	1 h 1 min 27 sec
600	-305.51500644907355	100.0	-296.389	28.06091	-210.35	-333.85	100.0	1 h 7 min 3 sec
650	-298.42000723220406	100.0	-293.915	24.72513	-230.8	-324.65	100.0	1 h 12 min 37 sec
700	-325.2700078319758	100.0	-290.568	27.34649	-227.1	-326.1	100.0	1 h 18 min 10 sec
750	-306.4100069902837	100.0	-284.428	32.935127	-138.85	-327.0	100.0	1 h 23 min 39 sec
800	-310.4900066036731	100.0	-277.255	39.38367	-172.1	-332.95	100.0	1 h 29 min 13 sec
850	-318.7000070881098	100.0	-280.88397	29.786163	-202.45001	-318.85	100.0	1 h 34 min 45 sec
900	-265.9000055655837	100.0	-280.88898	33.10988	-195.5	-322.45	100.0	1 h 40 min 18 sec
950	-254.79500676468015	100.0	-267.50598	45.523266	-159.35	-319.1	100.0	1 h 45 min 43 sec
1000	-289.6150070238858	100.0	-279.16602	33.7373	-170.65001	-314.45	100.0	1 h 51 min 12 sec
1050	-279.0250061891973	100.0	-265.717	45.96408	-101.4	-323.2	100.0	1 h 56 min 42 sec
1100	-273.31000537350775	100.0	-266.325	30.48582	-195.1	-308.75	100.0	2 h 2 min 11 sec
1150	-275.8300061758608	100.0	-256.677	39.815346	-151.75	-327.4	100.0	2 h 7 min 40 sec
1200	-276.74000519625844	100.0	-263.061	34.927647	-159.1	-306.7	100.0	2 h 13 min 5 sec
1250	-278.66500584706665	100.0	-255.44699	43.861042	-141.1	-319.55002	100.0	2 h 18 min 29 sec
1300	-285.4450063701719	100.0	-272.32098	33.575733	-169.75	-315.30002	100.0	2 h 24 min 1 sec
1350	-272.9000056203455	100.0	-260.329	39.487213	-99.40001	-306.1	100.0	2 h 29 min 32 sec
1400	-270.98000701889396	100.0	-261.407	33.00797	-188.25	-311.7	100.0	2 h 35 min 3 sec
1450	-286.1050069138408	100.0	-263.268	29.308083	-199.1	-306.4	100.0	2 h 40 min 36 sec
1500	-280.7800062339753	100.0	-248.54799	33.04544	-188.45001	-309.45	100.0	2 h 46 min 12 sec
1550	-266.43000680319966	100.0	-265.37704	34.406185	-192.5	-327.6	100.0	2 h 51 min 45 sec
1600	-336.2600099507719	100.0	-254.96301	39.623558	-150.20001	-361.4	100.0	2 h 57 min 18 sec
1650	-265.43000598922373	100.0	-256.425	37.58933	-119.700005	-337.2	100.0	3 h 2 min 46 sec
1700	-251.39500539563596	100.0	-258.966	37.023933	-172.35	-382.40002	100.0	3 h 8 min 11 sec
1750	-287.7300056878477	100.0	-252.80002	37.954277	-147.85	-372.65002	100.0	3 h 13 min 45 sec
1800	-276.45500664263966	100.0	-256.648	42.32038	-155.15001	-383.0	100.0	3 h 19 min 20 sec
1850	-247.13000535219908	100.0	-247.80301	36.99311	-162.65001	-371.75	100.0	3 h 24 min 54 sec
1900	-263.24000538140535	100.0	-249.79102	46.21924	-136.55	-412.65002	100.0	3 h 30 min 27 sec
1950	-298.1000071555376	100.0	-244.111	56.89464	-152.6	-504.30002	100.0	3 h 36 min 1 sec
2000	-284.85500673130156	100.0	-238.379	41.98394	-155.65001	-419.75	100.0	3 h 41 min 33 sec
2050	-272.2000056039542	100.0	-241.981	43.32656	-143.35	-335.80002	100.0	3 h 47 min 9 sec
2100	-272.88500567264856	100.0	-233.62903	33.294086	-152.55	-308.55002	100.0	3 h 52 min 52 sec
2150	-481.35001758001744	100.0	-250.06601	43.571907	-182.05	-443.55002	100.0	3 h 58 min 24 sec
2200	-300.22000629156827	100.0	-252.51201	61.61695	-165.55	-533.30005	100.0	4 h 4 min 7 sec
2250	-328.16500928997993	100.0	-244.75902	31.225044	-144.5	-311.40002	100.0	4 h 9 min 49 sec
2300	-279.960005479306	100.0	-238.12802	29.037909	-154.85	-286.25	100.0	4 h 15 min 44 sec
2350	-250.61000517271458	100.0	-252.66502	23.296698	-188.70001	-291.75	100.0	4 h 21 min 29 sec
2400	-291.96000644154844	100.0	-253.298	51.577923	-171.35	-435.45	100.0	4 h 27 min 13 sec
2450	-277.70500530079005	100.0	-238.26802	28.466946	-159.70001	-303.0	100.0	4 h 32 min 51 sec
2500	-262.60500551983716	100.0	-254.074	22.091808	-199.35	-295.75	100.0	4 h 38 min 25 sec
2550	-246.54000634476543	100.0	-246.89703	24.846764	-179.85	-301.45	100.0	4 h 44 min 8 sec
2600	-305.27500793896616	100.0	-238.17	34.758114	-160.0	-339.1	100.0	4 h 49 min 51 sec
2650	-283.1000066630542	100.0	-282.20502	87.221214	-156.35	-567.10004	100.0	4 h 55 min 18 sec
2700	-285.51000640280546	100.0	-242.81801	37.616703	-117.950005	-329.65002	100.0	5 h 0 min 59 sec
2750	-283.6150077037513	100.0	-241.136	34.4587	-152.75	-330.25	100.0	5 h 6 min 38 sec
2800	-273.92000662833453	100.0	-245.69	43.583954	-137.35	-352.75	100.0	5 h 12 min 18 sec
2850	-296.9400063574314	100.0	-249.09499	34.088455	-169.40001	-349.30002	100.0	5 h 17 min 58 sec
2900	-278.5350067023188	100.0	-236.41899	39.016346	-138.40001	-372.7	100.0	5 h 23 min 37 sec
2950	-290.56500600539147	100.0	-238.83502	36.066467	-163.85	-365.25	100.0	5 h 29 min 16 sec
3000	-283.4650065049529	100.0	-236.84702	47.90138	-129.1	-364.15002	100.0	5 h 34 min 58 sec
3050	-304.4250072702765	100.0	-227.13402	40.197006	-130.05	-330.7	100.0	5 h 40 min 41 sec
3100	-244.0400062855333	100.0	-246.622	49.746655	-162.05	-386.5	100.0	5 h 46 min 19 sec
3150	-259.3750065170228	100.0	-269.4	69.274574	-145.45001	-491.80002	100.0	5 h 51 min 49 sec
3200	-318.8350074056536	100.0	-233.60902	33.731655	-141.40001	-312.6	100.0	5 h 57 min 33 sec
3250	-286.4250073198229	100.0	-232.841	43.48708	-119.450005	-295.4	100.0	6 h 3 min 14 sec
3300	-256.82000635154543	100.0	-244.59303	79.54132	-142.0	-513.55005	100.0	6 h 8 min 49 sec
3350	-291.550006056577	100.0	-252.45801	45.272392	-169.85	-437.5	100.0	6 h 14 min 25 sec
3400	-366.47000939548013	100.0	-252.52701	67.80501	-89.350006	-503.6	100.0	6 h 20 min 5 sec
3450	-243.16000555604697	100.0	-252.30602	61.074776	-98.65001	-598.85004	100.0	6 h 25 min 45 sec
3500	-225.12000536769628	100.0	-240.44398	33.276817	-166.95001	-301.15	100.0	6 h 31 min 28 sec
3550	-262.3550063293427	100.0	-235.99	30.527761	-154.55	-320.85	100.0	6 h 37 min 8 sec
3600	-236.37000590749085	100.0	-222.33	37.08139	-145.25	-313.55002	100.0	6 h 42 min 40 sec
3650	-257.66000686921177	100.0	-217.395	43.403343	-41.150005	-284.35	100.0	6 h 48 min 18 sec
3700	-258.67000619508326	100.0	-224.82301	39.984108	-99.25001	-303.7	100.0	6 h 53 min 56 sec
3750	-276.0150068838149	100.0	-222.43803	52.637657	-129.15001	-427.90002	100.0	6 h 59 min 33 sec
3800	-291.7200066331774	100.0	-232.15204	34.151737	-127.65001	-289.1	100.0	7 h 5 min 14 sec
3850	-235.73500656075777	100.0	-231.05	55.486816	-62.750004	-486.90002	100.0	7 h 10 min 50 sec
3900	-334.645011838153	100.0	-232.104	58.89264	-107.450005	-393.7	100.0	7 h 16 min 19 sec
3950	-251.89000591486692	100.0	-233.23502	53.02637	-88.15001	-359.25	100.0	7 h 21 min 53 sec
4000	-265.1450057502836	100.0	-211.07301	40.184715	-109.100006	-277.1	100.0	7 h 27 min 23 sec
4050	-298.06500698104503	100.0	-225.73703	54.04384	-96.40001	-437.25	100.0	7 h 32 min 57 sec
4100	-252.72500579096376	100.0	-219.04799	46.05059	-93.75001	-318.30002	100.0	7 h 38 min 34 sec
4150	-269.8500076808035	100.0	-215.86902	46.23996	-60.200005	-308.65	100.0	7 h 44 min 8 sec
4200	-297.73500932864846	100.0	-214.54199	33.829132	-124.450005	-286.85	100.0	7 h 49 min 43 sec
4250	-277.6000057011843	100.0	-243.81499	57.201836	-148.65001	-423.90002	100.0	7 h 55 min 18 sec
4300	-232.88500655852258	100.0	-230.38101	45.753433	-110.40001	-367.40002	100.0	8 h 0 min 42 sec
4350	-290.7400074016303	100.0	-218.483	52.78377	-80.700005	-376.7	100.0	8 h 6 min 15 sec
4400	-245.21000639870763	100.0	-215.67802	33.07511	-125.55	-277.2	100.0	8 h 11 min 44 sec
4450	-253.085007763654	100.0	-223.09601	37.261227	-161.1	-333.5	100.0	8 h 17 min 14 sec
4500	-258.0750065598637	100.0	-222.62102	28.353977	-150.25	-275.75	100.0	8 h 22 min 46 sec
4550	-250.44500624090432	100.0	-208.20102	41.938377	-99.00001	-288.5	100.0	8 h 28 min 17 sec
4600	-240.4950065433979	100.0	-216.67699	62.391968	-60.750008	-411.30002	100.0	8 h 33 min 43 sec
4650	-272.48500908203425	100.0	-224.02802	58.983917	-122.75001	-450.45	100.0	8 h 39 min 8 sec
4700	-211.6900061931461	100.0	-212.36098	53.89821	-96.50001	-337.80002	100.0	8 h 44 min 36 sec
4750	-217.09000612907113	100.0	-199.524	45.313774	-85.600006	-303.80002	100.0	8 h 49 min 57 sec
4800	-222.08500607348978	100.0	-212.86899	35.02281	-138.40001	-327.5	100.0	8 h 55 min 25 sec
4850	-230.0150063306093	100.0	-214.00902	46.93704	-117.850006	-365.95	100.0	9 h 0 min 56 sec
4900	-255.57500686384736	100.0	-205.44	41.390907	-115.600006	-279.15002	100.0	9 h 6 min 24 sec
4950	-210.61500641219317	100.0	-211.55502	34.499714	-144.35	-296.75	100.0	9 h 11 min 56 sec
5000	-239.96500632986425	100.0	-202.62201	35.746372	-125.50001	-263.4	100.0	9 h 17 min 32 sec
5050	-229.11500694490968	100.0	-202.33199	38.77128	-95.15001	-286.6	100.0	9 h 23 min 7 sec
5100	-265.37500696629286	100.0	-194.33801	44.49326	-88.850006	-267.2	100.0	9 h 28 min 40 sec
5150	-245.9250070810318	100.0	-211.41803	48.49589	-95.00001	-350.40002	100.0	9 h 34 min 11 sec
5200	-236.97000604718923	100.0	-189.077	50.536392	29.549994	-274.75	100.0	9 h 39 min 49 sec
5250	-247.0150073580444	100.0	-204.73701	42.387897	-46.90001	-286.05002	100.0	9 h 45 min 21 sec
5300	-344.76501035355034	100.0	-215.34601	50.99475	-87.75001	-416.6	100.0	9 h 50 min 53 sec
5350	-285.09500775188206	100.0	-201.381	43.940266	-83.75001	-291.5	100.0	9 h 56 min 17 sec
5400	-223.85500637106597	100.0	-231.423	43.999054	-89.75001	-297.5	100.0	10 h 1 min 52 sec
5450	-255.00000806711614	100.0	-216.43301	55.924183	-76.25001	-353.95	100.0	10 h 7 min 21 sec
5500	-248.96000759601594	100.0	-209.81403	62.06444	-62.450005	-478.2	100.0	10 h 12 min 49 sec
5550	-218.370005870983	100.0	-202.915	40.874325	-106.9	-284.9	100.0	10 h 18 min 20 sec
5600	-235.89500628262758	100.0	-212.035	64.80983	-9.550006	-407.05002	100.0	10 h 23 min 50 sec
5650	-229.95500615648925	100.0	-198.30803	37.587154	-75.65	-291.80002	100.0	10 h 29 min 26 sec
5700	-263.29500662833453	100.0	-207.75702	42.001335	-124.25001	-299.75	100.0	10 h 34 min 56 sec
5750	-237.98000621907414	100.0	-220.642	48.78529	-40.500004	-317.15002	100.0	10 h 40 min 24 sec
5800	-291.95500778071585	100.0	-225.485	36.878277	-138.05	-305.5	100.0	10 h 45 min 51 sec
5850	-215.09500652886928	100.0	-220.05301	54.99032	-47.500008	-370.1	100.0	10 h 51 min 26 sec
5900	-245.01500630453228	100.0	-187.035	49.511936	-26.350006	-307.5	100.0	10 h 57 min 0 sec
5950	-237.08500631824137	100.0	-202.21602	41.981556	-31.050007	-278.4	100.0	11 h 2 min 25 sec
6000	-254.8400067884475	100.0	-200.00702	37.65164	-87.3	-251.0	100.0	11 h 7 min 58 sec
6050	-221.2400058668107	100.0	-204.69002	35.26087	-109.75001	-269.30002	100.0	11 h 13 min 31 sec
6100	-226.8300061635673	100.0	-197.725	35.633022	-109.25001	-265.25	100.0	11 h 19 min 4 sec
6150	-230.94000630304217	100.0	-208.83403	31.339157	-122.75001	-282.95	100.0	11 h 24 min 40 sec
6200	-209.60000625699757	100.0	-187.96	47.644596	-46.300007	-273.25	100.0	11 h 30 min 11 sec
6250	-247.32500603236258	100.0	-205.571	46.987545	-81.40001	-293.80002	100.0	11 h 35 min 42 sec
6300	-184.08500570580364	100.0	-181.99902	38.405716	-62.400005	-257.35	100.0	11 h 41 min 15 sec
6350	-191.345005440712	100.0	-194.41602	42.605667	-54.300007	-271.35	100.0	11 h 46 min 40 sec
6400	-230.69500741437076	100.0	-219.31703	55.399384	-116.50001	-366.35	100.0	11 h 52 min 2 sec
6450	-231.35000574029982	100.0	-198.57901	41.362865	-98.350006	-285.45	100.0	11 h 57 min 30 sec
6500	-258.5050072345883	100.0	-203.77802	54.624256	-46.200005	-288.2	100.0	12 h 2 min 55 sec
6550	-252.85500641465188	100.0	-205.455	69.86164	-60.600006	-428.5	100.0	12 h 8 min 23 sec
6600	-278.0200086079538	100.0	-206.16699	47.975533	-91.30001	-378.6	100.0	12 h 13 min 47 sec
6650	-254.76500634551047	100.0	-208.441	50.293407	-49.600006	-293.30002	100.0	12 h 19 min 14 sec
6700	-233.01000601798296	100.0	-204.62	60.199318	-55.700005	-325.0	100.0	12 h 24 min 32 sec
6750	-297.1400069668889	100.0	-223.495	53.233418	-68.600006	-319.55002	100.0	12 h 29 min 52 sec
6800	-244.90000614076854	100.0	-207.33	59.22061	-86.9	-371.45	100.0	12 h 35 min 11 sec
6850	-243.29000737592577	100.0	-191.723	57.074314	-65.700005	-368.40002	100.0	12 h 40 min 24 sec
6900	-221.04000679813325	100.0	-183.67102	48.134533	-53.150005	-293.55002	100.0	12 h 45 min 52 sec
6950	-307.4700133025646	100.0	-188.10301	40.33934	-69.25001	-262.9	100.0	12 h 51 min 29 sec
7000	-194.42500663772225	100.0	-187.79301	44.66281	-32.100002	-277.45	100.0	12 h 56 min 58 sec
7050	-138.1900054257363	100.0	-177.721	62.32535	118.35	-259.55002	100.0	13 h 2 min 25 sec
7100	-207.0700058426708	100.0	-174.12599	60.157433	26.899996	-295.5	100.0	13 h 7 min 51 sec
7150	-184.61000595018268	100.0	-182.78502	49.221676	-92.950005	-284.80002	100.0	13 h 13 min 13 sec
7200	-230.50000693239272	100.0	-206.289	55.993874	-14.450007	-334.65002	100.0	13 h 18 min 36 sec
7250	-263.0100066319108	100.0	-188.494	44.042522	-94.950005	-321.5	100.0	13 h 24 min 0 sec
7300	-248.84000748060643	100.0	-187.575	46.906563	-86.65001	-285.4	100.0	13 h 29 min 35 sec
7350	-223.4200058296323	100.0	-196.58199	53.62068	-69.25001	-361.85	100.0	13 h 35 min 2 sec
7400	-225.26000702343882	100.0	-224.89801	92.731705	-93.75001	-564.80005	100.0	13 h 40 min 25 sec
7450	-229.51000593565405	100.0	-224.17601	74.825584	-77.850006	-473.40002	100.0	13 h 45 min 41 sec
7500	-272.65500755682586	100.0	-200.871	60.749237	-59.000008	-304.30002	100.0	13 h 51 min 20 sec
7550	-408.6850151401013	100.0	-190.21402	67.38061	-38.150005	-370.5	100.0	13 h 56 min 38 sec
7600	-223.21500575579702	100.0	-195.33301	59.16593	-29.550005	-291.75	100.0	14 h 2 min 6 sec
7650	-221.45000600777567	100.0	-174.54402	68.060905	9.899995	-320.0	100.0	14 h 7 min 29 sec
7700	-211.2550066024065	100.0	-181.64099	51.784035	-74.450005	-307.5	100.0	14 h 12 min 58 sec
7750	-213.86000588051974	100.0	-201.51701	59.183556	-90.3	-379.1	100.0	14 h 18 min 18 sec
7800	-221.58000722564756	100.0	-187.274	54.477673	-44.250004	-322.4	100.0	14 h 23 min 39 sec
7850	-219.5050062984228	100.0	-189.39403	52.457104	-63.150005	-325.35	100.0	14 h 29 min 3 sec
7900	-224.48500623889268	100.0	-191.58	46.78552	-73.200005	-308.45	100.0	14 h 34 min 32 sec
7950	-276.7150075934827	100.0	-182.218	59.923008	-37.300007	-326.2	100.0	14 h 39 min 50 sec
8000	-213.5550073195249	100.0	-185.242	54.430138	-57.20001	-284.80002	100.0	14 h 45 min 11 sec
8050	-257.46000665053725	100.0	-191.048	64.529274	13.799994	-386.75	100.0	14 h 50 min 35 sec
8100	-203.9150072455406	100.0	-164.78	54.24826	65.049995	-240.0	100.0	14 h 55 min 55 sec
8150	-218.99000726155936	100.0	-185.16899	59.383675	-29.750004	-324.30002	100.0	15 h 1 min 17 sec
8200	-289.27500946298244	100.0	-169.02902	50.65359	-20.650005	-271.75	100.0	15 h 6 min 47 sec
8250	-240.17500617019832	100.0	-178.92001	51.42078	-51.650005	-274.25	100.0	15 h 12 min 9 sec
8300	-262.37000699937346	100.0	-204.30801	64.98271	-109.15	-435.95	100.0	15 h 17 min 35 sec
8350	-251.50500732325017	100.0	-198.57901	60.002163	-7.5500035	-352.80002	100.0	15 h 23 min 3 sec
8400	-197.0750057104975	100.0	-194.22699	59.49746	-74.95001	-393.75003	100.0	15 h 28 min 31 sec
8450	-199.31000633575022	100.0	-203.419	77.8828	-48.900005	-446.15002	100.0	15 h 33 min 49 sec
8500	-457.05501874648036	100.0	-191.84003	62.874	-31.300009	-368.95	100.0	15 h 39 min 20 sec
8550	-240.070006801188	100.0	-189.894	69.87572	-7.800006	-397.50003	100.0	15 h 44 min 45 sec
8600	-253.60500770621002	100.0	-181.52202	57.73122	-59.100006	-309.7	100.0	15 h 50 min 6 sec
8650	-215.42000685185195	100.0	-176.487	48.548443	-52.050007	-282.5	100.0	15 h 55 min 24 sec
8700	-179.5150059133768	100.0	-175.055	56.54031	50.799995	-277.95	100.0	16 h 0 min 47 sec
8750	-206.68000699542463	100.0	-163.514	54.1323	21.199995	-234.85	100.0	16 h 6 min 6 sec
8800	-273.31001042425635	100.0	-166.99898	47.599037	-47.350006	-280.80002	100.0	16 h 11 min 29 sec
8850	-228.59000653661786	100.0	-209.027	73.47908	-62.900005	-397.00003	100.0	16 h 16 min 37 sec
8900	-140.20000579580665	100.0	-192.84102	51.865917	-74.55	-379.05002	100.0	16 h 22 min 3 sec
8950	-222.79500658027828	100.0	-167.346	63.193657	33.499996	-288.55002	100.0	16 h 27 min 27 sec
9000	-214.97000648118555	100.0	-173.108	59.43759	-59.650005	-380.45	100.0	16 h 32 min 55 sec
9050	-177.14500737786292	100.0	-173.19202	64.81817	17.199995	-291.55002	100.0	16 h 38 min 10 sec
9100	-202.63000658079983	100.0	-163.54001	51.253193	-28.000006	-253.6	100.0	16 h 43 min 33 sec
9150	-357.18001373820005	100.0	-188.80301	70.769646	-66.55	-416.95	100.0	16 h 48 min 47 sec
9200	-189.26000618375838	100.0	-152.12401	65.425446	19.549995	-292.65002	100.0	16 h 53 min 54 sec
9250	-215.37000697292387	100.0	-157.151	48.6374	-36.550007	-232.75	100.0	16 h 59 min 15 sec
9300	-268.6650084014982	100.0	-169.315	44.668507	-40.650005	-254.45001	100.0	17 h 4 min 37 sec
9350	-162.75000619478524	100.0	-160.339	54.545547	-6.900006	-287.45	100.0	17 h 9 min 58 sec
9400	-186.95500667244195	100.0	-179.34003	70.21653	-21.850006	-424.05002	100.0	17 h 15 min 25 sec
9450	-172.29500565379857	100.0	-153.286	62.77705	13.549994	-294.30002	100.0	17 h 20 min 46 sec
9500	-203.61500741876662	100.0	-164.33101	55.300537	0.94999516	-301.6	100.0	17 h 26 min 8 sec
9550	-234.545009592548	100.0	-164.81201	66.94576	8.599994	-286.95	100.0	17 h 31 min 28 sec
9600	-168.78500635921955	100.0	-147.441	51.5928	46.349995	-233.55	100.0	17 h 36 min 46 sec
9650	-186.12000665441155	100.0	-161.847	62.38393	-23.200006	-352.30002	100.0	17 h 42 min 8 sec
9700	-200.53500591218472	100.0	-156.00899	52.0507	-35.90001	-247.20001	100.0	17 h 47 min 40 sec
9750	-213.46500663273036	100.0	-164.13301	53.09355	-24.950006	-277.1	100.0	17 h 53 min 4 sec
9800	-202.65500783398747	100.0	-156.857	51.26339	-17.050005	-270.25	100.0	17 h 58 min 29 sec
9850	-168.82500625401735	100.0	-151.154	48.450207	-8.100007	-251.40001	100.0	18 h 3 min 53 sec
9900	-361.200014372915	100.0	-165.286	60.325855	-38.900005	-313.05002	100.0	18 h 9 min 6 sec
9950	-255.80000740475953	100.0	-188.64403	70.44678	-65.450005	-402.95	100.0	18 h 14 min 28 sec
10000	-167.5600057415664	100.0	-161.08301	58.714283	-12.9500065	-322.05002	100.0	18 h 19 min 44 sec
10050	-172.26500598676503	100.0	-160.27	54.826523	4.499993	-273.5	100.0	18 h 25 min 5 sec
10100	-197.07000625617803	100.0	-166.48903	56.959915	-6.450008	-297.15	100.0	18 h 30 min 24 sec
10150	-223.72500692233444	100.0	-174.79903	44.747066	-48.550007	-257.5	100.0	18 h 35 min 48 sec
10200	-205.34000676125288	100.0	-169.965	50.868656	-50.65001	-268.05002	100.0	18 h 41 min 3 sec
10250	-169.8650061842054	100.0	-157.199	47.54121	-42.250004	-235.20001	100.0	18 h 46 min 24 sec
10300	-152.18500608429312	100.0	-139.953	56.156765	34.249996	-233.1	100.0	18 h 51 min 42 sec
10350	-152.2200064457953	100.0	-161.83801	69.915924	12.649994	-337.45	100.0	18 h 56 min 49 sec
10400	-214.41500657573343	100.0	-152.492	60.111538	-25.550005	-268.65	100.0	19 h 2 min 12 sec
10450	-189.71500846818088	100.0	-151.78102	59.304047	-48.250008	-291.6	100.0	19 h 7 min 27 sec
10500	-188.26000597439707	100.0	-169.0	64.550865	15.0499935	-356.80002	100.0	19 h 12 min 44 sec
10550	-193.2100067973137	100.0	-135.51	58.942257	42.599995	-225.65001	100.0	19 h 18 min 4 sec
10600	-609.69502456747	100.0	-185.098	90.5862	-26.650005	-538.95	100.0	19 h 23 min 19 sec
10650	-256.55500777214763	100.0	-177.53801	121.015976	40.449993	-631.05005	100.0	19 h 28 min 30 sec
10700	-112.27000648640096	100.0	-169.864	70.401085	-59.150005	-412.90002	100.0	19 h 33 min 46 sec
10750	-220.66000636443496	100.0	-158.098	61.36951	-44.20001	-374.05002	100.0	19 h 39 min 3 sec
10800	-187.2500073801726	100.0	-175.015	56.24124	-64.15	-292.30002	100.0	19 h 44 min 21 sec
10850	-220.3800068564713	100.0	-154.042	37.52621	-59.700005	-228.45001	100.0	19 h 49 min 40 sec
10900	-194.09000782519578	100.0	-158.41801	63.417118	11.949996	-280.05002	100.0	19 h 54 min 56 sec
10950	-133.36500730626284	100.0	-150.68001	64.625565	-12.200006	-362.05002	100.0	20 h 0 min 15 sec
11000	-217.63500576987863	100.0	-139.576	55.499897	-16.100004	-262.2	100.0	20 h 5 min 30 sec
11050	-70.43000603988767	100.0	-134.531	67.910706	22.749994	-314.05002	100.0	20 h 11 min 36 sec
11100	-207.54500832743943	100.0	-130.542	48.56884	-32.750004	-232.55	100.0	20 h 21 min 47 sec
11150	-196.64500839710234	100.0	-131.78601	66.15029	93.74999	-280.05002	100.0	20 h 34 min 8 sec
11200	-189.86000707298518	100.0	-139.627	59.616604	3.399995	-306.25	100.0	20 h 46 min 12 sec
11250	-122.09500623010099	100.0	-170.57602	83.2149	-19.200005	-405.45	100.0	20 h 58 min 16 sec
11300	-135.45000681839883	100.0	-130.28	71.059	71.74999	-292.30002	100.0	21 h 10 min 19 sec
11350	-233.3100115466863	100.0	-124.26201	58.753994	20.999994	-237.1	100.0	21 h 20 min 18 sec
11400	-123.42000697329641	100.0	-144.94699	66.834656	62.249992	-287.9	100.0	21 h 29 min 26 sec
11450	-175.38000921085478	100.0	-121.5	60.59426	-4.8000054	-253.45001	100.0	21 h 38 min 54 sec
11500	-138.1200060456991	100.0	-138.48	57.2891	-13.100005	-262.25	100.0	21 h 50 min 31 sec
11550	-165.8450086161494	100.0	-116.65701	61.49914	9.499995	-255.70001	100.0	22 h 2 min 43 sec
11600	-124.12000613175333	100.0	-144.69101	55.087795	-23.200006	-256.9	100.0	22 h 15 min 15 sec
11650	-92.41000652462245	100.0	-130.78201	66.06085	58.249996	-328.6	100.0	22 h 27 min 6 sec
11700	-114.74500637240708	100.0	-123.71201	61.56121	66.24999	-271.55002	100.0	22 h 39 min 12 sec
11750	-87.99500452615321	100.0	-132.64801	65.1783	5.099994	-276.7	100.0	22 h 50 min 55 sec
11800	-138.84000605233012	100.0	-130.76001	57.086555	-5.0500064	-236.1	100.0	23 h 2 min 49 sec
11850	-111.40500615499914	100.0	-152.365	68.418526	-5.4000053	-341.45	100.0	23 h 14 min 23 sec
11900	-82.31000639237463	100.0	-112.70102	53.741093	10.999993	-204.40001	100.0	23 h 27 min 1 sec
11950	-184.06500639766455	100.0	-139.09401	55.121002	0.6999946	-250.85	100.0	23 h 39 min 24 sec
12000	-154.18500834554433	100.0	-148.56601	69.08489	15.299994	-304.4	100.0	23 h 51 min 29 sec
12050	-128.42500674203038	100.0	-139.983	70.53092	9.0499935	-290.0	100.0	24 h 3 min 57 sec
12100	-150.90000688619912	100.0	-142.42601	62.583267	45.849995	-243.35	100.0	24 h 16 min 34 sec
12150	-187.01500626429916	100.0	-135.61002	56.68813	-4.2000046	-250.0	100.0	24 h 29 min 17 sec
12200	-168.8900065664202	100.0	-154.01201	45.923687	-51.550007	-228.6	100.0	24 h 41 min 10 sec
12250	-169.51000685803592	100.0	-137.07301	51.053005	-14.600005	-235.6	100.0	24 h 52 min 43 sec
12300	-123.32500601150096	100.0	-129.811	50.78371	-25.100006	-259.1	100.0	25 h 4 min 35 sec
12350	-142.22000581398606	100.0	-132.268	61.79366	-12.850006	-321.25	100.0	25 h 15 min 53 sec
12400	-124.99000533930958	100.0	-133.296	55.88297	10.499994	-227.55	100.0	25 h 28 min 10 sec
12450	-133.39500652998686	100.0	-134.091	67.914825	13.949993	-298.15002	100.0	25 h 40 min 39 sec
12500	-159.8250065740198	100.0	-156.02301	69.41737	48.649994	-349.5	100.0	25 h 52 min 56 sec
12550	-243.36000614762307	100.0	-130.117	63.65803	-0.050005846	-308.1	100.0	26 h 5 min 17 sec
12600	-157.94500679038464	100.0	-144.14801	51.439552	-26.750006	-250.6	100.0	26 h 17 min 31 sec
12650	-267.6750072415918	100.0	-140.123	62.884495	-47.650005	-282.55002	100.0	26 h 29 min 16 sec
12700	-177.54000643342732	100.0	-149.275	54.827187	14.249994	-258.2	100.0	26 h 41 min 7 sec
12750	-207.8050068564713	100.0	-164.354	69.61925	-2.3500059	-299.0	100.0	26 h 53 min 8 sec
12800	-129.12000628262757	100.0	-149.203	60.01474	62.199993	-260.05002	100.0	27 h 5 min 21 sec
12850	-130.08500624634326	100.0	-159.845	58.160694	-55.950005	-294.5	100.0	27 h 17 min 38 sec
12900	-147.57500594891607	100.0	-134.17801	63.51078	-10.850006	-248.65001	100.0	27 h 29 min 21 sec
12950	-139.42500648349522	100.0	-137.45201	61.90598	18.699993	-238.05	100.0	27 h 41 min 15 sec
13000	-112.7200067475438	100.0	-133.99301	54.01589	-13.900006	-285.85	100.0	27 h 53 min 11 sec
13050	-107.32000673562288	100.0	-135.669	55.78638	-18.350006	-227.25	100.0	28 h 5 min 25 sec
13100	-147.0150054886937	100.0	-145.478	67.63402	14.499995	-289.9	100.0	28 h 17 min 46 sec
13150	-206.5350081883371	100.0	-140.87201	67.15488	-26.250006	-352.1	100.0	28 h 30 min 1 sec
13200	-222.2600063789636	100.0	-140.687	54.088806	-9.400004	-242.70001	100.0	28 h 42 min 56 sec
13250	-179.920007532835	100.0	-164.20099	73.63575	53.249996	-342.25	100.0	28 h 55 min 33 sec
13300	-190.5550071209669	100.0	-149.365	54.553753	41.849995	-274.5	100.0	29 h 7 min 59 sec
13350	-116.99000620283186	100.0	-128.579	57.438076	-1.7500055	-254.8	100.0	29 h 20 min 7 sec
13400	-159.98500544317068	100.0	-144.448	69.24745	59.099995	-328.55002	100.0	29 h 32 min 46 sec
13450	-226.975010561198	100.0	-133.90201	51.999294	3.7499933	-227.75	100.0	29 h 45 min 27 sec
13500	-134.79000624902545	100.0	-141.837	61.248013	30.799994	-256.05002	100.0	29 h 58 min 6 sec
13550	-123.74000632278621	100.0	-123.708015	65.38456	13.0499935	-269.85	100.0	30 h 10 min 27 sec
13600	-162.90000682026147	100.0	-119.246	64.85543	35.799995	-257.25	100.0	30 h 22 min 56 sec
13650	-176.8800076045096	100.0	-125.800995	55.193558	58.199993	-229.40001	100.0	30 h 34 min 54 sec
13700	-139.46500635817648	100.0	-136.66101	56.000496	-23.250004	-272.15	100.0	30 h 47 min 7 sec
13750	-156.950006358698	100.0	-130.6	58.48324	9.349995	-290.9	100.0	30 h 59 min 9 sec
13800	-129.02500655539333	100.0	-130.334	52.30471	-33.450005	-239.15001	100.0	31 h 11 min 31 sec
13850	-152.7600058093667	100.0	-131.254	60.381393	38.299995	-250.70001	100.0	31 h 23 min 27 sec
13900	-141.13000670969487	100.0	-142.93501	59.21486	10.199993	-293.55002	100.0	31 h 35 min 35 sec
13950	-70.39500602632761	100.0	-138.511	49.431133	-18.650007	-248.25	100.0	31 h 47 min 48 sec
14000	-100.67000581808388	100.0	-130.81801	54.90621	-9.250006	-239.85	100.0	31 h 59 min 51 sec
14050	-125.630007500574	100.0	-154.14302	64.64276	-48.750008	-303.1	100.0	32 h 11 min 45 sec
14100	-113.14500541202725	100.0	-136.052	69.93993	36.299995	-305.65002	100.0	32 h 23 min 48 sec
14150	-162.66000653244555	100.0	-145.092	58.82823	-38.750004	-312.25	100.0	32 h 35 min 31 sec
14200	-166.48000698275865	100.0	-134.554	55.81688	37.699993	-308.05002	100.0	32 h 48 min 10 sec
14250	-118.10500635541976	100.0	-118.268	69.48143	114.399994	-280.35	100.0	33 h 0 min 5 sec
14300	-30.04500583000481	100.0	-129.119	51.64057	-1.1500055	-256.85	100.0	33 h 12 min 7 sec
14350	-86.04000739976763	100.0	-123.65	67.8947	21.099993	-298.30002	100.0	33 h 24 min 23 sec
14400	-99.22000472806394	100.0	-127.199005	55.589027	16.949993	-234.3	100.0	33 h 35 min 52 sec
14450	-110.21500652767718	100.0	-124.96001	58.546436	4.199994	-291.5	100.0	33 h 47 min 42 sec
14500	-230.45000915825366	100.0	-146.31601	65.10946	76.799995	-282.05002	100.0	33 h 59 min 47 sec
14550	-213.26000846475364	100.0	-129.52501	63.42626	33.699993	-279.75	100.0	34 h 11 min 58 sec
14600	-118.88500754162669	100.0	-136.45802	55.646137	-20.150005	-258.45	100.0	34 h 24 min 5 sec
14650	-122.86000634394586	100.0	-118.517	71.97833	27.549995	-251.1	100.0	34 h 36 min 23 sec
14700	-116.73000828251243	100.0	-119.28201	59.78609	6.9499936	-258.7	100.0	34 h 48 min 33 sec
14750	-121.24500617831946	100.0	-120.78501	74.55975	104.74999	-288.65	100.0	35 h 0 min 35 sec
14800	-140.99500578865408	100.0	-115.18101	74.688644	100.899994	-296.45	100.0	35 h 12 min 46 sec
14850	-127.34500708132983	100.0	-115.16301	71.59027	56.499992	-242.15001	100.0	35 h 24 min 49 sec
14900	-117.08000644370914	100.0	-107.487	64.10305	16.249994	-243.65001	100.0	35 h 36 min 52 sec
14950	-147.85000694170594	100.0	-112.93501	63.342487	89.09999	-271.15	100.0	35 h 49 min 4 sec
15000	-125.75500773005187	100.0	-96.60902	60.98299	24.599995	-304.7	100.0	36 h 0 min 43 sec
15050	-167.1750067319721	100.0	-106.858	62.363045	35.899994	-270.55002	100.0	36 h 12 min 49 sec
15100	-106.81000689826905	100.0	-120.09102	53.879784	5.8499947	-267.1	100.0	36 h 24 min 24 sec
15150	-108.7550073955208	100.0	-126.652	62.902775	3.9499936	-261.6	100.0	36 h 36 min 1 sec
15200	-160.55500724986194	100.0	-110.432014	58.2374	15.099993	-219.45001	100.0	36 h 47 min 48 sec
15250	-181.00000818632543	100.0	-127.664	56.338867	-4.800006	-273.0	100.0	37 h 0 min 17 sec
15300	-129.96000773273408	100.0	-100.129005	72.701614	52.849995	-315.9	100.0	37 h 12 min 33 sec
15350	-204.5600104354322	100.0	-114.365	58.77358	49.949993	-256.85	100.0	37 h 24 min 29 sec
15400	-137.8400066934526	100.0	-135.90602	55.018066	-20.350006	-244.25	100.0	37 h 36 min 18 sec
15450	-220.81500686369836	100.0	-115.783005	58.476444	45.249996	-244.45001	100.0	37 h 48 min 1 sec
15500	-127.65500689558685	100.0	-127.56301	56.713665	19.149994	-239.0	100.0	38 h 0 min 5 sec
15550	-113.99000513330103	100.0	-114.966	67.014534	73.85	-245.35	100.0	38 h 12 min 15 sec
15600	-131.8300071440637	100.0	-119.338005	63.300884	42.199993	-289.6	100.0	38 h 24 min 32 sec
15650	-239.09000833816827	100.0	-126.28501	59.24998	-30.600004	-292.30002	100.0	38 h 36 min 21 sec
15700	-131.64000673815607	100.0	-122.16901	67.76156	12.099993	-272.15002	100.0	38 h 48 min 8 sec
15750	-138.0800081051886	100.0	-86.83199	68.142075	70.79999	-212.6	100.0	38 h 59 min 52 sec
15800	-108.8600050996989	100.0	-107.24199	66.58888	75.7	-239.25	100.0	39 h 11 min 32 sec
15850	-160.39500639736653	100.0	-133.26802	81.684975	49.949993	-305.35	100.0	39 h 23 min 4 sec
15900	-147.77000647485255	100.0	-115.39902	54.811295	-15.350006	-268.95	100.0	39 h 35 min 16 sec
15950	-135.49500618800522	100.0	-104.64501	51.839527	41.699993	-206.35	100.0	39 h 47 min 24 sec
16000	-162.50000726655125	100.0	-104.40399	55.742992	10.349995	-216.35	100.0	39 h 59 min 53 sec
16050	-141.7750072259456	100.0	-100.799	50.821114	41.449993	-211.20001	100.0	40 h 12 min 1 sec
16100	-106.21000649631023	100.0	-110.46501	48.606777	-16.850004	-249.15001	100.0	40 h 24 min 15 sec
16150	-176.00000698193907	100.0	-108.712006	67.68995	60.449993	-222.1	100.0	40 h 35 min 59 sec
16200	-260.4900146082044	100.0	-110.03101	72.54183	36.699993	-276.55002	100.0	40 h 47 min 32 sec
16250	-125.76000668145716	100.0	-111.677	76.50931	40.149994	-294.0	100.0	40 h 59 min 32 sec
16300	-122.3650058530271	100.0	-123.11001	76.60887	16.099995	-332.80002	100.0	41 h 11 min 55 sec
16350	-174.67500745020806	100.0	-95.25302	66.67781	93.59999	-221.20001	100.0	41 h 24 min 0 sec
16400	-149.60000628754497	100.0	-97.932014	56.64125	50.149994	-235.25	100.0	41 h 36 min 11 sec
16450	-128.18000715337695	100.0	-97.41901	52.712994	29.699995	-184.25	100.0	41 h 47 min 58 sec
16500	-179.3550089303404	100.0	-102.36701	71.40263	65.7	-254.8	100.0	42 h 0 min 11 sec
16550	-106.54000709094107	100.0	-85.369	59.544167	53.699993	-183.8	100.0	42 h 12 min 33 sec
16600	-64.02500653266907	100.0	-93.80001	69.35086	71.149994	-256.15	100.0	42 h 24 min 21 sec
16650	-118.00500573925675	100.0	-105.79501	57.713577	-16.450005	-298.9	100.0	42 h 36 min 12 sec
16700	-135.80500766709446	100.0	-118.51701	71.39894	75.09999	-298.45	100.0	42 h 48 min 7 sec
16750	-136.42500711269676	100.0	-106.572	55.97059	-7.9000053	-265.25	100.0	43 h 0 min 19 sec
16800	-180.4800065468997	100.0	-111.529015	67.94504	88.99999	-325.75	100.0	43 h 12 min 18 sec
16850	-164.5700069412589	100.0	-110.68001	67.658066	124.899994	-249.3	100.0	43 h 24 min 10 sec
16900	-63.93000650964677	100.0	-125.40101	75.7861	40.79999	-345.35	100.0	43 h 35 min 56 sec
16950	-94.49000638462603	100.0	-122.175	62.631107	7.349994	-286.1	100.0	43 h 47 min 40 sec
17000	-145.07500716745852	100.0	-83.12001	86.943756	122.7	-265.80002	100.0	43 h 59 min 33 sec
17050	-140.96500701606274	100.0	-109.91901	72.48332	80.45	-247.25	100.0	44 h 11 min 29 sec
17100	-70.1600057773292	100.0	-95.625	83.43023	184.04999	-263.55002	100.0	44 h 23 min 23 sec
17150	-130.48500764816998	100.0	-114.524025	73.68609	160.54999	-258.95	100.0	44 h 35 min 34 sec
17200	-106.28000628724695	100.0	-121.4	60.731045	5.7999954	-267.80002	100.0	44 h 47 min 54 sec
17250	-144.67000642344357	100.0	-114.14701	65.27877	50.849995	-250.95	100.0	44 h 59 min 50 sec
17300	-115.73000659532845	100.0	-113.944	57.42385	11.799994	-219.85	100.0	45 h 11 min 50 sec
17350	-175.20500824265181	100.0	-118.874	82.521126	97.049995	-333.15002	100.0	45 h 23 min 46 sec
17400	-114.03000755868852	100.0	-116.529015	75.12723	61.849995	-291.55002	100.0	45 h 35 min 22 sec
17450	-131.75000632479788	100.0	-118.07001	60.53336	26.349993	-242.45001	100.0	45 h 46 min 14 sec
17500	-100.26000727079808	100.0	-113.839005	57.011845	-9.350005	-247.3	100.0	45 h 51 min 23 sec
17550	-118.26000767163933	100.0	-107.31301	86.17867	70.35	-358.85	100.0	45 h 56 min 30 sec
17600	-106.96500716246665	100.0	-82.728004	82.63573	97.649994	-306.5	100.0	46 h 1 min 41 sec
17650	-80.88000716157258	100.0	-113.397	64.40033	19.799994	-236.15001	100.0	46 h 6 min 53 sec
17700	-175.55500695593656	100.0	-96.25801	66.698494	74.7	-264.05002	100.0	46 h 12 min 6 sec
17750	-97.51500699035823	100.0	-98.95901	70.84039	56.049995	-237.5	100.0	46 h 17 min 19 sec
17800	-131.74500661678613	100.0	-95.30301	60.158043	32.149994	-231.90001	100.0	46 h 22 min 37 sec
17850	-172.00000536963344	100.0	-99.823006	84.43395	95.34999	-277.25	100.0	46 h 27 min 54 sec
17900	-121.36000613868237	100.0	-108.036	70.283264	69.7	-237.3	100.0	46 h 33 min 5 sec
17950	-109.70500657595694	100.0	-120.12601	62.147194	39.849995	-270.65	100.0	46 h 38 min 14 sec
18000	-167.91000811345876	100.0	-121.54702	67.60055	-6.1000066	-261.80002	100.0	46 h 43 min 34 sec
18050	-102.93000611923635	100.0	-110.58701	67.68544	78.84999	-220.6	100.0	46 h 48 min 49 sec
18100	-194.92500850185752	100.0	-104.007996	64.10923	60.799995	-280.2	100.0	46 h 53 min 58 sec
18150	-85.99000546224416	100.0	-106.408	69.30468	29.549994	-274.25	100.0	46 h 59 min 14 sec
18200	-130.205006461218	100.0	-108.43901	52.969933	32.849995	-239.3	100.0	47 h 4 min 29 sec
18250	-119.0700068563223	100.0	-99.84001	67.39023	91.799995	-253.40001	100.0	47 h 9 min 37 sec
18300	-78.77500631287694	100.0	-126.61001	61.29575	6.7999954	-247.95001	100.0	47 h 14 min 43 sec
18350	-45.66000592932105	100.0	-91.074005	56.814762	34.949993	-202.85	100.0	47 h 19 min 52 sec
18400	-127.38500712774695	100.0	-85.228004	62.84737	134.29999	-206.6	100.0	47 h 25 min 6 sec
18450	-92.23000582680106	100.0	-102.634	61.23119	63.84999	-257.75	100.0	47 h 30 min 15 sec
18500	-117.5000065203756	100.0	-98.25101	54.266884	23.349995	-239.90001	100.0	47 h 35 min 30 sec
18550	-144.7700066059828	100.0	-101.035	75.37236	60.849995	-298.55002	100.0	47 h 40 min 42 sec
18600	-163.75000674277544	100.0	-114.78201	61.47202	26.099995	-233.15001	100.0	47 h 45 min 55 sec
18650	-95.47500690817833	100.0	-101.038994	62.01781	31.849993	-218.1	100.0	47 h 51 min 8 sec
18700	-110.12500662207603	100.0	-104.07801	61.666645	26.049995	-213.8	100.0	47 h 56 min 19 sec
18750	-172.88500628210605	100.0	-121.494	59.057316	9.049994	-268.55002	100.0	48 h 1 min 33 sec
18800	-244.01501303836704	100.0	-111.87601	61.89863	13.149995	-244.6	100.0	48 h 6 min 43 sec
18850	-107.76500660553575	100.0	-92.74801	67.82845	92.74999	-309.35	100.0	48 h 11 min 51 sec
18900	-95.23500714935362	100.0	-113.58701	54.972763	19.499992	-226.45001	100.0	48 h 17 min 6 sec
18950	-128.7050077151507	100.0	-112.11001	58.89852	1.1499941	-286.65	100.0	48 h 22 min 23 sec
19000	-138.9600086130202	100.0	-119.979004	73.190414	22.399994	-283.1	100.0	48 h 27 min 36 sec
19050	-160.54000716619194	100.0	-116.065994	69.132515	26.349993	-281.55002	100.0	48 h 32 min 50 sec
19100	-129.5300064329058	100.0	-123.173004	66.50361	54.849995	-278.4	100.0	48 h 38 min 4 sec
19150	-127.38500854074955	100.0	-108.36601	52.19163	3.5499954	-215.05	100.0	48 h 43 min 17 sec
19200	-159.68000829108058	100.0	-100.596016	54.89599	9.599995	-258.6	100.0	48 h 48 min 34 sec
19250	-74.11000655852258	100.0	-113.51601	55.88357	45.599995	-208.15001	100.0	48 h 53 min 44 sec
19300	-150.5650059327483	100.0	-93.38501	48.78418	48.749992	-188.8	100.0	48 h 58 min 55 sec
19350	-87.68000715747476	100.0	-112.961	63.37679	12.249993	-239.20001	100.0	49 h 4 min 5 sec
19400	-67.20500591024756	100.0	-95.52701	63.593815	52.049995	-278.85	100.0	49 h 9 min 17 sec
19450	-112.16500703319907	100.0	-118.094	78.22345	92.24999	-357.85	100.0	49 h 14 min 29 sec
19500	-87.59500738158822	100.0	-91.838005	55.768837	31.249994	-211.15001	100.0	49 h 19 min 44 sec
19550	-141.0100073300302	100.0	-94.407005	60.65185	52.549995	-212.3	100.0	49 h 25 min 7 sec
19600	-72.24500691853464	100.0	-103.869	65.81062	60.949997	-242.65001	100.0	49 h 30 min 26 sec
19650	-87.17000595740974	100.0	-89.76401	51.3937	-7.3500075	-205.85	100.0	49 h 35 min 37 sec
19700	-158.7250075481832	100.0	-109.155	62.406082	36.699993	-230.0	100.0	49 h 40 min 53 sec
19750	-203.0650100838393	100.0	-128.093	67.55257	-14.450007	-293.6	100.0	49 h 46 min 8 sec
19800	-110.20500641353428	100.0	-113.994	86.08333	91.99999	-323.80002	100.0	49 h 51 min 19 sec
19850	-167.4800070833415	100.0	-103.31001	51.38558	9.999996	-204.35	100.0	49 h 56 min 27 sec
19900	-86.14500632509589	100.0	-107.695	65.05869	-2.4000049	-281.55002	100.0	50 h 1 min 47 sec
19950	-124.80000706650317	100.0	-121.628006	69.77756	30.299994	-340.30002	100.0	50 h 6 min 49 sec
20000	-109.03000680133701	100.0	-99.11	62.636585	32.749992	-230.1	100.0	50 h 12 min 3 sec
20050	-88.95000696256757	100.0	-93.504005	60.584442	36.449993	-238.70001	100.0	50 h 17 min 14 sec
20100	-111.54000634029508	100.0	-91.972	69.93763	85.95	-254.75	100.0	50 h 22 min 26 sec
20150	-78.8950062379241	100.0	-102.688995	55.897655	-7.950005	-250.20001	100.0	50 h 27 min 39 sec
20200	-192.0300092894584	100.0	-103.963005	62.729362	58.499992	-273.65002	100.0	50 h 32 min 58 sec
20250	-103.33500725999474	100.0	-110.933	62.740425	0.59999275	-276.55002	100.0	50 h 38 min 13 sec
20300	-135.05000724494457	100.0	-105.646	66.091034	4.9999948	-300.55002	100.0	50 h 43 min 28 sec
20350	-127.36000629253685	100.0	-105.96201	54.871784	9.499994	-265.35	100.0	50 h 48 min 47 sec
20400	-255.6050110798329	100.0	-111.826	63.272556	9.649993	-271.65	100.0	50 h 54 min 2 sec
20450	-97.92500576265157	100.0	-107.829	56.844067	14.199992	-302.35	100.0	50 h 59 min 11 sec
20500	-67.56500564776361	100.0	-106.857	59.637383	12.799994	-235.85	100.0	51 h 4 min 29 sec
20550	-128.05500740483404	100.0	-91.836006	68.605965	44.749992	-262.9	100.0	51 h 9 min 43 sec
20600	-115.04000685811043	100.0	-116.184006	72.9762	13.999993	-315.65002	100.0	51 h 15 min 2 sec
20650	-85.37000600025058	100.0	-99.44201	67.08673	29.399994	-284.7	100.0	51 h 20 min 5 sec
20700	-77.07000570967793	100.0	-108.021	70.2516	51.149994	-292.65	100.0	51 h 25 min 16 sec
20750	-151.03500698059798	100.0	-103.78201	64.268745	57.699993	-242.40001	100.0	51 h 30 min 21 sec
20800	-91.55500573664904	100.0	-133.895	59.20543	-9.500007	-291.6	100.0	51 h 35 min 38 sec
20850	-157.55500725507736	100.0	-102.804016	64.213425	25.099993	-216.70001	100.0	51 h 40 min 50 sec
20900	-109.74000633768738	100.0	-111.40001	56.4192	-2.150007	-247.40001	100.0	51 h 45 min 58 sec
20950	-112.16500648707151	100.0	-116.952	61.8641	-9.950006	-279.5	100.0	51 h 51 min 20 sec
21000	-70.05500681325793	100.0	-123.26301	69.93711	2.399994	-396.85	100.0	51 h 56 min 30 sec
21050	-92.57000710777939	100.0	-84.338005	68.16565	74.549995	-252.95001	100.0	52 h 1 min 41 sec
21100	-77.86500704027712	100.0	-102.987015	66.53926	12.199993	-246.75002	100.0	52 h 6 min 51 sec
21150	-98.46500679291785	100.0	-118.72701	56.509052	35.499992	-213.40001	100.0	52 h 11 min 58 sec
21200	-81.05500767454505	100.0	-101.554	56.71524	10.949994	-247.40001	100.0	52 h 17 min 4 sec
21250	-139.78500817604362	100.0	-88.129005	73.85042	40.349995	-306.75003	100.0	52 h 22 min 13 sec
21300	-92.80000681281089	100.0	-115.501	50.08079	-15.750006	-225.75	100.0	52 h 27 min 25 sec
21350	-151.59000685624778	100.0	-108.95899	73.72982	54.199993	-306.30002	100.0	52 h 32 min 41 sec
21400	-94.4600067447871	100.0	-97.884	51.61393	46.499996	-213.35	100.0	52 h 37 min 50 sec
21450	-111.11000757664442	100.0	-87.20201	46.073265	29.949995	-193.25	100.0	52 h 43 min 1 sec
21500	-121.34000707827508	100.0	-103.16599	70.41009	17.349995	-263.7	100.0	52 h 48 min 16 sec
21550	-91.49500731676817	100.0	-97.46101	64.62386	58.249992	-228.35	100.0	52 h 53 min 22 sec
21600	-98.6650074634701	100.0	-79.11101	56.101223	14.949994	-241.95001	100.0	52 h 58 min 41 sec
21650	-89.99000644460321	100.0	-74.91801	64.3481	100.7	-238.90001	100.0	53 h 3 min 56 sec
21700	-65.87000636793672	100.0	-91.01401	49.244816	41.399994	-231.70001	100.0	53 h 9 min 7 sec
21750	-103.46500685736537	100.0	-96.012	64.105736	42.199993	-317.40002	100.0	53 h 14 min 17 sec
21800	-93.6550069719553	100.0	-74.812004	42.8782	27.249994	-155.20001	100.0	53 h 19 min 27 sec
21850	-89.15000617578626	100.0	-79.803	51.88235	86.1	-186.70001	100.0	53 h 24 min 32 sec
21900	-145.23000786863267	100.0	-97.36301	60.894814	42.849995	-239.3	100.0	53 h 29 min 42 sec
21950	-51.38500714376569	100.0	-82.494	65.32517	116.34999	-228.0	100.0	53 h 34 min 50 sec
22000	-117.27500755265355	100.0	-92.95401	67.39078	49.29999	-266.65	100.0	53 h 40 min 3 sec
22050	-85.27500634454191	100.0	-98.93301	62.53792	59.449997	-245.6	100.0	53 h 45 min 18 sec
22100	-94.3700068026781	100.0	-78.635	61.86984	78.24999	-180.6	100.0	53 h 50 min 30 sec
22150	-110.85000519677996	100.0	-106.96199	61.360615	60.949993	-240.05	100.0	53 h 55 min 46 sec
22200	-90.02500672154129	100.0	-110.46701	63.18932	74.149994	-235.45	100.0	54 h 0 min 57 sec
22250	-97.62500611431896	100.0	-105.628006	62.2071	38.999996	-275.30002	100.0	54 h 6 min 5 sec
22300	-135.29000842273234	100.0	-120.908005	82.940506	52.299995	-305.35	100.0	54 h 11 min 13 sec
22350	-124.10000673532485	100.0	-109.09402	65.09278	22.099995	-285.15	100.0	54 h 16 min 30 sec
22400	-170.64500630944968	100.0	-87.10501	59.94286	48.249996	-243.1	100.0	54 h 21 min 46 sec
22450	-163.6350068908185	100.0	-96.087006	61.35938	61.449993	-239.7	100.0	54 h 27 min 3 sec
22500	-124.96000544279813	100.0	-115.264015	62.758823	57.249996	-287.75	100.0	54 h 32 min 27 sec
22550	-97.90000680163503	100.0	-92.07401	70.54549	98.299995	-204.2	100.0	54 h 37 min 37 sec
22600	-265.62501626461744	100.0	-135.406	82.474106	36.149994	-399.40002	100.0	54 h 42 min 39 sec
22650	-78.13500741757453	100.0	-129.194	81.5667	39.149994	-361.7	100.0	54 h 47 min 44 sec
22700	-48.85000556893647	100.0	-95.088005	61.721004	41.299995	-265.80002	100.0	54 h 52 min 54 sec
22750	-190.93500731810929	100.0	-114.34301	61.306282	8.599995	-269.7	100.0	54 h 58 min 3 sec
22800	-130.31000705361367	100.0	-107.722015	59.720417	58.149994	-279.55002	100.0	55 h 3 min 14 sec
22850	-133.05000766925514	100.0	-120.769005	59.592377	-11.500007	-257.1	100.0	55 h 8 min 29 sec
22900	-42.50000566206872	100.0	-96.245995	62.678394	32.399994	-261.35	100.0	55 h 13 min 40 sec
22950	-59.83500714376569	100.0	-87.34501	74.943924	31.249994	-255.65001	100.0	55 h 18 min 50 sec
23000	-81.5950074415654	100.0	-87.97901	55.932648	54.399994	-221.95001	100.0	55 h 24 min 7 sec
23050	-100.17500720359385	100.0	-102.73201	64.95474	62.099995	-285.85	100.0	55 h 29 min 15 sec
23100	-60.470007522031665	100.0	-100.366005	62.32856	66.899994	-236.3	100.0	55 h 34 min 31 sec
23150	-125.0900074262172	100.0	-80.895004	53.71578	36.199993	-177.25	100.0	55 h 39 min 41 sec
23200	-88.90000581853091	100.0	-75.061005	66.51973	49.899994	-289.25	100.0	55 h 44 min 49 sec
23250	-60.98000630736351	100.0	-90.81701	64.80258	80.1	-243.75	100.0	55 h 49 min 59 sec
23300	-132.06500670574604	100.0	-110.17501	67.16354	25.849995	-276.35	100.0	55 h 55 min 7 sec
23350	-193.1000090070069	100.0	-93.94101	73.64906	58.199993	-291.15	100.0	56 h 0 min 20 sec
23400	-151.54501049108802	100.0	-125.84	69.20508	52.149994	-285.80002	100.0	56 h 5 min 21 sec
23450	-81.97500730603933	100.0	-111.87302	86.53437	120.649994	-299.5	100.0	56 h 10 min 35 sec
23500	-41.83000618964434	100.0	-97.82501	70.87881	72.45	-296.7	100.0	56 h 15 min 44 sec
23550	-126.04000752717256	100.0	-101.167015	58.787075	65.24999	-219.55	100.0	56 h 21 min 0 sec
23600	-48.94500539712608	100.0	-97.402	64.07468	98.1	-214.05	100.0	56 h 26 min 18 sec
23650	-114.96500669047236	100.0	-85.582	65.57108	55.399994	-246.15001	100.0	56 h 31 min 31 sec
23700	-98.6800067320466	100.0	-107.35	61.40667	26.699995	-245.45001	100.0	56 h 36 min 49 sec
23750	-128.36500575989484	100.0	-98.411	63.079533	67.049995	-224.15001	100.0	56 h 42 min 6 sec
23800	-136.23000612743198	100.0	-108.56501	71.639404	45.249992	-252.55	100.0	56 h 47 min 24 sec
23850	-126.24000796377659	100.0	-87.50199	61.13539	30.699993	-271.25	100.0	56 h 52 min 36 sec
23900	-136.91500877663492	100.0	-103.11	57.736797	15.699993	-232.65001	100.0	56 h 57 min 41 sec
23950	-130.07500618845225	100.0	-109.62901	53.521484	4.349993	-206.5	100.0	57 h 2 min 47 sec
24000	-265.3050149127841	100.0	-115.978004	72.76199	59.64999	-345.1	100.0	57 h 7 min 57 sec
24050	-159.015007609874	100.0	-102.77402	65.48692	52.349995	-273.25	100.0	57 h 13 min 9 sec
24100	-138.73000647090376	100.0	-143.577	77.46815	92.899994	-362.5	100.0	57 h 18 min 19 sec
24150	-114.92000661939383	100.0	-76.135	74.47502	98.69999	-310.1	100.0	57 h 23 min 28 sec
24200	-68.63000657148659	100.0	-105.08101	76.613846	50.349995	-307.25	100.0	57 h 28 min 40 sec
24250	-78.3900066703558	100.0	-103.14201	58.62604	29.099995	-286.80002	100.0	57 h 33 min 54 sec
24300	-130.17500726096333	100.0	-103.131004	52.212437	17.299994	-221.40001	100.0	57 h 39 min 15 sec
24350	-51.145005790516734	100.0	-101.29	59.515877	12.849994	-368.5	100.0	57 h 44 min 20 sec
24400	-153.40500981919467	100.0	-97.351006	51.84318	30.099995	-221.05	100.0	57 h 49 min 38 sec
24450	-144.4450069565326	100.0	-114.573006	59.910526	11.499995	-263.30002	100.0	57 h 54 min 44 sec
24500	-83.37000570632517	100.0	-76.105	65.47718	77.24999	-214.40001	100.0	57 h 59 min 53 sec
24550	-101.3650067102164	100.0	-121.38101	67.7669	36.649994	-343.90002	100.0	58 h 4 min 59 sec
24600	-174.33500744625925	100.0	-90.272	70.41156	48.899994	-269.15	100.0	58 h 10 min 11 sec
24650	-138.0400093588978	100.0	-97.832	85.60223	89.85	-344.7	100.0	58 h 15 min 28 sec
24700	-118.58500715829432	100.0	-95.083015	77.36226	61.149994	-258.65002	100.0	58 h 20 min 42 sec
24750	-64.56000681295991	100.0	-81.699005	61.079666	43.899994	-201.6	100.0	58 h 25 min 55 sec
24800	-103.24500715956091	100.0	-119.71701	77.0939	23.649996	-317.2	100.0	58 h 31 min 4 sec
24850	-81.16000650525093	100.0	-84.11301	56.88958	57.749996	-244.6	100.0	58 h 36 min 24 sec
24900	-62.86500795893371	100.0	-93.215	62.505672	27.699995	-294.15	100.0	58 h 41 min 35 sec
24950	-67.15000719912351	100.0	-106.92401	78.4409	33.249992	-294.65002	100.0	58 h 46 min 50 sec
25000	-110.12500631399453	100.0	-81.47401	70.13439	90.45	-200.5	100.0	58 h 52 min 7 sec
25050	-54.320006403699516	100.0	-99.33902	72.37835	49.349995	-273.0	100.0	58 h 57 min 22 sec
25100	-196.26500904224812	100.0	-63.226006	73.24597	82.649994	-212.95001	100.0	59 h 2 min 39 sec
25150	-68.55000564455986	100.0	-93.73301	53.77162	26.049994	-215.6	100.0	59 h 7 min 55 sec
25200	-276.6850136063993	100.0	-98.366005	56.627857	0.74999386	-258.5	100.0	59 h 13 min 6 sec
25250	-120.58000641092659	100.0	-110.275	59.840298	23.949995	-280.40002	100.0	59 h 18 min 14 sec
25300	-72.14000730849803	100.0	-97.20599	69.02025	57.149994	-293.25	100.0	59 h 23 min 28 sec
25350	-71.71000597029925	100.0	-76.352005	56.591404	46.449993	-257.6	100.0	59 h 28 min 35 sec
25400	-116.96500740349293	100.0	-77.76901	51.463795	45.399994	-176.2	100.0	59 h 33 min 51 sec
25450	-106.23000670932234	100.0	-74.178	62.529964	83.99999	-246.35	100.0	59 h 39 min 5 sec
25500	-101.77000687457621	100.0	-77.102005	71.59359	228.84999	-203.40001	100.0	59 h 44 min 13 sec
25550	-122.49500671625137	100.0	-78.69101	68.953125	98.7	-242.8	100.0	59 h 49 min 23 sec
25600	-100.44000612609088	100.0	-88.677	51.1345	29.599993	-205.8	100.0	59 h 54 min 36 sec
25650	-91.55000702105463	100.0	-108.073006	61.823578	53.749996	-240.55	100.0	59 h 59 min 51 sec
25700	-188.09001063033938	100.0	-120.63501	64.26417	-8.050008	-274.25	100.0	60 h 5 min 0 sec
25750	-100.07000688053668	100.0	-121.34301	84.58566	44.849995	-312.85	100.0	60 h 9 min 58 sec
25800	-109.47500762417913	100.0	-115.83001	72.974495	68.24999	-263.80002	100.0	60 h 15 min 16 sec
25850	-65.5900058645755	100.0	-109.38001	67.81125	68.19999	-292.15002	100.0	60 h 20 min 23 sec
25900	-95.62500636205077	100.0	-97.22901	65.75457	45.899994	-267.25	100.0	60 h 25 min 35 sec
25950	-92.75000713318586	100.0	-85.14802	72.337906	88.49999	-229.1	100.0	60 h 30 min 44 sec
26000	-379.5600177012384	100.0	-116.66801	76.4189	32.599995	-383.65002	100.0	60 h 35 min 55 sec
26050	-123.80000770427287	100.0	-108.263	84.321266	9.199995	-410.85	100.0	60 h 41 min 13 sec
26100	-25.97000646442175	100.0	-93.95202	75.93498	91.24999	-285.4	100.0	60 h 46 min 26 sec
26150	-32.54500652179122	100.0	-90.58501	54.925972	40.949993	-199.3	100.0	60 h 51 min 37 sec
26200	-102.87500443533062	100.0	-93.322	72.84915	148.25	-222.65001	100.0	60 h 56 min 55 sec
26250	-104.14000628590584	100.0	-91.807	64.896065	98.74999	-241.75	100.0	61 h 2 min 12 sec
26300	-82.58500632978976	100.0	-83.08201	65.51433	50.449997	-216.2	100.0	61 h 7 min 29 sec
26350	-104.57500573992729	100.0	-75.57101	84.85289	103.899994	-259.75	100.0	61 h 12 min 43 sec
26400	-62.095006150379774	100.0	-87.032005	73.642105	82.7	-258.2	100.0	61 h 17 min 55 sec
26450	-102.08000699058175	100.0	-96.012	65.15362	41.949993	-228.95001	100.0	61 h 23 min 8 sec
26500	-123.99500858150422	100.0	-89.270996	62.48527	22.099995	-254.25002	100.0	61 h 28 min 23 sec
26550	-62.750006929039955	100.0	-92.84	67.11355	14.7999935	-283.15	100.0	61 h 33 min 40 sec
26600	-118.58500609360635	100.0	-74.49101	69.65294	123.24999	-245.50002	100.0	61 h 38 min 53 sec
26650	-112.59500489644707	100.0	-86.18801	67.68573	47.349995	-255.8	100.0	61 h 44 min 5 sec
26700	-42.12500567138195	100.0	-129.274	100.30387	127.34999	-390.80002	100.0	61 h 49 min 15 sec
26750	-102.6150064393878	100.0	-86.366005	74.34806	60.249992	-262.0	100.0	61 h 54 min 19 sec
26800	-76.0200062982738	100.0	-87.83	74.662	76.74999	-290.35	100.0	61 h 59 min 24 sec
26850	-49.600006855279204	100.0	-82.047005	70.64271	62.999996	-215.90001	100.0	62 h 4 min 41 sec
26900	-66.6200062803924	100.0	-80.32801	64.04122	112.99999	-212.65001	100.0	62 h 9 min 55 sec
26950	-79.69000692069531	100.0	-103.745995	70.44196	120.399994	-266.95	100.0	62 h 15 min 10 sec
27000	-65.40000677891075	100.0	-85.841	69.3438	102.549995	-239.70001	100.0	62 h 20 min 30 sec
27050	-168.15500707551837	100.0	-80.62501	67.02044	53.249996	-244.6	100.0	62 h 25 min 39 sec
27100	-81.30500726923347	100.0	-105.377	77.18758	12.949993	-309.05002	100.0	62 h 30 min 53 sec
27150	-37.34000614918769	100.0	-76.587006	62.609997	52.599995	-202.25	100.0	62 h 36 min 3 sec
27200	-63.010006024315956	100.0	-94.022995	66.225464	120.049995	-232.90001	100.0	62 h 41 min 16 sec
27250	-98.68000686988235	100.0	-93.447	66.178474	38.749996	-245.40001	100.0	62 h 46 min 30 sec
27300	-53.34000624008477	100.0	-70.597	54.51644	93.24999	-188.25	100.0	62 h 51 min 45 sec
27350	-45.715005558356644	100.0	-64.657005	64.36613	128.84999	-237.85	100.0	62 h 57 min 0 sec
27400	-139.13000797927378	100.0	-112.394005	61.69118	79.549995	-230.75	100.0	63 h 2 min 16 sec
27450	-89.06500721126795	100.0	-142.99501	84.36778	15.249994	-347.85	100.0	63 h 7 min 24 sec
27500	-142.89500584825873	100.0	-146.357	77.17836	-12.450005	-323.35	100.0	63 h 12 min 43 sec
27550	-154.16000757217407	100.0	-124.507	58.567707	7.1999946	-232.8	100.0	63 h 18 min 3 sec
27600	-112.23500560671091	100.0	-105.61801	65.04393	18.549994	-301.6	100.0	63 h 23 min 21 sec
27650	-141.58500652313234	100.0	-106.51301	59.94925	38.149994	-253.95001	100.0	63 h 28 min 33 sec
27700	-52.42500662468374	100.0	-89.607	63.868694	44.699997	-218.45001	100.0	63 h 33 min 59 sec
27750	-13.625005033984781	100.0	-84.237	71.455185	43.949993	-249.8	100.0	63 h 39 min 15 sec
27800	-120.89500910490752	100.0	-95.307	83.71992	60.899994	-325.95	100.0	63 h 44 min 25 sec
27850	-123.07000873051584	100.0	-95.39801	70.90787	50.54999	-287.4	100.0	63 h 49 min 33 sec
27900	-69.47000656574964	100.0	-81.19101	78.39474	63.749992	-289.7	100.0	63 h 54 min 46 sec
27950	-69.14500630609692	100.0	-77.84701	68.46927	79.74999	-241.8	100.0	63 h 59 min 56 sec
28000	-50.715006266906855	100.0	-97.825	57.249123	20.299994	-287.15	100.0	64 h 5 min 9 sec
28050	-63.590006310492754	100.0	-81.271	68.07501	84.649994	-256.25	100.0	64 h 10 min 28 sec
28100	-65.64000626914203	100.0	-93.435	84.99026	41.699993	-299.40002	100.0	64 h 15 min 50 sec
28150	-240.6800169657916	100.0	-94.98201	77.83567	132.45	-259.30002	100.0	64 h 21 min 4 sec
28200	-101.59500614330173	100.0	-103.980995	74.613106	67.299995	-326.15002	100.0	64 h 26 min 18 sec
28250	-90.37000756077468	100.0	-86.885	63.223743	94.24999	-233.1	100.0	64 h 31 min 33 sec
28300	-82.8400051113218	100.0	-59.347	64.11192	65.549995	-211.05	100.0	64 h 36 min 49 sec
28350	-77.47000802829862	100.0	-81.33301	71.53757	68.549995	-238.65001	100.0	64 h 42 min 8 sec
28400	-97.95500577576459	100.0	-73.266014	62.873775	75.24999	-232.40001	100.0	64 h 47 min 33 sec
28450	-121.48500699810684	100.0	-79.14001	83.35567	115.45	-283.75	100.0	64 h 52 min 46 sec
28500	-285.82500950060785	100.0	-132.09201	85.21227	18.049994	-395.6	100.0	64 h 58 min 9 sec
28550	-114.34000625684857	100.0	-116.482	72.18595	57.299995	-265.25	100.0	65 h 3 min 26 sec
28600	-75.09500635117293	100.0	-93.32401	75.761635	97.7	-295.35	100.0	65 h 8 min 42 sec
28650	-154.81500751785933	100.0	-103.89902	84.534935	68.09999	-324.35	100.0	65 h 13 min 56 sec
28700	-26.430007376894356	100.0	-86.93701	68.4705	56.249992	-245.0	100.0	65 h 19 min 17 sec
28750	0.7949948210269213	100.0	-77.752014	61.752792	54.549995	-275.45	100.0	65 h 24 min 31 sec
28800	-78.83000639602542	100.0	-76.991	73.28943	127.649994	-253.85	100.0	65 h 29 min 45 sec
28850	-86.91000680364668	100.0	-72.97301	70.80975	63.449993	-247.75	100.0	65 h 35 min 0 sec
28900	-12.630005496367811	100.0	-66.147	67.01751	91.7	-176.35	100.0	65 h 40 min 17 sec
28950	-41.54500593058765	100.0	-106.76501	72.38645	62.599995	-254.1	100.0	65 h 45 min 29 sec
29000	-147.92500684261321	100.0	-82.012	72.66462	93.2	-206.45001	100.0	65 h 50 min 46 sec
29050	-197.58501044176518	100.0	-66.958	76.11582	104.799995	-239.15001	100.0	65 h 55 min 54 sec
29100	-40.91000572629273	100.0	-78.692	81.65821	164.59999	-279.95	100.0	66 h 1 min 7 sec
29150	-130.64000781700014	100.0	-119.35302	70.51257	66.7	-241.15001	100.0	66 h 6 min 27 sec
29200	-86.78500720225274	100.0	-73.62601	74.61455	125.85	-211.85	100.0	66 h 11 min 44 sec
29250	-72.11000697165727	100.0	-95.69101	68.79008	96.899994	-209.05	100.0	66 h 17 min 8 sec
29300	-137.335007693246	100.0	-74.999	74.59646	125.149994	-207.55	100.0	66 h 22 min 18 sec
29350	-87.19500677511095	100.0	-71.309006	61.733135	48.849995	-189.25	100.0	66 h 27 min 29 sec
29400	-150.84000745005906	100.0	-69.212006	75.162476	49.799995	-275.2	100.0	66 h 32 min 47 sec
29450	-77.82500620223581	100.0	-74.94	86.98083	184.25	-250.8	100.0	66 h 38 min 2 sec
29500	-134.53000782057643	100.0	-76.594	74.8871	104.299995	-238.95001	100.0	66 h 43 min 24 sec
29550	-137.2550078574568	100.0	-127.62001	67.24439	26.599993	-276.4	100.0	66 h 48 min 42 sec
29600	-185.09500663392245	100.0	-112.63101	72.62909	53.849995	-294.1	100.0	66 h 54 min 5 sec
29650	-77.48500559441746	100.0	-111.746	64.76902	26.999992	-255.3	100.0	66 h 59 min 29 sec
29700	-73.5500076185912	100.0	-89.47101	74.97918	139.59999	-229.8	100.0	67 h 4 min 44 sec
29750	-138.79500673264266	100.0	-115.24801	88.28201	87.799995	-339.85	100.0	67 h 9 min 59 sec
29800	-111.65500688999892	100.0	-107.819016	61.51383	69.149994	-218.95001	100.0	67 h 15 min 13 sec
29850	-42.06000609211624	100.0	-73.28801	72.051506	91.45	-254.55	100.0	67 h 20 min 27 sec
29900	-164.8850073862821	100.0	-91.744	74.85365	99.34999	-282.7	100.0	67 h 25 min 50 sec
29950	-122.56000572443008	100.0	-92.525	78.964874	159.55	-297.2	100.0	67 h 31 min 1 sec
30000	-90.41000734753906	100.0	-91.26802	74.21912	46.999996	-291.55002	100.0	67 h 36 min 12 sec
30050	-60.715005569532515	100.0	-137.811	79.17998	19.099995	-301.80002	100.0	67 h 41 min 32 sec
30100	-86.3350066293031	100.0	-137.539	80.80702	38.949993	-353.35	100.0	67 h 46 min 47 sec
30150	-75.07500586956739	100.0	-104.08501	83.74458	62.149994	-293.30002	100.0	67 h 51 min 51 sec
30200	-72.02500719577074	100.0	-101.75699	95.24001	179.9	-321.05002	100.0	67 h 57 min 7 sec
30250	-91.5650072105229	100.0	-97.731995	66.606804	95.299995	-261.65	100.0	68 h 2 min 23 sec
30300	-30.385006537288426	100.0	-75.94101	51.657032	30.649994	-207.75	100.0	68 h 7 min 38 sec
30350	-65.35500562638045	100.0	-86.629005	65.449745	40.299995	-248.6	100.0	68 h 12 min 49 sec
30400	-130.5200103275478	100.0	-106.75499	79.65081	73.299995	-302.85	100.0	68 h 18 min 0 sec
30450	-140.15500697381793	100.0	-93.20501	71.738304	28.149994	-255.40001	100.0	68 h 23 min 22 sec
30500	-68.75000690370798	100.0	-107.13002	78.85187	111.84999	-267.25	100.0	68 h 28 min 38 sec
30550	-69.49000614657999	100.0	-103.42501	79.25103	106.24999	-275.95	100.0	68 h 33 min 54 sec
30600	-45.470006353408095	100.0	-86.769005	57.93014	65.649994	-209.3	100.0	68 h 39 min 14 sec
30650	-77.93500613458454	100.0	-83.993	65.922676	96.45	-233.05	100.0	68 h 44 min 22 sec
30700	-25.020005679130556	100.0	-66.521	76.47431	70.49999	-267.25	100.0	68 h 49 min 35 sec
30750	-40.18000723160803	100.0	-76.121	71.934525	141.54999	-238.6	100.0	68 h 54 min 41 sec
30800	-59.340005130693314	100.0	-86.96501	79.94133	89.34999	-263.30002	100.0	68 h 59 min 54 sec
30850	-96.26500701531768	100.0	-92.212006	60.353905	4.849994	-243.1	100.0	69 h 5 min 9 sec
30900	-68.94000697284937	100.0	-61.118008	69.833305	108.74999	-240.05	100.0	69 h 10 min 23 sec
30950	-48.37000515572727	100.0	-77.967	83.657265	132.7	-288.80002	100.0	69 h 15 min 26 sec
31000	-167.23501043617725	100.0	-96.89902	67.57035	101.7	-221.65001	100.0	69 h 20 min 32 sec
31050	-118.0400068230927	100.0	-97.128	82.010544	67.34999	-318.95	100.0	69 h 25 min 43 sec
31100	-115.0300052907318	100.0	-73.932	63.590816	79.899994	-183.70001	100.0	69 h 31 min 0 sec
31150	-17.86500621549785	100.0	-64.63101	76.38736	239.25	-233.8	100.0	69 h 36 min 10 sec
31200	-29.390006574615835	100.0	-69.91501	65.724335	59.499996	-247.1	100.0	69 h 41 min 25 sec
31250	-105.52000581659377	100.0	-72.88101	77.01213	161.84999	-249.55	100.0	69 h 46 min 39 sec
31300	-32.820005564019084	100.0	-84.713	69.51909	91.24999	-221.1	100.0	69 h 52 min 0 sec
31350	-107.12500745728612	100.0	-93.75501	79.92565	86.84999	-277.9	100.0	69 h 57 min 18 sec
31400	-189.87000971361994	100.0	-100.61101	79.88925	112.19999	-279.9	100.0	70 h 2 min 26 sec
31450	-131.5400057721883	100.0	-85.690994	75.14522	131.34999	-267.95	100.0	70 h 7 min 43 sec
31500	-104.66500623598695	100.0	-95.176	63.281506	91.399994	-253.40001	100.0	70 h 13 min 4 sec
31550	-4.470007650926709	100.0	-85.062996	69.635506	75.149994	-264.0	100.0	70 h 18 min 22 sec
31600	-35.71000714376569	100.0	-86.975	90.02362	134.65	-302.65	100.0	70 h 23 min 36 sec
31650	-67.02500569410623	100.0	-73.993004	69.09827	74.649994	-230.5	100.0	70 h 28 min 48 sec
31700	-46.940006191283466	100.0	-80.145	76.573006	84.549995	-269.4	100.0	70 h 34 min 1 sec
31750	-171.33000673502684	100.0	-115.39101	78.46719	44.399994	-289.85	100.0	70 h 39 min 18 sec
31800	-79.61000618115068	100.0	-87.160995	83.17582	77.45	-255.05	100.0	70 h 44 min 33 sec
31850	-140.44000997170806	100.0	-87.51601	74.41212	57.499992	-259.40002	100.0	70 h 49 min 56 sec
31900	-88.54000813141465	100.0	-80.36601	73.24685	58.149994	-225.70001	100.0	70 h 55 min 11 sec
31950	-78.54000721350312	100.0	-73.727005	89.297615	198.09999	-280.30002	100.0	71 h 0 min 23 sec
32000	-169.30500678122044	100.0	-108.559006	75.727234	41.249992	-274.4	100.0	71 h 5 min 39 sec
32050	-103.59500644505025	100.0	-100.31601	85.50505	114.59999	-271.80002	100.0	71 h 10 min 59 sec
32100	-169.3200065407902	100.0	-95.452	55.564613	46.549995	-224.85	100.0	71 h 16 min 17 sec
32150	-112.36000637821853	100.0	-84.46201	69.985756	98.549995	-232.6	100.0	71 h 21 min 31 sec
32200	-25.475007073953748	100.0	-73.913	76.121735	134.45	-301.80002	100.0	71 h 26 min 45 sec
32250	-139.4000069964677	100.0	-88.569	74.506935	89.35	-256.85	100.0	71 h 32 min 1 sec
32300	-88.0400074109435	100.0	-71.729004	82.00748	80.59999	-263.7	100.0	71 h 37 min 18 sec
32350	-71.87500598989428	100.0	-87.698006	74.83923	152.34999	-244.90001	100.0	71 h 42 min 33 sec
32400	-21.115006003901364	100.0	-60.277	70.11839	85.49999	-197.85	100.0	71 h 47 min 58 sec
32450	-70.87500687539577	100.0	-74.40401	83.83085	175.95	-243.6	100.0	71 h 53 min 23 sec
32500	-26.255004822090267	100.0	-72.799	76.15547	82.59999	-302.0	100.0	71 h 58 min 44 sec
32550	-54.33500647172332	100.0	-68.309006	86.28662	175.9	-279.35	100.0	72 h 3 min 57 sec
32600	-43.77500626333058	100.0	-89.16301	82.71589	129.7	-275.45	100.0	72 h 9 min 15 sec
32650	-68.55000658333302	100.0	-56.061005	71.44098	100.899994	-230.3	100.0	72 h 14 min 30 sec
32700	-96.47000758051873	100.0	-76.386	79.798515	87.44999	-286.7	100.0	72 h 19 min 42 sec
32750	-72.2800075147301	100.0	-81.26501	63.638077	68.549995	-215.90001	100.0	72 h 24 min 55 sec
32800	-54.435006239265206	100.0	-75.296005	88.14782	78.049995	-339.45	100.0	72 h 30 min 5 sec
32850	-56.58500676937401	100.0	-68.662	83.34711	72.899994	-265.2	100.0	72 h 35 min 19 sec
32900	-126.44500761441887	100.0	-72.92001	84.574066	124.34999	-289.1	100.0	72 h 40 min 33 sec
32950	-57.090005830675366	100.0	-80.72	70.003784	68.149994	-252.35	100.0	72 h 45 min 44 sec
33000	-71.5350060082972	100.0	-82.80601	83.88196	144.54999	-270.85	100.0	72 h 50 min 54 sec
33050	-38.625005562976	100.0	-105.337006	88.88126	58.54999	-302.1	100.0	72 h 56 min 4 sec
33100	-55.74500763788819	100.0	-102.201	82.334625	150.2	-241.65001	100.0	73 h 1 min 23 sec
33150	-216.26000792384147	100.0	-99.66301	66.69201	114.049995	-241.40001	100.0	73 h 6 min 36 sec
33200	-109.59500661827624	100.0	-140.07199	86.287605	71.49999	-318.35	100.0	73 h 11 min 55 sec
33250	-171.355007211864	100.0	-135.56601	89.101685	81.95	-290.80002	100.0	73 h 17 min 16 sec
33300	-218.8650071658194	100.0	-122.89501	85.32492	90.59999	-294.85	100.0	73 h 22 min 35 sec
33350	-195.4550067178905	100.0	-136.325	92.13938	87.049995	-346.80002	100.0	73 h 27 min 46 sec
33400	-20.51000553742051	100.0	-96.754	78.11067	54.749996	-239.35	100.0	73 h 33 min 12 sec
33450	-89.9500053241849	100.0	-108.065994	69.94982	49.399994	-286.85	100.0	73 h 38 min 34 sec
33500	-84.28500580526888	100.0	-95.001	65.13215	70.74999	-203.65001	100.0	73 h 43 min 52 sec
33550	-52.40500642210245	100.0	-83.43301	86.94635	165.45	-251.95001	100.0	73 h 49 min 4 sec
33600	-220.72501254193486	100.0	-131.30801	84.04196	47.799995	-375.35	100.0	73 h 54 min 14 sec
33650	-71.17000569142401	100.0	-114.486015	84.2743	138.4	-306.30002	100.0	73 h 59 min 27 sec
33700	-108.46500567831099	100.0	-97.534004	72.44705	50.499992	-309.45	100.0	74 h 4 min 48 sec
33750	-56.25500779934227	100.0	-104.79701	62.32455	7.349994	-291.30002	100.0	74 h 10 min 6 sec
33800	-54.53500536344946	100.0	-106.296005	73.473045	52.099995	-304.2	100.0	74 h 15 min 22 sec
33850	-63.00500729866326	100.0	-90.281006	67.42252	52.949993	-211.95001	100.0	74 h 20 min 40 sec
33900	-61.61000686995685	100.0	-83.41501	80.227196	136.75	-218.25	100.0	74 h 26 min 1 sec
33950	-102.85500686690212	100.0	-86.148994	76.07822	134.09999	-270.05002	100.0	74 h 31 min 19 sec
34000	-107.92500631846488	100.0	-75.78901	84.20847	165.29999	-267.35	100.0	74 h 36 min 30 sec
34050	-72.8850058939308	100.0	-84.214005	60.570072	59.449993	-218.8	100.0	74 h 41 min 40 sec
34100	-39.96500629670918	100.0	-91.120995	75.87789	75.49999	-326.90002	100.0	74 h 46 min 51 sec
34150	-75.81000610552728	100.0	-70.23801	93.74148	144.09999	-283.7	100.0	74 h 52 min 4 sec
34200	-57.28500637821853	100.0	-73.06301	67.334076	88.74999	-196.85	100.0	74 h 57 min 18 sec
34250	-67.77500623762607	100.0	-74.93801	79.22333	113.149994	-358.65002	100.0	75 h 2 min 35 sec
34300	-122.6400081448257	100.0	-63.26801	60.48379	61.249996	-248.1	100.0	75 h 7 min 51 sec
34350	-84.39500733800233	100.0	-75.04201	78.28257	147.15	-291.65	100.0	75 h 13 min 3 sec
34400	-100.51500571109355	100.0	-70.40501	59.76287	43.649994	-203.15001	100.0	75 h 18 min 15 sec
34450	-54.35500704608857	100.0	-88.22	85.34875	94.149994	-302.45	100.0	75 h 23 min 37 sec
34500	-54.170006055757405	100.0	-73.80601	54.962395	54.749996	-170.55	100.0	75 h 28 min 56 sec
34550	-94.67000600099564	100.0	-62.802013	88.61092	207.95	-239.5	100.0	75 h 34 min 16 sec
34600	-56.33000451624393	100.0	-87.746	81.14818	112.74999	-308.15	100.0	75 h 39 min 33 sec
34650	-38.15500633008778	100.0	-74.93001	70.26897	59.799995	-269.0	100.0	75 h 44 min 45 sec
34700	-92.27000830173492	100.0	-68.728004	77.33001	106.899994	-243.6	100.0	75 h 49 min 48 sec
34750	-68.81000633053482	100.0	-63.538002	68.84227	81.1	-233.8	100.0	75 h 54 min 59 sec
34800	-21.17500673495233	100.0	-50.230003	73.1512	159.59999	-233.65001	100.0	76 h 0 min 12 sec
34850	-30.420005497336387	100.0	-70.812004	66.65536	82.299995	-242.75	100.0	76 h 5 min 17 sec
34900	-93.21000640168786	100.0	-70.792015	80.618645	173.65	-315.85	100.0	76 h 10 min 29 sec
34950	-75.46000651083887	100.0	-77.807014	70.94158	102.549995	-279.45	100.0	76 h 15 min 37 sec
35000	-68.60000566653908	100.0	-56.920998	62.619602	93.1	-225.20001	100.0	76 h 20 min 47 sec
35050	-274.94001621194184	100.0	-81.48301	76.52232	63.999996	-248.1	100.0	76 h 25 min 54 sec
35100	-55.66500744074583	100.0	-84.244	102.99224	112.49999	-426.2	100.0	76 h 31 min 13 sec
35150	-73.20500607937575	100.0	-70.27601	76.96748	99.45	-266.6	100.0	76 h 36 min 24 sec
35200	-90.84000605531037	100.0	-100.54401	82.616425	158.0	-307.95	100.0	76 h 41 min 40 sec
35250	-58.41500724814832	100.0	-96.79101	83.65089	130.15	-277.95	100.0	76 h 46 min 51 sec
35300	-123.44000640548765	100.0	-84.189	70.82878	41.499992	-287.75	100.0	76 h 52 min 3 sec
35350	-114.48500538766385	100.0	-80.801	75.098465	100.49999	-256.2	100.0	76 h 57 min 16 sec
35400	-43.335007056593895	100.0	-71.105	61.84244	100.74999	-201.8	100.0	77 h 2 min 32 sec
35450	-140.45500684939324	100.0	-92.713005	74.54419	67.09999	-296.9	100.0	77 h 7 min 49 sec
35500	-100.21000826656818	100.0	-84.29101	82.96878	63.349995	-275.15	100.0	77 h 13 min 6 sec
35550	33.99999435059726	100.0	-81.15201	61.63198	31.549994	-245.85	100.0	77 h 18 min 14 sec
35600	-30.0550068333745	100.0	-86.127	92.28705	244.45	-271.0	100.0	77 h 23 min 32 sec
35650	-49.535006621107456	100.0	-76.004005	59.33409	69.49999	-204.40001	100.0	77 h 28 min 48 sec
35700	-20.540006567910314	100.0	-59.339005	80.131584	174.79999	-241.90001	100.0	77 h 34 min 1 sec
35750	-84.59000882059335	100.0	-55.429005	73.96226	84.399994	-256.85	100.0	77 h 39 min 5 sec
35800	-55.33000619672239	100.0	-73.91601	70.61189	70.35	-195.90001	100.0	77 h 44 min 23 sec
35850	-32.745007045567036	100.0	-72.10201	63.373264	98.24999	-192.55	100.0	77 h 49 min 36 sec
35900	-166.9350066229701	100.0	-122.933	86.151505	109.84999	-324.1	100.0	77 h 54 min 53 sec
35950	-32.84500522352755	100.0	-82.323006	61.546284	56.599995	-221.55	100.0	78 h 0 min 0 sec
36000	-1.5150061566382647	100.0	-73.94201	78.45993	122.899994	-255.65001	100.0	78 h 5 min 10 sec
36050	-110.83500580340623	100.0	-73.966	58.016205	73.299995	-234.6	100.0	78 h 10 min 30 sec
36100	-51.57500513419509	100.0	-47.65801	64.30822	76.2	-233.55	100.0	78 h 15 min 47 sec
36150	-65.46500602252782	100.0	-72.037	78.75442	81.95	-224.1	100.0	78 h 21 min 3 sec
36200	-42.660006175935266	100.0	-68.282005	75.02501	69.649994	-237.1	100.0	78 h 26 min 15 sec
36250	-74.42000676691532	100.0	-43.245007	75.70149	159.09999	-166.1	100.0	78 h 31 min 22 sec
36300	45.20999346114695	100.0	-78.313	82.692856	141.75	-303.7	100.0	78 h 36 min 32 sec
36350	-88.61000598110259	100.0	-76.557	71.39985	120.299995	-208.70001	100.0	78 h 41 min 41 sec
36400	-137.55500946566463	100.0	-58.438004	76.687706	123.74999	-290.55002	100.0	78 h 46 min 55 sec
36450	-46.09500616788864	100.0	-81.56601	63.706093	137.15	-231.45001	100.0	78 h 52 min 9 sec
36500	-117.1100062970072	100.0	-49.671	72.00101	98.299995	-251.25	100.0	78 h 57 min 23 sec
36550	4.744995410367847	100.0	-69.15	80.16512	85.2	-252.55	100.0	79 h 2 min 31 sec
36600	-30.79000689536333	100.0	-55.53301	90.82901	184.15	-273.4	100.0	79 h 7 min 45 sec
36650	-116.87500686496496	100.0	-65.57901	76.04165	105.24999	-228.95001	100.0	79 h 12 min 53 sec
36700	-57.96500696316362	100.0	-58.41601	80.13571	100.299995	-228.55	100.0	79 h 17 min 55 sec
36750	-81.86500636376441	100.0	-74.768005	74.27217	81.549995	-263.30002	100.0	79 h 23 min 7 sec
36800	-93.56500656493009	100.0	-67.676	71.75967	43.199993	-318.05002	100.0	79 h 28 min 27 sec
36850	-40.575007419288156	100.0	-65.826004	73.37321	55.649994	-301.05002	100.0	79 h 33 min 40 sec
36900	-116.49000732414424	100.0	-68.81801	65.35748	110.69999	-198.6	100.0	79 h 38 min 57 sec
36950	-57.600007546320555	100.0	-69.09301	61.39822	50.499992	-183.15001	100.0	79 h 44 min 7 sec
37000	-54.990006145462395	100.0	-81.66501	85.43595	214.59999	-225.15001	100.0	79 h 49 min 13 sec
37050	-63.51500561535359	100.0	-50.987007	90.49227	140.65	-264.30002	100.0	79 h 54 min 26 sec
37100	-67.96500640250743	100.0	-50.63001	59.919075	66.59999	-173.85	100.0	79 h 59 min 40 sec
37150	-30.985006603598595	100.0	-50.37901	72.204124	110.6	-207.65001	100.0	80 h 4 min 54 sec
37200	-10.82000530846417	100.0	-59.247	87.88742	250.75	-282.45	100.0	80 h 10 min 1 sec
37250	-67.8750065345317	100.0	-61.81801	74.829094	127.899994	-224.20001	100.0	80 h 15 min 12 sec
37300	-33.87000587247312	100.0	-68.661	81.81312	98.84999	-271.0	100.0	80 h 20 min 22 sec
37350	-85.42000579386949	100.0	-61.100006	72.68407	70.2	-258.55002	100.0	80 h 25 min 39 sec
37400	-127.22000660337508	100.0	-90.149	81.97498	84.899994	-328.65002	100.0	80 h 30 min 49 sec
37450	-108.72000654898584	100.0	-69.454	60.50517	85.09999	-218.8	100.0	80 h 36 min 1 sec
37500	-104.36500545330345	100.0	-67.08	58.568985	115.799995	-163.8	100.0	80 h 41 min 18 sec
37550	-46.28000529557467	100.0	-66.79101	76.81232	130.7	-236.35	100.0	80 h 46 min 31 sec
37600	-11.130005311593413	100.0	-73.982	61.09955	32.949993	-288.7	100.0	80 h 51 min 45 sec
37650	-80.87000642418862	100.0	-69.364006	80.938194	85.84999	-250.0	100.0	80 h 57 min 7 sec
37700	-101.17500555403531	100.0	-55.62601	69.21928	156.65	-186.15001	100.0	81 h 2 min 18 sec
37750	-109.85000605992973	100.0	-63.869007	86.88898	203.9	-247.25	100.0	81 h 7 min 30 sec
37800	-82.9750065010041	100.0	-50.48901	77.83997	131.29999	-273.9	100.0	81 h 12 min 44 sec
37850	-24.23000558950007	100.0	-61.669	71.134964	114.84999	-302.7	100.0	81 h 17 min 57 sec
37900	-122.09000761471688	100.0	-49.511	59.383156	78.49999	-152.45001	100.0	81 h 23 min 16 sec
37950	-37.735006019473076	100.0	-49.283005	83.848526	120.45	-283.9	100.0	81 h 28 min 32 sec
38000	-15.415006710216403	100.0	-63.49201	83.151115	109.299995	-268.95	100.0	81 h 33 min 47 sec
38050	-59.40500675663352	100.0	-76.278	76.02206	130.4	-251.6	100.0	81 h 39 min 3 sec
38100	-32.98500603698194	100.0	-49.558014	70.10623	170.84999	-187.35	100.0	81 h 44 min 9 sec
38150	-51.185006427019836	100.0	-43.06501	66.18966	136.29999	-224.15001	100.0	81 h 49 min 25 sec
38200	-108.05500665232539	100.0	-54.23301	67.80914	87.649994	-238.20001	100.0	81 h 54 min 38 sec
38250	-97.34000729098916	100.0	-60.00501	50.63473	41.249992	-184.45001	100.0	81 h 59 min 48 sec
38300	-45.99000593498349	100.0	-59.959003	59.137444	68.74999	-213.70001	100.0	82 h 5 min 2 sec
38350	-19.63000614643097	100.0	-64.99401	63.594727	76.59999	-218.3	100.0	82 h 10 min 11 sec
38400	-0.8450051780790091	100.0	-66.922005	82.21481	78.85	-330.30002	100.0	82 h 15 min 22 sec
38450	-49.31500628069043	100.0	-53.709003	91.89096	333.69998	-239.25	100.0	82 h 20 min 40 sec
38500	1.3149938467890023	100.0	-54.28301	69.15818	137.15	-238.65001	100.0	82 h 25 min 50 sec
38550	-36.88000551573932	100.0	-50.902008	80.97416	154.29999	-180.75002	100.0	82 h 30 min 57 sec
38600	8.699994845315814	100.0	-56.533005	71.43163	77.6	-256.75	100.0	82 h 36 min 13 sec
38650	-61.225006403028964	100.0	-71.95601	65.14216	55.54999	-240.85	100.0	82 h 41 min 26 sec
38700	-89.49500673115253	100.0	-83.65699	95.2858	92.899994	-285.75	100.0	82 h 46 min 34 sec
38750	-106.32500717826187	100.0	-64.72201	74.969826	88.149994	-252.25	100.0	82 h 51 min 42 sec
38800	-57.225008097290996	100.0	-83.889015	78.24411	100.24999	-281.6	100.0	82 h 56 min 52 sec
38850	-50.79000746458769	100.0	-46.728004	64.78321	164.59999	-188.70001	100.0	83 h 2 min 10 sec
38900	-49.16000577360391	100.0	-45.733	73.0056	68.34999	-239.40001	100.0	83 h 7 min 22 sec
38950	-2.9800064958631993	100.0	-50.107006	89.00974	125.1	-281.7	100.0	83 h 12 min 42 sec
39000	-12.250005373358727	100.0	-49.248	67.530045	71.24999	-241.50002	100.0	83 h 18 min 3 sec
39050	-90.18500574938953	100.0	-65.10701	65.550415	45.499992	-278.0	100.0	83 h 23 min 18 sec
39100	-51.23000716082752	100.0	-68.592	77.20531	171.79999	-233.20001	100.0	83 h 28 min 38 sec
39150	26.45499506816268	100.0	-96.41	90.6791	71.899994	-401.55002	100.0	83 h 33 min 50 sec
39200	-90.28000535182655	100.0	-41.452003	68.8746	75.549995	-190.35	100.0	83 h 39 min 6 sec
39250	-101.28500560447574	100.0	-61.81601	71.28548	136.84999	-217.55	100.0	83 h 44 min 18 sec
39300	-74.7400060556829	100.0	-47.042004	71.899666	100.99999	-269.95	100.0	83 h 49 min 32 sec
39350	-3.160005945712328	100.0	-66.58201	66.84382	76.7	-244.45001	100.0	83 h 54 min 44 sec
39400	-30.09500610008836	100.0	-75.75201	79.34419	112.85	-242.0	100.0	83 h 59 min 54 sec
39450	-56.07500695176422	100.0	-60.879005	67.55412	46.949993	-269.65	100.0	84 h 5 min 10 sec
39500	-16.68500762954354	100.0	-52.769005	66.572586	114.649994	-206.40001	100.0	84 h 10 min 28 sec
39550	-38.11000615470111	100.0	-54.821	72.593155	125.2	-185.85	100.0	84 h 15 min 40 sec
39600	-29.70500560849905	100.0	-69.702	78.22426	88.399994	-261.25	100.0	84 h 20 min 53 sec
39650	-16.48000619672239	100.0	-53.230003	77.68771	106.299995	-295.1	100.0	84 h 26 min 6 sec
39700	-20.20000648163259	100.0	-49.41301	67.81797	89.649994	-267.45	100.0	84 h 31 min 16 sec
39750	-81.13000544905663	100.0	-48.848003	82.52576	177.29999	-237.95001	100.0	84 h 36 min 37 sec
39800	-75.21000537462533	100.0	-69.84201	69.11586	79.95	-265.05002	100.0	84 h 41 min 44 sec
39850	-4.670005573704839	100.0	-47.902	89.25092	250.7	-290.2	100.0	84 h 47 min 2 sec
39900	-72.63500680327415	100.0	-49.599003	78.015686	134.15	-198.0	100.0	84 h 52 min 14 sec
39950	-61.58500710837543	100.0	-42.193005	84.7468	167.54999	-201.05	100.0	84 h 57 min 24 sec
40000	-21.130006045475604	100.0	-71.08101	68.73533	117.7	-295.45	100.0	85 h 2 min 35 sec
