Epoch	AverageEpRet	StdEpRet	MaxEpRet	MinEpRet	EpLen	TotalEnvInteracts	LossPi	LossV	DeltaLossPi	DeltaLossV	Entropy	KL	ClipFrac	StopIter	Time
0	-42.377678	3.6018834	-34.45	-48.0	80.0	40000	3.7252903e-09	4.8071985	-0.014459388	-3.79684	3.4837258	0.011023325	0.10075	49.0	17.727213859558105
1	-41.322327	2.9254873	-32.55	-45.100002	80.0	80000	-1.816079e-08	0.88268805	-0.012067307	-0.0635941	3.4762042	0.008598164	0.079075	49.0	35.282538414001465
2	-39.350002	3.302285	-32.350002	-43.7	80.0	120000	-3.958121e-09	0.772261	-0.013906754	-0.031794712	3.4624481	0.008446554	0.0894	49.0	53.56451869010925
3	-39.464546	2.3960507	-32.600002	-42.600002	80.0	160000	-2.142042e-08	0.59431994	-0.016208496	-0.06442026	3.4419231	0.008228827	0.109125	49.0	70.99243187904358
4	-37.824104	3.289241	-28.550001	-42.4	80.0	200000	1.0011718e-08	0.48263663	-0.017904354	-0.0383541	3.4109602	0.009353613	0.12905	49.0	88.37906002998352
5	-37.05893	2.4983943	-30.1	-41.100002	80.0	240000	1.8626451e-09	0.4408996	-0.019030975	-0.030448012	3.3740218	0.009701853	0.13485	49.0	105.82462978363037
6	-34.846428	3.429466	-26.4	-40.9	80.0	280000	3.7252903e-09	0.47679585	-0.019842021	-0.03106089	3.3410113	0.011056888	0.15134999	49.0	123.44014954566956
7	-35.228573	4.351199	-23.800001	-39.850002	80.0	320000	-6.2864274e-09	0.49383056	-0.019450927	-0.013897985	3.3043098	0.012641216	0.1362	49.0	140.2740044593811
8	-32.19107	7.60927	-11.1	-39.600002	80.0	360000	4.656613e-09	0.7012636	-0.020800576	-0.046436433	3.2639582	0.009334476	0.1338	49.0	155.07091283798218
9	-30.041965	10.858505	-0.29999986	-38.7	80.0	400000	2.7939677e-09	1.0185786	-0.020825952	-0.060463756	3.221997	0.010576511	0.1288	49.0	170.00304985046387
10	-27.522322	14.241157	14.15	-39.0	80.0	440000	1.44355e-08	1.3257842	-0.02040797	-0.057786383	3.1854134	0.010254396	0.12959999	49.0	184.89270997047424
11	-24.732145	17.238247	11.35	-38.4	80.0	480000	8.381903e-09	1.7403195	-0.018947259	-0.08685003	3.1462348	0.0093559055	0.11285	49.0	199.88160943984985
12	-22.219645	20.616657	27.4	-38.75	80.0	520000	1.8626451e-09	2.0553148	-0.020241447	-0.112113565	3.110232	0.010154376	0.121775	49.0	214.69299411773682
13	-20.223215	23.126514	34.7	-38.4	80.0	560000	-2.7939677e-09	2.3565638	-0.019753546	-0.05268295	3.0697713	0.010847159	0.127375	49.0	229.65340924263
14	-14.563393	27.282953	47.5	-38.25	80.0	600000	-6.2864274e-09	3.224292	-0.020494744	-0.22262356	3.0403528	0.011269269	0.132325	49.0	244.46405601501465
15	-12.945536	28.04955	51.6	-38.3	80.0	640000	1.8626451e-09	3.542993	-0.020952111	-0.124907106	3.012634	0.009648126	0.12872499	49.0	259.52315974235535
16	-8.243751	31.80667	64.7	-38.0	80.0	680000	3.7252903e-09	4.4605627	-0.020597007	-0.21302927	2.9739027	0.010304685	0.1277	49.0	275.01863837242126
17	-5.8669653	34.57839	84.4	-39.05	80.0	720000	0.0	4.960126	-0.019468324	-0.17684749	2.94137	0.009617075	0.129525	49.0	290.0964901447296
18	-4.5196433	35.180294	88.1	-37.7	80.0	760000	9.313226e-09	4.803068	-0.019272335	-0.17896873	2.8977747	0.010494081	0.1259	49.0	305.53535747528076
19	-1.2598217	37.72878	79.5	-37.8	80.0	800000	1.14087015e-08	5.5840445	-0.01995706	-0.26783374	2.8714576	0.011443586	0.12722501	49.0	320.7945411205292
20	0.9080357	38.65634	86.15	-38.100002	80.0	840000	-6.519258e-09	5.904298	-0.02001661	-0.26379183	2.8338249	0.010760728	0.1333	49.0	336.24373865127563
21	4.9438596	44.787174	125.9	-38.850002	80.0	880000	0.0	6.7570076	-0.019264054	-0.3586874	2.77736	0.009637456	0.130125	49.0	351.889488697052
22	6.553571	44.742325	104.1	-38.0	80.0	920000	1.8626451e-09	6.99018	-0.019467488	-0.31223756	2.7405152	0.010790535	0.126225	49.0	367.2824897766113
23	5.8342104	43.81291	100.35	-38.25	80.0	960000	-2.0954758e-09	6.848752	-0.01923133	-0.3282566	2.7019944	0.009967115	0.12735	49.0	382.8386902809143
24	5.9596496	46.085976	107.4	-39.3	80.0	1000000	-1.8626451e-09	7.0334864	-0.017457932	-0.31461376	2.66928	0.008987155	0.1146	49.0	398.1279044151306
25	5.4956136	48.10465	127.2	-38.8	80.0	1040000	-9.313226e-10	7.6778784	-0.01618223	-0.5058042	2.6219234	0.008441692	0.13100001	49.0	413.7659647464752
26	9.650892	51.446266	119.6	-39.4	80.0	1080000	-2.7939677e-09	8.51953	-0.017745264	-0.5971692	2.6000857	0.011278318	0.12855	49.0	429.10024905204773
27	9.066101	49.869446	129.5	-37.95	80.0	1120000	7.450581e-09	10.371079	-0.01713977	-0.7212776	2.5549507	0.010014601	0.123950005	49.0	445.1115424633026
28	11.409649	53.350628	122.3	-40.0	80.0	1160000	6.519258e-09	10.03743	-0.017534632	-0.45158482	2.5260065	0.010061832	0.12799999	49.0	460.86137342453003
29	16.877678	59.81471	153.8	-38.600002	80.0	1200000	1.1175871e-08	10.427081	-0.016967569	-0.8561466	2.4884138	0.009805869	0.12657501	49.0	476.2420320510864
30	19.964285	61.35963	144.1	-38.95	80.0	1240000	-2.3283064e-09	10.864616	-0.016866362	-0.50033045	2.4382935	0.010092672	0.120875	49.0	491.47456908226013
31	16.939829	58.61276	144.4	-38.8	80.0	1280000	-1.8626451e-09	12.037209	-0.016613958	-0.72126496	2.412611	0.009603098	0.12445	49.0	507.1771550178528
32	23.592855	65.41321	156.15	-38.0	80.0	1320000	1.8626451e-09	12.611256	-0.017069891	-0.7830548	2.383481	0.011939204	0.12757501	49.0	522.5527160167694
33	24.824106	67.16626	151.4	-39.2	80.0	1360000	-1.8626451e-09	15.886363	-0.017073832	-0.94303906	2.3312612	0.010463119	0.123349994	49.0	537.8010766506195
34	32.67857	74.29054	174.0	-39.05	80.0	1400000	0.0	15.80179	-0.016436704	-0.96033835	2.2973604	0.00956919	0.11954999	49.0	552.8891823291779
35	37.21696	77.87162	150.0	-39.4	80.0	1440000	6.9849193e-09	19.044647	-0.016819775	-1.5227236	2.2358713	0.011759972	0.13602501	49.0	568.0337693691254
36	41.870537	85.41377	200.4	-39.5	80.0	1480000	5.5879354e-09	22.611992	-0.01639064	-1.9184108	2.1948855	0.010295509	0.129025	49.0	583.4346327781677
37	44.525	88.07695	217.7	-39.95	80.0	1520000	-5.122274e-09	23.217447	-0.015666442	-1.4058067	2.14184	0.010982467	0.12505001	49.0	598.5414814949036
38	43.714287	90.528336	207.3	-39.8	80.0	1560000	-1.8626451e-09	20.299538	-0.01595154	-1.0164367	2.150745	0.010511143	0.11745	49.0	613.8290972709656
39	51.954464	96.91492	224.5	-39.7	80.0	1600000	-3.7252903e-09	26.261967	-0.015232526	-1.8736774	2.068561	0.011844777	0.11765	49.0	629.1671879291534
40	61.832146	104.83504	224.5	-39.7	80.0	1640000	4.656613e-09	29.964205	-0.015541324	-2.179789	2.002077	0.011325216	0.1207	49.0	644.2710618972778
41	67.59821	109.73512	243.5	-39.5	80.0	1680000	1.4901161e-08	28.685339	-0.015262879	-2.2070932	1.9932492	0.0111122355	0.1215	49.0	659.7040269374847
42	74.86875	116.820854	234.0	-39.5	80.0	1720000	-8.381903e-09	33.233227	-0.015413515	-2.7408094	1.9305499	0.0115016885	0.13295001	49.0	674.5289304256439
43	77.44108	121.59404	241.7	-40.100002	80.0	1760000	-5.5879354e-09	30.207386	-0.015867528	-2.720043	1.8936417	0.009944882	0.12705001	49.0	689.3786480426788
44	81.630356	124.13738	244.7	-39.8	80.0	1800000	-1.6298145e-09	33.293884	-0.015043419	-2.0035107	1.8511202	0.009443309	0.11935	49.0	704.5860140323639
45	75.45982	119.75121	247.25	-40.2	80.0	1840000	6.9849193e-09	30.863602	-0.014735769	-1.7567487	1.8408844	0.009165471	0.1086	49.0	719.54816365242
46	81.97679	125.189766	240.55	-39.7	80.0	1880000	0.0	31.82181	-0.0147165	-1.5741949	1.824403	0.009594059	0.11229999	49.0	734.3723790645599
47	78.44465	122.10044	257.25	-40.65	80.0	1920000	9.313226e-10	30.950153	-0.014589453	-1.6900196	1.8012582	0.009947986	0.119975	49.0	749.1838150024414
48	87.001785	128.94168	243.7	-39.3	80.0	1960000	-5.5879354e-09	28.607464	-0.014822898	-2.2228758	1.7806695	0.011586061	0.122075	49.0	763.8402578830719
49	83.25982	128.37738	258.5	-44.3	80.0	2000000	-1.8626451e-09	32.23355	-0.014011225	-2.1987543	1.7834281	0.008494899	0.1096	49.0	778.8324210643768
50	85.54464	130.24803	263.85	-40.3	80.0	2040000	2.7939677e-09	29.930166	-0.013916978	-1.5760934	1.7366842	0.008386007	0.1123	49.0	793.5878190994263
51	85.57143	128.81685	268.2	-47.7	80.0	2080000	1.8626451e-09	28.256527	-0.014272163	-1.8774753	1.6736099	0.009293495	0.10985	49.0	808.3570718765259
52	91.47589	134.31349	267.6	-41.600002	80.0	2120000	-9.313226e-09	28.252806	-0.014397573	-1.8204124	1.6671888	0.009534021	0.1136	49.0	823.1911549568176
53	89.60803	133.65749	266.8	-41.2	80.0	2160000	6.519258e-09	29.302376	-0.014157506	-1.3206618	1.646606	0.008753428	0.10605	49.0	837.9646701812744
54	84.112495	129.60869	258.9	-42.600002	80.0	2200000	-1.4901161e-08	32.678337	-0.014278045	-2.530061	1.6182696	0.008778695	0.1193	49.0	852.8195507526398
55	93.25	136.79994	268.3	-44.100002	80.0	2240000	0.0	29.809162	-0.014398866	-2.543914	1.6215813	0.010064573	0.12255	49.0	867.6241199970245
56	95.12679	138.83817	270.55	-45.7	80.0	2280000	2.7939677e-09	28.404507	-0.014100067	-1.4492204	1.5949717	0.009567663	0.1093	49.0	882.3678390979767
57	98.58571	137.19911	271.1	-40.7	80.0	2320000	-5.5879354e-09	27.04763	-0.013701751	-1.4277251	1.5668914	0.008552808	0.10415	49.0	897.185028553009
58	96.34197	136.12053	270.0	-46.600002	80.0	2360000	-4.656613e-09	31.206512	-0.013611487	-1.4740789	1.5469201	0.008895034	0.101475	49.0	911.8003270626068
59	103.32455	140.2149	281.05	-42.7	79.90909	2400000	-3.0267984e-09	26.86189	-0.014148094	-1.7506528	1.5496392	0.009039289	0.105624996	49.0	926.3590471744537
60	104.680916	140.00555	285.9	-53.4	79.818184	2440000	4.656613e-09	30.234732	-0.013718907	-2.2258084	1.510999	0.008075907	0.107375	49.0	940.865382194519
61	118.41204	142.08896	276.0	-49.45	80.0	2480000	-3.259629e-09	27.128172	-0.014351679	-1.8605578	1.4647019	0.009609673	0.112	49.0	955.3384938240051
62	116.55454	143.19316	288.25	-49.75	79.72727	2520000	1.3969839e-09	28.44078	-0.014922278	-1.9797153	1.450397	0.009589089	0.1141	49.0	969.9253885746002
63	116.48182	143.01451	293.65	-45.0	79.29091	2560000	-1.8626451e-09	28.879292	-0.014218445	-1.8252835	1.4726655	0.009271452	0.108624995	49.0	984.4332542419434
64	107.159996	145.13734	288.3	-49.800003	79.4	2600000	-6.519258e-09	27.813522	-0.0135880085	-1.502321	1.4413298	0.009735681	0.111525	49.0	998.9000737667084
65	121.486786	146.49007	290.85	-48.5	78.886795	2640000	6.0535967e-09	27.291273	-0.013813406	-1.3834298	1.4302663	0.009232143	0.096975	49.0	1013.4737024307251
66	115.109825	145.38988	292.55	-59.300003	78.92857	2680000	1.8626451e-09	29.358809	-0.0141368015	-1.8203216	1.4168272	0.009312995	0.107250005	49.0	1028.1569194793701
67	112.53425	146.52893	286.85	-39.65	79.40741	2720000	1.0244548e-08	32.474556	-0.01331703	-2.632266	1.3858677	0.008092352	0.1065	49.0	1042.6481821537018
68	108.96785	148.7247	294.7	-44.2	77.57143	2760000	-8.8475645e-09	29.330278	-0.013775328	-1.8479645	1.4094864	0.009533736	0.10655	49.0	1057.1327092647552
69	106.11546	148.51862	292.5	-42.4	78.4	2800000	-3.0267984e-09	31.022013	-0.013074314	-2.044636	1.3923092	0.007656944	0.1021	49.0	1071.6217193603516
70	97.90556	148.20085	295.45	-50.45	78.85185	2840000	1.4202669e-08	27.341082	-0.013720488	-1.757195	1.3897738	0.008122515	0.1025	49.0	1086.0962569713593
71	90.85	148.32103	291.25	-48.850002	78.09091	2880000	-3.7252903e-09	26.361822	-0.013278874	-1.7764764	1.3934332	0.009039026	0.096125	49.0	1100.6348576545715
72	89.20926	144.94603	293.65	-47.850002	77.94444	2920000	6.9849193e-09	25.675785	-0.013356048	-1.5801766	1.3694463	0.008075362	0.102775	49.0	1115.1729264259338
73	93.67545	147.07281	292.7	-46.15	77.8	2960000	-1.8626451e-09	30.08038	-0.013169322	-2.8232255	1.3498046	0.008806994	0.10705	49.0	1129.7606468200684
74	98.252785	147.7906	292.5	-46.8	78.46296	3000000	-4.656613e-09	24.258348	-0.013244898	-1.9379971	1.3338289	0.008869298	0.0979	49.0	1144.1837248802185
75	102.78727	150.23975	293.25	-46.100002	77.0	3040000	-2.910383e-09	26.489046	-0.013876173	-1.7231226	1.3113	0.009614234	0.11382499	49.0	1158.724256515503
76	105.71728	148.509	294.95	-41.8	76.65455	3080000	4.656613e-10	27.465065	-0.012959088	-2.0690827	1.3041842	0.007235131	0.09745	49.0	1173.2686784267426
77	112.19546	150.20679	294.05	-56.9	76.490906	3120000	-4.656613e-10	110362216.0	-0.0003416091	-109984904.0	1.2598674	0.015557022	0.07945	34.0	1187.4779856204987
78	107.99151	146.72737	292.75	-50.600002	78.396225	3160000	7.916242e-09	34.061775	-0.013698162	-1.5334547	1.2558093	0.008005619	0.092475	49.0	1202.039237499237
79	107.79553	149.50235	292.95	-52.5	77.53571	3200000	3.7252903e-09	30.081837	-0.012820089	-1.5900135	1.2373686	0.008394593	0.095225	49.0	1216.4701941013336
80	110.268745	150.58664	292.0	-50.5	77.80357	3240000	2.0954758e-09	27.950232	-0.012862346	-1.2520106	1.2356088	0.0080921315	0.097100005	49.0	1230.9186341762543
81	112.60714	153.09076	297.45	-59.2	76.625	3280000	-9.313226e-09	26.860628	-0.01303144	-1.1597326	1.2194126	0.0077217463	0.09109999	49.0	1245.3219392299652
82	106.72767	151.90802	295.15	-48.300003	75.71429	3320000	-8.1490725e-09	27.944237	-0.0130106015	-1.071178	1.2236712	0.008507347	0.09702501	49.0	1259.746651172638
83	107.34286	152.26382	294.25	-46.350002	76.875	3360000	-4.1909516e-09	27.85924	-0.01320172	-1.0926964	1.2056963	0.008707288	0.095424995	49.0	1274.201364517212
84	104.81	149.77122	296.0	-46.15	76.74545	3400000	-7.450581e-09	29.074604	-0.011938821	-2.7460775	1.1756847	0.007798168	0.0932	49.0	1288.8027908802032
85	110.19376	151.50772	295.6	-41.3	75.42857	3440000	-9.313226e-10	30.236855	-0.012228465	-1.8098772	1.1603124	0.009207623	0.08925	49.0	1303.2031857967377
86	113.91786	153.27101	295.5	-44.7	76.33929	3480000	8.265488e-09	23.771069	-0.012462313	-1.0702841	1.1899004	0.00798955	0.090100005	49.0	1317.6685168743134
87	114.59017	154.4269	297.55	-48.800003	75.5	3520000	-5.5879354e-09	28.1921	-0.01322614	-1.1156685	1.1658205	0.010058129	0.100475	49.0	1332.0610506534576
88	114.14732	154.51155	299.5	-50.800003	74.89286	3560000	4.656613e-10	27.175165	-0.013264369	-0.9518707	1.1637633	0.007832402	0.09725	49.0	1346.6957483291626
89	113.36161	153.392	298.3	-49.050003	74.83929	3600000	1.6298145e-09	25.51439	-0.013572259	-0.8703563	1.158468	0.008006277	0.094125	49.0	1361.4446773529053
90	111.39272	154.39995	300.55	-45.7	75.09091	3640000	3.259629e-09	25.127296	-0.012523783	-1.02652	1.1419766	0.008766684	0.0879	49.0	1376.2038750648499
91	113.85089	152.59703	297.75	-39.600002	75.46429	3680000	-9.313226e-09	24.816008	-0.012932971	-0.9782262	1.1261222	0.008942014	0.099175	49.0	1390.9206094741821
92	111.686104	150.99701	297.85	-41.9	76.31481	3720000	-3.259629e-09	25.798107	-0.012932228	-1.0300686	1.1263342	0.008818144	0.101975	49.0	1405.4390499591827
93	115.24818	152.02457	297.75	-42.600002	74.90909	3760000	-1.3387762e-09	23.437508	-0.012380751	-0.91813016	1.1032549	0.0077604265	0.08915	49.0	1420.3207607269287
94	119.44732	153.75322	298.5	-44.0	74.67857	3800000	1.21071935e-08	25.586657	-0.012848873	-0.97947645	1.1130646	0.008992046	0.098525	49.0	1436.740704536438
95	121.3191	152.46944	297.2	-42.7	75.05454	3840000	4.1909516e-09	25.079716	-0.01234838	-0.9971278	1.0872657	0.008015226	0.089825004	49.0	1453.8234808444977
96	123.95536	151.75075	298.55	-39.100002	75.01786	3880000	9.313226e-10	24.565685	-0.0123559255	-1.1950679	1.08709	0.0085652005	0.09585	49.0	1470.8947110176086
97	126.13839	153.6361	297.75	-39.8	74.75	3920000	2.7939677e-09	25.45145	-0.011810223	-1.4237475	1.069524	0.0076923347	0.0854	49.0	1487.9182758331299
98	125.09197	153.31377	298.05	-40.3	73.55357	3960000	8.032657e-09	24.75377	-0.01173429	-0.90038705	1.0826243	0.007969078	0.0883	49.0	1504.9314353466034
99	125.13839	153.7506	298.75	-42.7	73.60714	4000000	2.3283064e-09	24.9044	-0.0115926135	-0.87184024	1.0247583	0.007597209	0.085375	49.0	1521.9210469722748
100	125.70089	153.60321	299.95	-40.9	74.17857	4040000	-1.1641532e-08	25.58054	-0.012028891	-1.1206203	1.0509803	0.008265042	0.093125	49.0	1538.8234446048737
101	126.59017	154.39441	299.85	-42.7	74.17857	4080000	-6.9849193e-09	24.757996	-0.011823826	-1.0872111	1.054478	0.008121597	0.0896	49.0	1555.816073179245
102	127.06874	154.77974	300.4	-41.0	73.07143	4120000	-1.14087015e-08	25.483875	-0.011538979	-0.8417804	1.0566375	0.007850712	0.090450004	49.0	1572.7964079380035
103	127.90715	155.31795	299.85	-38.5	73.23214	4160000	2.561137e-09	25.41034	-0.01230304	-1.0134356	1.0675483	0.008727375	0.09245	49.0	1589.9876658916473
104	128.22679	155.23785	298.8	-39.7	74.48214	4200000	-1.3504177e-08	25.749243	-0.0118380645	-1.3169112	1.0593659	0.008279178	0.0867	49.0	1607.0665102005005
105	128.375	155.78412	298.5	-45.9	74.375	4240000	3.4924597e-09	27.189213	-0.012014886	-1.4730647	1.04883	0.008070974	0.084474996	49.0	1624.133627653122
106	126.56161	154.26775	298.9	-40.2	73.78571	4280000	-9.313226e-10	25.466911	-0.011750336	-1.14063	1.0171938	0.006188336	0.0867	49.0	1641.2354764938354
107	128.23363	152.64496	298.6	-38.8	74.12727	4320000	-6.519258e-09	24.937817	-0.012299489	-1.1567278	1.0110883	0.0071950993	0.087425	49.0	1658.1965427398682
108	127.3875	155.06761	300.8	-38.5	72.98214	4360000	-6.519258e-09	26.171223	-0.011550743	-1.2141476	0.99969846	0.007449075	0.0832	49.0	1675.2272498607635
109	129.54733	156.67882	300.45	-39.8	72.19643	4400000	-1.5832484e-08	23.66579	-0.011830861	-1.4389329	1.0034233	0.0072746193	0.087475	49.0	1692.3805146217346
110	131.25536	157.82599	300.5	-38.100002	72.60714	4440000	2.3283064e-10	29.179794	-0.011679839	-1.5374167	1.0120432	0.007679279	0.08675	49.0	1709.4775705337524
111	130.43214	156.86246	300.15	-39.100002	73.53571	4480000	-2.561137e-09	26.32671	-0.0121408915	-1.5273619	0.9872738	0.0060901344	0.081825	49.0	1726.4110085964203
112	127.70803	154.88553	299.35	-39.2	74.08929	4520000	-6.519258e-09	25.296047	-0.011655572	-1.1774876	0.97057176	0.008031185	0.087925	49.0	1743.4430046081543
113	130.72946	157.81375	299.85	-43.100002	72.625	4560000	3.259629e-09	25.69471	-0.011921515	-1.3141141	0.96647215	0.009084865	0.087875	49.0	1760.5407643318176
114	129.89554	156.63513	301.05	-38.2	74.07143	4600000	-9.546056e-09	27.165556	-0.012345882	-1.3671513	0.9707253	0.0087454505	0.09082501	49.0	1777.5759692192078
115	132.33394	158.65343	299.95	-39.7	73.17857	4640000	3.0267984e-09	27.970676	-0.012096116	-1.2693331	0.9590991	0.0073701628	0.08894999	49.0	1794.5946214199066
116	133.10625	159.17941	301.7	-38.100002	73.28571	4680000	-3.259629e-09	25.894808	-0.012157833	-1.2747676	0.9676912	0.0074471626	0.086275	49.0	1811.5580894947052
117	133.14732	159.3314	301.15	-38.7	73.10714	4720000	-2.0954758e-09	28.180973	-0.012278866	-1.3761878	0.9717759	0.0075705433	0.087074995	49.0	1828.6611347198486
118	133.7884	159.59993	301.6	-38.7	73.26786	4760000	1.3969839e-09	27.914408	-0.012060143	-1.4007418	0.9524628	0.008684035	0.083875	49.0	1845.7073488235474
119	134.46964	160.19102	299.2	-38.8	73.32143	4800000	-2.0954758e-09	25.683128	-0.011256693	-1.3148036	0.95398086	0.0064172735	0.082100004	49.0	1862.7230081558228
120	135.10536	160.93292	302.25	-38.8	72.51786	4840000	-5.122274e-09	25.812752	-0.011776592	-1.150671	0.9575782	0.0071302233	0.083625	49.0	1879.8030824661255
121	134.27321	160.15118	300.6	-38.2	72.89286	4880000	4.656613e-10	26.136158	-0.01169945	-1.1680224	0.94268996	0.007390391	0.086875	49.0	1896.9056124687195
122	135.31339	161.13023	301.15	-38.600002	72.16071	4920000	8.8475645e-09	27.166252	-0.0119760465	-1.2424154	0.9345039	0.0076288613	0.088575006	49.0	1913.8807728290558
123	136.31874	161.97809	300.55	-38.9	72.0	4960000	-2.561137e-09	26.5302	-0.011784787	-1.3472891	0.9431854	0.007991523	0.083275	49.0	1930.9122602939606
124	135.30179	161.2148	302.25	-38.3	72.625	5000000	-7.916242e-09	27.725155	-0.0118991565	-1.4562416	0.9316292	0.0074357805	0.0855	49.0	1947.991976261139
125	134.02678	160.17946	300.35	-39.4	74.85714	5040000	1.3969839e-09	25.834099	-0.011937451	-1.2737379	0.92249626	0.0068256045	0.085824996	49.0	1965.0269401073456
126	135.89552	161.71867	300.35	-39.05	72.94643	5080000	1.4901161e-08	25.992283	-0.010772698	-1.2941489	0.9150934	0.016009651	0.08805	36.0	1981.7150011062622
127	126.29237	156.23122	301.55	-39.5	73.91525	5120000	-4.656613e-09	28.699722	-0.011693319	-1.9481149	0.9520067	0.0063616894	0.083025	49.0	1999.3579981327057
128	123.667244	157.00117	301.95	-38.600002	73.22414	5160000	-1.3969839e-09	29.92005	-0.011776049	-1.7638357	0.9303161	0.0075493352	0.0843	49.0	2016.9206438064575
129	123.29827	156.81766	300.6	-39.45	74.18965	5200000	-6.519258e-09	27.824152	-0.011608164	-1.3844948	0.9405428	0.008259869	0.09324999	49.0	2034.2076737880707
130	130.36272	159.71147	301.05	-39.100002	72.10169	5240000	9.313226e-10	28.781569	-0.010825736	-1.4864905	0.9370691	0.007161288	0.080275	49.0	2051.607821702957
131	112.62204	157.99919	300.3	-39.55	74.28814	5280000	0.0	27.419548	-0.011604609	-1.4167528	0.9385616	0.008338157	0.093475	49.0	2068.913016796112
132	113.006134	159.11288	299.9	-39.0	74.52631	5320000	0.0	25.877493	-0.011341189	-1.3585835	0.9313106	0.0068049924	0.090275005	49.0	2086.0525391101837
133	118.14831	158.45096	301.55	-40.4	73.44068	5360000	6.519258e-09	26.082983	-0.011729447	-1.4878762	0.9335094	0.007486986	0.0854	49.0	2103.2748548984528
134	117.06917	159.13412	300.75	-38.9	73.75	5400000	-1.1641532e-08	26.493752	-0.012047076	-1.6421227	0.92249775	0.008413029	0.092625	49.0	2120.673090696335
135	125.59406	160.48085	302.0	-39.100002	72.44068	5440000	5.5879354e-09	27.462427	-0.010901988	-1.3911538	0.90646017	0.007670625	0.077374995	49.0	2138.2959966659546
136	120.35603	162.33833	303.3	-38.2	72.32758	5480000	9.429641e-09	25.445839	-0.012017496	-1.3215799	0.9251473	0.007741592	0.090425	49.0	2155.880494117737
137	115.418335	158.14278	302.55	-45.45	74.166664	5520000	7.450581e-09	43.742325	-0.010906396	-9.875261	0.90892386	0.0066334805	0.088425	49.0	2173.1787824630737
138	127.30556	161.2252	301.45	-38.2	71.5873	5560000	2.0954758e-09	32.131725	-0.0116332155	-5.178855	0.89542663	0.010578638	0.09005	49.0	2190.874792575836
139	122.6925	160.44626	302.9	-39.65	72.416664	5600000	-1.4901161e-08	26.007652	-0.010802401	-1.4857388	0.90829754	0.0071992204	0.0846	49.0	2208.3661279678345
140	125.159164	161.54974	301.5	-38.8	73.15	5640000	-9.313226e-10	26.340178	-0.011147821	-1.5396314	0.8902141	0.009313073	0.089525	49.0	2225.8748049736023
141	124.625	161.45535	301.95	-40.100002	71.77419	5680000	1.8626451e-09	33.763252	-0.011415491	-1.5545003	0.9148086	0.008212241	0.0915	49.0	2243.0713555812836
142	128.39127	162.71512	301.45	-39.0	70.77778	5720000	8.8475645e-09	31.061813	-0.010972486	-1.6595564	0.9026786	0.007676553	0.090525	49.0	2260.5537548065186
143	121.45475	160.64629	302.15	-38.8	72.90476	5760000	-9.313226e-10	28.166492	-0.011672428	-1.4904006	0.90242916	0.0075682215	0.090075	49.0	2277.8931081295013
144	128.9635	163.4683	303.5	-39.3	70.52381	5800000	-6.5774657e-09	27.22757	-0.010743311	-1.4947436	0.88675797	0.0073461994	0.08167499	49.0	2295.3128299713135
145	123.0508	158.8886	302.4	-38.8	71.0	5840000	-6.519258e-09	33.240074	-0.010515153	-3.2451973	0.8971273	0.007410938	0.082200006	49.0	2312.881516933441
146	124.90085	160.56015	300.5	-42.4	73.05085	5880000	-2.3283064e-09	27.30896	-0.010715799	-1.783997	0.9000006	0.008432687	0.083975	49.0	2330.3499484062195
147	126.47951	161.67119	301.4	-39.4	71.983604	5920000	-3.259629e-09	32.434666	-0.011255648	-1.7398014	0.8815551	0.009230657	0.0871	49.0	2347.690616130829
148	122.28333	160.78687	301.75	-40.5	72.53333	5960000	6.519258e-09	29.849876	-0.011452911	-1.4727767	0.8793732	0.008942306	0.089774996	49.0	2364.8214633464813
149	120.20339	161.35934	302.5	-40.25	71.76271	6000000	9.313226e-10	26.13055	-0.0114360815	-1.7452211	0.881109	0.0079067545	0.08687501	49.0	2382.322069168091
150	123.57666	157.09866	301.5	-38.7	73.88333	6040000	-9.313226e-10	30.137035	-0.010764232	-1.8969088	0.86366034	0.0077601783	0.08845	49.0	2400.0189175605774
151	126.25166	159.36705	302.3	-39.0	72.1	6080000	1.3969839e-09	29.01464	-0.010556781	-1.7478323	0.8554033	0.009120729	0.0885	49.0	2417.4628071784973
152	121.36695	157.46954	301.25	-39.15	74.067795	6120000	1.8626451e-09	32.381348	-0.010869722	-2.1260078	0.85613	0.008529082	0.083950005	49.0	2434.9603309631348
153	123.90001	162.37852	302.05	-39.350002	70.459015	6160000	-3.7252903e-09	38.66335	-0.010656685	-6.493805	0.86402214	0.008794808	0.0839	49.0	2452.322104215622
154	117.16017	154.34576	301.7	-40.0	74.37288	6200000	6.9849193e-09	32.336163	-0.011101158	-4.2523613	0.8497575	0.007119178	0.086075	49.0	2469.702954530716
155	131.27335	158.86382	302.35	-38.5	71.96667	6240000	3.7252903e-09	30.126122	-0.0109478105	-2.3177924	0.86503226	0.009556616	0.087249994	49.0	2487.0233244895935
156	116.61584	156.81139	302.15	-40.2	74.25	6280000	-1.8626451e-09	33.018402	-0.0107225925	-2.640871	0.82893574	0.007954052	0.0831	49.0	2504.228832960129
157	117.35328	158.9551	302.2	-39.8	72.22951	6320000	8.1490725e-09	40.58129	-0.010391409	-2.6205533	0.8329941	0.007597978	0.079349995	49.0	2521.706843852997
158	113.33197	155.80006	303.15	-40.5	72.90164	6360000	-1.14087015e-08	41.70861	-0.011556075	-3.5189834	0.8514607	0.009011751	0.095575005	49.0	2539.481597661972
159	114.355934	157.90488	300.7	-40.2	72.305084	6400000	3.7252903e-09	35.2788	-0.011429271	-4.1274147	0.84430516	0.008489208	0.092975	49.0	2556.8761644363403
160	116.86072	156.37442	301.9	-42.3	74.21429	6440000	-1.5832484e-08	40.493607	-0.010412576	-3.1078591	0.82559645	0.0085564805	0.08697501	49.0	2574.285382270813
161	113.70564	159.0583	302.6	-50.2	72.41936	6480000	3.7252903e-09	44.69985	-0.010509515	-8.772308	0.83110005	0.010171628	0.096	49.0	2591.6685478687286
162	117.462296	157.25375	302.9	-41.4	70.77049	6520000	-1.8626451e-09	47.352276	-0.010471396	-4.800869	0.81420004	0.008927385	0.084249996	49.0	2609.3426535129547
163	120.33572	159.10815	303.3	-41.4	70.44444	6560000	-1.3969839e-08	44.284332	-0.011544151	-3.0945532	0.82240444	0.010000141	0.090525	49.0	2626.7432804107666
164	123.51613	158.32672	303.5	-43.7	72.258064	6600000	-6.519258e-09	43.496937	-0.010242898	-2.3616068	0.81450427	0.0075548682	0.07715	49.0	2644.130563020706
165	117.92419	159.47453	302.95	-40.100002	70.758064	6640000	8.381903e-09	38.77388	-0.010523852	-4.164693	0.8052106	0.0087853605	0.084975	49.0	2661.6617476940155
166	126.41312	158.5417	302.75	-40.9	71.90164	6680000	-4.1909516e-09	33.144028	-0.010086452	-2.4437602	0.80905765	0.008377247	0.0816	49.0	2679.0117313861847
167	125.189835	157.9131	300.5	-41.2	72.45763	6720000	-6.519258e-09	39.383045	-0.0098415855	-2.485488	0.8013066	0.007729387	0.0817	49.0	2696.2067840099335
168	126.23146	160.49318	302.35	-41.3	69.935486	6760000	3.7252903e-09	35.629738	-0.0102512315	-2.5301585	0.7949115	0.008268336	0.0837	49.0	2713.750078201294
169	125.146614	157.63335	302.95	-42.4	72.38983	6800000	0.0	33.457092	-0.010483032	-2.5899584	0.7836784	0.0073146266	0.083875	49.0	2731.0919246673584
170	117.92822	155.85162	301.85	-45.5	72.29032	6840000	1.3038516e-08	39.386932	-0.010034089	-2.9195025	0.7987256	0.0084066745	0.082125	49.0	2748.6076889038086
171	125.44262	158.73595	303.05	-41.7	70.7377	6880000	-6.9849193e-09	43.56447	-0.010197472	-4.2170496	0.7753958	0.007886905	0.082525	49.0	2765.7689020633698
172	126.50397	162.33795	303.05	-45.9	69.507935	6920000	-1.3504177e-08	33.328545	-0.010896772	-2.7965286	0.79907817	0.009126122	0.0854	49.0	2783.0699422359467
173	121.60334	158.44745	302.2	-48.7	72.21667	6960000	4.656613e-10	38.57653	-0.010647788	-3.433585	0.7827406	0.007317391	0.08555	49.0	2800.4214515686035
174	118.859375	158.74442	303.85	-41.7	70.328125	7000000	0.0	37.885246	-0.010293147	-2.68737	0.7631898	0.008180046	0.083475	49.0	2817.7757918834686
175	110.62787	154.80432	302.7	-43.0	72.540985	7040000	0.0	41.47003	-0.01050956	-2.558815	0.7866062	0.0077363765	0.085724995	49.0	2835.2321434020996
176	108.657936	154.34955	302.5	-40.600002	71.55556	7080000	5.5879354e-09	41.431816	-0.010022087	-2.694037	0.77244574	0.008612677	0.0822	49.0	2852.557801961899
177	118.99365	157.6389	302.6	-39.2	71.12698	7120000	1.1175871e-08	31.829742	-0.0105026215	-2.1993175	0.7770475	0.009017047	0.08607499	49.0	2869.882046699524
178	117.63951	158.99385	303.05	-43.9	70.935486	7160000	1.8626451e-09	37.94822	-0.010869018	-2.3606937	0.7611097	0.009835649	0.086775005	49.0	2887.1572194099426
179	99.56864	155.238	303.4	-39.850002	71.830505	7200000	-3.7252903e-09	40.8348	-0.010530776	-2.9627612	0.764243	0.0077168304	0.079275	49.0	2904.417884349823
180	113.62249	158.89143	302.25	-40.2	71.183334	7240000	-5.122274e-09	37.31577	-0.0109603	-2.9957898	0.7749224	0.008720592	0.0836	49.0	2921.5799922943115
181	112.487305	154.03313	302.2	-44.7	71.888885	7280000	1.8626451e-09	41.07663	-0.010424517	-3.7919745	0.7635796	0.0063850274	0.074675	49.0	2939.189207792282
182	118.953125	157.69785	303.25	-44.7	71.390625	7320000	-8.381903e-09	35.70483	-0.011302814	-2.4121337	0.74288845	0.007452393	0.07862499	49.0	2957.1520581245422
183	115.7075	150.47424	303.85	-42.3	73.3	7360000	1.8626451e-09	42.979225	-0.010969275	-4.88462	0.74788696	0.0067962264	0.08320001	49.0	2974.666255712509
184	124.33814	156.04323	303.05	-44.0	74.47458	7400000	-9.546056e-09	33.443245	-0.010683089	-4.015017	0.75390375	0.01020223	0.08139999	49.0	2991.8988285064697
185	124.1113	158.26395	302.6	-41.100002	71.53226	7440000	-2.7939677e-09	31.624777	-0.010879976	-1.6659522	0.75017715	0.009004762	0.0815	49.0	3009.285441160202
186	124.3246	160.6419	303.1	-41.0	70.68254	7480000	4.1909516e-09	35.394096	-0.0108991675	-2.3156946	0.75594103	0.00789357	0.07585	49.0	3026.716892004013
187	120.01429	158.04619	302.25	-44.45	71.14286	7520000	6.519258e-09	47.01535	-0.010538496	-3.6902103	0.76056814	0.007068654	0.08185	49.0	3044.3371109962463
188	115.56587	154.2758	303.2	-41.100002	71.25397	7560000	-4.656613e-09	43.82366	-0.01133872	-3.509417	0.74551404	0.008091537	0.0858	49.0	3061.809046983719
189	108.06111	153.61421	304.05	-41.600002	71.666664	7600000	1.0244548e-08	47.215202	-0.010351315	-4.83295	0.7369163	0.005934067	0.07422499	49.0	3079.3703174591064
190	114.103966	157.92184	302.55	-42.3	71.42857	7640000	-1.3038516e-08	40.820526	-0.010906334	-2.8821511	0.7453946	0.008898668	0.08265	49.0	3097.049070119858
191	111.7637	157.13806	302.75	-43.100002	72.17742	7680000	-9.313226e-09	41.066635	-0.010517971	-2.3595264	0.7669346	0.008680636	0.082949996	49.0	3114.690960407257
192	116.56855	157.27895	305.15	-48.300003	71.19355	7720000	-1.1641532e-09	44.96786	-0.010707295	-2.9525719	0.7284123	0.009041574	0.08745	49.0	3131.9887433052063
193	116.86508	156.71964	303.35	-44.600002	70.53968	7760000	2.3283064e-09	39.35785	-0.010835184	-2.9448552	0.74763405	0.0071722446	0.084675	49.0	3149.589062690735
194	117.24921	159.03271	303.7	-39.7	71.09524	7800000	9.778887e-09	42.566757	-0.011114173	-3.5021331	0.7509991	0.010452469	0.086449996	49.0	3167.025566339493
195	110.655556	154.50195	303.35	-48.300003	71.22222	7840000	9.313226e-09	42.88457	-0.010709954	-4.6302867	0.7161783	0.0063206963	0.077	49.0	3184.669442653656
196	111.71556	155.3589	303.9	-48.4	72.22951	7880000	9.313226e-10	34.569817	-0.010908504	-1.841016	0.7076833	0.008370721	0.079975	49.0	3202.1165132522583
197	118.74516	157.77371	303.2	-40.2	71.83871	7920000	5.5879354e-09	38.342632	-0.010799041	-2.6885803	0.74052095	0.009137065	0.089375004	49.0	3219.7181928157806
198	116.25901	153.78601	303.4	-38.600002	72.29508	7960000	3.0267984e-09	43.212227	-0.010594423	-3.3900576	0.7403896	0.0077577857	0.081825	49.0	3237.116562604904
199	117.653275	155.00352	303.5	-39.100002	71.55738	8000000	4.8894435e-09	42.605247	-0.010289267	-2.5713208	0.7189578	0.008856133	0.078325	49.0	3254.6103348731995
200	117.9541	156.03871	304.2	-42.2	71.34426	8040000	-6.519258e-09	37.273315	-0.010608792	-2.3389013	0.7331889	0.00983336	0.084	49.0	3271.9971163272858
201	106.83688	154.32446	302.8	-40.4	73.2623	8080000	-3.7252903e-09	35.137024	-0.011129765	-1.9107454	0.7460329	0.0068977075	0.089049995	49.0	3289.563485622406
202	118.240486	155.95953	303.25	-44.5	71.60317	8120000	-3.0267984e-09	42.31862	-0.010629693	-1.9003823	0.73835635	0.0077129547	0.083000004	49.0	3307.2066605091095
203	115.84435	154.31873	305.7	-38.8	71.03226	8160000	4.947651e-10	43.07502	-0.010445427	-2.4796085	0.7498069	0.0083231805	0.0805	49.0	3324.764318227768
204	112.90476	153.97066	303.4	-42.9	71.507935	8200000	1.1641532e-09	40.21353	-0.010302724	-2.7950501	0.7210741	0.007318232	0.083175	49.0	3342.2216532230377
205	101.964745	151.51581	303.3	-39.25	72.39344	8240000	9.313226e-09	45.88726	-0.011415735	-4.220068	0.7268877	0.00998144	0.0873	49.0	3359.72314286232
206	103.812096	149.78722	303.5	-39.3	73.67742	8280000	2.7939677e-09	42.65167	-0.010488775	-4.0139403	0.72317845	0.006919601	0.0797	49.0	3377.1108882427216
207	107.02734	149.05486	303.75	-45.2	72.125	8320000	9.313226e-09	41.165707	-0.010803228	-3.0439456	0.69157064	0.0075290487	0.087725	49.0	3394.7031433582306
208	123.150826	157.12209	304.15	-39.0	72.672134	8360000	5.5879354e-09	35.818745	-0.011002076	-5.8365884	0.69836897	0.011809103	0.089175	49.0	3412.0264976024628
209	119.36429	155.70526	302.9	-40.9	71.809525	8400000	-4.656613e-09	40.62839	-0.010950541	-3.1355128	0.6998668	0.007523223	0.08425	49.0	3429.6872725486755
210	117.819046	157.03578	304.1	-39.4	71.79365	8440000	-1.8626451e-09	41.665955	-0.010090366	-2.3233325	0.6888361	0.0074661467	0.076775	49.0	3447.4013164043427
211	111.845894	152.9373	303.15	-39.3	73.37705	8480000	1.8626451e-09	35.579803	-0.010020472	-2.1742394	0.67248297	0.0069914395	0.07457501	49.0	3465.1595690250397
212	113.0758	153.3245	303.1	-38.4	72.01613	8520000	-7.450581e-09	33.66507	-0.009829658	-2.49296	0.6698139	0.0068474635	0.075925	49.0	3482.7297892570496
213	123.229836	155.94096	305.05	-38.9	72.32258	8560000	-6.519258e-09	40.206055	-0.01016351	-2.8898335	0.6735362	0.008469901	0.081925	49.0	3500.3841252326965
214	130.64435	154.3773	304.95	-39.3	71.6129	8600000	-3.7252903e-09	47.98252	-0.010274751	-4.739658	0.6610816	0.008650165	0.08	49.0	3517.9082663059235
215	111.603905	151.63347	303.6	-38.7	71.1875	8640000	2.7939677e-09	38.558445	-0.009524183	-6.229333	0.6460899	0.006456484	0.07495	49.0	3535.5981748104095
216	115.31667	154.30396	304.15	-46.2	71.42857	8680000	7.450581e-09	47.76903	-0.009560412	-4.5141873	0.63558316	0.008378753	0.074575	49.0	3553.4073684215546
217	108.32015	153.63048	303.35	-39.0	71.69355	8720000	-4.307367e-09	40.193584	-0.010847215	-5.2047677	0.6624937	0.0075396807	0.08135	49.0	3570.7391216754913
218	123.59062	155.95888	303.25	-39.600002	70.359375	8760000	4.656613e-09	39.999146	-0.010412298	-3.053923	0.6527535	0.008079051	0.079725	49.0	3588.0954868793488
219	112.94444	149.08452	303.15	-40.600002	72.730156	8800000	-2.7939677e-09	41.041298	-0.010398955	-4.938244	0.6592097	0.006807387	0.07895	49.0	3605.9279713630676
220	119.21983	154.32527	304.4	-42.95	71.84127	8840000	-1.3969839e-08	39.179367	-0.010685286	-4.162432	0.6265152	0.010148554	0.08835	49.0	3623.6495263576508
221	111.14844	150.15318	304.4	-41.600002	71.546875	8880000	6.519258e-09	46.894073	-0.009832445	-4.9256425	0.6371458	0.0076059815	0.0738	49.0	3641.5977704524994
222	112.33016	153.37273	302.9	-39.0	72.269844	8920000	0.0	38.023777	-0.010581385	-2.8408167	0.6514188	0.008893615	0.0823	49.0	3659.6480255126953
223	118.57063	152.71394	304.4	-42.4	71.77778	8960000	-9.313226e-10	40.450787	-0.009723159	-2.600145	0.64223003	0.007538401	0.072025	49.0	3677.543037414551
224	122.65081	154.61887	304.35	-40.2	70.98387	9000000	6.519258e-09	45.6762	-0.009954017	-4.5106287	0.6183057	0.007225141	0.074674994	49.0	3694.932555437088
225	121.45806	153.81262	305.05	-39.600002	72.48387	9040000	7.450581e-09	47.695732	-0.010048039	-2.9735909	0.631479	0.0087349545	0.083625	49.0	3712.6521604061127
226	119.00555	153.87294	303.4	-43.75	71.650795	9080000	-4.656613e-09	42.114807	-0.01074489	-2.8594103	0.62161267	0.008675685	0.07545	49.0	3729.8548169136047
227	117.03729	154.00401	304.7	-41.4	72.04762	9120000	0.0	41.938755	-0.010615898	-3.3407636	0.62316364	0.00924283	0.088024996	49.0	3747.3511197566986
228	122.25391	156.2195	303.75	-42.600002	70.484375	9160000	-9.313226e-09	47.018707	-0.010081856	-3.184582	0.59704846	0.0076933294	0.07465	49.0	3765.1738822460175
229	127.3159	156.87439	303.8	-40.600002	70.34849	9200000	1.3387762e-09	289384420.0	-0.00010234036	-288479140.0	0.59792787	0.0033111847	0.056125	49.0	3783.0971653461456
230	117.21032	149.68484	303.95	-43.25	72.39683	9240000	1.3969839e-08	42.854504	-0.011361014	-4.262321	0.6021897	0.0073950132	0.082975	49.0	3800.8807139396667
231	111.660484	151.99913	303.6	-39.0	72.129036	9280000	9.778887e-09	37.055836	-0.010661891	-2.1677375	0.57852095	0.006708416	0.06925	49.0	3818.679560661316
