Episode	TestRet	TestSteps	AverageEpRet	StdEpRet	MaxEpRet	MinEpRet	EpLen	Time
50	-154.0000040307641	80.0	-94.094	5.520722	-79.6	-107.05	80.0	5 min 47 sec
100	-245.50001053884625	80.0	-95.20699	35.59934	-9.300002	-231.35	80.0	11 min 19 sec
150	-96.70000409707427	80.0	-74.90401	61.801556	129.84999	-200.90001	80.0	16 min 43 sec
200	-200.5000091381371	80.0	-38.653	65.49143	177.34999	-175.5	80.0	22 min 3 sec
250	-104.0000054910779	80.0	-1.9430053	89.70587	220.25	-148.75002	80.0	27 min 18 sec
300	-66.60000925511122	80.0	77.176994	91.31176	241.75	-138.70001	80.0	32 min 40 sec
350	39.64999456703663	80.0	180.48102	143.95517	547.2	-99.30001	80.0	38 min 2 sec
400	232.3999955393374	80.0	302.065	126.46216	531.75	6.9999957	80.0	43 min 30 sec
450	503.99999438226223	80.0	375.06	128.51483	569.75	-6.900001	80.0	48 min 46 sec
500	243.77499889954925	80.0	471.88602	124.142006	605.45	46.199997	80.0	53 min 51 sec
550	602.6649974837899	80.0	475.91602	121.48715	653.15	188.05	77.44	58 min 52 sec
600	517.6499971486628	80.0	482.761	130.71646	603.55	87.65	80.0	1 h 3 min
650	591.6999963372946	74.0	523.16504	105.032616	662.1	164.34999	75.6	1 h 8 min
700	518.269994366914	80.0	540.49396	81.38472	652.4	179.65	77.7	1 h 13 min
750	562.9499953389168	80.0	525.559	80.23356	604.8	280.45	79.86	1 h 18 min
800	561.8999955244362	80.0	528.20306	95.595695	672.75	166.7	77.78	1 h 23 min
850	582.0999968834221	80.0	500.404	130.4118	640.5	179.65	79.22	1 h 28 min
900	553.4999950639904	80.0	527.444	123.862526	641.05	62.1	79.42	1 h 33 min
950	597.8999977521598	80.0	546.701	85.23837	649.55	210.05	78.8	1 h 38 min
1000	581.3999968916178	80.0	549.16504	80.725174	652.9	195.09999	78.92	1 h 43 min
1050	549.0499966554344	80.0	533.531	76.32645	602.2	245.55	80.0	1 h 48 min
1100	547.1499961651862	80.0	531.51196	81.30809	605.8	247.45	80.0	1 h 54 min
1150	534.69999621436	80.0	478.511	139.05168	588.4	42.649998	80.0	1 h 59 min
1200	520.6999966464937	80.0	504.68402	131.92117	591.5	26.649998	80.0	2 h 4 min
1250	557.3999960646033	80.0	505.93497	111.39008	603.95	80.7	80.0	2 h 9 min
1300	548.6499957628548	80.0	506.39603	94.744484	590.05	161.5	80.0	2 h 14 min
1350	556.9999964982271	80.0	503.46	102.90176	597.35	156.8	80.0	2 h 19 min
1400	573.7999973148108	80.0	490.68298	110.14757	592.4	101.35	80.0	2 h 24 min
1450	490.4999958612025	80.0	495.776	122.40755	593.65	-75.65	80.0	2 h 29 min
1500	382.8999939933419	80.0	483.83902	116.726006	594.9	63.85	80.0	2 h 34 min
1550	576.1999973878264	80.0	487.18103	101.41898	590.6	182.55	80.0	2 h 39 min
1600	569.799997471273	80.0	495.90704	113.56219	602.55	13.299998	80.0	2 h 44 min
1650	570.7499972768128	80.0	485.599	128.4067	601.25	-12.250001	80.0	2 h 49 min
1700	570.1999968141317	80.0	504.52902	96.35677	580.2	131.6	80.0	2 h 54 min
1750	515.3999952748418	80.0	511.74103	75.243774	590.6	234.5	80.0	2 h 59 min
1800	569.399997189641	80.0	506.257	64.8831	592.1	255.85	80.0	3 h 3 min
1850	557.2999969534576	80.0	498.50098	110.99055	598.05	-21.500002	80.0	3 h 8 min
1900	526.3999949917197	80.0	535.833	83.606255	601.1	230.8	80.0	3 h 13 min
1950	565.3999974429607	80.0	506.13098	122.63464	637.1	-4.0500016	79.52	3 h 18 min
2000	568.599996753037	80.0	535.31604	104.97601	611.4	135.85	80.0	3 h 23 min
2050	586.9999976456165	80.0	530.59705	104.89836	644.45	171.55	78.18	3 h 28 min
2100	534.4999965541065	80.0	519.201	106.05249	599.2	175.4	80.0	3 h 33 min
2150	556.3999965563416	80.0	532.194	103.50574	631.7	22.449999	79.68	3 h 38 min
2200	603.4999976046383	80.0	541.163	106.58569	665.55	79.9	76.72	3 h 43 min
2250	607.599997907877	80.0	561.052	75.37516	654.4	292.5	77.88	3 h 48 min
2300	559.3999953940511	80.0	472.234	168.19547	652.9	-36.25	79.24	3 h 53 min
2350	598.5499967448413	75.0	516.212	148.53085	658.05	59.1	77.06	3 h 58 min
2400	574.9999962262809	80.0	535.45404	128.39172	654.7	64.15	75.54	4 h 3 min
2450	580.9999969601631	80.0	558.84705	92.68601	656.45	220.05	75.9	4 h 7 min
2500	654.4499983526766	49.0	559.275	93.251526	648.85	77.15	78.98	4 h 12 min
2550	648.0499981194735	51.0	529.587	147.26227	655.55	72.95	76.88	4 h 17 min
2600	622.0999979227781	74.0	503.42398	197.89684	674.6	-60.45	73.32	4 h 21 min
2650	594.8999972455204	80.0	546.356	141.00967	666.15	4.899999	74.96	4 h 26 min
2700	583.6999966390431	80.0	542.15796	139.171	663.1	-41.45	73.86	4 h 31 min
2750	636.8999976888299	54.0	540.919	132.04276	675.65	192.4	74.26	4 h 35 min
2800	666.4999985285103	40.0	589.308	76.97573	666.4	94.299995	72.8	4 h 40 min
2850	590.8999970369041	80.0	568.67896	154.28676	679.1	59.55	63.82	4 h 44 min
2900	677.0999987795949	34.0	557.474	153.87994	675.3	-50.2	67.74	4 h 48 min
2950	658.2499986514449	51.0	550.423	166.7032	677.95	-18.45	70.34	4 h 52 min
3000	663.8999984934926	42.0	598.982	111.11099	687.75	195.7	61.34	4 h 56 min
3050	690.149999409914	33.0	583.26794	126.80629	680.3	73.7	65.98	5 h 0 min
3100	659.699998576194	48.0	616.42004	73.78577	690.15	348.3	60.04	5 h 4 min
3150	663.9999983981252	40.0	596.33405	98.84066	683.1	169.85	65.84	5 h 8 min
3200	551.5999954268336	80.0	571.20703	106.924255	675.2	100.8	74.2	5 h 12 min
3250	591.4999970681965	80.0	519.544	177.29793	675.75	11.649999	71.54	5 h 17 min
3300	591.9999970942736	80.0	521.264	176.0984	671.7	39.449997	70.74	5 h 21 min
3350	596.5999973341823	80.0	569.00604	83.53645	675.7	240.45	75.16	5 h 26 min
3400	596.3999973237514	80.0	567.975	128.17387	679.95	116.65	69.16	5 h 31 min
3450	649.3499981872737	51.0	547.19495	144.20645	673.9	17.9	71.88	5 h 35 min
3500	594.299997124821	80.0	563.11	116.542946	676.25	214.0	69.36	5 h 39 min
3550	662.8999985419214	44.0	539.886	160.14122	676.75	2.9499993	69.24	5 h 43 min
3600	673.2999987825751	38.0	544.429	165.42691	687.25	111.0	66.18	5 h 48 min
3650	576.599996201694	80.0	575.948	145.02428	671.9	40.35	61.88	5 h 52 min
3700	689.849999293685	31.0	594.868	78.282005	680.45	255.5	66.02	5 h 55 min
3750	653.3999983482063	50.0	565.70807	167.22893	684.2	40.45	63.94	5 h 59 min
3800	583.799996599555	80.0	586.632	113.545494	674.75	129.5	66.54	6 h 4 min
3850	683.249999050051	33.0	530.783	168.64603	674.45	60.85	70.82	6 h 8 min
3900	682.9999990873039	34.0	601.32007	94.29808	671.15	86.6	65.06	6 h 12 min
3950	656.3999983035028	46.0	568.446	147.67256	683.5	73.1	65.78	6 h 16 min
4000	668.2999986223876	40.0	562.812	160.17752	682.35	-9.200001	65.56	6 h 20 min
4050	595.1999972611666	80.0	555.683	165.06844	675.05	46.25	65.58	6 h 24 min
4100	674.7999988608062	38.0	565.38696	148.41867	678.15	66.1	65.8	6 h 28 min
4150	610.0999980382621	80.0	604.00507	109.570305	682.25	69.95	60.74	6 h 32 min
4200	657.9999984875321	48.0	584.05	103.10646	676.75	203.4	69.4	6 h 36 min
4250	663.0499987006187	47.0	570.93097	148.65097	680.9	80.0	64.9	6 h 40 min
4300	684.249999102205	33.0	543.171	182.36292	677.9	55.2	63.12	6 h 43 min
4350	667.599998485297	38.0	565.836	165.04459	673.95	-7.150001	65.7	6 h 47 min
4400	608.5999978706241	80.0	510.92303	201.40767	675.4	22.65	69.88	6 h 51 min
4450	652.7999981157482	46.0	579.406	126.4256	679.15	213.7	63.78	6 h 55 min
4500	577.2999963276088	80.0	584.31396	151.44434	680.05	44.0	61.14	6 h 59 min
4550	673.4999986924231	36.0	522.057	169.62411	675.5	78.25	67.16	7 h 3 min
4600	667.2999985702336	40.0	552.469	148.19875	674.5	140.4	65.1	7 h 7 min
4650	639.0499978512526	55.0	582.8511	146.55046	682.75	21.699999	61.12	7 h 11 min
4700	669.2999986745417	40.0	576.014	166.07637	683.0	7.949999	62.36	7 h 15 min
4750	686.2499992065132	33.0	594.538	117.81545	685.8	30.249998	63.64	7 h 18 min
4800	668.8999988548458	44.0	549.091	183.02374	684.1	-34.3	63.24	7 h 22 min
4850	669.649998743087	41.0	620.9631	57.078716	685.25	420.0	63.36	7 h 26 min
4900	608.1999979391694	80.0	603.484	106.42752	685.4	168.75	59.48	7 h 30 min
4950	685.0499991439283	33.0	549.91	180.26735	687.1	0.2999989	64.86	7 h 34 min
5000	668.2999986223876	40.0	600.516	87.59453	676.7	107.95	64.3	7 h 38 min
5050	674.4499988928437	39.0	570.555	134.33794	675.0	-9.050001	69.34	7 h 42 min
5100	663.4499985203147	43.0	611.761	80.03272	679.1	281.65	63.2	7 h 46 min
5150	671.5499989427626	43.0	601.929	114.99255	680.15	118.4	60.88	7 h 50 min
5200	676.7999989651144	38.0	546.508	161.24013	684.95	95.8	68.54	7 h 54 min
5250	612.3999980688095	80.0	581.326	156.15579	681.95	-8.000001	62.2	7 h 58 min
5300	660.6999985277653	46.0	591.24097	122.08702	678.7	97.7	64.6	8 h 2 min
5350	676.6999988593161	36.0	568.60895	150.54868	682.95	24.4	63.96	8 h 5 min
5400	657.899998281151	44.0	577.245	143.32025	678.6	125.6	60.22	8 h 9 min
5450	575.9999970495701	80.0	589.623	149.89088	682.5	25.9	58.18	8 h 13 min
5500	661.5999984741211	44.0	532.265	206.00789	678.8	-46.75	60.18	8 h 17 min
5550	682.349999204278	37.0	564.127	180.83168	676.4	39.15	59.54	8 h 20 min
5600	688.399999268353	32.0	582.283	168.89124	684.8	-73.700005	58.32	8 h 24 min
5650	680.3499992005527	39.0	574.666	133.93526	681.45	48.949997	64.0	8 h 28 min
5700	689.6499992832541	31.0	569.288	173.23906	687.45	-35.7	61.08	8 h 31 min
5750	670.79999865219	38.0	560.851	162.95708	690.85	80.4	63.22	8 h 35 min
5800	581.5999974310398	80.0	549.885	169.17786	676.85	27.8	62.54	8 h 39 min
5850	605.7999977245927	80.0	572.184	176.3617	690.4	82.0	59.02	8 h 43 min
5900	598.6999974437058	80.0	526.74304	185.35004	681.8	86.299995	65.78	8 h 48 min
5950	604.0999977253377	80.0	561.275	169.06265	684.75	10.049999	62.04	8 h 51 min
6000	663.4499984197319	41.0	603.89294	107.48368	687.05	134.95	61.52	8 h 55 min
6050	674.899998664856	34.0	608.68396	111.05306	689.8	57.45	61.6	8 h 59 min
6100	678.949999127537	39.0	595.958	143.91144	685.2	2.7999988	58.5	9 h 2 min
6150	679.6999990157783	36.0	561.708	157.40079	686.4	108.799995	62.66	9 h 6 min
6200	672.8499988093972	39.0	584.104	143.2313	685.8	103.35	60.54	9 h 10 min
6250	602.0999976210296	80.0	546.936	179.01053	687.15	13.849998	61.6	9 h 14 min
6300	678.7999990694225	38.0	570.03	160.25807	686.05	35.649998	60.84	9 h 17 min
6350	667.4999986812472	42.0	610.78394	97.85372	685.1	223.05	60.34	9 h 21 min
6400	602.7999975681305	80.0	566.449	156.56168	683.05	89.4	61.54	9 h 25 min
6450	684.5999991707504	34.0	594.152	124.96378	683.0	178.9	57.82	9 h 28 min
6500	686.4999991692603	32.0	588.915	137.53636	683.3	115.7	59.46	9 h 32 min
6550	676.2499987855554	35.0	580.951	172.80928	686.95	-21.45	58.34	9 h 36 min
6600	689.2499993629754	33.0	574.838	184.16692	688.9	-28.750002	55.22	9 h 39 min
6650	675.5499989502132	39.0	605.255	140.46829	687.1	51.6	52.62	9 h 42 min
6700	684.3499991074204	33.0	592.637	143.80658	687.75	27.4	55.48	9 h 46 min
6750	691.2499993667006	31.0	600.203	149.0437	690.4	51.199997	54.16	9 h 49 min
6800	682.6999990716577	34.0	579.92303	162.10631	684.85	55.45	55.42	9 h 53 min
6850	681.1499988399446	31.0	585.279	142.02466	685.7	144.35	59.68	9 h 56 min
6900	681.1999989934266	34.0	607.227	133.3526	688.25	105.35	52.92	10 h 0 min
6950	686.1499992012978	33.0	575.66797	157.93314	688.65	62.1	59.62	10 h 3 min
7000	689.14999935776	33.0	626.689	78.13381	680.2	261.6	56.34	10 h 7 min
7050	684.3499991074204	33.0	595.83	153.3174	688.05	37.399998	53.58	10 h 10 min
7100	683.3999991081655	34.0	625.084	70.426704	686.2	368.1	57.42	10 h 14 min
7150	543.0299981657415	80.0	612.364	114.504776	684.95	188.55	55.14	10 h 17 min
7200	684.2499992027879	35.0	588.181	152.56483	685.35	34.05	54.46	10 h 21 min
7250	683.049999140203	35.0	593.82495	149.31026	686.5	63.6	56.9	10 h 24 min
7300	685.3499991595745	33.0	608.79205	105.2441	684.65	206.2	58.84	10 h 28 min
7350	605.399997793138	80.0	580.85	140.10162	685.2	101.9	60.3	10 h 32 min
7400	678.7999991700053	40.0	589.562	143.0225	686.6	59.85	62.04	10 h 36 min
7450	591.9999970942736	80.0	618.259	95.065605	687.1	163.85	56.2	10 h 39 min
7500	686.449999216944	33.0	589.458	165.92363	687.95	41.449997	55.9	10 h 43 min
7550	677.0999988801777	36.0	576.192	161.48903	686.1	6.8499975	58.58	10 h 46 min
7600	680.1499989889562	35.0	623.431	109.296555	686.45	77.1	52.1	10 h 50 min
7650	688.6999992839992	32.0	592.893	165.69923	687.6	36.2	53.66	10 h 53 min
7700	685.5999992229044	34.0	574.457	190.03365	690.5	-64.15	54.86	10 h 56 min
7750	675.7999987117946	34.0	609.1859	124.209335	688.15	51.3	56.68	11 h 0 min
7800	684.3499990068376	31.0	620.105	84.64352	682.2	284.3	56.58	11 h 3 min
7850	685.4499990642071	31.0	602.51	152.06216	689.5	-69.5	54.42	11 h 7 min
7900	675.9999989233911	38.0	630.058	91.042435	693.0	105.799995	54.38	11 h 10 min
7950	668.0999987125397	42.0	621.658	86.04697	682.25	143.3	59.42	11 h 14 min
8000	676.3499988913536	37.0	555.722	175.87524	691.8	-69.6	62.46	11 h 18 min
8050	683.249999050051	33.0	591.20404	104.609825	686.25	248.15	62.1	11 h 21 min
8100	680.7499991208315	37.0	605.674	118.721245	686.95	62.25	61.06	11 h 25 min
8150	684.3499991074204	33.0	600.527	135.00636	690.3	159.8	52.78	11 h 28 min
8200	669.1499986164272	39.0	601.587	148.31628	688.95	4.749999	54.42	11 h 32 min
8250	679.9499988779426	33.0	556.355	167.74103	688.35	-6.7000017	62.02	11 h 35 min
8300	657.6499985195696	49.0	565.056	150.31613	689.1	1.4999989	63.16	11 h 39 min
8350	669.1999986693263	40.0	630.985	110.96622	691.1	88.85	48.6	11 h 42 min
8400	679.6999989151955	34.0	611.461	111.108925	690.35	201.75	56.5	11 h 46 min
8450	678.5999989584088	36.0	597.22705	139.11995	686.3	2.749999	58.74	11 h 50 min
8500	683.6499990709126	33.0	580.518	156.65291	689.6	36.85	59.64	11 h 53 min
8550	679.7499989680946	35.0	598.617	120.90373	681.0	228.95	57.24	11 h 57 min
8600	666.9999988563359	46.0	603.95	108.822205	687.3	193.09999	59.58	12 h 1 min
8650	692.5999993868172	30.0	608.393	85.22661	685.8	298.9	60.74	12 h 4 min
8700	588.7999969273806	80.0	612.801	95.82569	692.05	179.7	59.14	12 h 8 min
8750	674.3499988876283	39.0	599.429	138.05106	684.2	75.75	56.82	12 h 12 min
8800	677.6999989114702	36.0	604.27	124.99796	684.2	173.3	56.98	12 h 15 min
8850	680.6999989673495	34.0	608.882	96.780464	685.5	134.95	61.02	12 h 19 min
8900	666.4999989308417	48.0	566.74	134.31435	680.45	106.5	66.5	12 h 23 min
8950	667.6499986387789	41.0	585.061	151.43729	688.0	0.1499988	57.96	12 h 26 min
9000	688.6999991834164	30.0	602.431	148.26859	685.95	-22.400002	53.5	12 h 30 min
9050	681.3499990515411	35.0	597.408	139.34178	689.6	46.899998	58.28	12 h 33 min
9100	673.7499988563359	39.0	588.539	174.1547	690.95	-26.250002	54.1	12 h 37 min
9150	662.7999984361231	42.0	631.856	64.1646	686.35	376.85	55.4	12 h 40 min
9200	681.7499989718199	33.0	605.254	132.41962	687.9	45.949997	55.66	12 h 44 min
9250	684.7499991282821	33.0	633.629	61.009567	688.4	337.85	56.14	12 h 47 min
9300	689.0499992519617	31.0	596.332	134.14473	689.2	40.6	58.84	12 h 51 min
9350	681.4499991573393	37.0	608.30005	99.26025	684.6	234.35	59.1	12 h 54 min
9400	686.1499991007149	31.0	606.20197	103.52529	688.6	187.5	59.02	12 h 58 min
9450	691.7499992921948	29.0	617.232	111.34568	686.6	154.25	53.7	13 h 1 min
9500	670.3999986313283	38.0	628.271	69.164474	685.2	300.1	55.32	13 h 5 min
9550	678.3999990485609	38.0	618.316	116.65004	689.5	-20.7	53.96	13 h 8 min
9600	689.6999993361533	32.0	634.058	86.858215	697.35	186.55	53.5	13 h 12 min
9650	678.2999989427626	36.0	607.5889	121.53063	691.15	173.5	55.34	13 h 15 min
9700	685.9499990902841	31.0	635.123	78.15379	690.45	296.1	52.14	13 h 18 min
9750	657.0499984882772	49.0	604.9	121.79637	690.5	156.3	56.52	13 h 22 min
9800	691.1999993138015	30.0	585.126	155.1423	688.7	108.049995	57.2	13 h 25 min
9850	683.6999991238117	34.0	630.924	77.63846	692.65	312.6	53.4	13 h 29 min
9900	685.3499992601573	35.0	603.96	115.63958	685.8	147.8	57.88	13 h 32 min
9950	605.4999977983534	80.0	610.62994	87.13229	682.25	213.84999	61.04	13 h 36 min
10000	682.5999990664423	34.0	629.628	67.58641	691.6	382.5	55.46	13 h 40 min
10050	688.4999991729856	30.0	625.06506	92.03911	687.35	182.45	56.08	13 h 43 min
10100	687.6999992318451	32.0	613.92303	117.71326	687.95	116.95	53.6	13 h 47 min
10150	689.2499992623925	31.0	611.068	122.38655	684.6	-16.7	55.74	13 h 50 min
10200	684.1499991975725	35.0	618.664	134.49818	695.55	91.15	49.78	13 h 53 min
10250	558.7999978065491	80.0	590.83405	143.60089	688.25	12.249999	56.3	13 h 57 min
10300	682.5499989129603	31.0	599.26404	156.89166	688.1	89.2	49.6	14 h 0 min
10350	690.349999319762	31.0	604.318	128.8787	686.15	33.2	58.72	14 h 4 min
10400	666.9999984540045	38.0	566.847	159.90834	695.65	54.8	60.28	14 h 7 min
10450	655.6499985158443	51.0	603.72296	131.76878	686.85	77.2	56.5	14 h 11 min
10500	691.4999993294477	30.0	589.98	124.593445	686.75	164.75	60.02	14 h 15 min
10550	689.8999992460012	30.0	620.232	67.90957	690.0	301.1	60.92	14 h 19 min
10600	680.8999988771975	32.0	611.187	111.87473	685.9	111.549995	57.24	14 h 22 min
10650	681.9499990828335	35.0	615.97705	104.61109	686.45	173.5	55.04	14 h 26 min
10700	671.1999986730516	38.0	606.417	117.10805	685.55	206.3	55.52	14 h 29 min
10750	673.6999988034368	38.0	585.807	138.90092	686.95	76.9	60.96	14 h 33 min
10800	684.0499991923571	35.0	615.876	98.271255	691.9	240.59999	54.84	14 h 36 min
10850	641.4999979287386	54.0	604.91296	144.26834	688.8	18.3	54.38	14 h 40 min
10900	604.2999976463616	80.0	574.867	180.63043	688.2	-48.300003	54.74	14 h 44 min
10950	679.649999063462	37.0	606.344	135.34016	687.2	81.25	54.26	14 h 47 min
11000	655.4999984577298	50.0	556.1	175.93329	689.0	-52.2	60.08	14 h 51 min
11050	677.5499989539385	37.0	623.28296	121.68753	686.65	-66.9	53.6	14 h 55 min
11100	688.5499992258847	31.0	588.95197	168.78195	687.15	-7.1500015	55.1	14 h 58 min
11150	681.099999088794	36.0	562.613	157.08772	688.8	-48.5	65.48	15 h 2 min
11200	669.0999986641109	40.0	599.94696	145.88083	687.8	-1.8500012	55.56	15 h 5 min
11250	680.6999990679324	36.0	581.25	168.82112	688.4	-68.25	56.82	15 h 9 min
11300	664.2999987155199	46.0	617.368	123.91393	688.65	19.05	52.38	15 h 12 min
11350	681.4499990567565	35.0	595.6111	129.99149	689.6	146.35	58.52	15 h 16 min
11400	684.9999990910292	32.0	590.64703	146.70892	685.85	4.3999996	58.16	15 h 19 min
11450	673.5999986976385	36.0	625.38696	99.943794	686.4	137.1	52.5	15 h 22 min
11500	682.1999990455806	34.0	599.031	122.66405	690.25	31.8	59.14	15 h 26 min
11550	694.2999994754791	30.0	601.609	129.1176	688.2	105.0	56.16	15 h 29 min
11600	688.2999992631376	32.0	625.936	103.80155	687.95	84.05	53.76	15 h 33 min
11650	678.7999989688396	36.0	606.315	104.56427	688.5	243.95	60.16	15 h 36 min
11700	596.7999976053834	80.0	605.902	103.95675	689.95	247.0	58.72	15 h 40 min
11750	610.3999977819622	80.0	606.83496	110.383446	687.25	168.85	58.54	15 h 44 min
11800	688.149999205023	31.0	603.23804	137.24959	690.7	35.649998	54.9	15 h 47 min
11850	669.9499986581504	39.0	592.48096	154.48161	684.05	43.899998	55.94	15 h 51 min
11900	681.299998998642	34.0	602.205	142.36723	688.4	30.05	54.56	15 h 54 min
11950	671.6999987997115	40.0	613.014	134.2434	688.9	49.35	53.84	15 h 58 min
12000	688.7499992363155	31.0	582.746	142.3846	685.35	-6.6500006	59.46	16 h 1 min
12050	686.4999992698431	34.0	630.618	88.12352	690.85	299.3	52.1	16 h 4 min
12100	678.7999990694225	38.0	600.276	136.53847	686.05	-68.5	57.54	16 h 8 min
12150	686.9999991953373	32.0	612.88	128.8159	688.55	131.15	50.86	16 h 11 min
12200	683.4999992139637	36.0	612.571	99.647675	688.45	268.4	54.24	16 h 15 min
12250	677.149998832494	35.0	628.78204	109.177055	688.25	-5.450001	53.68	16 h 18 min
12300	684.5999991707504	34.0	648.80994	45.68068	686.0	478.65	50.52	16 h 21 min
12350	679.0499989315867	35.0	621.7311	95.15143	692.7	243.2	56.4	16 h 25 min
12400	684.4499992132187	35.0	612.206	129.90341	687.3	-37.65	53.12	16 h 28 min
12450	679.1999989897013	36.0	621.1061	99.47429	689.35	241.45	53.86	16 h 32 min
12500	655.6499984152615	49.0	614.421	133.94658	688.1	114.5	52.58	16 h 35 min
12550	686.1499991007149	31.0	596.793	143.57877	690.6	-3.2500021	55.08	16 h 39 min
12600	595.0999972112477	80.0	613.263	134.23103	690.2	-82.55	54.4	16 h 42 min
12650	688.8499992415309	31.0	628.9	91.571526	687.65	76.7	55.32	16 h 46 min
12700	684.5499991178513	33.0	609.949	102.91608	690.0	308.15	56.34	16 h 49 min
12750	680.8499989248812	33.0	614.11206	126.70506	687.6	5.6499987	52.48	16 h 53 min
12800	683.3999992087483	36.0	613.974	122.53619	688.9	31.199999	57.22	16 h 56 min
12850	693.6499993912876	29.0	635.66797	76.324104	691.8	217.15	52.86	17 h 0 min
12900	692.799999397248	30.0	634.83	80.18673	692.75	328.6	50.16	17 h 3 min
12950	696.449999537319	29.0	624.793	88.09436	689.8	209.65	53.84	17 h 6 min
13000	684.2999991551042	34.0	568.436	185.51387	691.05	-2.1000016	55.88	17 h 10 min
13050	681.6999990195036	34.0	614.59	134.0307	692.05	110.0	50.24	17 h 13 min
13100	685.5999992229044	34.0	579.3	195.11693	691.05	-68.35	50.34	17 h 16 min
13150	671.5999986939132	38.0	584.178	186.5446	688.6	-17.300001	52.86	17 h 20 min
13200	588.899996843189	80.0	626.375	108.8405	690.6	109.9	50.84	17 h 23 min
13250	684.9499992392957	35.0	619.38	128.34747	690.15	-49.25	54.32	17 h 27 min
13300	692.799999397248	30.0	589.11096	151.412	689.25	69.1	58.42	17 h 30 min
13350	688.0499991998076	31.0	596.652	144.11047	692.7	89.45	57.06	17 h 34 min
13400	684.4499991126359	33.0	617.18604	107.781746	693.2	218.95	54.76	17 h 37 min
13450	688.5999992787838	32.0	613.735	96.49014	684.65	236.85	57.6	17 h 41 min
13500	685.3999992124736	34.0	609.459	113.69237	689.9	87.65	57.56	17 h 44 min
13550	613.9999978616834	80.0	622.377	89.23736	685.95	211.55	56.62	17 h 48 min
13600	683.249999050051	33.0	591.03	151.83188	688.35	-35.350002	58.28	17 h 52 min
13650	679.7499990686774	37.0	618.88403	108.42793	687.45	122.9	55.32	17 h 55 min
13700	668.1999987177551	42.0	611.083	99.366615	689.05	294.35	57.7	17 h 59 min
13750	688.4999992735684	32.0	614.909	120.794266	692.15	86.4	55.2	18 h 2 min
13800	676.6499990075827	39.0	605.86993	140.1625	691.2	-59.850002	54.56	18 h 6 min
13850	593.1999971568584	80.0	610.74097	126.71226	689.2	-68.3	58.48	18 h 10 min
13900	646.9999978132546	46.0	590.748	130.67293	691.7	128.25	59.32	18 h 14 min
13950	673.9999986179173	34.0	598.994	91.48383	690.15	267.6	64.72	18 h 18 min
14000	595.1999972611666	80.0	594.957	88.08046	681.05	170.2	67.94	18 h 22 min
14050	682.4999990612268	34.0	553.33905	148.26909	690.85	70.25	70.0	18 h 26 min
14100	676.7499988116324	35.0	592.69806	124.0329	686.05	49.3	62.92	18 h 30 min
14150	674.9499989189208	39.0	579.68896	105.772736	687.0	116.2	68.4	18 h 34 min
14200	573.5999969691038	80.0	590.80304	126.42543	686.75	117.25	62.24	18 h 39 min
14250	684.8999991863966	34.0	604.046	96.91766	686.45	182.25	63.0	18 h 43 min
14300	683.4499990604818	33.0	588.42596	94.30134	684.5	213.15	67.7	18 h 47 min
14350	665.9999985024333	40.0	610.701	127.37753	686.15	73.25	54.68	18 h 50 min
14400	626.3999976441264	64.0	576.23303	137.65106	689.6	168.0	61.92	18 h 54 min
14450	679.2499989420176	35.0	610.75	107.10233	683.65	131.5	57.24	18 h 57 min
14500	669.0999985635281	38.0	610.112	114.79781	683.95	40.3	57.16	19 h 1 min
14550	669.9499985575676	37.0	576.004	172.40942	687.95	10.849999	54.3	19 h 4 min
14600	674.999998871237	38.0	601.771	111.34833	688.4	249.4	59.28	19 h 8 min
14650	654.799998421222	50.0	610.295	147.91414	689.25	39.25	51.58	19 h 11 min
14700	675.3999987915158	36.0	638.23804	78.02657	686.35	296.55	50.26	19 h 14 min
14750	680.9999989829957	34.0	605.957	126.150795	687.7	146.15	54.54	19 h 18 min
14800	662.4499985687435	45.0	590.938	147.62877	691.95	-74.6	57.34	19 h 22 min
14850	677.8499989695847	37.0	625.406	103.24695	688.05	144.0	53.52	19 h 25 min
14900	663.6499985307455	43.0	604.95703	126.815704	683.7	122.5	55.36	19 h 29 min
14950	649.9499984197319	55.0	616.412	101.730446	688.35	295.25	55.68	19 h 33 min
15000	658.1499987468123	53.0	585.732	154.37383	690.0	-71.3	57.46	19 h 36 min
15050	689.3499992676079	31.0	624.7	95.29574	684.2	152.45	53.58	19 h 40 min
15100	661.3499986119568	47.0	586.02594	119.840195	685.45	200.45	61.0	19 h 44 min
15150	681.1999989934266	34.0	586.837	144.97684	689.15	-17.550001	57.46	19 h 47 min
15200	677.5999990068376	38.0	637.15	80.37735	690.2	223.35	51.02	19 h 51 min
15250	685.1499991491437	33.0	621.40796	108.134445	686.75	189.34999	51.74	19 h 54 min
15300	681.3999991044402	36.0	640.187	57.22617	691.45	440.8	51.64	19 h 57 min
15350	680.7999990731478	36.0	609.46295	139.41298	695.15	45.449997	52.8	20 h 1 min
15400	664.04999865219	45.0	593.086	144.1634	691.6	125.5	56.08	20 h 4 min
15450	680.3999989517033	34.0	634.753	87.72598	688.45	202.35	50.66	20 h 8 min
15500	689.7499992884696	31.0	570.681	171.13321	686.7	-80.700005	58.42	20 h 11 min
15550	683.6999992243946	36.0	612.7	118.56913	689.6	203.59999	54.24	20 h 15 min
15600	663.1999985575676	44.0	628.45	104.21992	689.2	217.5	50.9	20 h 18 min
15650	593.1999970972538	80.0	596.47705	133.5002	687.4	107.9	56.96	20 h 23 min
15700	688.4499992206693	31.0	620.04205	94.524605	687.9	226.7	55.52	20 h 26 min
15750	672.1999988257885	40.0	595.00006	129.29643	690.3	165.1	58.14	20 h 30 min
15800	672.6999988518655	40.0	595.192	121.85776	686.3	48.449997	59.04	20 h 34 min
15850	675.399998690933	34.0	605.96	84.68094	684.5	333.75	61.42	20 h 38 min
15900	681.799999024719	34.0	611.284	112.06913	687.4	166.55	55.88	20 h 42 min
15950	689.2499992623925	31.0	629.98895	100.58609	689.7	104.85	54.02	20 h 45 min
16000	678.5999991595745	40.0	579.421	173.5108	689.35	28.399998	56.74	20 h 49 min
16050	681.8999989293516	32.0	630.90295	97.402794	692.9	250.4	51.6	20 h 52 min
16100	671.999998614192	36.0	615.378	130.47362	691.7	27.949997	53.04	20 h 56 min
16150	678.2999989427626	36.0	587.55	139.53955	688.3	149.65	57.64	20 h 59 min
16200	686.1499991007149	31.0	637.813	58.546547	688.85	355.55	53.9	21 h 3 min
16250	643.5999979376793	52.0	612.44104	114.65011	691.3	178.35	54.56	21 h 6 min
16300	688.5499992258847	31.0	634.068	67.336136	688.15	425.4	52.28	21 h 10 min
16350	677.2999988906085	36.0	627.86304	115.006836	689.15	4.8999996	52.4	21 h 13 min
16400	696.2999994792044	28.0	618.09393	99.1699	689.55	259.7	55.2	21 h 17 min
16450	683.4499991610646	35.0	606.146	131.58748	689.3	120.75	54.94	21 h 21 min
16500	695.9999994635582	28.0	635.401	94.90593	691.0	255.9	48.68	21 h 24 min
16550	671.5999988950789	42.0	605.921	120.09496	691.15	159.9	56.68	21 h 28 min
16600	674.999998871237	38.0	594.919	134.49069	688.5	228.6	56.88	21 h 31 min
16650	657.2499983981252	47.0	629.405	100.33157	689.8	210.45	49.06	21 h 35 min
16700	657.7499986253679	51.0	594.705	148.76723	688.55	-15.900002	53.86	21 h 39 min
16750	676.1999989338219	38.0	615.664	91.78426	688.0	269.25	58.22	21 h 42 min
16800	689.4999992251396	30.0	608.322	142.17958	692.05	108.4	53.84	21 h 46 min
16850	683.1499990448356	33.0	607.733	116.55522	689.2	161.7	57.64	21 h 50 min
16900	692.3499993234873	29.0	597.203	117.35728	691.3	266.1	56.52	21 h 53 min
16950	682.4499991089106	35.0	603.884	103.333336	689.45	202.95	60.12	21 h 57 min
17000	690.5499993301928	31.0	615.07904	119.98212	688.95	98.75	54.0	22 h 0 min
17050	688.9999992996454	32.0	608.94604	138.96745	694.35	79.65	53.14	22 h 4 min
17100	685.5999991223216	32.0	608.11304	149.46121	688.6	-18.500002	51.52	22 h 7 min
17150	685.8499991856515	33.0	640.303	80.37242	692.65	235.09999	49.3	22 h 10 min
17200	684.8999990858138	32.0	583.626	146.35437	685.8	53.5	58.46	22 h 14 min
17250	677.1999988853931	36.0	598.247	145.11049	688.85	-59.9	56.58	22 h 18 min
17300	678.9499988257885	33.0	612.55005	113.95805	686.2	139.15	53.2	22 h 21 min
17350	687.5999991260469	30.0	636.885	80.53887	684.45	197.85	51.5	22 h 25 min
17400	682.2499990984797	35.0	607.21204	115.75054	684.8	116.95	58.58	22 h 29 min
17450	672.2499985769391	35.0	586.234	133.19757	692.5	121.35	58.82	22 h 32 min
17500	695.2499994747341	29.0	581.73004	157.04706	690.55	23.65	58.12	22 h 36 min
17550	689.4999993257225	32.0	614.97095	139.03513	687.6	-73.6	51.64	22 h 39 min
17600	668.1499987654388	43.0	621.15497	112.738235	692.05	153.8	51.16	22 h 43 min
17650	665.6499986350536	43.0	589.992	159.78494	694.65	-94.350006	57.2	22 h 47 min
17700	680.349998999387	35.0	614.53503	110.556244	692.6	171.15	55.54	22 h 50 min
17750	685.7999991327524	32.0	569.091	154.3182	687.55	25.849998	61.58	22 h 54 min
17800	672.8999987617135	38.0	634.44995	94.90945	690.7	172.7	50.3	22 h 58 min
17850	682.0999989397824	32.0	581.07	151.16481	687.35	-18.050001	56.62	23 h 1 min
17900	685.3499990589917	31.0	606.941	129.06107	689.15	-79.100006	57.46	23 h 5 min
17950	679.5499988570809	33.0	604.623	106.89092	689.85	249.5	57.54	23 h 8 min
18000	667.3499988242984	45.0	624.123	103.9264	690.15	230.95	51.66	23 h 12 min
18050	669.6499988436699	43.0	620.919	99.99037	693.15	184.3	52.9	23 h 15 min
18100	685.4499992653728	35.0	617.26904	134.81448	691.1	97.55	49.26	23 h 19 min
18150	689.2999992147088	30.0	602.486	109.867874	689.1	253.3	57.08	23 h 22 min
18200	629.2499980442226	69.0	616.711	118.76818	691.85	42.75	55.96	23 h 26 min
18250	673.6499987505376	37.0	576.743	163.43951	692.6	62.0	57.24	23 h 30 min
18300	680.8999989777803	34.0	638.28595	70.499596	689.6	343.45	51.86	23 h 33 min
18350	681.5999989137053	32.0	629.214	88.176544	691.1	194.85	53.82	23 h 36 min
18400	673.1999986767769	36.0	591.30493	137.55756	691.15	178.75	56.04	23 h 40 min
18450	683.1999990977347	34.0	569.34705	159.46672	686.0	29.199999	58.02	23 h 44 min
18500	676.8999987691641	34.0	610.427	120.02908	691.55	87.25	54.94	23 h 47 min
18550	691.1999993138015	30.0	612.72095	112.22371	690.8	229.09999	54.46	23 h 51 min
18600	675.3999988920987	38.0	620.331	121.97228	691.4	-10.900002	51.4	23 h 54 min
18650	686.7499992325902	33.0	630.881	72.955345	687.95	374.4	53.24	23 h 58 min
18700	676.2999989390373	38.0	613.963	98.81918	692.8	260.05	56.36	24 h 2 min
18750	694.9499994590878	29.0	632.789	78.02574	689.2	322.6	52.36	24 h 5 min
18800	676.0499989762902	39.0	617.353	128.74261	689.75	13.25	52.8	24 h 8 min
18850	656.5499984622002	49.0	619.117	105.73783	686.8	216.55	54.58	24 h 12 min
18900	685.6499991752207	33.0	595.36304	130.72993	683.95	38.05	57.7	24 h 15 min
18950	677.2999988906085	36.0	603.846	135.58229	685.55	25.649998	58.36	24 h 19 min
19000	685.3999991118908	32.0	596.974	151.41338	688.75	36.1	56.14	24 h 23 min
19050	664.9499983973801	39.0	617.44104	117.72528	691.25	-25.550003	53.54	24 h 26 min
19100	682.0999990403652	34.0	611.36804	100.434235	689.7	177.55	58.26	24 h 30 min
19150	686.4999991692603	32.0	603.42505	154.12799	691.8	104.65	49.56	24 h 33 min
19200	687.4499991685152	31.0	634.49	87.29245	691.0	299.4	51.88	24 h 37 min
19250	689.6999992355704	30.0	615.634	126.84499	690.8	67.049995	51.38	24 h 40 min
19300	686.3499992117286	33.0	610.081	116.5178	690.95	230.25	55.66	24 h 44 min
19350	695.3499994799495	29.0	580.681	152.91776	689.4	65.4	59.82	24 h 47 min
19400	687.4999993219972	34.0	619.092	117.78493	692.3	135.55	53.24	24 h 51 min
19450	686.6999992802739	34.0	606.228	128.01848	688.6	85.549995	54.72	24 h 54 min
19500	693.2499993704259	29.0	617.9151	123.09654	690.25	16.199999	54.92	24 h 58 min
19550	690.1499993093312	31.0	632.072	75.605705	693.25	283.55	54.96	25 h 1 min
19600	692.1499993130565	29.0	604.21	112.94385	692.75	200.6	58.78	25 h 5 min
19650	672.3999986350536	36.0	617.708	107.93539	691.05	191.85	56.56	25 h 9 min
19700	676.3999989442527	38.0	588.97	154.8554	692.6	-24.650002	55.36	25 h 13 min
19750	692.9499993547797	29.0	583.123	150.04762	688.75	29.55	56.7	25 h 16 min
19800	687.3499991632998	31.0	582.934	138.70872	691.45	192.2	58.04	25 h 20 min
19850	681.6999990195036	34.0	572.89404	154.9666	689.0	-9.750002	59.52	25 h 24 min
19900	686.3999991640449	32.0	611.839	120.23769	690.45	71.4	55.74	25 h 28 min
19950	605.5999978035688	80.0	602.82	140.62909	691.1	23.599998	56.3	25 h 32 min
20000	687.4999991208315	30.0	563.24097	173.75815	692.25	8.799998	57.44	25 h 35 min
20050	647.0999981202185	52.0	552.52997	170.57811	691.4	22.199999	61.4	25 h 39 min
20100	579.619995976612	80.0	601.96704	133.04567	693.7	103.299995	55.72	25 h 43 min
20150	688.1999991573393	30.0	587.906	138.75972	689.3	170.8	58.02	25 h 47 min
20200	687.3999991696328	31.5	602.583	114.74838	691.45	244.1	55.8	25 h 50 min
20250	687.2999991104007	30.0	611.78	100.326836	688.75	250.7	57.68	25 h 54 min
20300	687.0999992005527	32.0	601.15204	119.16083	691.3	156.05	55.84	25 h 58 min
20350	687.2999992109835	32.0	595.971	146.76869	691.5	-0.5000017	58.06	26 h 2 min
20400	624.7999976612628	66.0	602.07196	150.36378	691.85	-73.200005	53.6	26 h 5 min
20450	686.2999991588295	32.0	590.322	168.67389	691.1	1.5499989	52.06	26 h 9 min
20500	682.5999990664423	34.0	636.868	99.94115	692.05	163.45	48.3	26 h 12 min
20550	675.699998807162	36.0	609.018	118.28124	695.6	121.35	55.34	26 h 16 min
20600	693.2999994233251	30.0	624.099	90.70336	691.5	209.3	57.06	26 h 19 min
20650	661.5999986752868	48.0	582.775	139.33736	690.5	170.25	60.34	26 h 23 min
20700	689.3999992199242	30.0	610.45795	111.95349	689.75	157.2	58.84	26 h 27 min
20750	687.6499990783632	29.0	630.456	107.53103	694.5	240.5	48.64	26 h 30 min
20800	692.0499993078411	29.0	615.53	118.72302	691.4	204.5	51.12	26 h 34 min
20850	682.8499991297722	35.0	630.38104	93.24824	690.3	345.8	49.92	26 h 37 min
20900	676.1999987326562	34.0	588.234	128.52103	691.5	114.9	57.48	26 h 41 min
20950	690.1999992616475	30.0	551.73096	175.29314	688.65	-27.750002	58.3	26 h 44 min
21000	688.4999992735684	32.0	584.475	158.00938	689.95	72.75	55.74	26 h 48 min
21050	676.2499988861382	37.0	593.266	126.45297	687.7	223.4	56.14	26 h 51 min
21100	686.199999153614	32.0	610.156	125.8025	692.35	202.1	51.74	26 h 55 min
21150	696.449999537319	29.0	622.92303	113.67105	695.1	198.05	50.68	26 h 58 min
21200	683.0399990394711	33.4	593.105	132.8918	691.4	91.9	56.52	27 h 2 min
21250	689.7499992884696	31.0	591.554	169.67862	684.35	-23.550001	51.86	27 h 5 min
21300	695.4499994851649	29.0	619.145	111.13596	695.55	212.1	51.5	27 h 8 min
21350	692.9499993547797	29.0	581.92004	188.00792	694.7	-58.9	50.84	27 h 12 min
21400	684.7999990805984	32.0	596.864	158.07434	691.9	-2.7500026	53.12	27 h 15 min
21450	634.549997817725	59.0	616.0189	95.14168	690.9	333.35	53.78	27 h 19 min
21500	693.0499993599951	29.0	598.065	143.68394	690.75	134.4	54.26	27 h 23 min
21550	687.9999992474914	32.0	590.05396	168.46808	691.35	39.2	50.76	27 h 26 min
21600	652.9999984279275	52.0	623.284	114.15687	691.0	220.15	48.94	27 h 29 min
21650	689.2499992623925	31.0	616.462	107.507965	690.15	164.7	54.2	27 h 33 min
21700	685.7499991804361	33.0	608.29504	117.60335	687.8	106.65	54.68	27 h 36 min
21750	687.8999993428588	34.0	622.583	120.57635	697.9	2.3499978	50.02	27 h 40 min
21800	679.8999989256263	34.0	577.28595	181.18652	690.45	61.45	53.4	27 h 43 min
21850	687.6499990783632	29.0	612.04504	128.35582	692.45	35.95	52.9	27 h 46 min
21900	688.7999992892146	32.0	626.74506	110.145424	688.95	89.4	50.4	27 h 50 min
21950	682.9499991349876	35.0	608.25104	133.43338	693.2	61.899998	53.24	27 h 53 min
22000	680.5499990098178	35.0	601.924	160.6147	693.35	-25.500002	51.28	27 h 56 min
22050	686.449999216944	33.0	615.34296	134.38132	693.1	28.849998	49.3	28 h 0 min
22100	695.5999994426966	28.0	594.867	172.97444	690.25	0.5499988	53.22	28 h 3 min
22150	681.799999024719	34.0	611.333	147.41841	690.6	-63.050003	50.42	28 h 7 min
22200	687.6999992318451	32.0	584.21704	151.8497	689.1	162.7	53.08	28 h 10 min
22250	681.8999989293516	32.0	599.034	120.09631	689.3	121.0	55.46	28 h 13 min
22300	647.7999979555607	48.0	594.47	137.4169	687.7	145.05	54.12	28 h 17 min
22350	681.799999024719	34.0	591.658	134.40514	688.6	7.849999	57.98	28 h 21 min
22400	672.2499985769391	35.0	600.14	141.01869	686.1	69.15	54.4	28 h 24 min
22450	679.8499988727272	33.0	596.33905	158.04298	693.95	11.149999	50.2	28 h 28 min
22500	687.7999993152916	30.8	614.24603	121.19209	690.5	199.7	51.88	28 h 31 min
22550	691.049999255687	29.0	582.56396	184.35257	691.95	35.0	49.34	28 h 34 min
22600	689.5499992780387	31.0	609.675	154.55849	689.45	-13.650002	50.62	28 h 38 min
22650	687.3499991632998	31.0	593.895	153.2284	692.6	71.25	53.62	28 h 41 min
22700	675.89999871701	34.0	557.158	190.94809	692.6	45.149998	53.18	28 h 45 min
22750	680.0499989837408	35.0	610.41	105.21616	689.8	211.65	55.56	28 h 48 min
22800	668.6499984897673	37.0	590.56396	146.82784	693.3	91.549995	53.8	28 h 52 min
22850	686.9499991424382	31.0	547.43	177.68295	690.1	48.55	61.12	28 h 56 min
22900	678.9499990269542	37.0	588.52905	178.66939	689.1	-51.550003	50.12	28 h 59 min
22950	686.0499991960824	33.0	594.51	148.93661	687.7	20.65	55.6	29 h 2 min
23000	687.9999993480742	34.0	628.69	112.20607	691.05	-4.5000014	52.7	29 h 6 min
23050	687.3999992161989	32.0	628.632	121.03854	689.75	-17.750002	51.94	29 h 9 min
23100	688.1999992579222	32.0	533.61	208.69424	683.9	53.399998	57.44	29 h 13 min
23150	683.2499991506338	35.0	634.32	100.09787	686.2	21.849998	51.86	29 h 16 min
23200	686.5499991215765	31.0	624.165	102.89105	690.0	234.1	51.92	29 h 19 min
23250	691.1499993614852	31.0	600.444	153.25786	691.65	80.9	52.36	29 h 23 min
23300	684.699999075383	32.0	623.707	114.511826	692.8	257.7	49.62	29 h 26 min
23350	679.5499989576638	35.0	639.52905	66.677956	690.85	355.8	51.34	29 h 30 min
23400	683.9499990865588	33.0	573.053	151.46019	692.65	92.7	61.48	29 h 33 min
23450	692.9999994076788	30.0	596.6029	163.49838	692.4	42.0	49.9	29 h 37 min
23500	685.19999910146	32.0	616.344	125.168076	688.65	128.85	51.16	29 h 40 min
23550	691.9999993555248	30.0	606.544	140.82318	690.6	117.6	52.04	29 h 43 min
23600	689.5999993309379	32.0	615.826	123.28372	688.75	151.85	51.48	29 h 47 min
23650	686.949999243021	33.0	594.54205	148.75009	690.0	141.0	57.74	29 h 50 min
23700	683.5499990656972	33.0	611.011	116.34277	691.9	258.15	51.78	29 h 53 min
23750	682.9999991878867	36.0	594.837	137.9364	691.0	31.749998	57.08	29 h 57 min
23800	691.4999993294477	30.0	612.457	135.61627	688.6	44.399998	52.88	30 h 1 min
23850	611.8999975919724	78.0	614.66296	119.491714	689.4	187.35	54.1	30 h 5 min
23900	660.5499986708164	49.0	574.26196	157.87874	686.45	85.2	56.66	30 h 8 min
23950	691.8499993979931	31.0	585.142	145.66713	685.9	44.999996	58.22	30 h 12 min
24000	691.6499993875623	31.0	609.95404	132.5294	690.5	79.2	53.86	30 h 15 min
24050	687.1499992534518	33.0	574.16	179.74905	689.7	-14.450001	55.4	30 h 19 min
24100	684.7999991811812	34.0	604.04407	121.007416	688.6	221.15	56.3	30 h 22 min
24150	679.0999989844859	36.0	581.784	180.40202	693.9	-2.8500013	54.54	30 h 26 min
24200	688.6999992839992	32.0	570.173	157.87807	690.05	104.9	57.38	30 h 30 min
24250	689.7499992884696	31.0	563.239	190.32124	688.5	-12.350001	55.46	30 h 33 min
24300	673.2999987825751	38.0	609.79803	116.14752	690.1	153.0	53.26	30 h 36 min
24350	692.1499993130565	29.0	588.67993	159.62482	692.9	-21.750002	54.66	30 h 40 min
24400	678.7999989688396	36.0	585.81903	149.45761	694.85	118.45	55.4	30 h 43 min
24450	689.0999993048608	32.0	590.56506	151.53835	692.2	-34.350002	57.34	30 h 47 min
24500	671.6499987468123	39.0	587.971	148.34749	688.65	85.9	56.28	30 h 51 min
24550	687.7499992847443	33.0	582.075	184.8913	692.6	-40.65	53.3	30 h 54 min
24600	680.8499990254641	35.0	572.668	168.65877	688.9	73.45	56.0	30 h 58 min
24650	684.999999191612	34.0	608.53107	117.97476	691.3	224.3	51.98	31 h 1 min
24700	681.5499990619719	35.0	613.26697	135.5094	688.0	92.85	50.92	31 h 4 min
24750	681.9499990828335	35.0	620.094	133.819	691.5	82.4	49.0	31 h 8 min
24800	677.9499987736344	33.0	591.406	139.71062	688.5	158.5	54.5	31 h 11 min
24850	691.9999993555248	30.0	578.37805	172.03001	690.35	-61.350002	55.66	31 h 15 min
24900	690.0499993041158	31.0	625.865	100.99912	693.25	195.35	53.46	31 h 18 min
24950	688.8499992415309	31.0	588.3519	163.99655	691.25	41.15	53.6	31 h 22 min
25000	687.0999992005527	32.0	542.03296	185.34648	687.85	37.2	58.0	31 h 26 min
25050	690.9999993033707	30.0	604.88	119.66653	689.25	212.55	53.46	31 h 29 min
25100	694.4999993853271	28.0	588.45	137.56741	692.9	104.549995	56.06	31 h 33 min
25150	687.2999992109835	32.0	587.207	155.23965	691.55	78.4	55.84	31 h 36 min
25200	687.4999992214143	32.0	555.164	185.63503	687.6	-1.2500017	58.7	31 h 40 min
25250	692.4499993287027	29.0	608.48	134.47874	692.1	28.8	53.6	31 h 43 min
25300	681.4999989084899	32.0	576.37897	155.10684	690.1	21.949999	55.82	31 h 47 min
25350	671.8999987095594	38.0	569.677	164.89955	684.9	6.8499985	57.06	31 h 50 min
25400	692.0499993078411	29.0	582.46	145.51202	686.65	101.75	56.6	31 h 54 min
25450	677.0999989807606	38.0	564.816	172.6972	688.5	10.899999	57.82	31 h 57 min
25500	671.1499988213181	41.0	572.377	199.81194	691.45	-22.550001	52.42	32 h 1 min
25550	686.5499992221594	33.0	629.296	109.69434	690.15	120.7	50.44	32 h 4 min
25600	678.649999011308	37.0	585.62006	167.87247	689.55	98.0	53.56	32 h 8 min
25650	663.5499987266958	47.0	566.335	166.40204	687.5	58.25	58.58	32 h 12 min
25700	679.1499989368021	35.0	577.87396	171.54489	693.1	-2.8000004	57.64	32 h 15 min
25750	660.1999986022711	48.0	588.334	148.4059	691.3	50.0	54.24	32 h 19 min
25800	679.6499989628792	35.0	589.17096	152.78667	689.2	12.699999	53.98	32 h 22 min
25850	669.5499986372888	39.0	621.91205	97.92509	690.25	306.6	52.52	32 h 26 min
25900	677.0999987795949	34.0	552.497	189.72145	691.9	9.799998	57.68	32 h 29 min
25950	693.8999993540347	28.0	569.642	156.6081	684.95	60.8	58.6	32 h 32 min
26000	679.7499990686774	37.0	607.435	135.9219	690.85	214.1	50.4	32 h 35 min
26050	673.3999986872077	36.0	613.505	123.55716	689.35	157.0	51.4	32 h 37 min
26100	688.7999992892146	32.0	596.76794	128.84647	686.45	180.8	55.64	32 h 40 min
26150	693.3499993756413	29.0	636.32	81.160484	690.25	313.1	49.96	32 h 42 min
26200	683.0499990656972	34.0	585.134	157.81938	687.9	128.85	53.24	32 h 44 min
26250	681.3499989509583	33.0	581.66205	166.26857	692.2	2.1999989	54.92	32 h 47 min
26300	685.9499990902841	31.0	610.2	136.16049	689.05	65.75	52.74	32 h 49 min
26350	682.1499990932643	35.0	595.883	151.27113	691.9	11.599999	54.26	32 h 51 min
26400	690.3999992720783	30.0	578.533	154.36943	692.8	131.0	57.08	32 h 53 min
26450	678.6499989107251	35.0	612.478	114.29527	691.05	261.0	52.28	32 h 56 min
26500	685.6499990746379	31.0	607.215	142.862	693.6	105.7	51.18	32 h 58 min
26550	690.8999992981553	30.0	625.18097	110.25533	691.35	259.55	48.14	33 h 0 min
26600	683.4999991133809	34.0	573.882	166.49437	691.7	51.399998	56.4	33 h 2 min
26650	682.6999990716577	34.0	597.07904	142.63759	689.55	131.05	54.72	33 h 5 min
26700	692.6999993920326	30.0	634.9	99.557465	688.0	266.65	47.78	33 h 7 min
26750	679.149999037385	37.0	628.014	69.69153	686.75	363.55	55.12	33 h 9 min
26800	681.3999990038574	34.0	615.097	127.84721	689.85	103.4	52.06	33 h 11 min
26850	687.9499991945922	31.0	612.962	122.6712	690.1	260.7	50.76	33 h 14 min
26900	692.8999994024634	30.0	625.722	119.866104	690.2	197.7	49.04	33 h 16 min
26950	686.3499992117286	33.0	615.362	110.63966	690.1	237.85	53.54	33 h 18 min
27000	689.099999204278	30.0	594.47095	154.88948	692.25	6.6499987	54.96	33 h 20 min
27050	677.8999987207353	32.0	587.385	170.71548	691.15	26.849998	49.46	33 h 22 min
27100	681.4499989561737	33.0	576.276	173.91231	689.2	28.199999	52.52	33 h 25 min
27150	681.9999990351498	34.0	590.64	163.1218	691.2	50.05	53.72	33 h 27 min
27200	690.4999992772937	30.0	603.843	128.54904	687.05	167.0	52.48	33 h 29 min
27250	676.2999987378716	34.0	602.162	128.55124	692.8	97.0	54.36	33 h 32 min
27300	684.6999991759658	34.0	608.425	123.05069	687.5	188.34999	52.76	33 h 34 min
27350	691.3999993242323	30.0	577.85297	151.29231	691.5	102.2	58.4	33 h 36 min
27400	656.4499984569848	49.0	570.586	169.02646	689.75	47.649998	55.68	33 h 39 min
27450	696.7499995529652	29.0	589.977	159.90207	691.65	141.6	51.34	33 h 41 min
27500	691.4999993294477	30.0	582.682	169.02507	690.1	5.449999	53.86	33 h 43 min
27550	687.9499992951751	33.0	604.69495	129.21066	691.3	117.9	54.64	33 h 45 min
27600	685.19999910146	32.0	611.418	139.39427	689.45	88.95	48.74	33 h 47 min
27650	687.3999992161989	32.0	609.75006	115.453125	692.2	247.4	53.2	33 h 50 min
27700	508.2949977796525	80.0	599.49	152.50536	691.15	-6.7500014	52.52	33 h 52 min
27750	678.9999989792705	36.0	577.609	128.20616	689.25	221.09999	59.3	33 h 55 min
27800	686.5999991744757	32.0	610.888	122.78941	692.05	-16.350002	52.88	33 h 57 min
27850	678.7999988682568	34.0	585.17303	143.83224	688.45	102.6	56.52	33 h 59 min
27900	681.1499990411103	35.0	604.265	122.81355	693.3	240.75	50.98	34 h 1 min
27950	681.8999990299344	34.0	600.21295	142.404	687.5	37.5	54.16	34 h 4 min
28000	686.3499992117286	33.0	626.53204	120.24667	690.05	137.05	48.4	34 h 6 min
28050	674.1499987766147	37.0	589.138	181.91766	688.85	36.6	50.12	34 h 8 min
28100	673.5999987982213	38.0	595.44403	179.3421	689.45	23.849998	48.88	34 h 10 min
28150	683.8999992348254	36.0	644.315	106.04823	690.15	5.3999987	44.84	34 h 12 min
28200	685.3499991595745	33.0	627.42896	135.37036	693.8	38.35	47.2	34 h 15 min
28250	674.2999988347292	38.0	593.632	137.49928	694.25	131.3	52.04	34 h 17 min
28300	681.6999990195036	34.0	600.21	155.04814	693.0	33.25	53.36	34 h 19 min
28350	684.249999102205	33.0	586.79706	166.24277	691.15	-3.4000008	53.28	34 h 21 min
28400	693.1499993652105	29.0	610.147	134.32846	690.45	131.8	52.26	34 h 24 min
28450	675.5999990031123	40.0	579.87	164.25938	690.85	99.1	55.72	34 h 26 min
28500	685.7499990798533	31.0	606.148	131.27727	689.55	141.25	52.78	34 h 28 min
28550	680.4999990575016	36.0	573.697	185.33418	688.9	83.4	51.98	34 h 31 min
28600	684.7999990805984	32.0	609.985	127.289375	690.55	176.05	52.0	34 h 33 min
28650	693.2499993704259	29.0	602.617	133.1202	690.1	139.55	51.9	34 h 35 min
28700	685.949999190867	33.0	599.966	111.94846	690.85	246.9	56.78	34 h 37 min
28750	685.1899991184473	32.8	584.471	123.14309	689.45	168.2	61.3	34 h 40 min
28800	679.7999991215765	38.0	597.13104	134.73291	687.4	134.65	54.58	34 h 42 min
28850	692.4499993287027	29.0	585.956	158.43498	689.75	33.75	55.5	34 h 44 min
28900	680.0299991060049	38.0	586.882	158.08923	688.85	-52.300003	56.3	34 h 47 min
28950	693.3999994285405	30.0	576.433	161.86554	690.85	-76.75	58.54	34 h 49 min
29000	679.5499989576638	35.0	566.025	177.93088	687.95	60.449997	58.86	34 h 52 min
29050	389.2649983353913	80.0	557.795	166.34811	684.65	-85.6	60.68	34 h 54 min
29100	685.8999992385507	34.0	592.43195	175.70348	688.75	-0.49999997	50.88	34 h 56 min
29150	670.4999985359609	36.0	601.35	128.02927	686.7	54.25	58.4	34 h 59 min
29200	687.899999242276	32.0	602.634	136.77647	689.1	146.0	52.68	35 h 1 min
29250	673.5999987982213	38.0	610.221	127.389915	692.75	125.25	52.2	35 h 3 min
29300	678.9499989673495	36.0	649.401	68.962326	689.95	360.5	45.76	35 h 6 min
29350	588.6249978229404	80.0	628.774	84.07181	688.15	364.05	52.1	35 h 8 min
29400	672.2499985769391	35.0	598.275	152.87694	692.9	127.35	50.26	35 h 10 min
29450	667.5399987924844	44.0	589.90295	193.57687	688.55	-90.450005	49.48	35 h 12 min
29500	693.749999396503	29.0	569.784	175.82996	685.85	-38.050003	55.0	35 h 15 min
29550	674.9499989189208	39.0	587.49603	179.92577	691.05	-15.500002	50.56	35 h 17 min
29600	688.4999992735684	32.0	609.939	105.518036	685.05	194.34999	56.62	35 h 19 min
29650	679.0499989315867	35.0	550.166	203.92908	686.4	-54.95	59.68	35 h 22 min
29700	675.5999989025295	38.0	560.141	179.63364	686.25	-13.500001	59.12	35 h 24 min
29750	691.5999993346632	30.0	613.56903	124.71281	691.75	97.35	53.9	35 h 26 min
29800	657.049997985363	39.0	526.653	181.54257	691.9	15.399999	62.84	35 h 29 min
29850	692.1999993659556	30.0	584.389	145.6456	683.2	158.7	56.02	35 h 31 min
29900	689.7499992884696	31.0	580.35205	153.76025	686.8	48.199997	55.7	35 h 34 min
29950	675.9999990239739	40.0	606.446	131.10762	692.4	-3.4500003	55.52	35 h 36 min
30000	689.0499992519617	31.0	590.21	152.89087	691.5	115.6	54.46	35 h 38 min
30050	689.7999993413687	32.0	570.096	138.51233	686.9	65.2	62.38	35 h 41 min
30100	685.5499991349876	32.8	559.44	186.29437	690.9	-45.15	58.62	35 h 43 min
30150	596.959998152405	80.0	599.271	136.74033	688.45	16.599998	55.4	35 h 46 min
30200	691.1999993138015	30.0	618.28705	117.64731	688.7	50.649998	52.72	35 h 48 min
30250	687.9499992951751	33.0	584.789	174.15665	688.05	21.65	54.58	35 h 50 min
30300	680.9999990537763	35.0	567.719	156.59329	683.75	74.25	61.06	35 h 53 min
30350	675.9999988228083	36.0	590.918	109.07746	685.1	267.0	60.46	35 h 55 min
30400	669.0499987751245	42.0	581.252	117.516716	690.75	183.35	64.22	35 h 58 min
30450	664.6999984458089	40.0	529.64905	209.26642	684.4	-75.4	64.62	36 h 0 min
30500	600.2999974377453	80.0	565.961	141.18211	685.85	122.65	62.8	36 h 3 min
30550	683.9499990865588	33.0	598.402	145.67867	688.9	18.999998	53.84	36 h 5 min
30600	691.3999993242323	30.0	544.507	175.18779	684.55	64.85	63.08	36 h 8 min
30650	665.6999985873699	42.0	579.543	151.78311	688.25	71.75	55.62	36 h 10 min
30700	688.8499992415309	31.0	627.799	95.775696	685.0	223.84999	50.9	36 h 12 min
30750	676.8999989703298	38.0	576.376	141.43552	692.65	194.6	58.6	36 h 15 min
30800	689.7499992884696	31.0	607.70905	103.46638	690.3	92.15	59.22	36 h 17 min
30850	686.1499992012978	33.0	579.343	167.42801	687.35	-32.0	55.8	36 h 19 min
30900	679.5499990582466	37.0	551.717	169.88972	687.05	8.899999	63.78	36 h 22 min
30950	689.3499992676079	31.0	600.127	124.37355	691.55	186.95	55.76	36 h 24 min
31000	676.9999988153577	35.0	542.14	195.04233	694.95	13.05	60.4	36 h 27 min
31050	678.9499990269542	37.0	597.652	142.57054	689.2	-69.950005	56.88	36 h 29 min
31100	688.599999178201	30.0	599.027	145.67712	687.7	-23.900002	54.14	36 h 31 min
31150	683.3999992087483	36.0	569.171	187.92906	687.4	-44.25	58.16	36 h 34 min
31200	685.5999992229044	34.0	594.531	143.52931	689.5	41.25	54.98	36 h 36 min
31250	686.5999991744757	32.0	579.56604	140.01317	688.45	167.0	58.42	36 h 38 min
31300	691.8499993979931	31.0	604.64	119.58966	686.35	68.549995	59.44	36 h 41 min
31350	688.6999991834164	30.0	573.607	171.09998	681.1	19.3	57.1	36 h 43 min
31400	687.5999991260469	30.0	581.594	153.74042	687.9	131.1	55.1	36 h 46 min
31450	641.249997869134	52.0	570.771	160.71675	687.2	14.099998	57.8	36 h 48 min
31500	687.2499992586672	33.0	565.511	143.46063	687.4	-41.9	66.62	36 h 51 min
31550	663.2499987110496	47.0	524.812	175.44037	684.25	-61.4	66.0	36 h 53 min
31600	693.7999993488193	28.0	535.763	142.5349	681.8	145.4	68.26	36 h 56 min
31650	684.8999990858138	32.0	548.279	171.58049	684.9	-34.4	61.58	36 h 58 min
31700	631.4999983124435	73.0	588.24	141.02646	689.8	112.0	58.08	37 h 1 min
31750	667.5499988347292	45.0	575.197	152.48279	688.0	26.449999	63.78	37 h 4 min
31800	680.149999089539	37.0	616.705	106.10884	687.2	74.25	56.54	37 h 6 min
31850	674.0999987497926	36.0	582.17194	118.48344	680.8	68.9	65.26	37 h 9 min
31900	652.3499984666705	54.0	599.829	102.4221	684.05	194.4	62.02	37 h 11 min
31950	595.2199972372503	80.0	562.596	118.3502	677.8	127.7	71.32	37 h 14 min
32000	591.1999965719879	80.0	524.07904	170.69614	684.95	15.099998	71.14	37 h 17 min
32050	692.5999993868172	30.0	588.458	125.86586	685.4	91.35	60.52	37 h 19 min
32100	686.4999991692603	32.0	546.407	164.78218	687.4	57.5	62.24	37 h 22 min
32150	678.0999990329146	38.0	570.199	148.25467	682.8	114.6	58.12	37 h 24 min
32200	677.9499990716577	39.0	555.63104	186.34653	686.2	27.949999	59.66	37 h 27 min
32250	675.6499987542629	35.0	583.26196	129.83803	684.55	94.35	61.46	37 h 29 min
32300	603.6499975882471	80.0	569.62604	124.07294	682.95	177.2	66.38	37 h 32 min
32350	581.5499963052571	80.0	549.089	127.97369	685.05	216.0	71.0	37 h 35 min
32400	672.7499988041818	39.0	563.92206	141.90556	685.0	140.0	65.62	37 h 38 min
32450	344.1649985812604	80.0	571.795	143.68536	685.45	176.35	61.26	37 h 40 min
32500	633.2999982051551	68.0	583.59595	122.09991	683.7	212.15	61.96	37 h 43 min
32550	682.1499991938472	37.0	588.684	130.60966	690.3	43.8	63.96	37 h 45 min
32600	666.8999986499548	42.0	541.59296	159.18663	687.15	91.35	69.3	37 h 48 min
32650	689.4999993257225	32.0	584.803	115.7668	684.2	72.15	65.88	37 h 51 min
32700	685.9999992437661	34.0	572.447	130.718	680.3	121.95	65.52	37 h 53 min
32750	599.2999974526465	80.0	576.742	144.85913	686.1	163.7	59.16	37 h 56 min
32800	612.099998075515	80.0	631.37103	74.41384	684.6	306.1	55.72	37 h 59 min
32850	660.0999984964728	46.0	571.668	175.81448	684.05	46.2	56.98	38 h 1 min
32900	651.3499984927475	55.0	575.57697	139.55438	686.3	90.299995	56.86	38 h 3 min
32950	632.499998062849	66.0	590.41705	151.44875	684.2	119.2	54.88	38 h 6 min
33000	682.4699990749359	34.0	583.318	161.45969	686.3	22.4	56.34	38 h 8 min
33050	668.7999988496304	44.0	568.342	160.67386	688.45	-61.25	61.92	38 h 11 min
33100	600.3999974876642	80.0	589.171	132.6501	684.55	125.8	59.36	38 h 14 min
33150	677.1499990336597	39.0	579.422	142.52583	683.55	104.85	63.98	38 h 16 min
33200	647.1499983742833	57.0	597.34796	102.00963	687.0	257.6	63.18	38 h 19 min
33250	605.3999977260828	80.0	600.807	103.53757	683.65	244.2	61.18	38 h 22 min
33300	685.7999991327524	32.0	588.22705	133.14948	686.75	-81.25	62.06	38 h 24 min
33350	676.1499989815056	39.0	587.598	127.01557	684.75	-4.2000012	62.02	38 h 27 min
33400	687.6999992318451	32.0	599.281	124.824326	689.15	241.75	58.14	38 h 29 min
33450	679.5499991588295	39.0	597.914	109.27938	690.25	117.95	62.6	38 h 32 min
33500	690.4999992772937	30.0	575.224	127.65467	690.7	84.4	67.54	38 h 34 min
33550	678.8499988205731	33.0	526.021	169.24974	689.1	96.45	66.26	38 h 37 min
33600	666.2499986290932	42.0	586.406	145.56834	693.05	-18.750002	59.28	38 h 39 min
33650	604.2999976910651	80.0	607.58	101.15574	681.65	150.0	62.16	38 h 42 min
33700	676.949998922646	37.0	577.868	143.1239	690.65	113.95	61.92	38 h 45 min
33750	606.0999977625906	80.0	534.316	174.5869	682.7	-89.1	67.9	38 h 48 min
33800	683.8999991342425	34.0	569.085	160.40204	690.9	64.05	60.58	38 h 50 min
33850	687.899999242276	32.0	577.474	149.16866	689.8	143.3	57.24	38 h 52 min
33900	678.5999990589917	38.0	563.289	172.31197	691.6	-13.050001	59.64	38 h 55 min
33950	681.9999991357327	36.0	594.68097	101.38497	687.8	234.05	62.82	38 h 57 min
34000	591.5999970734119	80.0	575.13104	118.656715	681.85	155.55	64.82	39 h 0 min
34050	685.949999190867	33.0	572.383	135.34021	687.2	182.0	66.04	39 h 3 min
34100	674.0499988719821	39.0	525.591	191.67119	690.55	-69.05	65.8	39 h 5 min
34150	685.8499991856515	33.0	568.975	157.07811	685.55	-59.25	62.9	39 h 8 min
34200	595.6999973468482	80.0	572.06104	152.53372	683.2	41.8	65.64	39 h 11 min
34250	587.9999968856573	80.0	595.6611	127.37976	690.8	-6.1000013	60.64	39 h 13 min
34300	631.7499978467822	62.0	536.663	168.47513	683.9	49.6	67.68	39 h 16 min
34350	674.2999990358949	42.0	531.54803	185.13379	688.2	18.599998	62.4	39 h 19 min
34400	599.8499975055456	80.0	550.958	181.95702	686.3	-54.5	61.36	39 h 21 min
34450	597.4999973811209	80.0	595.346	98.89919	687.35	285.95	61.92	39 h 24 min
34500	673.3499988354743	39.0	553.799	192.00688	681.7	-50.5	62.68	39 h 27 min
34550	608.6999975480139	80.0	588.431	112.39555	685.8	103.549995	65.06	39 h 30 min
34600	679.6499989628792	35.0	565.85	167.81406	683.75	-98.700005	66.18	39 h 32 min
34650	659.1499985978007	49.0	586.739	128.55434	690.2	57.95	62.62	39 h 35 min
34700	617.519998101145	80.0	582.52	133.2871	687.4	127.2	65.8	39 h 38 min
34750	596.9999973550439	80.0	561.08	132.76399	688.1	66.85	71.88	39 h 41 min
34800	588.5999969169497	80.0	550.14294	149.41016	677.5	95.799995	71.12	39 h 44 min
34850	610.3999979645014	80.0	577.073	99.070625	685.7	218.3	71.7	39 h 47 min
34900	593.1999971568584	80.0	553.77	158.82545	684.6	-30.550001	70.2	39 h 50 min
34950	670.5499987900257	41.0	590.5	112.49045	688.65	201.95	63.88	39 h 52 min
35000	664.2699985325337	43.2	579.409	127.0541	686.4	53.55	65.2	39 h 55 min
35050	672.9499988146126	39.0	583.314	123.33096	684.8	65.35	62.42	39 h 57 min
35100	679.8999990262091	36.0	547.592	161.20152	685.8	-41.300003	67.06	40 h 0 min
35150	658.699998345226	44.0	556.6	150.56056	680.8	-22.650002	67.54	40 h 3 min
35200	660.7999984323978	44.0	538.30896	172.95909	686.5	33.25	65.38	40 h 5 min
35250	669.4499986320734	39.0	561.426	140.79543	685.05	-6.8000007	67.02	40 h 8 min
35300	603.8999977149069	80.0	565.41	181.86946	690.45	-57.050003	61.06	40 h 11 min
35350	680.8499990254641	35.0	571.085	148.27611	678.35	-23.400002	65.6	40 h 13 min
35400	607.6499978303909	80.0	554.889	174.04274	681.9	24.05	64.12	40 h 16 min
35450	574.9799984462559	80.0	582.07794	134.68813	686.05	-67.5	65.46	40 h 19 min
35500	594.2999976538122	80.0	585.591	129.68173	690.0	70.55	63.4	40 h 22 min
35550	590.4999970160425	80.0	568.259	135.96037	688.5	132.6	66.62	40 h 24 min
35600	617.199998550117	80.0	543.1279	148.38414	684.2	14.55	71.06	40 h 27 min
35650	598.5999970138073	80.0	527.17303	134.31627	684.05	149.5	74.3	40 h 30 min
35700	666.2499986663461	43.0	507.56796	168.31831	684.35	89.2	72.7	40 h 33 min
35750	640.4499981254339	59.0	493.26398	176.19405	673.45	-32.0	74.7	40 h 36 min
35800	603.4999976940453	80.0	576.01904	99.46636	683.95	153.2	71.72	40 h 39 min
35850	490.4949980247766	80.0	539.8	167.54044	687.0	12.349999	67.32	40 h 42 min
35900	673.4499987401068	37.0	584.968	101.827095	680.65	250.85	65.9	40 h 44 min
35950	615.9499978534877	79.0	591.248	97.7614	680.55	311.0	62.64	40 h 47 min
36000	683.4499990604818	33.0	543.70996	175.99054	689.7	33.75	65.94	40 h 50 min
36050	661.499998871237	52.0	578.144	132.4883	682.45	-41.350002	67.66	40 h 52 min
36100	581.0999968573451	80.0	582.7329	108.720085	687.55	78.4	69.52	40 h 55 min
36150	626.8999974690378	60.0	553.29	138.64511	686.1	94.549995	70.48	40 h 58 min
36200	643.9499982073903	57.0	564.646	138.03523	692.3	47.95	68.18	41 h 1 min
36250	599.0999974645674	80.0	594.55994	66.54664	682.95	278.3	72.24	41 h 4 min
36300	605.9999978244305	80.0	553.213	140.27332	691.0	-55.15	72.78	41 h 7 min
36350	609.7999975755811	80.0	568.508	85.42052	680.95	235.8	75.48	41 h 10 min
36400	595.8999972976744	80.0	571.158	123.28042	681.7	52.149998	71.82	41 h 13 min
36450	682.1499989926815	33.0	588.8641	84.32537	683.6	283.3	73.08	41 h 16 min
36500	602.4999975971878	80.0	559.607	120.94445	683.25	218.7	72.88	41 h 19 min
36550	664.6499985828996	43.0	593.731	78.36409	688.0	248.1	72.36	41 h 22 min
36600	605.6999978087842	80.0	546.30096	142.67014	684.1	124.5	71.74	41 h 25 min
36650	648.24999833107	55.0	568.054	129.37254	679.3	44.8	71.14	41 h 28 min
36700	644.3499981276691	55.0	589.916	129.13708	678.55	74.0	64.56	41 h 31 min
36750	600.3999975323677	80.0	576.38995	105.23802	683.3	206.15	68.5	41 h 34 min
36800	612.2999981530011	80.0	605.4391	89.80596	686.0	282.35	61.88	41 h 36 min
36850	659.8499987348914	51.0	584.301	117.16099	686.25	149.1	64.5	41 h 39 min
36900	586.5999968126416	80.0	539.66	151.67491	685.85	76.55	70.58	41 h 42 min
36950	689.2999993152916	32.0	566.13306	128.63791	688.25	28.3	71.1	41 h 45 min
37000	599.3999974802136	80.0	558.219	141.04935	692.4	91.85	69.56	41 h 48 min
37050	677.3499989435077	37.0	538.465	154.13678	681.0	55.35	72.54	41 h 50 min
37100	587.9449979085475	80.0	578.058	100.501305	684.2	177.45	69.26	41 h 53 min
37150	599.3999974802136	80.0	552.69604	142.33116	684.8	10.649999	71.44	41 h 56 min
37200	604.5999977514148	80.0	525.636	175.64293	688.3	-38.800003	70.84	41 h 59 min
37250	509.5499969147146	80.0	561.899	145.17961	685.55	15.849999	73.8	42 h 2 min
37300	584.8399981755763	80.0	536.362	137.2113	684.4	1.9999998	75.44	42 h 5 min
37350	593.7999971881509	80.0	559.29095	135.96227	682.2	52.149998	74.32	42 h 8 min
37400	594.6999972350895	80.0	570.12897	115.07321	677.35	222.09999	73.0	42 h 12 min
37450	599.0999974645674	80.0	544.33405	158.38187	681.4	24.15	69.1	42 h 15 min
37500	668.449998781085	43.0	562.1711	122.3409	679.55	132.35	72.64	42 h 17 min
37550	663.6499985307455	43.0	567.152	138.89693	679.95	79.0	68.7	42 h 20 min
37600	663.1999986581504	46.0	590.889	124.639496	685.45	177.1	64.2	42 h 23 min
37650	608.4999979548156	80.0	553.457	149.3435	679.4	39.899998	71.78	42 h 26 min
37700	649.7499981075525	49.0	557.507	151.10393	684.2	71.049995	68.76	42 h 29 min
37750	672.2999987304211	38.0	548.251	144.38196	676.35	79.299995	68.8	42 h 31 min
37800	613.9999981150031	80.0	571.386	130.64206	681.0	49.199997	70.16	42 h 34 min
37850	650.1999982818961	52.0	539.985	164.09344	682.3	-41.200005	70.04	42 h 37 min
37900	666.3499987721443	45.0	558.19	133.17952	682.85	49.85	69.24	42 h 40 min
37950	650.8999984189868	54.0	567.122	144.34964	686.1	54.399998	64.9	42 h 42 min
38000	665.9499988518655	47.0	610.094	142.87375	688.25	-28.500002	54.8	42 h 45 min
38050	606.1999977380037	80.0	580.39	127.915565	688.25	25.099998	67.04	42 h 48 min
38100	635.0999978967011	60.0	578.01697	155.55003	687.25	-29.600002	64.18	42 h 50 min
38150	681.7499991729856	37.0	552.61206	167.39177	686.0	-35.95	67.72	42 h 53 min
38200	600.6899978093803	80.0	551.74097	151.46295	684.5	78.0	66.66	42 h 56 min
38250	601.3499979823828	80.0	557.365	124.5787	673.15	-29.0	72.78	42 h 59 min
38300	590.4999970160425	80.0	542.437	145.95135	684.8	20.95	71.7	43 h 2 min
38350	649.6999983601272	57.0	583.38696	125.44588	682.95	58.149998	66.48	43 h 5 min
38400	673.249998729676	37.0	559.086	115.28207	676.4	133.2	73.86	43 h 7 min
38450	573.1849967200309	80.0	532.525	170.22157	684.8	-63.2	70.14	43 h 10 min
38500	596.299997318536	80.0	582.165	110.547874	683.25	-35.550003	70.72	43 h 13 min
38550	481.5149984493852	80.0	538.234	143.4955	684.3	19.8	74.24	43 h 16 min
38600	626.1599978327752	69.5	521.59	185.71455	682.15	-78.85	70.22	43 h 19 min
38650	605.9499975927174	80.0	540.078	144.61937	686.05	115.8	72.68	43 h 22 min
38700	596.8999973498285	80.0	543.402	149.7803	677.3	37.2	71.5	43 h 25 min
38750	678.4999990537763	38.0	537.23804	162.62303	691.05	-36.800003	72.16	43 h 28 min
38800	595.9999973028898	80.0	583.91296	112.22196	689.5	99.0	69.36	43 h 31 min
38850	557.4349976830184	80.0	511.33902	144.05226	682.15	143.65	76.76	43 h 34 min
38900	599.5999974906445	80.0	543.601	112.369255	615.65	42.1	80.0	43 h 37 min
38950	636.099998049438	62.0	552.816	124.32222	686.05	78.7	74.66	43 h 40 min
39000	610.3999979645014	80.0	551.833	125.1546	685.65	104.7	72.08	43 h 43 min
39050	605.3499976061285	80.0	496.695	167.89551	677.0	42.25	74.9	43 h 46 min
39100	612.599998062104	80.0	573.775	107.49618	680.45	100.45	73.12	43 h 49 min
39150	595.9799978457391	80.0	525.01294	149.08246	677.1	60.199997	72.86	43 h 52 min
39200	582.499996509403	80.0	499.87698	160.35307	675.2	51.5	75.5	43 h 55 min
39250	563.5199977554381	80.0	546.72705	113.12738	681.4	169.6	73.48	43 h 58 min
39300	585.699996765703	80.0	565.611	119.36115	688.7	188.2	71.26	44 h 1 min
39350	671.2499987259507	39.0	572.42	91.80797	685.1	127.95	73.58	44 h 4 min
39400	660.699998728931	50.0	570.453	126.83802	682.2	-14.000002	71.54	44 h 7 min
39450	591.2999970577657	80.0	561.22	142.62196	685.85	42.95	69.06	44 h 10 min
39500	590.6499970331788	80.0	545.195	144.16467	681.05	6.5499988	73.54	44 h 13 min
39550	674.1999990306795	42.0	538.006	161.16972	687.55	80.65	69.5	44 h 16 min
39600	663.1499987058342	47.0	523.836	167.68135	677.45	53.199997	69.52	44 h 18 min
39650	668.7499986961484	41.0	550.832	165.22426	676.85	-73.950005	66.52	44 h 21 min
39700	649.199998229742	52.0	580.68695	94.83472	682.6	192.45	67.92	44 h 24 min
39750	658.8499985821545	49.0	549.885	161.10931	689.05	-38.5	67.04	44 h 27 min
39800	594.499997638166	80.0	530.6	152.191	683.05	150.15	73.02	44 h 30 min
39850	668.2499986700714	41.0	568.401	108.13666	682.75	246.55	72.52	44 h 32 min
39900	607.5799982592464	80.0	509.21698	172.30586	671.7	-11.750001	75.8	44 h 35 min
39950	586.7999972626567	80.0	536.665	161.56752	680.95	3.7999992	70.6	44 h 38 min
40000	679.9999990314245	36.0	568.158	119.18786	674.15	84.1	70.3	44 h 41 min
