Episode	TestRet	TestSteps	AverageEpRet	StdEpRet	MaxEpRet	MinEpRet	EpLen	Time
50	-671.5500247515738	100.0	-276.194	10.904149	-247.20001	-302.75	100.0	12 min 50 sec
100	-288.3000055961311	100.0	-272.642	54.10579	-186.35	-619.75	100.0	26 min 7 sec
150	-387.80000979453325	100.0	-287.50198	93.01779	-184.85	-606.60004	100.0	39 min 47 sec
200	-280.00000417232513	100.0	-261.54398	72.86149	-100.25001	-507.55002	100.0	53 min 14 sec
250	-407.15001283213496	100.0	-241.569	77.99894	-82.450005	-502.40002	100.0	1 h 6 min
300	-484.4000175781548	100.0	-232.129	118.434296	153.34999	-587.60004	100.0	1 h 18 min
350	-473.4000146985054	100.0	-183.422	142.51454	309.4	-522.05005	100.0	1 h 31 min
400	-545.0000241473317	100.0	-119.592	132.55374	227.15	-390.65002	100.0	1 h 44 min
450	-67.4500129558146	100.0	-13.34201	154.99794	403.4	-313.05002	100.0	1 h 57 min
500	-382.5000189282	100.0	220.466	206.20758	704.3	-299.7	100.0	2 h 10 min
550	107.29997797682881	100.0	487.332	314.9552	1377.9	-67.00001	100.0	2 h 23 min
600	1271.5999908298254	100.0	655.10596	321.2837	1431.5	113.49999	100.0	2 h 35 min
650	1444.6499874837696	100.0	871.9861	334.4284	1597.45	15.649996	100.0	2 h 48 min
700	1464.6999872289598	100.0	1077.231	305.98114	1561.8	365.15	100.0	3 h 1 min
750	1492.699987526983	100.0	1135.9939	342.04572	1584.15	240.7	100.0	3 h 13 min
800	65.09997491911054	100.0	1160.923	303.49387	1564.25	538.95	100.0	3 h 26 min
850	-67.30002726241946	100.0	1175.9869	348.82614	1579.1	248.4	100.0	3 h 38 min
900	75.29997672513127	100.0	1115.405	378.17395	1559.95	214.55	100.0	3 h 51 min
950	604.0999779514968	100.0	1107.781	333.47028	1580.0	467.75	100.0	4 h 3 min
1000	1476.2499937415123	100.0	1168.885	350.59378	1590.9	154.54999	100.0	4 h 15 min
1050	1483.5499937310815	100.0	1191.6709	315.40802	1583.55	346.45	100.0	4 h 27 min
1100	1390.149988103658	100.0	1151.956	290.69876	1538.35	462.55	100.0	4 h 38 min
1150	1548.099992979318	100.0	1135.0371	291.5933	1527.75	399.8	100.0	4 h 50 min
1200	1473.2299936819823	100.0	1197.9539	293.2883	1546.3	404.55	100.0	5 h 2 min
1250	1480.5499942563474	100.0	1124.9789	299.02234	1464.25	460.0	100.0	5 h 13 min
1300	1224.8499903008342	100.0	1019.2061	412.7184	1460.35	-6.6500053	100.0	5 h 25 min
1350	1287.3999914936721	100.0	1068.4	298.34952	1427.9	172.65	100.0	5 h 37 min
1400	1414.9999910965562	100.0	1018.659	316.11475	1470.65	249.59999	100.0	5 h 48 min
1450	1434.9499939493835	100.0	1035.001	321.021	1412.75	347.35	100.0	6 h 0 min
1500	1380.3999939709902	100.0	1032.733	341.78268	1416.65	71.0	100.0	6 h 11 min
1550	1356.499994892627	100.0	1031.027	302.86096	1421.65	165.09999	100.0	6 h 23 min
1600	1247.299994584173	100.0	1070.297	272.36868	1406.15	309.35	100.0	6 h 34 min
1650	1297.1999946385622	100.0	997.145	290.32138	1399.2	282.9	100.0	6 h 45 min
1700	1353.1999939531088	100.0	1073.8519	285.13922	1373.55	153.79999	100.0	6 h 57 min
1750	1355.099993724376	100.0	1002.3949	291.9176	1367.85	188.2	100.0	7 h 8 min
1800	1321.924994532019	100.0	1034.804	318.47244	1418.35	235.2	100.0	7 h 20 min
1850	1307.634993724525	100.0	978.03796	287.68365	1330.15	337.05	100.0	7 h 31 min
1900	1319.6999934129417	100.0	913.30786	347.35666	1388.65	237.95	100.0	7 h 42 min
1950	1244.2499935552478	100.0	1007.151	299.4494	1411.9	121.45	100.0	7 h 53 min
2000	1383.6099928595127	100.0	1001.1811	290.32648	1382.35	134.34999	100.0	8 h 4 min
2050	1303.8499934114516	100.0	949.47705	293.1073	1361.1	275.55	100.0	8 h 15 min
2100	1170.799994405359	100.0	996.063	307.53857	1375.7	46.449997	100.0	8 h 26 min
2150	1318.1299937739968	100.0	913.675	291.2435	1309.7	332.55	100.0	8 h 37 min
2200	1149.999991927296	100.0	980.319	311.3131	1393.2	356.0	100.0	8 h 49 min
2250	1316.2299890782683	100.0	963.764	323.77603	1378.15	187.5	100.0	9 h 0 min
2300	1227.8199965368956	100.0	905.1409	325.86014	1339.9	70.899994	100.0	9 h 11 min
2350	1180.599986948073	100.0	995.57495	309.48795	1342.85	165.45	100.0	9 h 22 min
2400	1152.7499966658652	100.0	868.777	265.06085	1321.25	285.4	100.0	9 h 33 min
2450	906.5099963851274	100.0	879.1101	278.7968	1238.7	227.7	100.0	9 h 43 min
2500	1226.1799930516631	100.0	827.4899	308.63242	1313.5	22.699997	100.0	9 h 54 min
2550	1229.8699942365288	100.0	892.031	303.65567	1310.5	260.35	100.0	10 h 5 min
2600	1174.409992814064	100.0	806.57794	369.0344	1274.65	-23.600006	100.0	10 h 16 min
2650	1330.0149928063154	100.0	928.9789	274.03036	1308.7	-139.40001	100.0	10 h 27 min
2700	1049.1599942997098	100.0	848.358	260.46445	1324.05	214.75	100.0	10 h 38 min
2750	953.1999977342784	100.0	793.5589	353.58194	1243.5	31.299997	100.0	10 h 49 min
2800	1206.5999955497682	100.0	851.8709	254.7222	1189.85	111.35	100.0	10 h 59 min
2850	1105.9599923871458	100.0	871.985	266.9863	1250.35	197.75	100.0	11 h 10 min
2900	1058.2499965190887	100.0	855.515	233.89409	1282.9	392.65	100.0	11 h 21 min
2950	983.249986987561	100.0	836.08594	259.44467	1301.65	34.849995	100.0	11 h 32 min
3000	1254.7499937228858	100.0	782.572	323.27905	1304.7	-79.700005	100.0	11 h 43 min
3050	1222.5399963617324	100.0	783.151	297.5811	1214.55	50.999996	100.0	11 h 54 min
3100	757.2499975264072	100.0	816.166	234.59381	1299.75	81.0	100.0	12 h 5 min
3150	816.7999970637262	100.0	752.75	310.99896	1271.55	-84.25001	100.0	12 h 15 min
3200	1293.9999964907765	100.0	681.82306	286.4604	1123.5	-60.100002	100.0	12 h 26 min
3250	1267.5499945133924	100.0	725.069	326.13052	1216.15	66.95	100.0	12 h 37 min
3300	1150.3999902307987	100.0	758.93494	321.8521	1322.6	47.299995	100.0	12 h 49 min
3350	874.5399960070848	100.0	802.17303	295.8601	1287.85	40.499996	100.0	13 h 0 min
3400	1123.3249948937446	100.0	724.4459	254.4231	1123.75	134.0	100.0	13 h 11 min
3450	1041.0949896384031	100.0	786.48596	314.92435	1228.55	-27.100006	100.0	13 h 22 min
3500	1229.9999951664358	100.0	803.407	257.73584	1233.7	297.65	100.0	13 h 33 min
3550	1133.0399954259397	100.0	917.56305	239.55203	1246.55	404.45	100.0	13 h 44 min
3600	782.2099965691566	100.0	689.516	254.50677	1167.35	-220.15001	100.0	13 h 55 min
3650	744.7249944388866	100.0	757.301	300.618	1190.75	16.449997	100.0	14 h 6 min
3700	810.2249966964125	100.0	726.53705	276.89758	1175.4	-114.55	100.0	14 h 16 min
3750	718.4849966235458	100.0	736.969	282.67242	1312.75	-108.950005	100.0	14 h 27 min
3800	982.6449949454516	100.0	759.90295	290.60263	1230.85	186.5	100.0	14 h 38 min
3850	1163.3749935213477	100.0	779.259	273.8147	1171.7	135.65	100.0	14 h 50 min
3900	1262.1499927826226	100.0	756.52704	239.69138	1176.2	58.149998	100.0	15 h 1 min
3950	1084.7199939459563	100.0	785.4249	261.626	1287.3	237.9	100.0	15 h 12 min
4000	910.6099889684468	100.0	753.758	312.75168	1200.5	-10.850003	100.0	15 h 23 min
4050	1116.0849955063313	100.0	740.592	295.95392	1200.9	-23.200003	100.0	15 h 34 min
4100	1171.8999944999814	100.0	725.825	296.10657	1198.5	39.899998	100.0	15 h 44 min
4150	917.2899936124683	100.0	742.266	289.54617	1208.0	-33.000004	100.0	15 h 55 min
4200	1245.5899911485612	100.0	667.623	264.87326	1164.5	40.099995	100.0	16 h 6 min
4250	646.1499964565039	100.0	686.20795	297.49713	1240.35	37.3	100.0	16 h 17 min
4300	1068.6999890767038	100.0	664.0349	318.7522	1254.25	75.6	100.0	16 h 28 min
4350	1147.7499949671328	100.0	711.455	309.13513	1207.6	-137.25	100.0	16 h 38 min
4400	761.9899944547564	100.0	747.4509	285.2325	1246.95	93.35	100.0	16 h 49 min
4450	974.8999951127917	100.0	826.555	335.65005	1292.85	-66.350006	100.0	17 h 1 min
4500	604.1149943750352	100.0	632.31604	303.582	1230.25	27.699997	100.0	17 h 11 min
4550	1139.3499942012131	100.0	822.598	319.13416	1253.65	-7.450003	100.0	17 h 23 min
4600	1175.0999895446002	100.0	688.3209	240.79146	1193.5	79.0	100.0	17 h 33 min
4650	1091.7999927923083	100.0	697.78705	300.4701	1268.2	68.549995	100.0	17 h 44 min
4700	1218.2799950078129	100.0	682.22705	300.1215	1275.0	129.15	100.0	17 h 55 min
4750	398.0649973046035	100.0	747.029	339.25812	1273.25	54.749996	100.0	18 h 6 min
4800	1111.2749899309129	100.0	705.005	296.73413	1193.85	31.699995	100.0	18 h 17 min
4850	956.9499954991043	100.0	729.956	324.1756	1238.0	-4.8500037	100.0	18 h 28 min
4900	1129.9499932788312	100.0	745.69904	288.59854	1255.1	37.849995	100.0	18 h 40 min
4950	1166.749994546175	100.0	653.141	323.97354	1160.05	-50.200005	100.0	18 h 51 min
5000	1147.8999907374382	100.0	669.62604	238.7879	1132.4	188.2	100.0	19 h 1 min
5050	1189.4499938279391	100.0	739.182	313.2006	1279.9	146.4	100.0	19 h 12 min
5100	1082.7499953117222	100.0	716.5949	297.90692	1238.2	42.149998	100.0	19 h 23 min
5150	1199.4599948711693	100.0	754.0691	306.57474	1264.7	30.849997	100.0	19 h 35 min
5200	549.0399939980358	100.0	760.99603	286.96408	1263.4	79.7	100.0	19 h 46 min
5250	1099.149987258017	100.0	675.039	330.17642	1221.85	-14.650004	100.0	19 h 56 min
5300	1200.8499923981726	100.0	788.12714	252.45415	1212.8	195.54999	100.0	20 h 7 min
5350	709.8999954037369	100.0	739.49695	310.26578	1226.05	94.95	100.0	20 h 19 min
5400	1191.5499948263168	100.0	656.326	292.1755	1229.9	58.999996	100.0	20 h 30 min
5450	781.9299970205873	100.0	628.04297	312.1942	1238.75	-45.450005	100.0	20 h 41 min
5500	1260.4999911226332	100.0	739.57794	319.4508	1352.5	18.949997	100.0	20 h 53 min
5550	952.4449940897524	100.0	750.0709	338.6841	1265.65	118.299995	100.0	21 h 4 min
5600	1139.049990247935	100.0	712.88306	327.6064	1293.9	42.649998	100.0	21 h 15 min
5650	1101.5199923478067	100.0	711.39795	303.87192	1176.95	-59.050003	100.0	21 h 27 min
5700	1089.8999919444323	100.0	810.576	340.2033	1340.2	-4.529953e-06	100.0	21 h 38 min
5750	325.02999715432526	100.0	625.704	309.25836	1255.8	-212.85	100.0	21 h 49 min
5800	1189.699992287904	100.0	728.16296	342.27338	1296.4	51.649998	100.0	22 h 1 min
5850	830.2649955116212	100.0	623.25397	299.87527	1290.25	46.999996	100.0	22 h 12 min
5900	890.7999942895025	100.0	660.68396	314.4176	1208.15	-99.50001	100.0	22 h 23 min
5950	875.8999956313521	100.0	703.136	330.98773	1234.0	-26.450005	100.0	22 h 34 min
6000	1164.0999919474125	100.0	643.08295	312.61038	1111.3	-38.650005	100.0	22 h 45 min
6050	1140.8499936535954	100.0	704.04596	338.13705	1227.0	42.399994	100.0	22 h 56 min
6100	1221.1999947354198	100.0	670.8191	307.64316	1240.5	151.4	100.0	23 h 7 min
6150	1217.9999937042594	100.0	703.19696	298.18533	1212.55	133.45	100.0	23 h 18 min
6200	1097.649991568178	100.0	803.5871	265.1675	1317.35	263.25	100.0	23 h 30 min
6250	1163.1499938815832	100.0	663.04297	326.3872	1184.1	-38.050003	100.0	23 h 40 min
6300	1059.549993082881	100.0	749.341	290.1028	1298.95	41.549995	100.0	23 h 52 min
6350	1067.79998992756	100.0	678.09	308.25818	1139.15	91.35	100.0	24 h 3 min
6400	1061.5199914660304	100.0	734.969	298.73184	1227.75	139.9	100.0	24 h 14 min
6450	1166.7099919244647	100.0	836.437	321.08484	1265.95	9.499996	100.0	24 h 25 min
6500	1073.2299932789058	100.0	748.37604	295.0873	1233.5	216.3	100.0	24 h 37 min
6550	1203.0999938361347	100.0	859.592	270.42545	1204.25	141.59999	100.0	24 h 48 min
6600	853.7999963760376	100.0	760.29803	339.2858	1251.5	-91.100006	100.0	24 h 59 min
6650	965.1399961195887	100.0	680.163	305.75555	1223.7	53.899998	100.0	25 h 11 min
6700	459.0399913389236	100.0	718.65405	289.07285	1277.35	175.2	100.0	25 h 22 min
6750	932.1949955869466	100.0	857.769	307.53137	1277.25	10.099997	100.0	25 h 33 min
6800	1186.0999925620854	100.0	706.579	270.15125	1221.75	35.999996	100.0	25 h 45 min
6850	1027.2749911732972	100.0	808.959	300.61765	1224.95	82.25	100.0	25 h 56 min
6900	1123.1649958398193	100.0	710.21094	315.53888	1213.15	-20.900005	100.0	26 h 7 min
6950	1152.5399911418558	100.0	644.839	339.6413	1164.45	-37.500004	100.0	26 h 19 min
7000	286.2249956458807	100.0	677.682	323.508	1322.7	48.699997	100.0	26 h 29 min
7050	1091.3199967775495	100.0	733.26306	369.50793	1270.95	-270.0	100.0	26 h 40 min
7100	1036.4999935366213	100.0	791.3209	311.26617	1237.25	54.999996	100.0	26 h 51 min
7150	1132.099993094802	100.0	791.087	351.99118	1273.8	48.949993	100.0	27 h 3 min
7200	716.7549943882972	100.0	815.2101	338.52026	1226.55	-270.2	100.0	27 h 14 min
7250	1182.4799948468803	100.0	756.717	338.97397	1234.35	-61.750004	100.0	27 h 25 min
7300	1200.5499939471483	100.0	722.3679	367.68793	1286.75	25.449997	100.0	27 h 36 min
7350	1122.6749945931138	100.0	852.02795	311.3602	1228.15	4.9999957	100.0	27 h 47 min
7400	1251.3499953858554	100.0	724.805	353.02872	1183.75	-16.100002	100.0	27 h 59 min
7450	718.7849961414934	100.0	678.76	298.4185	1218.95	-39.300003	100.0	28 h 9 min
7500	1107.4499945119023	100.0	709.956	347.5674	1223.1	-232.95001	100.0	28 h 20 min
7550	1021.8499931238591	100.0	625.997	271.1884	1127.15	55.199997	100.0	28 h 31 min
7600	884.4949951082468	100.0	648.739	343.01135	1239.0	64.399994	100.0	28 h 42 min
7650	1143.2699952170253	100.0	811.859	278.37344	1285.05	236.7	100.0	28 h 53 min
7700	1188.5499950163066	100.0	759.8691	282.646	1229.05	42.849995	100.0	29 h 4 min
7750	1039.9299960583448	100.0	849.183	286.97894	1189.75	140.5	100.0	29 h 15 min
7800	1199.6999919302762	100.0	722.378	293.16245	1186.65	126.35	100.0	29 h 27 min
7850	1079.999994713813	100.0	804.965	310.4429	1275.0	-133.6	100.0	29 h 38 min
7900	1155.4349954515696	100.0	757.995	277.89435	1210.75	70.75	100.0	29 h 49 min
7950	1194.59999493137	100.0	738.817	309.51184	1235.8	86.549995	100.0	30 h 0 min
8000	692.5699964363127	100.0	733.3	298.64978	1266.7	183.3	100.0	30 h 11 min
8050	249.96499460972845	100.0	711.428	283.5805	1208.65	88.549995	100.0	30 h 22 min
8100	1118.4499913416803	100.0	655.003	312.22144	1243.8	53.6	100.0	30 h 33 min
8150	1148.859994173795	100.0	894.78906	292.66345	1244.05	85.45	100.0	30 h 44 min
8200	1120.6499951444566	100.0	790.9309	311.15552	1189.95	-104.200005	100.0	30 h 55 min
8250	1273.7999946922064	100.0	743.319	299.9829	1205.65	48.149994	100.0	31 h 6 min
8300	431.9849938079715	100.0	684.13	298.72903	1207.25	78.2	100.0	31 h 17 min
8350	1086.919987756759	100.0	787.2391	309.1541	1232.95	71.24999	100.0	31 h 28 min
8400	1153.4499918743968	100.0	722.79	319.0265	1264.75	-218.2	100.0	31 h 39 min
8450	1198.1249950490892	100.0	771.5109	299.94583	1236.95	87.399994	100.0	31 h 51 min
8500	926.8499952666461	100.0	764.005	347.75433	1248.75	-80.8	100.0	32 h 1 min
8550	811.3199961986393	100.0	706.60803	324.8141	1258.45	33.299995	100.0	32 h 12 min
8600	1141.499993879348	100.0	813.971	329.53192	1236.9	118.34999	100.0	32 h 24 min
8650	1173.599992889911	100.0	745.79205	262.91174	1172.85	51.849995	100.0	32 h 34 min
8700	921.1099961653351	100.0	824.20795	242.98622	1250.45	169.55	100.0	32 h 42 min
8750	1172.449995432049	100.0	687.78705	283.86337	1259.8	125.7	100.0	32 h 50 min
8800	1249.799993224442	100.0	780.988	286.6914	1209.9	76.75	100.0	32 h 57 min
8850	1133.899992633611	100.0	753.7511	297.86227	1223.4	67.1	100.0	33 h 5 min
8900	1173.5499947071075	100.0	789.9459	316.45163	1245.8	-163.1	100.0	33 h 13 min
8950	1158.699994571507	100.0	823.17206	276.32626	1261.05	171.34999	100.0	33 h 21 min
9000	969.1399950865656	100.0	767.0721	238.17625	1232.25	44.899994	100.0	33 h 29 min
9050	1010.4499960698188	100.0	685.31604	278.83548	1160.5	25.349997	100.0	33 h 36 min
9100	1056.1399917393924	100.0	710.182	302.9071	1244.75	-33.600002	100.0	33 h 44 min
9150	1126.6999907381833	100.0	792.08405	310.7288	1286.3	219.3	100.0	33 h 52 min
9200	1082.4999926872551	100.0	800.646	326.5715	1192.4	116.549995	100.0	33 h 59 min
9250	1137.8499955013394	100.0	756.521	345.49295	1232.3	-10.700004	100.0	34 h 7 min
9300	1058.5699961334467	100.0	679.015	324.36954	1174.95	-49.500004	100.0	34 h 15 min
9350	829.6199933797121	100.0	683.959	293.0855	1204.8	-68.90001	100.0	34 h 22 min
9400	744.2699955109507	100.0	750.483	271.00095	1182.45	-46.950005	100.0	34 h 30 min
9450	1101.349994134158	100.0	723.998	302.63226	1217.7	-244.3	100.0	34 h 37 min
9500	1278.299994200468	100.0	796.193	298.50998	1211.8	35.649998	100.0	34 h 45 min
9550	770.5299959819764	100.0	742.95	321.51187	1198.0	57.949997	100.0	34 h 53 min
9600	434.61999543532727	100.0	659.003	323.54013	1188.4	-269.55002	100.0	35 h 0 min
9650	1118.9699944108725	100.0	679.19104	269.23444	1252.65	-70.450005	100.0	35 h 7 min
9700	1135.3499923683703	100.0	796.40704	279.00946	1217.6	211.3	100.0	35 h 15 min
9750	946.6999940279871	100.0	742.99493	237.59024	1182.9	147.75	100.0	35 h 23 min
9800	1233.6999948620796	100.0	685.40796	295.48593	1331.7	46.049995	100.0	35 h 30 min
9850	1227.14999518916	100.0	753.48	350.5137	1253.95	-16.950006	100.0	35 h 38 min
9900	1243.6999940760434	100.0	781.31195	300.35986	1252.0	118.1	100.0	35 h 46 min
9950	1305.2999926619232	100.0	764.257	359.98312	1299.2	-141.3	100.0	35 h 54 min
10000	671.7449964869768	100.0	728.812	282.3279	1244.65	-74.8	100.0	36 h 2 min
10050	664.2299945250154	100.0	710.882	303.7997	1271.05	-56.650005	100.0	36 h 9 min
10100	1265.2499939799309	100.0	749.56305	298.80362	1272.7	149.45	100.0	36 h 17 min
10150	1032.059995727986	100.0	745.531	314.69086	1207.7	-6.300004	100.0	36 h 24 min
10200	1361.4999954923987	100.0	717.4989	387.3918	1342.7	-11.500004	100.0	36 h 32 min
10250	1317.0499908551574	100.0	810.336	364.47144	1324.25	1.9999969	100.0	36 h 40 min
10300	1252.5499916523695	100.0	592.1141	355.6327	1235.95	-35.200005	100.0	36 h 48 min
10350	843.8749948337675	100.0	777.118	333.4271	1304.85	-117.700005	100.0	36 h 56 min
10400	1157.6499897055328	100.0	644.721	340.3116	1284.55	-6.950004	100.0	37 h 3 min
10450	1118.7399956140666	100.0	785.60406	285.8372	1305.1	237.8	100.0	37 h 11 min
10500	715.4249956794083	100.0	690.159	294.7682	1232.2	121.899994	100.0	37 h 19 min
10550	847.7899949535728	100.0	813.843	298.34094	1300.15	97.399994	100.0	37 h 26 min
10600	1153.7149952534587	100.0	755.11993	286.7666	1269.5	152.95	100.0	37 h 34 min
10650	1164.8899934068322	100.0	777.0499	331.7892	1247.55	-48.600006	100.0	37 h 42 min
10700	518.489996548742	100.0	722.90094	265.2775	1312.85	205.65	100.0	37 h 49 min
10750	1305.6999926827848	100.0	716.146	354.04297	1294.15	81.75	100.0	37 h 57 min
10800	1302.0999921225011	100.0	844.96906	352.24854	1324.45	-57.350002	100.0	38 h 5 min
10850	649.0199965309351	100.0	782.41797	346.42892	1372.55	-32.650005	100.0	38 h 13 min
10900	1384.8599951684475	100.0	889.9811	276.83444	1395.25	258.85	100.0	38 h 21 min
10950	510.3349942613393	100.0	717.397	347.9876	1279.95	-194.35	100.0	38 h 29 min
11000	793.389995796606	100.0	745.596	289.6577	1302.1	39.199997	100.0	38 h 36 min
11050	1252.3499917723238	100.0	695.73706	322.1637	1339.7	-10.350004	100.0	38 h 44 min
11100	1175.78999190405	100.0	792.05	320.64465	1207.95	94.049995	100.0	38 h 52 min
11150	1284.3999955505133	100.0	710.87805	324.3851	1313.25	71.35	100.0	38 h 59 min
11200	1131.44999492988	100.0	739.2	311.13916	1269.8	-6.1000032	100.0	39 h 7 min
11250	980.3449933957309	100.0	730.145	339.0612	1302.75	-50.65	100.0	39 h 15 min
11300	833.4749940447509	100.0	753.89294	384.16327	1381.4	-204.20001	100.0	39 h 23 min
11350	1254.4999935291708	100.0	822.81006	303.96912	1281.3	143.2	100.0	39 h 31 min
11400	962.2449940275401	100.0	748.27	309.1388	1231.75	-98.50001	100.0	39 h 38 min
11450	1121.3649953722954	100.0	830.22705	366.4908	1349.4	195.5	100.0	39 h 46 min
11500	1281.2999945394695	100.0	832.35596	323.81476	1315.7	132.25	100.0	39 h 54 min
11550	1197.5999927967787	100.0	811.527	283.3028	1339.9	19.149996	100.0	40 h 2 min
11600	849.9999948702753	100.0	796.89594	337.16913	1319.4	20.499996	100.0	40 h 10 min
11650	1278.999994328618	100.0	832.30304	288.06183	1330.1	132.65	100.0	40 h 18 min
11700	1185.5499923042953	100.0	674.22797	360.34497	1305.5	78.24999	100.0	40 h 25 min
11750	1229.5499927140772	100.0	677.68604	378.9481	1431.1	46.55	100.0	40 h 33 min
11800	1297.6999932788312	100.0	754.993	340.43484	1376.3	84.299995	100.0	40 h 41 min
11850	1212.9999916777015	100.0	798.97797	368.01807	1306.2	-16.450005	100.0	40 h 49 min
11900	667.6199965395033	100.0	614.55396	323.15054	1369.35	-77.00001	100.0	40 h 56 min
11950	727.999996893853	100.0	702.46594	269.5113	1257.8	-124.55	100.0	41 h 4 min
12000	1376.2999944351614	100.0	798.74896	345.2983	1296.45	-95.700005	100.0	41 h 12 min
12050	1301.2499942287802	100.0	751.32904	387.61807	1437.3	-249.5	100.0	41 h 20 min
12100	877.7749958559871	100.0	715.466	344.92596	1350.8	59.049995	100.0	41 h 28 min
12150	307.60999519973996	100.0	692.9581	281.14178	1296.35	110.6	100.0	41 h 35 min
12200	823.4149945620447	100.0	775.886	341.23636	1291.05	7.9499965	100.0	41 h 43 min
12250	1288.849994149059	100.0	684.793	308.86865	1310.2	39.549995	100.0	41 h 51 min
12300	1256.9999908953905	100.0	766.015	369.32275	1278.05	-234.45001	100.0	41 h 59 min
12350	540.4749970898032	100.0	757.97	347.00427	1335.0	70.049995	100.0	42 h 6 min
12400	1266.6949948567897	100.0	651.344	293.30695	1301.0	-76.450005	100.0	42 h 14 min
12450	1279.4999922849238	100.0	824.5439	330.35684	1342.55	26.749998	100.0	42 h 22 min
12500	863.0899928215891	100.0	857.60803	356.1449	1362.95	6.7999964	100.0	42 h 30 min
12550	705.634994161129	100.0	728.96204	310.88763	1251.35	-15.150003	100.0	42 h 37 min
12600	977.2799952819944	100.0	713.6941	331.64255	1349.95	96.6	100.0	42 h 45 min
12650	1256.3999952599406	100.0	765.335	327.8363	1283.2	-49.800003	100.0	42 h 52 min
12700	1370.1999944150448	100.0	813.62396	357.8835	1303.25	-65.55	100.0	43 h 0 min
12750	994.0299941103906	100.0	771.37	302.91458	1280.9	69.899994	100.0	43 h 8 min
12800	1116.849991749972	100.0	683.577	372.28745	1391.15	-69.55	100.0	43 h 16 min
12850	1376.099995214492	100.0	775.78906	282.49506	1260.3	143.75	100.0	43 h 24 min
12900	799.2999955393374	100.0	615.426	309.5557	1348.7	-215.45	100.0	43 h 31 min
12950	1235.3999930880964	100.0	660.45593	260.37827	1326.8	97.399994	100.0	43 h 39 min
13000	1201.1499941684306	100.0	753.24896	318.00534	1303.45	154.84999	100.0	43 h 47 min
13050	303.0349962476641	100.0	791.335	372.55148	1409.4	55.549995	100.0	43 h 55 min
13100	1236.1999914124608	100.0	728.835	313.1788	1225.35	123.45	100.0	44 h 3 min
13150	533.2149948704988	100.0	759.68695	327.91708	1277.45	-141.0	100.0	44 h 10 min
13200	865.7899942394346	100.0	639.307	357.4431	1200.45	-250.35	100.0	44 h 18 min
13250	824.9749938525259	100.0	748.1841	303.1385	1273.75	-82.75	100.0	44 h 25 min
13300	1119.6999933440238	100.0	762.057	316.09467	1268.6	64.74999	100.0	44 h 33 min
13350	580.5349956233055	100.0	693.23706	340.87955	1282.9	-76.100006	100.0	44 h 40 min
13400	1241.3999951202422	100.0	812.10297	333.11002	1294.6	130.79999	100.0	44 h 47 min
13450	1296.4999963082373	100.0	529.91705	317.09042	1201.8	-248.1	100.0	44 h 53 min
13500	1228.849994096905	100.0	748.452	346.41794	1299.05	-11.800004	100.0	44 h 59 min
13550	580.7899943813682	100.0	812.6741	311.65955	1217.5	31.099997	100.0	45 h 5 min
13600	898.2099965255708	100.0	772.04803	335.247	1223.25	-124.50001	100.0	45 h 11 min
13650	580.9499960247427	100.0	646.284	334.36597	1225.7	60.099995	100.0	45 h 17 min
13700	714.3049937602133	100.0	921.0709	304.4693	1352.5	191.25	100.0	45 h 23 min
13750	735.2999958422035	100.0	633.62	295.82626	1279.95	220.7	100.0	45 h 28 min
13800	1290.8999956436455	100.0	753.0529	368.66406	1299.65	-206.35	100.0	45 h 34 min
13850	313.48499622233214	100.0	644.902	426.26227	1315.75	-117.75001	100.0	45 h 40 min
13900	1321.3999948203564	100.0	745.943	396.60724	1290.15	-237.45001	100.0	45 h 46 min
13950	595.5299965158105	100.0	741.85297	335.9773	1369.55	37.349995	100.0	45 h 52 min
14000	813.5899924449623	100.0	795.93304	277.16684	1293.6	264.8	100.0	45 h 58 min
14050	1086.999985717237	100.0	770.68304	328.41888	1322.1	37.149994	100.0	46 h 4 min
14100	1226.4999951012433	100.0	736.3791	330.66238	1311.25	116.7	100.0	46 h 10 min
14150	939.6249921523034	100.0	733.076	323.63498	1281.9	170.34999	100.0	46 h 16 min
14200	1399.1999961733818	100.0	752.68896	371.8209	1356.2	212.3	100.0	46 h 22 min
14250	844.1199916671961	100.0	784.567	345.15463	1380.7	39.449997	100.0	46 h 28 min
14300	1358.4499934278429	100.0	640.602	391.54828	1405.6	-133.5	100.0	46 h 34 min
14350	1385.249991580844	100.0	715.299	297.77924	1389.3	259.55	100.0	46 h 40 min
14400	458.6399926923215	100.0	762.17	311.85666	1262.2	75.75	100.0	46 h 46 min
14450	280.6149959057569	100.0	677.7361	366.2217	1330.0	-131.1	100.0	46 h 52 min
14500	1207.9499930851161	100.0	619.891	327.2237	1335.7	92.399994	100.0	46 h 58 min
14550	1204.1499938443303	100.0	792.78	362.95236	1363.05	-8.700005	100.0	47 h 4 min
14600	1159.7799956236036	100.0	640.103	314.34207	1235.35	-35.15	100.0	47 h 10 min
14650	1313.099994365126	100.0	883.01807	308.85977	1297.25	49.85	100.0	47 h 16 min
14700	1233.6999923363328	100.0	711.894	337.6306	1353.05	-92.200005	100.0	47 h 22 min
14750	1351.9999944865704	100.0	692.3879	396.83463	1348.1	-48.350006	100.0	47 h 28 min
14800	1309.3199912525713	100.0	797.2781	355.33218	1400.4	69.6	100.0	47 h 34 min
14850	713.7899940069765	100.0	676.39795	359.0441	1299.65	-29.700006	100.0	47 h 40 min
14900	1268.4999920725822	100.0	758.89404	348.8245	1331.35	115.24999	100.0	47 h 45 min
14950	1197.2999950498343	100.0	797.245	322.7929	1348.25	35.949997	100.0	47 h 51 min
15000	1250.199995610863	100.0	614.047	319.78436	1295.8	-249.85	100.0	47 h 57 min
15050	1363.9999950006604	100.0	700.21094	343.7697	1234.0	-94.100006	100.0	48 h 3 min
15100	1283.099990773946	100.0	754.16705	389.89706	1294.5	53.749996	100.0	48 h 10 min
15150	978.3999932482839	100.0	737.10706	441.10373	1388.5	-31.850006	100.0	48 h 15 min
15200	420.4499947797507	100.0	599.711	385.30478	1324.35	-167.65001	100.0	48 h 21 min
15250	872.754991505295	100.0	718.46704	351.1986	1427.75	26.849995	100.0	48 h 27 min
15300	1342.1999930255115	100.0	795.6099	324.6518	1411.2	63.549995	100.0	48 h 33 min
15350	626.2299968585372	100.0	820.67694	334.87686	1391.15	64.99999	100.0	48 h 39 min
15400	1441.3499954231083	100.0	789.15295	367.42606	1383.95	21.149996	100.0	48 h 45 min
15450	863.9799947638064	100.0	770.26196	386.74442	1325.25	-124.75001	100.0	48 h 51 min
15500	1298.6499942541122	100.0	853.103	349.94437	1390.45	-1.1000029	100.0	48 h 57 min
15550	967.8499937005341	100.0	741.62396	360.53818	1446.4	20.799995	100.0	49 h 3 min
15600	1205.6849918607622	100.0	645.96405	351.99344	1388.05	-9.050003	100.0	49 h 9 min
15650	891.1749942537397	100.0	794.2301	306.20044	1293.7	102.049995	100.0	49 h 15 min
15700	1302.9999930933118	100.0	782.35	296.17545	1313.45	87.25	100.0	49 h 21 min
15750	1278.0649952117353	100.0	794.721	390.39026	1329.8	-132.5	100.0	49 h 27 min
15800	-80.36500545181335	100.0	881.88306	355.72937	1408.6	-39.000004	100.0	49 h 33 min
15850	815.2149933330714	100.0	574.842	270.95126	1047.1	-48.100006	100.0	49 h 39 min
15900	1351.899995278567	100.0	613.784	348.856	1308.05	-187.45	100.0	49 h 45 min
15950	1320.4999930150807	100.0	833.96594	358.98346	1414.7	-85.70001	100.0	49 h 51 min
16000	1509.8999947868288	100.0	787.39294	324.2849	1405.1	-181.0	100.0	49 h 57 min
16050	1346.9999938234687	100.0	783.12714	400.10364	1462.25	40.35	100.0	50 h 3 min
16100	1286.9899869948626	100.0	651.446	320.92773	1429.4	59.049995	100.0	50 h 9 min
16150	1374.599992915988	100.0	724.52094	349.54156	1415.4	-141.90001	100.0	50 h 15 min
16200	1260.0999916754663	100.0	838.639	343.91757	1384.4	55.799995	100.0	50 h 21 min
16250	757.809995753318	100.0	788.465	366.18387	1400.65	-14.600003	100.0	50 h 27 min
16300	941.5249966111035	100.0	660.11896	315.95038	1333.6	-68.3	100.0	50 h 33 min
16350	947.379992152378	100.0	623.042	282.3409	1299.35	29.849997	100.0	50 h 39 min
16400	1445.7999942712486	100.0	685.11	350.78958	1245.55	-152.95001	100.0	50 h 45 min
16450	1302.4999948069453	100.0	843.7219	369.37173	1422.5	23.799995	100.0	50 h 51 min
16500	1375.6999924704432	100.0	699.372	376.2266	1342.6	27.199997	100.0	50 h 57 min
16550	384.4349948912859	100.0	597.0231	275.12946	1127.15	90.75	100.0	51 h 2 min
16600	1338.2999935783446	100.0	646.395	271.192	1332.5	-13.100003	100.0	51 h 8 min
16650	1345.4999936707318	100.0	648.34204	351.26672	1332.95	-48.200005	100.0	51 h 15 min
16700	1429.5999939665198	100.0	728.9201	374.10956	1400.05	6.0999975	100.0	51 h 21 min
16750	1224.399993415922	100.0	834.337	334.76718	1332.75	147.65	100.0	51 h 27 min
16800	1342.7999918051064	100.0	657.998	342.22617	1275.9	-141.05	100.0	51 h 33 min
16850	968.5249925196171	100.0	759.54803	364.29788	1368.3	-132.65001	100.0	51 h 39 min
16900	1386.799995496869	100.0	644.61005	347.15298	1324.8	-175.8	100.0	51 h 45 min
16950	1107.6999928727746	100.0	727.2039	298.2711	1287.1	-4.7000046	100.0	51 h 51 min
17000	512.3299935359507	100.0	695.09	356.55698	1315.55	-3.6000051	100.0	51 h 56 min
17050	1451.7999949455261	100.0	828.9769	373.27795	1355.0	58.549995	100.0	52 h 3 min
17100	1321.999991826713	100.0	928.4441	382.5092	1464.15	-133.95	100.0	52 h 9 min
17150	845.3049964588135	100.0	626.081	312.2556	1320.6	-53.150005	100.0	52 h 15 min
17200	1228.4999898932874	100.0	738.831	277.13678	1305.75	-55.4	100.0	52 h 21 min
17250	541.3999967914075	100.0	768.89703	322.52527	1320.6	6.049994	100.0	52 h 27 min
17300	1145.0999944396317	100.0	711.952	331.9053	1268.4	-13.200006	100.0	52 h 33 min
17350	1240.7999938763678	100.0	801.636	336.7453	1360.6	-21.550007	100.0	52 h 39 min
17400	447.0349957205355	100.0	687.66705	359.98483	1325.15	87.1	100.0	52 h 44 min
17450	1064.8499953486025	100.0	736.271	354.25766	1410.0	31.649998	100.0	52 h 50 min
17500	811.9649958644062	100.0	781.96204	412.32925	1366.75	-204.1	100.0	52 h 56 min
17550	1078.0749940015376	100.0	615.062	265.63504	1175.05	66.35	100.0	53 h 2 min
17600	1261.6499941386282	100.0	728.85	318.0448	1358.3	25.699995	100.0	53 h 8 min
17650	1241.2499953135848	100.0	652.68	364.9936	1265.2	-211.35	100.0	53 h 14 min
17700	1186.4049965094775	100.0	814.391	318.88297	1407.5	155.25	100.0	53 h 20 min
17750	770.0999963972718	100.0	747.105	358.4597	1411.3	7.4499965	100.0	53 h 26 min
17800	961.3899920113384	100.0	628.269	257.76932	1141.05	74.6	100.0	53 h 32 min
17850	1294.3699886217714	100.0	681.1019	411.0394	1363.8	-70.4	100.0	53 h 38 min
17900	1298.2999911420047	100.0	691.951	351.34195	1358.7	-39.100006	100.0	53 h 44 min
17950	1391.2499949000776	100.0	762.264	386.9226	1336.3	-62.650005	100.0	53 h 50 min
18000	497.61999626532196	100.0	748.6259	378.18076	1385.6	14.749996	100.0	53 h 56 min
18050	1400.1999937742949	100.0	709.645	356.6691	1355.7	33.6	100.0	54 h 2 min
18100	1242.6499934494495	100.0	783.90796	335.67807	1348.0	22.049997	100.0	54 h 8 min
18150	1202.4999940544367	100.0	748.7149	362.20972	1341.6	90.399994	100.0	54 h 14 min
18200	908.7749947458506	100.0	757.317	323.98264	1270.05	96.549995	100.0	54 h 20 min
18250	1341.899995494634	100.0	588.625	369.5689	1327.3	-109.200005	100.0	54 h 26 min
18300	953.6499955132604	100.0	724.03	374.52316	1351.0	-64.950005	100.0	54 h 32 min
18350	1248.6099937342108	100.0	541.699	299.67587	1253.2	12.649997	100.0	54 h 38 min
18400	1302.5999894812703	100.0	754.91705	398.00714	1287.85	-112.00001	100.0	54 h 44 min
18450	733.4099930718542	100.0	750.495	344.35526	1315.65	162.45	100.0	54 h 50 min
18500	360.8249965801835	100.0	605.482	358.7186	1318.7	-98.75001	100.0	54 h 55 min
18550	721.6049968797713	100.0	665.34204	343.8061	1370.6	-21.700003	100.0	55 h 1 min
18600	1342.849994622171	100.0	709.764	393.63596	1427.55	25.499996	100.0	55 h 7 min
18650	1022.449991311878	100.0	773.54407	296.01382	1285.0	253.2	100.0	55 h 13 min
18700	1337.4349941335618	100.0	719.623	345.24686	1352.05	99.7	100.0	55 h 19 min
18750	1246.599993802607	100.0	741.8259	389.57993	1303.7	-81.100006	100.0	55 h 25 min
18800	851.6449942629785	100.0	679.1019	353.52097	1386.15	-23.000006	100.0	55 h 31 min
18850	1338.4999923817813	100.0	660.327	345.55402	1383.2	-146.25	100.0	55 h 37 min
18900	566.1799967955798	100.0	803.163	317.0887	1361.55	177.7	100.0	55 h 43 min
18950	1173.6999914757907	100.0	826.69696	337.77637	1410.0	-12.050004	100.0	55 h 49 min
19000	1211.3499877490103	100.0	622.219	265.79602	1237.95	176.34999	100.0	55 h 55 min
19050	1249.9999926015735	100.0	607.684	299.74893	1282.55	24.349995	100.0	56 h 1 min
19100	827.049995791167	100.0	755.305	399.78198	1313.75	-218.90001	100.0	56 h 7 min
19150	464.8599966213107	100.0	684.8191	338.6625	1384.2	-68.200005	100.0	56 h 13 min
19200	1415.8499915637076	100.0	703.7559	434.4512	1399.05	-98.5	100.0	56 h 19 min
19250	1338.0849932476879	100.0	762.0609	350.14813	1390.35	28.049997	100.0	56 h 25 min
19300	1295.3999874070287	100.0	750.50305	318.9639	1315.75	118.7	100.0	56 h 31 min
19350	1128.249991208315	100.0	719.294	344.7904	1285.8	90.99999	100.0	56 h 37 min
19400	1028.2499962747097	100.0	589.69604	344.63138	1333.75	-22.000006	100.0	56 h 42 min
19450	1233.0999923236668	100.0	716.452	343.7818	1274.8	53.749996	100.0	56 h 48 min
19500	1272.94999384135	100.0	811.719	363.32132	1315.05	-29.950003	100.0	56 h 55 min
19550	629.279996497184	100.0	756.0799	361.4279	1354.95	-33.400005	100.0	57 h 1 min
19600	798.2849938657134	100.0	702.334	347.9719	1423.4	109.25	100.0	57 h 7 min
19650	1271.4199933618306	100.0	535.339	299.95657	1345.7	41.999996	100.0	57 h 12 min
19700	293.2999953750521	100.0	798.132	390.62097	1343.85	9.899996	100.0	57 h 18 min
19750	1187.2499945908785	100.0	774.92596	337.7092	1358.9	228.25	100.0	57 h 24 min
19800	1185.909990579635	100.0	775.62897	355.82034	1217.45	26.749996	100.0	57 h 29 min
19850	1048.5499957054853	100.0	737.62195	305.32056	1213.55	28.599997	100.0	57 h 34 min
19900	1280.6499936245382	100.0	608.98804	315.01422	1322.15	-3.550004	100.0	57 h 39 min
19950	1319.1999951452017	100.0	664.966	351.45956	1322.4	-69.15	100.0	57 h 43 min
20000	536.1999954592436	100.0	695.4501	283.85474	1334.15	153.34999	100.0	57 h 48 min
20050	826.1199939657002	100.0	654.354	338.43274	1250.6	63.049995	100.0	57 h 52 min
20100	861.6349953051656	100.0	803.801	328.32098	1285.3	56.149994	100.0	57 h 57 min
20150	888.9449924509972	100.0	689.8649	348.14825	1332.3	-13.350005	100.0	58 h 2 min
20200	1378.0449929300696	100.0	634.912	381.13184	1409.85	-33.300003	100.0	58 h 6 min
20250	1295.1899942107498	100.0	731.219	393.54715	1402.4	1.7499971	100.0	58 h 11 min
20300	585.1249971974642	100.0	687.50397	355.6163	1322.1	-7.150004	100.0	58 h 16 min
20350	1178.8999895006418	100.0	662.91	331.13882	1244.95	36.749992	100.0	58 h 21 min
20400	424.8649960212409	100.0	757.90405	391.52383	1289.05	16.499992	100.0	58 h 25 min
20450	1251.6999925114214	100.0	782.49304	339.40628	1384.15	33.149998	100.0	58 h 30 min
20500	1409.0899945210665	100.0	753.01697	372.98938	1478.0	18.399998	100.0	58 h 35 min
20550	846.9999952167273	100.0	660.0059	391.34503	1425.25	-64.9	100.0	58 h 39 min
20600	1148.6999842189252	100.0	729.97797	323.234	1383.8	71.149994	100.0	58 h 44 min
20650	641.0549941211939	100.0	665.2149	381.45203	1264.75	-363.90002	100.0	58 h 48 min
20700	1156.7249905727804	100.0	649.34595	267.73428	1342.3	140.5	100.0	58 h 53 min
20750	1432.0999944247305	100.0	744.18695	376.6697	1356.75	-23.400005	100.0	58 h 58 min
20800	314.23499665893615	100.0	719.233	390.0078	1352.25	62.249996	100.0	59 h 3 min
20850	1369.3499929085374	100.0	713.02704	292.0513	1295.25	202.9	100.0	59 h 7 min
20900	1234.9999868944287	100.0	646.932	421.32474	1372.15	-245.35	100.0	59 h 12 min
20950	903.3649939429015	100.0	612.37494	317.35077	1287.05	140.29999	100.0	59 h 16 min
21000	1304.399993237108	100.0	614.424	340.75757	1286.85	-98.55	100.0	59 h 21 min
21050	918.7299953959882	100.0	778.51294	340.10883	1379.6	102.649994	100.0	59 h 26 min
21100	1192.6499887928367	100.0	679.026	340.11182	1390.2	85.65	100.0	59 h 31 min
21150	1036.4749873168766	100.0	640.02295	336.19025	1223.95	61.749996	100.0	59 h 36 min
21200	1114.099988590926	100.0	763.168	380.6895	1375.95	-17.950006	100.0	59 h 41 min
21250	1370.599992826581	100.0	649.222	355.8818	1305.65	97.74999	100.0	59 h 46 min
21300	1220.29999172315	100.0	788.546	358.35043	1269.05	-186.40001	100.0	59 h 51 min
21350	1371.7999954298139	100.0	743.60706	338.78302	1383.75	54.649998	100.0	59 h 55 min
21400	1248.199995353818	100.0	729.8389	371.20508	1442.0	-10.350003	100.0	60 h 0 min
21450	165.1199956998229	100.0	703.20306	341.83215	1467.0	18.399998	100.0	60 h 5 min
21500	1206.5499887764454	100.0	757.5159	342.3073	1233.8	18.649996	100.0	60 h 10 min
21550	665.599992704764	100.0	608.585	309.48846	1210.0	-176.40001	100.0	60 h 14 min
21600	1264.099992904812	100.0	668.31195	369.21802	1368.35	-15.700004	100.0	60 h 19 min
21650	529.4249956030399	100.0	734.4941	385.08536	1316.0	30.849997	100.0	60 h 24 min
21700	700.4999968450517	100.0	833.2781	351.59644	1363.35	161.0	100.0	60 h 28 min
21750	1288.9999937564135	100.0	719.819	357.88474	1362.2	97.95	100.0	60 h 33 min
21800	1211.699987191707	100.0	764.1359	367.98697	1253.45	-67.05	100.0	60 h 38 min
21850	801.3149934727699	100.0	601.94696	327.29504	1279.8	8.749993	100.0	60 h 43 min
21900	1032.8299947682767	100.0	590.11	349.35394	1326.55	-206.15001	100.0	60 h 47 min
21950	432.8849965620786	100.0	642.318	314.48697	1262.55	84.5	100.0	60 h 52 min
22000	1147.3499960914255	100.0	588.31	311.03976	1147.6	45.799995	100.0	60 h 56 min
22050	1230.4249899260699	100.0	690.3141	350.8228	1241.65	-79.50001	100.0	61 h 1 min
22100	491.25999531038104	100.0	679.42804	388.92313	1373.0	-34.300003	100.0	61 h 6 min
22150	1326.1999959945679	100.0	696.42993	432.7158	1409.25	-263.45	100.0	61 h 10 min
22200	1276.399993851781	100.0	629.544	341.6843	1273.0	15.949993	100.0	61 h 15 min
22250	1249.9799961596727	100.0	726.11597	425.88577	1396.75	33.449997	100.0	61 h 20 min
22300	1213.79999050498	100.0	756.17596	375.39886	1347.35	-120.100006	100.0	61 h 25 min
22350	892.8499939329922	100.0	534.778	339.55856	1187.95	-257.9	100.0	61 h 30 min
22400	1367.5049923814834	100.0	640.878	396.21512	1448.1	-133.25	100.0	61 h 35 min
22450	1299.0999955274165	100.0	562.534	333.66205	1310.3	86.25	100.0	61 h 40 min
22500	1315.299995932728	100.0	737.34094	408.2061	1359.75	-40.750008	100.0	61 h 45 min
22550	292.78499383479357	100.0	701.1531	361.184	1309.55	-35.4	100.0	61 h 49 min
22600	398.57499397881327	100.0	613.507	357.32538	1230.45	-206.55	100.0	61 h 54 min
22650	1405.6999956853688	100.0	698.177	339.04556	1363.25	27.449997	100.0	61 h 59 min
22700	1378.899992968887	100.0	681.00696	331.46744	1375.25	52.499996	100.0	62 h 4 min
22750	1395.5999932214618	100.0	709.58795	389.27002	1416.8	-32.250004	100.0	62 h 9 min
22800	514.8399940304458	100.0	649.201	376.07834	1440.65	30.999996	100.0	62 h 13 min
22850	1253.94999390468	100.0	681.92804	355.2254	1360.0	12.249997	100.0	62 h 19 min
22900	1223.899994339794	100.0	741.603	387.58542	1376.15	85.25	100.0	62 h 24 min
22950	860.634995258227	100.0	660.329	353.89542	1309.8	-148.55	100.0	62 h 28 min
23000	412.9099918149412	100.0	641.754	281.54776	1193.45	48.149994	100.0	62 h 33 min
23050	811.8849954854697	100.0	620.212	277.16586	1294.2	111.99999	100.0	62 h 37 min
23100	1458.5499953180552	100.0	830.981	364.11893	1405.65	31.549997	100.0	62 h 42 min
23150	808.4349971666932	100.0	715.7251	394.66443	1408.9	-45.200005	100.0	62 h 47 min
23200	1239.4999869056046	100.0	630.317	323.90326	1345.9	131.59999	100.0	62 h 52 min
23250	280.73999546058474	100.0	709.88403	347.93668	1379.4	257.6	100.0	62 h 56 min
23300	1129.7599890969693	100.0	623.509	330.82193	1325.2	-39.900005	100.0	63 h 1 min
23350	703.7799926843494	100.0	609.50806	320.59766	1244.25	3.749994	100.0	63 h 6 min
23400	1315.7999956980348	100.0	684.935	375.43912	1342.75	51.35	100.0	63 h 11 min
23450	1219.529990591854	100.0	725.728	386.18164	1372.3	-6.9500036	100.0	63 h 16 min
23500	1212.549993250519	100.0	663.577	316.30786	1232.65	84.7	100.0	63 h 21 min
23550	1228.1499953716993	100.0	812.365	363.03253	1412.75	-27.200003	100.0	63 h 26 min
23600	1440.8999940045178	100.0	750.01294	388.28503	1410.8	44.699997	100.0	63 h 31 min
23650	1429.8999950997531	100.0	783.88495	425.15964	1448.4	-188.45001	100.0	63 h 36 min
23700	1291.0999910198152	100.0	796.534	394.43555	1426.65	62.799995	100.0	63 h 41 min
23750	501.03999378234147	100.0	778.502	366.75168	1487.3	214.34999	100.0	63 h 45 min
23800	1208.449993737042	100.0	505.80103	376.61124	1439.9	-172.35	100.0	63 h 50 min
23850	447.9149967469275	100.0	718.7201	413.7741	1446.4	-66.100006	100.0	63 h 55 min
23900	1359.0999941900373	100.0	724.09906	376.0013	1315.55	64.2	100.0	64 h 0 min
23950	1266.424995323643	100.0	587.881	413.37662	1390.25	12.599996	100.0	64 h 5 min
24000	446.92999486736954	100.0	659.71	347.82474	1304.8	-30.550005	100.0	64 h 9 min
24050	1294.2499909736216	100.0	826.183	347.48373	1352.55	86.7	100.0	64 h 14 min
24100	458.49999345354735	100.0	791.1339	381.88937	1404.0	-41.100006	100.0	64 h 19 min
24150	1486.0999931804836	100.0	739.411	363.29745	1431.3	8.699996	100.0	64 h 24 min
24200	1495.6999932341278	100.0	854.88	431.85745	1479.0	-17.150003	100.0	64 h 29 min
24250	1333.9999946951866	100.0	765.9871	408.64807	1462.1	73.899994	100.0	64 h 34 min
24300	1121.7499933689833	100.0	838.0881	355.0842	1403.95	177.25	100.0	64 h 39 min
24350	1216.9999931454659	100.0	665.905	413.80652	1370.95	50.199993	100.0	64 h 44 min
24400	1275.7999905869365	100.0	725.975	407.40973	1368.9	98.149994	100.0	64 h 48 min
24450	1183.48499215208	100.0	630.301	302.08627	1231.45	34.999996	100.0	64 h 53 min
24500	1204.089995060116	100.0	597.33795	342.91196	1279.2	-38.800003	100.0	64 h 57 min
24550	1167.8499924242496	100.0	776.2901	319.31485	1275.05	285.3	100.0	65 h 2 min
24600	1289.3999929875135	100.0	761.637	427.43784	1379.9	-84.8	100.0	65 h 7 min
24650	1030.159992595762	100.0	774.1141	349.33023	1357.7	205.04999	100.0	65 h 12 min
24700	1330.799991570413	100.0	850.7039	387.02127	1371.3	-4.5000057	100.0	65 h 17 min
24750	1005.2499936893582	100.0	584.442	381.75433	1300.25	-216.1	100.0	65 h 21 min
24800	1164.7499939240515	100.0	726.38306	373.3606	1395.3	50.849995	100.0	65 h 26 min
24850	1330.099993724376	100.0	833.473	329.93045	1297.1	56.299995	100.0	65 h 31 min
24900	308.234993616119	100.0	676.36896	364.42932	1317.0	21.249992	100.0	65 h 36 min
24950	932.6999950520694	100.0	841.47296	407.84808	1428.75	-84.200005	100.0	65 h 40 min
25000	655.7349932298064	100.0	772.28094	392.12894	1341.3	-8.600004	100.0	65 h 45 min
25050	1155.8999898731709	100.0	583.342	298.9552	1293.25	98.85	100.0	65 h 50 min
25100	594.5149938251823	100.0	691.6941	417.5616	1331.05	-34.700005	100.0	65 h 54 min
25150	1284.7999914512038	100.0	675.693	383.69708	1322.8	-27.700005	100.0	65 h 59 min
25200	1277.9499945677817	100.0	728.3591	388.59338	1376.95	51.249996	100.0	66 h 4 min
25250	1034.4499921500683	100.0	648.05994	424.64706	1394.5	-105.850006	100.0	66 h 9 min
25300	1217.8499912805855	100.0	684.195	362.24533	1323.65	-13.250005	100.0	66 h 14 min
25350	1417.0999930761755	100.0	762.897	400.27206	1316.7	-19.200005	100.0	66 h 18 min
25400	1286.3999936804175	100.0	747.65	350.87155	1377.75	35.499996	100.0	66 h 23 min
25450	561.2799957066775	100.0	763.206	361.43365	1383.8	48.35	100.0	66 h 28 min
25500	1350.6999938972294	100.0	822.38	381.93265	1470.35	151.55	100.0	66 h 33 min
25550	846.2599930103868	100.0	781.1741	387.62164	1450.7	17.899998	100.0	66 h 38 min
25600	1286.6999911554158	100.0	746.755	326.84238	1312.1	-43.750008	100.0	66 h 43 min
25650	544.3599924344569	100.0	750.56995	339.12433	1348.55	-66.90001	100.0	66 h 47 min
25700	1466.699994739145	100.0	764.581	417.75766	1302.75	-221.25002	100.0	66 h 52 min
25750	1140.564995133877	100.0	714.60095	407.90234	1462.75	-76.8	100.0	66 h 57 min
25800	929.7599931251258	100.0	670.914	382.58765	1325.4	-43.90001	100.0	67 h 1 min
25850	946.5499915480614	100.0	697.23096	356.74216	1367.85	72.35	100.0	67 h 6 min
25900	1172.4799931146204	100.0	627.69806	350.7075	1324.9	-17.250008	100.0	67 h 11 min
25950	1314.6999936662614	100.0	757.5329	353.81473	1322.45	-71.55	100.0	67 h 15 min
26000	1407.6999925635755	100.0	738.974	426.30716	1451.5	-213.1	100.0	67 h 20 min
26050	1319.499992776662	100.0	809.741	444.8057	1448.05	-146.55	100.0	67 h 25 min
26100	1419.6999940089881	100.0	820.39703	335.43762	1384.6	267.05	100.0	67 h 30 min
26150	858.6649934835732	100.0	730.873	360.73926	1507.6	184.05	100.0	67 h 35 min
26200	961.6649923376739	100.0	790.395	289.29022	1362.7	-76.05001	100.0	67 h 39 min
26250	713.5899939075113	100.0	850.531	363.07916	1480.15	179.09999	100.0	67 h 44 min
26300	1349.0999933294952	100.0	783.8109	396.95056	1380.85	4.1999974	100.0	67 h 49 min
26350	920.6699954733252	100.0	839.741	450.16092	1455.15	-140.7	100.0	67 h 54 min
26400	1343.7999923937023	100.0	695.275	393.59317	1362.35	-11.950003	100.0	67 h 58 min
26450	230.92499378062786	100.0	715.791	350.28543	1435.0	53.199993	100.0	68 h 3 min
26500	1380.2999907620251	100.0	701.519	355.43985	1326.9	-172.90001	100.0	68 h 7 min
26550	1297.1999912187457	100.0	828.48303	420.9556	1382.55	40.64999	100.0	68 h 13 min
26600	363.95499595589934	100.0	712.519	366.9745	1400.85	67.45	100.0	68 h 17 min
26650	1389.3999928832054	100.0	654.91705	381.28796	1467.8	-30.250004	100.0	68 h 22 min
26700	681.8849921468645	100.0	651.816	411.58054	1452.1	-110.05001	100.0	68 h 27 min
26750	528.4699927385897	100.0	599.053	398.67377	1448.55	-48.550007	100.0	68 h 31 min
26800	1472.5999927818775	100.0	860.892	396.75076	1457.8	-109.90001	100.0	68 h 36 min
26850	1470.099992763251	100.0	803.851	392.34937	1459.75	-144.1	100.0	68 h 41 min
26900	1242.3999916538596	100.0	821.334	377.16592	1374.15	66.549995	100.0	68 h 46 min
26950	388.03499316871165	100.0	765.577	407.3894	1427.7	-53.500008	100.0	68 h 51 min
27000	1397.4999927543104	100.0	519.064	361.2209	1249.95	-247.8	100.0	68 h 55 min
27050	1120.6999910883605	100.0	714.48303	421.63318	1496.45	-232.50002	100.0	69 h 0 min
27100	1440.0999940298498	100.0	657.49097	364.78693	1431.65	-234.50002	100.0	69 h 5 min
27150	1314.7999934330583	100.0	864.31805	352.4844	1426.6	173.9	100.0	69 h 9 min
27200	259.0499947514385	100.0	783.99396	436.72803	1467.45	-129.6	100.0	69 h 14 min
27250	1275.8999932669103	100.0	625.17896	345.42267	1346.95	-13.450004	100.0	69 h 19 min
27300	1395.79998999089	100.0	793.8	409.46756	1397.65	-163.0	100.0	69 h 24 min
27350	1115.484992011264	100.0	756.16797	361.19977	1336.9	11.849992	100.0	69 h 29 min
27400	1375.699990388006	100.0	737.127	397.84738	1409.85	13.249994	100.0	69 h 33 min
27450	1477.599994495511	100.0	811.45404	455.09518	1495.7	-209.65001	100.0	69 h 39 min
27500	1364.1999913305044	100.0	689.855	326.2072	1404.25	109.0	100.0	69 h 44 min
27550	1132.099993955344	100.0	710.61993	361.33118	1401.1	-29.900002	100.0	69 h 48 min
27600	1009.6949951160699	100.0	672.415	282.07965	1347.75	1.949997	100.0	69 h 53 min
27650	1385.4999947361648	100.0	815.5151	320.37665	1353.2	214.29999	100.0	69 h 58 min
27700	922.1899960029871	100.0	822.437	381.41632	1407.4	134.15	100.0	70 h 3 min
27750	1430.7999928891659	100.0	783.16797	389.03937	1471.25	-8.400003	100.0	70 h 8 min
27800	1402.09999429062	100.0	701.164	379.4604	1424.1	74.85	100.0	70 h 13 min
27850	1417.1999936699867	100.0	824.6401	458.13724	1450.05	-257.15	100.0	70 h 18 min
27900	1247.689991556853	100.0	725.48694	439.4206	1466.2	-330.75	100.0	70 h 23 min
27950	1306.1999879330397	100.0	792.55505	372.49194	1361.45	-228.15001	100.0	70 h 28 min
28000	1302.19998934865	100.0	740.8879	445.50333	1498.15	53.59999	100.0	70 h 34 min
28050	834.3399939451367	100.0	586.44507	329.8132	1368.25	4.149994	100.0	70 h 38 min
28100	1423.6999914236367	100.0	818.99805	397.8307	1466.5	27.449995	100.0	70 h 43 min
28150	1330.4999951943755	100.0	955.409	345.2776	1436.3	68.549995	100.0	70 h 48 min
28200	1335.799994148314	100.0	778.99194	315.29153	1488.6	-103.8	100.0	70 h 53 min
28250	828.4849946204573	100.0	798.339	421.87024	1474.15	-108.65001	100.0	70 h 58 min
28300	1265.0999936275184	100.0	618.10504	372.1968	1471.2	-1.2500063	100.0	71 h 2 min
28350	428.47499413974583	100.0	650.617	348.1363	1306.45	-107.600006	100.0	71 h 7 min
28400	914.4149958871305	100.0	853.695	399.32004	1523.1	60.6	100.0	71 h 12 min
28450	1221.4999952957035	100.0	749.997	375.7119	1394.3	119.7	100.0	71 h 16 min
28500	642.454996137321	100.0	692.736	311.4065	1339.35	39.499996	100.0	71 h 21 min
28550	1155.999993428588	100.0	652.33	306.20645	1211.95	-4.400007	100.0	71 h 26 min
28600	1282.8499904200435	100.0	704.011	346.03558	1371.7	-11.250008	100.0	71 h 30 min
28650	756.0399947330355	100.0	816.682	392.24356	1479.35	60.699997	100.0	71 h 35 min
28700	1218.8999938555062	100.0	797.065	419.6586	1430.7	15.199995	100.0	71 h 40 min
28750	1296.8999921865761	100.0	823.80804	350.71652	1442.8	101.34999	100.0	71 h 45 min
28800	1003.4849897570908	100.0	786.286	401.33536	1432.7	0.2499977	100.0	71 h 50 min
28850	1310.4799931958319	100.0	803.832	403.72217	1445.3	36.249996	100.0	71 h 54 min
28900	1291.9999923110008	100.0	695.368	359.3691	1348.5	-58.200005	100.0	71 h 59 min
28950	1469.4999941401184	100.0	676.32104	398.59296	1351.35	-100.100006	100.0	72 h 4 min
29000	1390.1499928683043	100.0	578.079	341.43134	1361.05	-189.5	100.0	72 h 9 min
29050	1491.6999944113195	100.0	780.669	429.60062	1461.7	-19.250004	100.0	72 h 14 min
29100	1312.6999913416803	100.0	655.473	426.89935	1378.65	-50.800003	100.0	72 h 19 min
29150	1062.249990861863	100.0	671.825	377.62497	1417.7	-97.700005	100.0	72 h 24 min
29200	1018.8749893344939	100.0	739.57306	326.71024	1449.4	34.849995	100.0	72 h 29 min
29250	1484.9999947473407	100.0	754.99304	370.81204	1446.75	53.899998	100.0	72 h 33 min
29300	694.0599975198508	100.0	761.492	358.88898	1371.65	117.25	100.0	72 h 38 min
29350	278.74999641254544	100.0	722.14795	358.46786	1353.5	-63.150005	100.0	72 h 43 min
29400	1381.499993544072	100.0	819.048	379.59247	1401.7	-14.050008	100.0	72 h 48 min
29450	1333.6999892108142	100.0	799.0151	351.98022	1345.15	59.199993	100.0	72 h 53 min
29500	1371.2999939583242	100.0	824.016	389.542	1396.2	-29.050007	100.0	72 h 58 min
29550	986.999990914017	100.0	802.88696	413.59454	1449.9	6.8499928	100.0	73 h 2 min
29600	1368.199994392693	100.0	787.79407	406.44818	1414.7	-14.250008	100.0	73 h 7 min
29650	1209.399989245087	100.0	775.82794	392.2413	1472.2	27.399998	100.0	73 h 12 min
29700	1282.8399921879172	100.0	837.26196	357.0778	1461.15	28.449995	100.0	73 h 17 min
29750	1404.4999933317304	100.0	733.532	367.61047	1485.2	-16.600004	100.0	73 h 22 min
29800	1268.0999909080565	100.0	838.75903	370.73874	1419.5	108.149994	100.0	73 h 27 min
29850	1165.4049926746636	100.0	721.10205	422.99203	1400.15	68.649994	100.0	73 h 31 min
29900	1111.3849918242545	100.0	854.655	422.21472	1439.25	-8.500007	100.0	73 h 36 min
29950	1457.5999950766563	100.0	717.0779	402.21176	1375.2	97.45	100.0	73 h 41 min
30000	1341.6999936811626	100.0	772.04596	437.95444	1497.6	-73.950005	100.0	73 h 46 min
30050	269.589993603155	100.0	778.3059	358.24478	1409.0	104.799995	100.0	73 h 51 min
30100	1430.1999953240156	100.0	682.93695	399.76834	1355.35	18.399994	100.0	73 h 56 min
30150	1090.9249921720475	100.0	821.509	403.3947	1433.0	-7.3000073	100.0	74 h 1 min
30200	1373.4999936781824	100.0	709.0061	392.14227	1410.85	-73.55	100.0	74 h 5 min
30250	1509.6999953947961	100.0	626.81506	381.99774	1457.1	-109.4	100.0	74 h 10 min
30300	1402.599995084107	100.0	858.73303	390.8933	1426.1	-43.550003	100.0	74 h 15 min
30350	166.4849923156202	100.0	626.281	353.1165	1387.65	2.6499944	100.0	74 h 19 min
30400	1255.6999873630702	100.0	713.896	404.07074	1474.55	-113.65	100.0	74 h 24 min
30450	1366.299992468208	100.0	787.4031	368.00284	1395.2	33.449993	100.0	74 h 29 min
30500	1369.1999947875738	100.0	576.353	362.09323	1328.9	-148.1	100.0	74 h 34 min
30550	1300.4699933104216	100.0	772.2101	440.19662	1456.3	21.499998	100.0	74 h 39 min
30600	394.57499778978524	100.0	764.471	416.7717	1472.8	-158.7	100.0	74 h 43 min
30650	1340.6999897323549	100.0	745.9291	390.2337	1488.8	-49.400005	100.0	74 h 48 min
30700	1415.439992545545	100.0	666.981	412.86697	1371.2	-39.950005	100.0	74 h 53 min
30750	683.5499932348728	100.0	756.41	413.46997	1446.45	32.449997	100.0	74 h 57 min
30800	1475.1999939084053	100.0	800.925	351.9344	1463.25	114.1	100.0	75 h 2 min
30850	1507.5999956130981	100.0	816.771	399.84454	1472.75	146.8	100.0	75 h 7 min
30900	1437.8999941386282	100.0	794.6471	442.05286	1464.5	-30.600004	100.0	75 h 12 min
30950	986.9899938795716	100.0	846.431	408.09988	1411.7	32.149998	100.0	75 h 17 min
31000	1024.8699958272277	100.0	754.32806	341.98465	1400.45	-230.65001	100.0	75 h 22 min
31050	1292.9899923853577	100.0	819.616	387.79617	1420.2	-16.300003	100.0	75 h 26 min
31100	614.3049952544272	100.0	795.9441	398.56784	1377.3	-83.350006	100.0	75 h 31 min
31150	1340.199989810586	100.0	788.8059	394.5593	1440.7	5.049994	100.0	75 h 36 min
31200	1062.224995549023	100.0	816.7971	358.5893	1386.9	30.049995	100.0	75 h 41 min
31250	1236.7499933354557	100.0	718.519	386.13144	1366.0	-296.40002	100.0	75 h 45 min
31300	1309.5599918093533	100.0	849.824	327.9378	1404.4	115.74999	100.0	75 h 50 min
31350	1376.0999931134284	100.0	755.45	375.94327	1394.65	24.099993	100.0	75 h 55 min
31400	946.7899937834591	100.0	721.30804	378.77536	1450.15	13.399997	100.0	75 h 59 min
31450	1258.3949912808835	100.0	849.44507	386.92975	1349.1	27.049994	100.0	76 h 4 min
31500	1330.1999946460128	100.0	735.24603	360.418	1394.2	-24.550007	100.0	76 h 9 min
31550	1315.4999916888773	100.0	885.4509	406.87082	1487.85	-128.35	100.0	76 h 14 min
31600	1267.7499930933118	100.0	772.22095	465.05106	1366.7	-60.800007	100.0	76 h 19 min
31650	1378.8999920785427	100.0	809.6749	374.76215	1383.35	-81.25001	100.0	76 h 23 min
31700	1010.7149945471435	100.0	645.263	362.71933	1355.0	-42.250008	100.0	76 h 28 min
31750	1032.9499927230179	100.0	714.1371	376.1668	1335.8	52.35	100.0	76 h 33 min
31800	1250.149993672967	100.0	749.0801	364.08774	1340.6	79.85	100.0	76 h 37 min
31850	1288.5899925097824	100.0	765.20294	402.7753	1458.95	5.4499965	100.0	76 h 42 min
31900	1087.8349946469068	100.0	844.08093	396.68835	1451.55	21.299995	100.0	76 h 47 min
31950	1305.5999941453338	100.0	834.57697	329.45938	1371.05	152.9	100.0	76 h 52 min
32000	969.2199947878719	100.0	814.21405	346.20468	1378.85	-56.100006	100.0	76 h 56 min
32050	661.3299937792123	100.0	730.475	346.7642	1312.3	12.599994	100.0	77 h 1 min
32100	1189.149995137006	100.0	693.6399	369.7926	1418.95	-43.500008	100.0	77 h 5 min
32150	1363.9999945573509	100.0	840.52203	373.89758	1437.9	-144.3	100.0	77 h 10 min
32200	1057.0349948707967	100.0	726.1941	388.2331	1487.0	3.4999971	100.0	77 h 15 min
32250	1291.4249920565635	100.0	717.04694	345.4817	1313.05	137.95	100.0	77 h 20 min
32300	1322.4999931566417	100.0	692.665	346.72403	1376.85	-197.40001	100.0	77 h 25 min
32350	1328.2499924078584	100.0	794.534	366.70847	1397.65	-302.40002	100.0	77 h 30 min
32400	1299.7499916292727	100.0	746.24994	398.7619	1373.25	30.199995	100.0	77 h 35 min
32450	1284.549992132932	100.0	674.53705	328.7095	1322.15	31.799995	100.0	77 h 39 min
32500	1195.1999899446964	100.0	882.26697	348.9129	1354.5	1.8499964	100.0	77 h 44 min
32550	925.0499963015318	100.0	723.865	380.20346	1359.0	55.999996	100.0	77 h 49 min
32600	1072.1499963626266	100.0	812.33	388.56015	1421.4	-14.200003	100.0	77 h 53 min
32650	1293.94999172166	100.0	844.351	385.77637	1370.15	27.599995	100.0	77 h 58 min
32700	1438.5999931842089	100.0	642.00995	362.1593	1373.25	58.499996	100.0	78 h 3 min
32750	1242.699993338436	100.0	789.155	327.8466	1463.05	41.599995	100.0	78 h 8 min
32800	943.9299955163151	100.0	787.573	303.74203	1361.2	42.249996	100.0	78 h 12 min
32850	1359.9499933049083	100.0	654.325	361.15305	1307.65	-175.90001	100.0	78 h 17 min
32900	436.1599961221218	100.0	841.517	337.4283	1360.9	29.199997	100.0	78 h 22 min
32950	1330.249990645796	100.0	825.4911	398.96985	1422.0	-68.850006	100.0	78 h 27 min
33000	1259.6749918084593	100.0	752.05695	364.01117	1415.25	-21.950003	100.0	78 h 31 min
33050	1228.7999903336167	100.0	722.796	377.63553	1370.3	56.449993	100.0	78 h 36 min
33100	194.20999306887387	100.0	765.90295	351.4596	1355.05	-24.650007	100.0	78 h 41 min
33150	1081.4699953902514	100.0	630.365	321.27542	1213.85	57.399998	100.0	78 h 45 min
33200	1224.799993161112	100.0	786.04407	384.7436	1437.8	12.399997	100.0	78 h 50 min
33250	1098.4999912157655	100.0	676.18896	329.18726	1441.2	70.399994	100.0	78 h 54 min
33300	704.4999924637377	100.0	860.93805	378.01227	1404.1	7.949993	100.0	78 h 59 min
33350	1296.1999936699867	100.0	734.2949	384.91275	1400.05	67.99999	100.0	79 h 4 min
33400	775.7299946989864	100.0	801.8159	350.0832	1291.75	-59.850002	100.0	79 h 8 min
33450	353.91999318003656	100.0	664.919	424.58835	1354.55	-249.50002	100.0	79 h 13 min
33500	1324.949995674193	100.0	577.677	303.85135	1261.65	-34.850002	100.0	79 h 17 min
33550	1377.399993494153	100.0	751.48694	437.83957	1419.5	-223.25	100.0	79 h 22 min
33600	1429.749992903322	100.0	835.233	371.94998	1403.15	89.35	100.0	79 h 27 min
33650	1248.999991364777	100.0	832.07	389.4086	1451.6	-6.650004	100.0	79 h 32 min
33700	1295.84999140352	100.0	634.28296	310.82828	1209.65	8.049994	100.0	79 h 37 min
33750	1216.299993108958	100.0	739.32306	348.40182	1360.5	28.599993	100.0	79 h 42 min
33800	1328.8999930657446	100.0	864.642	368.32776	1410.25	-35.550007	100.0	79 h 46 min
33850	1283.6499919369817	100.0	781.12506	400.2209	1360.45	-51.300007	100.0	79 h 51 min
33900	1160.7349912460893	100.0	910.56195	348.20734	1407.95	99.899994	100.0	79 h 56 min
33950	1312.2999937422574	100.0	781.745	364.34375	1365.65	89.5	100.0	80 h 1 min
34000	1366.7749919891357	100.0	759.75104	360.13162	1381.65	50.8	100.0	80 h 6 min
34050	1328.9999911785126	100.0	742.62897	367.7618	1365.65	99.899994	100.0	80 h 10 min
34100	989.1749918397516	100.0	718.2269	351.34036	1306.0	-262.15	100.0	80 h 15 min
34150	903.4349952410906	100.0	729.99603	366.12878	1379.85	7.8499928	100.0	80 h 20 min
34200	1175.0999938584864	100.0	643.65497	298.69977	1074.95	-198.75	100.0	80 h 24 min
34250	259.4499965067953	100.0	500.75098	328.77582	1128.45	-23.100004	100.0	80 h 29 min
34300	1316.3599947579205	100.0	725.1909	368.85712	1401.25	156.95	100.0	80 h 34 min
34350	1270.799995817244	100.0	763.908	371.2896	1410.05	-193.65001	100.0	80 h 38 min
34400	1312.199993636459	100.0	728.03705	347.67093	1344.25	28.849997	100.0	80 h 43 min
34450	1086.7949947517366	100.0	810.4099	334.55182	1387.55	-268.75	100.0	80 h 48 min
34500	446.21999592781066	100.0	590.577	311.41586	1250.4	-204.1	100.0	80 h 52 min
34550	642.1099957805127	100.0	679.19604	313.71848	1212.4	-28.600004	100.0	80 h 57 min
34600	1122.849993314594	100.0	707.8	347.12216	1362.75	-52.9	100.0	81 h 2 min
34650	1329.0999901778996	100.0	827.7301	383.66425	1333.65	73.0	100.0	81 h 6 min
34700	828.4349952213466	100.0	806.437	374.79544	1348.95	74.85	100.0	81 h 11 min
34750	967.9099951766432	100.0	748.425	334.3387	1341.6	122.5	100.0	81 h 16 min
34800	660.7349967516959	100.0	745.826	399.70612	1324.55	-121.3	100.0	81 h 20 min
34850	890.8149940736591	100.0	638.05896	357.58667	1347.8	-168.95	100.0	81 h 25 min
34900	1271.979994145781	100.0	846.195	361.1503	1386.75	125.75	100.0	81 h 30 min
34950	1106.649995905906	100.0	722.301	336.01797	1350.15	80.2	100.0	81 h 34 min
35000	1245.7999950237572	100.0	786.194	395.82095	1385.5	-213.0	100.0	81 h 39 min
35050	1241.1999940350652	100.0	694.576	389.09546	1261.8	-258.55002	100.0	81 h 44 min
35100	1209.4999949671328	100.0	793.85596	409.8112	1346.7	-48.000004	100.0	81 h 49 min
35150	376.23999589309096	100.0	796.087	365.51718	1322.1	103.35	100.0	81 h 54 min
35200	1298.8999943956733	100.0	635.062	360.99777	1344.8	71.1	100.0	81 h 58 min
35250	1215.0999939404428	100.0	728.658	369.82797	1276.7	-37.300003	100.0	82 h 3 min
35300	586.1849946677685	100.0	772.558	348.50058	1299.85	-259.95	100.0	82 h 8 min
35350	1425.9999949857593	100.0	735.558	318.99954	1273.45	28.549995	100.0	82 h 13 min
35400	822.1099949788302	100.0	762.781	380.78702	1346.2	15.149997	100.0	82 h 17 min
35450	900.224995932728	100.0	664.94006	384.2335	1287.4	-266.0	100.0	82 h 22 min
35500	1255.1599940352141	100.0	835.1909	353.80862	1347.3	-98.4	100.0	82 h 27 min
35550	1036.6249943915755	100.0	878.437	306.81107	1354.35	199.7	100.0	82 h 31 min
35600	545.2949967958033	100.0	631.287	362.48975	1319.35	-80.4	100.0	82 h 36 min
35650	1101.299989130348	100.0	711.024	368.86118	1293.15	-96.350006	100.0	82 h 41 min
35700	769.6399937856943	100.0	651.872	408.66025	1252.65	-294.2	100.0	82 h 46 min
35750	1207.7199932098388	100.0	615.31696	331.40735	1206.95	60.499992	100.0	82 h 50 min
35800	621.6899965040386	100.0	749.419	271.06506	1183.8	166.75	100.0	82 h 55 min
35850	361.2349957615137	100.0	733.21	381.03506	1250.75	-259.65	100.0	82 h 59 min
35900	1220.049994815141	100.0	679.39795	318.9558	1355.35	22.049997	100.0	83 h 4 min
35950	1308.4499949514866	100.0	776.6291	355.74203	1325.1	100.149994	100.0	83 h 9 min
36000	1144.749992646277	100.0	724.59	317.9042	1220.75	104.6	100.0	83 h 14 min
36050	1134.8499951399863	100.0	710.70703	422.41187	1337.3	-210.20001	100.0	83 h 19 min
36100	634.7449965070933	100.0	764.46704	339.20413	1297.85	88.2	100.0	83 h 23 min
36150	1284.1499926298857	100.0	659.736	305.9251	1325.95	101.95	100.0	83 h 28 min
36200	1090.4199969388544	100.0	651.358	390.3862	1360.05	-123.90001	100.0	83 h 32 min
36250	1248.0999932549894	100.0	736.11896	334.62198	1370.7	-14.000003	100.0	83 h 37 min
36300	1411.3499934002757	100.0	779.45306	342.11105	1239.6	44.899998	100.0	83 h 42 min
36350	1259.2499948702753	100.0	762.28204	348.47656	1295.65	84.2	100.0	83 h 47 min
36400	806.6599970944226	100.0	736.884	296.52438	1208.7	-237.05	100.0	83 h 51 min
36450	1230.4999913014472	100.0	688.1699	341.23157	1305.75	87.649994	100.0	83 h 56 min
36500	938.0999886654317	100.0	770.57306	396.80392	1326.2	49.999996	100.0	84 h 1 min
36550	1157.7499934341758	100.0	653.47003	318.8976	1233.5	-49.100002	100.0	84 h 6 min
