Episode	TestRet	TestSteps	AverageEpRet	StdEpRet	MaxEpRet	MinEpRet	EpLen	Time
50	-145.00000216066837	100.0	-158.054	7.0884466	-141.0	-173.0	100.0	4 min 3 sec
100	-145.00000216066837	100.0	-158.49602	6.885353	-144.3	-172.35	100.0	8 min 30 sec
150	-158.17000306732953	100.0	-158.24101	7.8084426	-131.8	-168.85	100.0	12 min 45 sec
200	-168.76000359579922	100.0	-157.31401	7.6515427	-140.25	-171.25	100.0	17 min 0 sec
250	-156.82000309824943	100.0	-155.054	7.261191	-136.3	-169.65001	100.0	21 min 19 sec
300	-156.4700031105429	100.0	-154.61302	6.938054	-139.95	-171.5	100.0	25 min 35 sec
350	-151.960002528131	100.0	-151.806	8.439263	-129.40001	-168.3	100.0	29 min 48 sec
400	-173.31000398881733	100.0	-152.523	8.131397	-134.8	-169.5	100.0	34 min 4 sec
450	-150.1000024266541	100.0	-149.86	7.844068	-130.75	-167.95	100.0	38 min 22 sec
500	-146.73000298552216	100.0	-149.45102	9.030091	-126.850006	-166.65001	100.0	42 min 47 sec
550	-146.38000330775975	100.0	-143.84799	10.4065275	-114.5	-160.05	100.0	47 min 13 sec
600	-149.81000267527997	100.0	-146.964	8.864999	-128.2	-169.75	100.0	51 min 28 sec
650	-141.69000275023282	100.0	-142.246	10.592589	-115.0	-159.75	100.0	55 min 42 sec
700	-145.8800024688244	100.0	-143.311	8.282592	-114.9	-157.7	100.0	1 h 0 min 4 sec
750	-135.5800029080361	100.0	-138.995	12.102716	-104.200005	-158.25	100.0	1 h 4 min 8 sec
800	-150.77000331021844	100.0	-133.84601	12.787419	-95.450005	-158.05	100.0	1 h 8 min 27 sec
850	-152.3200039345771	100.0	-135.804	12.392743	-100.8	-154.25	100.0	1 h 12 min 58 sec
900	-173.83000411726533	100.0	-134.105	15.625759	-70.65	-153.55	100.0	1 h 18 min 12 sec
950	-159.27000411860644	100.0	-133.07602	13.239105	-96.75	-154.95	100.0	1 h 23 min 26 sec
1000	-143.55500293970107	100.0	-129.659	12.646719	-95.8	-158.90001	100.0	1 h 28 min 9 sec
1050	-147.9400037255138	100.0	-127.51	16.481522	-78.9	-152.15001	100.0	1 h 32 min 35 sec
1100	-144.23000314570965	100.0	-128.01501	14.7562065	-89.9	-156.7	100.0	1 h 37 min 25 sec
1150	-136.4100034531206	100.0	-126.001015	17.849058	-84.05	-154.55	100.0	1 h 42 min 32 sec
1200	-120.04000318013132	100.0	-117.45701	18.814604	-59.250004	-144.15001	100.0	1 h 47 min 51 sec
1250	-154.37000335715712	100.0	-117.78499	18.652178	-58.250004	-145.3	100.0	1 h 53 min 6 sec
1300	-165.3650047916919	100.0	-117.397	18.642117	-72.9	-150.25	100.0	1 h 58 min 32 sec
1350	-149.30500420667232	100.0	-112.966995	19.211863	-53.750004	-146.8	100.0	2 h 3 min 41 sec
1400	-131.17500294409692	100.0	-115.614006	17.373259	-69.15	-142.7	100.0	2 h 8 min 52 sec
1450	-156.3700040027499	100.0	-112.655	24.45629	-26.700003	-150.0	100.0	2 h 14 min 17 sec
1500	-109.44000336043537	100.0	-111.27	23.471848	-41.600002	-149.85	100.0	2 h 19 min 40 sec
1550	-157.94000467061997	100.0	-105.09899	27.810555	-31.300003	-160.5	100.0	2 h 25 min 5 sec
1600	-138.16000331304969	100.0	-106.95201	24.398983	-41.050003	-155.85	100.0	2 h 30 min 20 sec
1650	-144.45500367768108	100.0	-97.06301	36.619995	1.1499975	-177.20001	100.0	2 h 35 min 38 sec
1700	-120.65000344626606	100.0	-93.594	27.162615	-44.500004	-143.2	100.0	2 h 40 min 53 sec
1750	-114.58000358827412	100.0	-97.357	26.328938	-13.450004	-143.55	100.0	2 h 46 min 13 sec
1800	-118.9000044375658	100.0	-81.449005	31.557457	1.7999978	-138.95	100.0	2 h 51 min 35 sec
1850	-121.95000387020409	100.0	-89.95901	25.972296	-27.650003	-132.90001	100.0	2 h 56 min 56 sec
1900	-105.50500378385186	100.0	-82.53501	26.58332	-28.250002	-141.1	100.0	3 h 2 min 15 sec
1950	-125.89000388160348	100.0	-84.417	29.412846	-10.400003	-131.55	100.0	3 h 7 min 27 sec
2000	-127.40000371783972	100.0	-84.202995	27.205587	-20.900003	-122.3	100.0	3 h 12 min 56 sec
2050	-157.5900058347732	100.0	-76.382996	32.554764	-17.650003	-152.3	100.0	3 h 18 min 12 sec
2100	-119.92000341638922	100.0	-82.117004	33.57895	1.6999981	-180.15001	100.0	3 h 24 min 18 sec
2150	-122.1650041271001	100.0	-72.41501	29.558691	1.6999971	-132.6	100.0	3 h 30 min 40 sec
2200	-108.47500423379242	100.0	-81.201004	26.034397	-27.500002	-136.6	100.0	3 h 36 min 55 sec
2250	-118.1200049355626	100.0	-80.129005	36.676884	14.399997	-172.80002	100.0	3 h 42 min 48 sec
2300	-106.1700033608824	100.0	-84.731	32.46066	-14.350004	-159.40001	100.0	3 h 48 min 19 sec
2350	-121.63000410795212	100.0	-88.379	42.1292	-7.850003	-239.35	100.0	3 h 54 min 4 sec
2400	-100.15000285729766	100.0	-70.34	33.364735	42.249996	-124.25	100.0	3 h 59 min 57 sec
2450	-97.94500293843448	100.0	-85.66901	30.14121	-9.200003	-167.1	100.0	4 h 7 min 18 sec
2500	-107.62000389732421	100.0	-80.93	30.999935	4.4999976	-129.55	100.0	4 h 15 min 4 sec
2550	-78.84000305496156	100.0	-78.225	28.76786	-12.250003	-152.45001	100.0	4 h 22 min 40 sec
2600	-73.71500314921141	100.0	-64.277	32.92063	29.549997	-119.350006	100.0	4 h 30 min 2 sec
2650	-84.15500371195375	100.0	-75.567	29.638958	-10.850003	-130.5	100.0	4 h 37 min 31 sec
2700	-104.09000425823032	100.0	-68.465004	32.046333	49.699997	-147.15001	100.0	4 h 45 min 8 sec
2750	-83.36500372216105	100.0	-68.23601	31.0946	-5.150002	-132.15001	100.0	4 h 51 min 38 sec
2800	-65.4900027282536	100.0	-70.185005	32.31491	31.499996	-130.40001	100.0	4 h 58 min 14 sec
2850	-96.50000400021672	100.0	-65.23701	30.511484	7.0999975	-116.75	100.0	5 h 4 min 33 sec
2900	-65.99500347077847	100.0	-83.94301	29.926306	1.1999966	-129.55	100.0	5 h 11 min 0 sec
2950	-91.9950043257326	100.0	-72.99301	37.407967	-2.150003	-161.1	100.0	5 h 17 min 23 sec
3000	-78.09000383168458	100.0	-76.41	34.918285	-17.600004	-192.45001	100.0	5 h 23 min 46 sec
3050	-116.12000434100628	100.0	-71.562996	27.574512	6.499997	-131.95	100.0	5 h 30 min 24 sec
3100	-94.25000352822244	100.0	-72.894005	24.3632	-29.950003	-121.350006	100.0	5 h 36 min 1 sec
3150	-82.56500282511115	100.0	-75.133	31.189539	-0.050002873	-157.45	100.0	5 h 41 min 18 sec
3200	-76.11500336490572	100.0	-63.598003	29.701015	7.3499975	-124.25001	100.0	5 h 46 min 41 sec
3250	-66.44000360146165	100.0	-74.58901	31.734213	17.699997	-131.85	100.0	5 h 52 min 0 sec
3300	-78.78000369817019	100.0	-66.75801	27.551733	27.199997	-109.3	100.0	5 h 57 min 7 sec
3350	-85.99500338211655	100.0	-72.824	27.78933	-7.800002	-123.850006	100.0	6 h 1 min 43 sec
3400	-112.91500406600535	100.0	-64.204	36.47695	31.399998	-138.90001	100.0	6 h 6 min 17 sec
3450	-75.04500355646014	100.0	-76.80301	31.746283	-10.300002	-151.6	100.0	6 h 10 min 52 sec
3500	-70.63000302389264	100.0	-67.70901	28.71331	22.499998	-119.600006	100.0	6 h 15 min 27 sec
3550	-85.99500501789153	100.0	-81.828	29.60765	-4.0000033	-148.85	100.0	6 h 19 min 40 sec
3600	-99.06500428877771	100.0	-80.451996	28.252302	-14.650003	-142.65001	100.0	6 h 24 min 27 sec
3650	-87.85000422038138	100.0	-72.20301	34.819324	8.699995	-162.1	100.0	6 h 31 min 29 sec
3700	-105.26500413753092	100.0	-77.57201	26.066515	-10.650003	-123.350006	100.0	6 h 38 min 18 sec
3750	-121.47000534236432	100.0	-73.302	23.898363	-26.700003	-123.25	100.0	6 h 45 min 24 sec
3800	-82.27500336430967	100.0	-73.054	27.650219	-1.1000032	-135.7	100.0	6 h 52 min 24 sec
3850	-108.020003471151	100.0	-70.89001	30.885199	11.549996	-128.55	100.0	6 h 59 min 20 sec
3900	-104.8700038421899	100.0	-72.864	26.44884	-13.350002	-120.65	100.0	7 h 6 min 3 sec
3950	-89.19000437743962	100.0	-73.925	24.569231	-32.750004	-128.85	100.0	7 h 11 min 49 sec
4000	-94.45000355057418	100.0	-71.873	32.4503	19.849998	-175.1	100.0	7 h 17 min 16 sec
4050	-82.48500323556364	100.0	-84.90701	25.806574	-24.050003	-125.8	100.0	7 h 22 min 38 sec
4100	-85.73000393621624	100.0	-75.61	28.449291	-9.750003	-134.95	100.0	7 h 28 min 8 sec
4150	-114.58500310853124	100.0	-76.07	29.8745	12.949998	-146.6	100.0	7 h 33 min 41 sec
4200	-84.84500389136375	100.0	-82.019005	26.233774	-20.100002	-130.6	100.0	7 h 39 min 10 sec
4250	-104.13000394031405	100.0	-73.847	26.266867	-16.000002	-149.1	100.0	7 h 44 min 26 sec
4300	-101.52500364035367	100.0	-73.298004	30.195019	11.949998	-125.700005	100.0	7 h 49 min 57 sec
4350	-58.72500302456319	100.0	-69.081	24.785177	-25.950003	-137.95	100.0	7 h 55 min 34 sec
4400	-97.92500412687659	100.0	-66.929	26.655642	1.8999962	-119.850006	100.0	8 h 0 min 58 sec
4450	-42.66000250801444	100.0	-69.441	32.809147	-2.7000036	-130.25	100.0	8 h 6 min 26 sec
4500	-85.15000375509263	100.0	-77.074005	28.944988	40.55	-124.3	100.0	8 h 11 min 57 sec
4550	-84.3350036483258	100.0	-63.120007	32.214653	23.549997	-121.100006	100.0	8 h 17 min 19 sec
4600	-107.11000431999564	100.0	-61.221	28.90236	-12.300002	-129.75	100.0	8 h 22 min 43 sec
4650	-108.20500373989344	100.0	-72.589005	25.817146	-26.000004	-136.3	100.0	8 h 28 min 27 sec
4700	-84.62000383175909	100.0	-65.111	27.578033	6.9499984	-145.25	100.0	8 h 33 min 58 sec
4750	-88.83000441007316	100.0	-72.952	27.952192	0.049996372	-111.8	100.0	8 h 39 min 29 sec
4800	-55.670003516972066	100.0	-59.468998	31.414772	32.399998	-112.450005	100.0	8 h 45 min 0 sec
4850	-81.70500316545368	100.0	-62.15	28.30812	23.799997	-109.700005	100.0	8 h 50 min 27 sec
4900	-68.22000367380679	100.0	-53.33001	28.989529	-6.300003	-128.8	100.0	8 h 55 min 53 sec
4950	-66.56000381559133	100.0	-64.758	29.95211	42.249996	-134.1	100.0	9 h 1 min 20 sec
5000	-61.59500313661992	100.0	-73.24	33.736786	4.549997	-137.70001	100.0	9 h 6 min 54 sec
5050	-104.22500311918557	100.0	-67.93301	33.16694	54.699997	-139.25	100.0	9 h 12 min 27 sec
5100	-93.89500337801874	100.0	-69.582	31.797705	14.699997	-141.75	100.0	9 h 18 min 9 sec
5150	-118.92000561878085	100.0	-85.606	28.70588	-36.15	-168.85	100.0	9 h 23 min 32 sec
5200	-96.52000391185284	100.0	-69.072	30.340355	0.8499963	-134.35	100.0	9 h 29 min 2 sec
5250	-65.65500303916633	100.0	-76.406006	39.62608	4.0499964	-158.6	100.0	9 h 34 min 37 sec
5300	-89.69500333741307	100.0	-63.822998	26.588213	-16.950003	-124.700005	100.0	9 h 40 min 13 sec
5350	-83.73500369265676	100.0	-69.12301	27.56574	-12.750003	-133.65001	100.0	9 h 45 min 39 sec
5400	-79.58500326611102	100.0	-63.782	31.847763	11.399999	-148.8	100.0	9 h 51 min 11 sec
5450	-85.51000370271504	100.0	-71.415	33.702877	2.199997	-196.20001	100.0	9 h 57 min 10 sec
5500	-92.97000394985079	100.0	-69.32	29.770018	4.599996	-128.85	100.0	10 h 2 min 52 sec
5550	-78.70500396378338	100.0	-57.969006	32.85109	51.35	-118.15	100.0	10 h 7 min 59 sec
5600	-73.5900038048625	100.0	-66.23701	32.984283	44.649998	-122.0	100.0	10 h 13 min 32 sec
5650	-76.4800025254488	100.0	-66.874	34.09671	25.799997	-138.05	100.0	10 h 19 min 11 sec
5700	-102.3750038985163	100.0	-76.89	29.408184	12.399999	-138.0	100.0	10 h 24 min 30 sec
5750	-63.980003038793804	100.0	-77.645004	33.646538	-8.100003	-159.8	100.0	10 h 30 min 4 sec
5800	-74.08000291325152	100.0	-73.79901	31.460815	1.9999967	-133.20001	100.0	10 h 35 min 40 sec
5850	-99.16500339955091	100.0	-73.037994	35.359604	46.499996	-177.05	100.0	10 h 41 min 5 sec
5900	-141.04500551857055	100.0	-73.26501	29.753822	-10.200003	-171.3	100.0	10 h 46 min 11 sec
5950	-101.8750033505261	100.0	-71.068	30.2615	7.299997	-130.90001	100.0	10 h 52 min 4 sec
6000	-64.27000291571021	100.0	-63.392002	28.244455	-0.90000194	-124.15	100.0	10 h 57 min 35 sec
6050	-75.94000362567604	100.0	-51.356007	34.17907	20.299997	-111.450005	100.0	11 h 3 min 1 sec
6100	-79.29500297270715	100.0	-71.48401	32.29069	25.799997	-155.6	100.0	11 h 8 min 43 sec
6150	-99.10500520914793	100.0	-75.70601	37.204643	-2.3000026	-183.1	100.0	11 h 14 min 22 sec
6200	-68.17500251233578	100.0	-67.843	31.73146	4.099998	-134.40001	100.0	11 h 19 min 45 sec
6250	-51.455003313720226	100.0	-66.455	26.823893	-20.400002	-114.9	100.0	11 h 25 min 14 sec
6300	-94.28000328578055	100.0	-54.284004	30.421503	9.449997	-109.5	100.0	11 h 30 min 48 sec
6350	-78.40000408627093	100.0	-78.00201	39.7475	38.899998	-183.40001	100.0	11 h 36 min 22 sec
6400	-66.06500380598008	100.0	-65.182	30.320341	-1.100003	-133.6	100.0	11 h 41 min 48 sec
6450	-51.06500295549631	100.0	-60.775	34.325478	32.3	-134.65001	100.0	11 h 46 min 59 sec
6500	-66.13000295832754	100.0	-71.068	30.977863	0.34999758	-131.25	100.0	11 h 52 min 28 sec
6550	-78.68000324256718	100.0	-68.928	33.86538	10.799996	-127.850006	100.0	11 h 57 min 59 sec
6600	-74.47500414811074	100.0	-72.146	29.88976	0.29999697	-150.45001	100.0	12 h 3 min 22 sec
6650	-73.83500325009227	100.0	-56.279003	28.93938	3.4499967	-129.90001	100.0	12 h 8 min 55 sec
6700	-114.66000421606005	100.0	-78.055	42.548798	-0.85000324	-201.25	100.0	12 h 14 min 28 sec
6750	-76.42000347599387	100.0	-62.606003	29.526886	-4.3000026	-145.95	100.0	12 h 19 min 55 sec
6800	-55.72500296086073	100.0	-58.102997	35.497917	59.649998	-154.90001	100.0	12 h 25 min 26 sec
6850	-62.98500281907618	100.0	-61.872997	34.66185	11.699996	-123.9	100.0	12 h 30 min 46 sec
6900	-78.10000430494547	100.0	-70.73301	33.882942	-3.850004	-185.8	100.0	12 h 36 min 10 sec
6950	-81.20500315874816	100.0	-60.615005	33.32233	47.199997	-117.75	100.0	12 h 41 min 40 sec
7000	-102.94000413380563	100.0	-66.498	27.631655	0.79999775	-143.3	100.0	12 h 47 min 9 sec
7050	-68.57500290833414	100.0	-59.614002	32.97795	18.249998	-136.0	100.0	12 h 52 min 33 sec
7100	-67.68500309698284	100.0	-53.065	33.14986	35.399998	-111.25	100.0	12 h 57 min 52 sec
7150	-62.310002806037666	100.0	-57.186996	34.361057	16.549997	-124.450005	100.0	13 h 3 min 16 sec
7200	-75.57000371031464	100.0	-51.727	24.302532	-0.25000265	-106.950005	100.0	13 h 8 min 36 sec
7250	-93.28000457696616	100.0	-54.881004	29.844055	6.4999976	-114.100006	100.0	13 h 13 min 51 sec
7300	-60.06500289738178	100.0	-57.738003	37.29867	28.399998	-169.75	100.0	13 h 19 min 22 sec
7350	-81.34000362306833	100.0	-58.395004	43.30123	19.3	-200.55	100.0	13 h 24 min 36 sec
7400	-126.56000626906753	100.0	-51.476	29.06323	16.399998	-108.8	100.0	13 h 30 min 4 sec
7450	-72.31000293195248	100.0	-55.866	38.329967	22.049997	-154.90001	100.0	13 h 35 min 29 sec
7500	-23.520002441480756	100.0	-50.712	29.269835	21.349998	-107.75	100.0	13 h 40 min 43 sec
7550	-77.87000371478499	100.0	-62.671	32.078598	1.1999962	-183.5	100.0	13 h 45 min 53 sec
7600	-79.4300032377243	100.0	-50.047997	28.905552	45.85	-105.3	100.0	13 h 51 min 21 sec
7650	-59.38000305481255	100.0	-56.903	29.052984	1.1499977	-129.95	100.0	13 h 56 min 40 sec
7700	-99.32500367499888	100.0	-55.271	35.74732	40.6	-141.45	100.0	14 h 1 min 59 sec
7750	-170.60500780642033	100.0	-63.084	35.317524	24.149998	-149.1	100.0	14 h 7 min 32 sec
7800	-51.45500266030431	100.0	-61.36701	33.58862	-1.100004	-145.7	100.0	14 h 12 min 55 sec
7850	-55.73500290922821	100.0	-68.4	21.092552	-22.900002	-124.15	100.0	14 h 18 min 12 sec
7900	-53.70500294230878	100.0	-54.33801	31.663717	26.949997	-114.55	100.0	14 h 23 min 26 sec
7950	-63.41000317633152	100.0	-45.901997	26.680466	17.849998	-100.700005	100.0	14 h 28 min 44 sec
8000	-56.41000283099711	100.0	-49.334	34.12792	18.799997	-123.4	100.0	14 h 34 min 6 sec
8050	-10.61000248864293	100.0	-50.486008	31.122263	39.1	-131.6	100.0	14 h 39 min 43 sec
8100	-59.600003488361835	100.0	-55.191006	31.381765	11.399997	-138.2	100.0	14 h 45 min 7 sec
8150	-111.80500353388489	100.0	-60.168007	25.17096	5.799996	-107.450005	100.0	14 h 50 min 41 sec
8200	-54.6200031619519	100.0	-56.081005	36.66545	16.899998	-135.7	100.0	14 h 56 min 5 sec
8250	-83.08500454127788	100.0	-52.400005	32.957367	17.849997	-120.55	100.0	15 h 1 min 17 sec
8300	-70.09000273868442	100.0	-55.943005	36.30622	3.8499973	-182.05	100.0	15 h 6 min 44 sec
8350	-147.42000744044782	100.0	-51.128002	32.098904	33.749996	-113.450005	100.0	15 h 12 min 9 sec
8400	-62.470003162696955	100.0	-55.825005	30.935965	-1.2500023	-162.35	100.0	15 h 17 min 22 sec
8450	-49.61500367149711	100.0	-34.682003	33.70596	44.649998	-121.850006	100.0	15 h 22 min 47 sec
8500	-74.19500334225594	100.0	-48.592003	30.425995	14.949997	-106.15	100.0	15 h 28 min 11 sec
8550	-48.65000240989029	100.0	-52.191006	30.015446	13.299998	-122.4	100.0	15 h 33 min 20 sec
8600	-62.58000350929797	100.0	-43.003002	30.144762	24.149998	-112.65	100.0	15 h 38 min 28 sec
8650	-113.14000591412187	100.0	-49.773003	28.977325	64.799995	-108.200005	100.0	15 h 43 min 54 sec
8700	-109.2000033210963	100.0	-49.768997	29.180048	17.199997	-133.85	100.0	15 h 49 min 18 sec
8750	-62.06000238507986	100.0	-53.227	29.045542	8.049996	-144.5	100.0	15 h 54 min 39 sec
8800	-63.560003547370435	100.0	-41.593	28.195848	57.249996	-87.8	100.0	16 h 0 min 17 sec
8850	-90.27000489607454	100.0	-56.57	39.525017	36.749996	-141.40001	100.0	16 h 5 min 45 sec
8900	-72.47500353604555	100.0	-46.871002	30.680326	18.749998	-123.9	100.0	16 h 10 min 48 sec
8950	-48.31000313274562	100.0	-45.714005	30.679184	6.2499976	-128.35	100.0	16 h 16 min 3 sec
9000	-59.250003803521395	100.0	-51.837	29.35076	10.399998	-115.5	100.0	16 h 21 min 27 sec
9050	-71.47000401988626	100.0	-50.640003	36.693314	44.8	-138.25	100.0	16 h 26 min 39 sec
9100	-65.16000458188356	100.0	-51.746002	35.358784	12.5999975	-128.90001	100.0	16 h 32 min 11 sec
9150	-68.61000288240612	100.0	-44.835007	33.14327	35.6	-111.350006	100.0	16 h 37 min 33 sec
9200	-74.69000374861062	100.0	-49.171005	40.08774	47.699997	-145.45	100.0	16 h 42 min 55 sec
9250	-53.045003636553886	100.0	-57.71	33.79415	-0.6000026	-174.3	100.0	16 h 48 min 7 sec
9300	-53.665002373605965	100.0	-51.287003	35.204266	43.499996	-116.4	100.0	16 h 53 min 19 sec
9350	-71.97500366531312	100.0	-44.92	39.658966	78.049995	-118.8	100.0	16 h 58 min 42 sec
9400	-26.8300034429878	100.0	-50.13701	31.319918	22.049997	-122.600006	100.0	17 h 3 min 53 sec
9450	-61.570002761483195	100.0	-42.376007	27.011446	40.799995	-108.1	100.0	17 h 9 min 26 sec
9500	-41.16000316776335	100.0	-39.184002	38.219044	71.75	-119.05	100.0	17 h 14 min 42 sec
9550	-48.510002148523924	100.0	-49.295006	33.223797	9.749997	-136.25	100.0	17 h 20 min 1 sec
9600	-47.58000256642699	100.0	-56.684	35.287716	3.8999982	-156.75	100.0	17 h 25 min 23 sec
9650	-12.600002431124448	100.0	-37.377003	36.5405	37.6	-117.700005	100.0	17 h 30 min 35 sec
9700	-81.06500492803752	100.0	-40.387	38.14577	34.499996	-193.65001	100.0	17 h 35 min 54 sec
9750	-65.23000353612005	100.0	-55.375004	35.89502	3.849996	-189.65001	100.0	17 h 41 min 8 sec
9800	-37.21000296100974	100.0	-51.292004	29.689745	1.449998	-125.05	100.0	17 h 46 min 30 sec
9850	-56.06000281944871	100.0	-38.859005	32.634586	49.949997	-120.600006	100.0	17 h 51 min 53 sec
9900	-61.570003169775006	100.0	-47.720005	35.227333	33.85	-115.25	100.0	17 h 57 min 5 sec
9950	-55.355003513395786	100.0	-55.150005	30.20037	20.349997	-145.1	100.0	18 h 2 min 16 sec
10000	-77.26500434838235	100.0	-46.381	34.29778	37.749996	-116.75001	100.0	18 h 7 min 33 sec
10050	-67.1750033993274	100.0	-48.378998	28.402966	17.599997	-102.25	100.0	18 h 12 min 59 sec
10100	-96.25500413887202	100.0	-45.94301	33.885757	35.999996	-115.0	100.0	18 h 18 min 24 sec
10150	-52.14000284820795	100.0	-51.174004	32.609837	29.549997	-152.40001	100.0	18 h 23 min 40 sec
10200	-77.05000303946436	100.0	-47.971004	31.276293	15.399998	-115.850006	100.0	18 h 29 min 10 sec
10250	-79.25500344112515	100.0	-42.861008	28.505903	17.999998	-106.55	100.0	18 h 34 min 20 sec
10300	-50.79000364989042	100.0	-42.561	39.478104	58.449997	-122.25	100.0	18 h 39 min 28 sec
10350	-38.57500231638551	100.0	-41.049004	34.55386	67.1	-109.700005	100.0	18 h 44 min 47 sec
10400	-55.66000229343772	100.0	-46.025005	39.67002	17.949997	-160.95001	100.0	18 h 49 min 58 sec
10450	-65.62500271685421	100.0	-48.572006	41.438652	77.85	-141.0	100.0	18 h 55 min 23 sec
10500	-60.025003269687296	100.0	-49.902008	26.894516	0.19999677	-121.450005	100.0	19 h 0 min 43 sec
10550	-72.9650039229542	100.0	-49.05	35.966423	23.799997	-127.8	100.0	19 h 6 min 9 sec
10600	-54.55500392951071	100.0	-45.57	29.496653	21.749998	-115.9	100.0	19 h 11 min 34 sec
10650	-81.61000387258828	100.0	-49.528004	34.53667	38.399998	-118.4	100.0	19 h 16 min 52 sec
10700	-26.40500251054764	100.0	-48.810005	35.361748	23.799997	-141.95	100.0	19 h 22 min 9 sec
10750	-70.69500415101648	100.0	-44.37	32.75406	55.85	-115.3	100.0	19 h 27 min 25 sec
10800	-34.070002342015506	100.0	-45.038002	30.276041	14.3499975	-134.6	100.0	19 h 32 min 55 sec
10850	-110.01500414162874	100.0	-29.926	35.731037	43.899998	-127.6	100.0	19 h 38 min 20 sec
10900	-93.34500325731933	100.0	-37.995	34.566914	43.6	-131.65001	100.0	19 h 43 min 43 sec
10950	-51.02500349543989	100.0	-34.804005	48.257812	110.2	-133.25	100.0	19 h 49 min 11 sec
11000	-92.4600035764277	100.0	-48.902	33.247562	19.199999	-134.6	100.0	19 h 54 min 18 sec
11050	-63.69000355154276	100.0	-57.279	39.258537	38.349995	-176.90001	100.0	19 h 59 min 25 sec
11100	-76.21000366173685	100.0	-46.627	28.6094	17.749998	-117.9	100.0	20 h 4 min 51 sec
11150	-65.59500317759812	100.0	-47.011	42.505135	34.449997	-195.3	100.0	20 h 10 min 18 sec
11200	-58.01500276699662	100.0	-36.744003	31.564188	12.449997	-113.1	100.0	20 h 15 min 39 sec
11250	-52.57500292174518	100.0	-54.238003	36.58372	23.549997	-137.8	100.0	20 h 20 min 54 sec
11300	-60.05000229775906	100.0	-42.034004	33.822968	24.899998	-122.950005	100.0	20 h 26 min 19 sec
11350	-64.24000346437097	100.0	-43.236008	37.51758	75.95	-134.95	100.0	20 h 31 min 30 sec
11400	-55.66500248461962	100.0	-49.264004	39.19506	35.199997	-148.55	100.0	20 h 36 min 42 sec
11450	-93.39000433832408	100.0	-45.106003	39.54337	101.0	-133.8	100.0	20 h 42 min 10 sec
11500	-31.180002546310426	100.0	-50.068005	46.881084	93.2	-166.65001	100.0	20 h 47 min 32 sec
11550	-89.17000311799347	100.0	-54.921	32.17986	10.699998	-118.850006	100.0	20 h 53 min 1 sec
11600	-57.26500299461186	100.0	-53.785	30.468634	2.149997	-103.3	100.0	20 h 58 min 24 sec
11650	-42.94000264704228	100.0	-46.825	40.530273	64.75	-141.15001	100.0	21 h 3 min 54 sec
11700	-51.50000338591635	100.0	-39.595	29.64767	22.849997	-111.75	100.0	21 h 9 min 11 sec
11750	-42.69500365890563	100.0	-35.401005	36.82787	73.85	-121.15	100.0	21 h 14 min 20 sec
11800	-49.625002560019496	100.0	-36.939	35.23111	40.55	-126.850006	100.0	21 h 19 min 47 sec
11850	-70.4500030964613	100.0	-42.688004	33.068443	30.049997	-114.950005	100.0	21 h 25 min 16 sec
11900	-57.95500339120626	100.0	-53.854	34.074722	16.149998	-155.3	100.0	21 h 30 min 26 sec
11950	-80.05500355884433	100.0	-33.135002	38.734684	29.449997	-162.75	100.0	21 h 35 min 35 sec
12000	-49.505003393813965	100.0	-39.482002	36.651493	50.949997	-114.5	100.0	21 h 41 min 6 sec
12050	-59.590004379302265	100.0	-32.614002	39.93197	41.699997	-133.35	100.0	21 h 46 min 10 sec
12100	-36.16000325232744	100.0	-29.530005	40.750053	57.8	-108.0	100.0	21 h 51 min 18 sec
12150	-88.45000306777656	100.0	-30.983	31.959017	37.449997	-90.9	100.0	21 h 56 min 49 sec
12200	-32.71500270664692	100.0	-38.89	42.608692	90.85	-152.3	100.0	22 h 2 min 6 sec
12250	-34.995003153383735	100.0	-28.177002	41.294247	68.75	-142.5	100.0	22 h 7 min 13 sec
12300	-71.65000346191228	100.0	-27.001001	35.444954	46.449997	-116.600006	100.0	22 h 12 min 53 sec
12350	-37.15500250644982	100.0	-29.527002	38.565247	51.35	-121.15	100.0	22 h 18 min 12 sec
12400	-5.420002469047904	100.0	-27.272005	30.641283	35.949997	-109.3	100.0	22 h 23 min 10 sec
12450	-47.380003507062796	100.0	-33.294006	34.066105	23.649998	-119.0	100.0	22 h 28 min 31 sec
12500	2.469996841624379	100.0	-26.338005	33.7471	34.1	-87.65	100.0	22 h 33 min 55 sec
12550	-43.65000228770077	100.0	-32.054005	41.216328	61.949997	-113.4	100.0	22 h 39 min 5 sec
12600	-49.12500323057175	100.0	-25.355003	35.861156	57.8	-90.3	100.0	22 h 44 min 31 sec
12650	-19.645002183690668	100.0	-35.764004	30.336813	44.999996	-101.700005	100.0	22 h 49 min 56 sec
12700	-24.49500319249928	100.0	-15.905002	38.43867	89.4	-93.65	100.0	22 h 55 min 2 sec
12750	-61.12500355951488	100.0	-34.758003	31.368605	37.699997	-114.5	100.0	23 h 0 min 19 sec
12800	-35.75500271692872	100.0	-39.640003	45.6947	77.0	-148.95001	100.0	23 h 5 min 40 sec
12850	-43.500002479180694	100.0	-25.391	38.9914	37.649998	-135.75	100.0	23 h 10 min 46 sec
12900	-40.72500373981893	100.0	-33.541	27.159986	30.249998	-124.4	100.0	23 h 16 min 3 sec
12950	-22.58500257283449	100.0	-27.761003	32.67201	53.5	-87.05	100.0	23 h 21 min 18 sec
13000	-53.40500344075262	100.0	-32.142	42.323383	80.149994	-116.75	100.0	23 h 26 min 34 sec
13050	-65.77000385411084	100.0	-35.794003	37.062195	91.4	-117.4	100.0	23 h 31 min 53 sec
13100	-46.810003753378986	100.0	-26.899002	42.143734	89.45	-99.950005	100.0	23 h 37 min 0 sec
13150	-48.950004456937315	100.0	-40.576	29.505259	39.399998	-122.5	100.0	23 h 42 min 12 sec
13200	-88.2250058632344	100.0	-36.991005	35.301807	39.949997	-111.4	100.0	23 h 47 min 24 sec
13250	-9.51000268869102	100.0	-36.995007	36.967316	61.299995	-114.450005	100.0	23 h 52 min 49 sec
13300	-42.74000273160637	100.0	-40.645004	37.547634	42.35	-120.6	100.0	23 h 58 min 10 sec
13350	-41.870003623515366	100.0	-30.027004	36.93352	70.45	-89.65	100.0	24 h 3 min 26 sec
13400	-70.28500329218805	100.0	-30.107002	41.636887	53.6	-112.4	100.0	24 h 8 min 41 sec
13450	-7.895003401115536	100.0	-28.499004	41.861317	75.399994	-123.6	100.0	24 h 13 min 54 sec
13500	-64.32500359714031	100.0	-24.328003	39.818897	48.35	-135.1	100.0	24 h 19 min 9 sec
13550	-57.20500315129757	100.0	-37.232002	39.666782	41.199997	-104.05	100.0	24 h 24 min 22 sec
13600	-37.09000248759985	100.0	-23.363003	32.31953	46.6	-119.65	100.0	24 h 29 min 33 sec
13650	-63.41000306271017	100.0	-23.388002	39.93114	60.899998	-99.9	100.0	24 h 34 min 50 sec
13700	-32.815002960339186	100.0	-29.217005	39.66437	95.2	-117.4	100.0	24 h 40 min 8 sec
13750	-42.07500394880772	100.0	-22.242002	37.4735	59.75	-122.3	100.0	24 h 45 min 20 sec
13800	-51.96500285193324	100.0	-22.740002	38.99447	70.399994	-119.200005	100.0	24 h 50 min 32 sec
13850	-19.010003145039082	100.0	-13.915003	35.794544	67.35	-92.00001	100.0	24 h 55 min 36 sec
13900	-35.17500442415476	100.0	-25.835005	39.523106	78.049995	-118.600006	100.0	25 h 0 min 50 sec
13950	-54.46000398360193	100.0	-26.091003	39.238823	68.7	-118.05	100.0	25 h 6 min 2 sec
14000	-20.34000300206244	100.0	-14.850002	38.94719	102.45	-72.450005	100.0	25 h 11 min 10 sec
14050	-24.755003568902612	100.0	-23.984003	38.492878	58.749996	-101.9	100.0	25 h 16 min 26 sec
14100	-24.890003101155163	100.0	-29.103998	46.54856	74.1	-178.15001	100.0	25 h 21 min 32 sec
14150	-42.38000274077058	100.0	-20.096003	37.061325	100.85	-118.9	100.0	25 h 26 min 40 sec
14200	6.194997749850154	100.0	-18.728003	35.125782	74.9	-92.65	100.0	25 h 31 min 43 sec
14250	-20.280003486946224	100.0	-20.486	36.12709	75.95	-91.75	100.0	25 h 36 min 55 sec
14300	-6.805002915486694	100.0	-25.576004	28.911043	15.449998	-103.0	100.0	25 h 42 min 13 sec
14350	-56.00000417493284	100.0	-26.717005	33.32149	72.649994	-81.65	100.0	25 h 47 min 17 sec
14400	-41.08000334128737	100.0	-22.779003	35.501522	51.299995	-108.65	100.0	25 h 52 min 26 sec
14450	-56.49500314183533	100.0	-13.570003	38.48666	87.049995	-80.4	100.0	25 h 57 min 31 sec
14500	-52.47500326484442	100.0	-18.599003	36.58292	81.049995	-105.5	100.0	26 h 2 min 51 sec
14550	-51.5550030361861	100.0	-27.265003	39.078564	95.35	-119.4	100.0	26 h 8 min 3 sec
14600	-41.905003409832716	100.0	-19.669003	41.579567	115.549995	-101.5	100.0	26 h 13 min 3 sec
14650	-86.64500586874783	100.0	-22.333002	39.76686	83.9	-116.65	100.0	26 h 18 min 19 sec
14700	-128.75000717006623	100.0	-36.808	34.430103	49.85	-124.75001	100.0	26 h 23 min 34 sec
14750	-45.99500315189361	100.0	-21.135002	40.077904	81.65	-97.1	100.0	26 h 28 min 50 sec
14800	-31.85000302679837	100.0	-28.051	35.929844	56.3	-123.600006	100.0	26 h 33 min 59 sec
14850	-72.29000355899333	100.0	-31.780003	42.44269	85.35	-132.7	100.0	26 h 39 min 12 sec
14900	-35.39000300355256	100.0	-35.597	43.199055	43.85	-121.350006	100.0	26 h 44 min 29 sec
14950	-69.27500425763428	100.0	-18.841003	41.665726	113.049995	-92.200005	100.0	26 h 49 min 45 sec
15000	-51.23500342443585	100.0	-17.459003	29.05231	36.149998	-79.15	100.0	26 h 54 min 56 sec
15050	-73.10500363111495	100.0	-12.568002	40.42359	87.35	-111.15	100.0	27 h 0 min 9 sec
15100	-76.62500351369381	100.0	-18.182005	43.054176	96.85	-101.55	100.0	27 h 5 min 21 sec
15150	-55.66000444963574	100.0	-15.654004	40.733677	62.549995	-115.3	100.0	27 h 10 min 32 sec
15200	-31.900003041327	100.0	-22.683	43.442924	85.75	-117.0	100.0	27 h 15 min 44 sec
15250	-23.7100036598742	100.0	-30.229004	38.63381	44.249996	-120.5	100.0	27 h 20 min 52 sec
15300	-35.85000276006758	100.0	-24.023003	33.875454	53.949997	-87.850006	100.0	27 h 26 min 3 sec
15350	4.684997382387519	100.0	-21.674002	32.52448	51.049995	-97.850006	100.0	27 h 31 min 22 sec
15400	-51.895003526285294	100.0	-29.201004	35.691772	45.85	-115.15	100.0	27 h 36 min 30 sec
15450	-14.490003177896142	100.0	-27.973003	36.723892	49.049995	-131.5	100.0	27 h 41 min 46 sec
15500	-31.45000254958868	100.0	-20.839005	34.711315	75.75	-105.55	100.0	27 h 46 min 52 sec
15550	-25.17500335276127	100.0	-26.994001	34.453125	82.549995	-86.0	100.0	27 h 52 min 10 sec
15600	-44.41500293910504	100.0	-22.650002	42.14348	83.1	-99.25001	100.0	27 h 57 min 23 sec
15650	-70.90000473000109	100.0	-22.304	52.6695	111.299995	-142.40001	100.0	28 h 2 min 42 sec
15700	-19.370003585889936	100.0	-22.395002	42.781857	95.5	-148.15001	100.0	28 h 8 min 1 sec
15750	-78.37500463537872	100.0	-33.643	35.269264	43.1	-134.55	100.0	28 h 13 min 1 sec
15800	-41.96000334173441	100.0	-11.632001	43.198753	98.45	-116.1	100.0	28 h 18 min 1 sec
15850	-43.04000322297215	100.0	-21.082003	40.135845	90.9	-128.05	100.0	28 h 23 min 30 sec
15900	-16.14500311985612	100.0	-11.869002	39.361485	64.45	-137.6	100.0	28 h 28 min 24 sec
15950	-38.84500338435173	100.0	-6.4430013	35.369076	74.85	-85.200005	100.0	28 h 33 min 40 sec
16000	20.28499702215195	100.0	-12.703003	43.493996	103.65	-92.55	100.0	28 h 38 min 56 sec
16050	2.4749973356723785	100.0	-16.135004	42.679153	114.7	-97.55	100.0	28 h 44 min 2 sec
16100	-51.685003691539166	100.0	-21.250006	45.310402	104.299995	-132.6	100.0	28 h 49 min 21 sec
16150	-21.210002958774567	100.0	-14.947002	41.267273	114.0	-93.200005	100.0	28 h 54 min 33 sec
16200	-11.340003384649753	100.0	-24.720003	42.292667	71.85	-117.5	100.0	28 h 59 min 38 sec
16250	-46.45000331252813	100.0	-33.211002	32.520813	99.4	-107.5	100.0	29 h 4 min 51 sec
16300	-22.560003170743585	100.0	-22.979002	56.1181	109.799995	-119.25	100.0	29 h 10 min 2 sec
16350	-13.605002660676837	100.0	-19.677002	34.881447	43.6	-88.100006	100.0	29 h 15 min 12 sec
16400	-25.455003014579415	100.0	-10.674004	42.590847	83.299995	-98.450005	100.0	29 h 20 min 12 sec
16450	-47.22500315979123	100.0	-24.116001	37.86742	95.799995	-104.8	100.0	29 h 25 min 20 sec
16500	-4.585003113374114	100.0	-15.479003	48.99329	97.899994	-120.600006	100.0	29 h 30 min 34 sec
16550	-59.14000479504466	100.0	-25.169006	35.608665	36.699997	-145.25	100.0	29 h 35 min 42 sec
16600	-59.44500356689095	100.0	-17.920002	43.36934	87.85	-95.15	100.0	29 h 40 min 45 sec
16650	-0.03500300794839859	100.0	-29.116999	42.353706	47.199997	-119.00001	100.0	29 h 46 min 3 sec
16700	-47.72000382319093	100.0	-22.845003	41.121185	67.399994	-110.8	100.0	29 h 51 min 11 sec
16750	-24.205002643540503	100.0	-18.416004	36.1633	74.6	-125.3	100.0	29 h 56 min 23 sec
16800	-29.365002639219163	100.0	-17.269005	46.404633	117.45	-107.600006	100.0	30 h 1 min 42 sec
16850	-8.96500248759985	100.0	-16.530003	41.990387	93.35	-113.9	100.0	30 h 6 min 37 sec
16900	-9.180002733319998	100.0	-5.4010034	47.22942	81.25	-120.9	100.0	30 h 11 min 48 sec
16950	-73.93500377647578	100.0	-19.438004	45.65546	98.0	-112.55	100.0	30 h 17 min 9 sec
17000	-33.2400033723563	100.0	-1.8700027	43.907543	102.95	-83.25	100.0	30 h 21 min 58 sec
17050	-6.300002982467413	100.0	-15.069003	38.28726	74.85	-138.15001	100.0	30 h 27 min 9 sec
17100	-21.66500281356275	100.0	-12.450004	40.691166	80.399994	-116.50001	100.0	30 h 32 min 23 sec
17150	-15.290002640336752	100.0	-17.143003	47.884644	81.6	-165.15001	100.0	30 h 37 min 26 sec
17200	-72.58500323407353	100.0	-9.214003	37.252174	82.5	-79.05	100.0	30 h 42 min 28 sec
17250	-45.84000304602087	100.0	-14.732	42.39365	139.9	-105.3	100.0	30 h 47 min 43 sec
17300	-25.055002880096435	100.0	-15.239002	39.298733	105.6	-100.850006	100.0	30 h 52 min 47 sec
17350	-54.01500412560999	100.0	2.4869962	47.091816	125.4	-98.0	100.0	30 h 58 min 1 sec
17400	-23.085002223029733	100.0	-16.032001	44.644455	107.399994	-127.25001	100.0	31 h 2 min 56 sec
17450	-14.410002162307501	100.0	-9.575003	37.1252	108.25	-104.600006	100.0	31 h 8 min 3 sec
17500	-33.72500391975045	100.0	-11.016001	33.285088	108.35	-72.3	100.0	31 h 13 min 14 sec
17550	5.889996718242765	100.0	-7.939002	40.4093	111.1	-133.7	100.0	31 h 18 min 10 sec
17600	-38.63000275120139	100.0	-9.414002	44.13897	87.2	-114.200005	100.0	31 h 23 min 17 sec
17650	-19.615003360062836	100.0	-20.052004	43.095757	72.25	-113.50001	100.0	31 h 28 min 22 sec
17700	-40.93500319570303	100.0	-16.947002	40.859447	75.85	-124.05	100.0	31 h 33 min 34 sec
17750	-18.36500340551138	100.0	-27.508003	39.62847	62.499996	-134.65001	100.0	31 h 38 min 30 sec
17800	-7.790002110600471	100.0	-16.165003	46.71078	116.6	-107.05	100.0	31 h 43 min 32 sec
17850	-4.3400029737502335	100.0	-26.801	36.777187	55.1	-102.200005	100.0	31 h 48 min 43 sec
17900	-28.2850030798465	100.0	-3.665002	38.646797	77.25	-116.200005	100.0	31 h 53 min 44 sec
17950	-5.43500254675746	100.0	-4.8780026	37.082893	106.75	-93.55	100.0	31 h 58 min 58 sec
18000	-47.76000343002379	100.0	-6.0480027	39.34889	74.85	-85.55	100.0	32 h 4 min 7 sec
18050	-29.610003934428097	100.0	-8.740002	42.457085	82.399994	-85.100006	100.0	32 h 9 min 14 sec
18100	1.7949976779520511	100.0	-4.4160028	41.55333	110.5	-83.200005	100.0	32 h 14 min 24 sec
18150	-28.770003218203783	100.0	-7.8790026	49.431915	110.799995	-147.5	100.0	32 h 19 min 24 sec
18200	1.1299976710230113	100.0	-15.196002	39.492798	70.149994	-117.100006	100.0	32 h 24 min 21 sec
18250	-34.145003363490105	100.0	-19.036003	40.68344	110.75	-104.35	100.0	32 h 29 min 34 sec
18300	12.284997494518757	100.0	-1.4050031	48.244423	117.75	-104.450005	100.0	32 h 34 min 43 sec
18350	-26.865003677085042	100.0	-1.6830026	47.495163	111.65	-74.55	100.0	32 h 39 min 55 sec
18400	-25.565003663301468	100.0	-2.819003	40.388966	89.049995	-74.200005	100.0	32 h 45 min 3 sec
18450	-24.225003404915334	100.0	0.87299746	36.971573	72.299995	-98.700005	100.0	32 h 50 min 17 sec
18500	-38.815002519264816	100.0	-4.7450027	35.25532	68.299995	-93.350006	100.0	32 h 55 min 31 sec
18550	13.324996891990304	100.0	-31.047003	39.553944	97.25	-118.450005	100.0	33 h 0 min 32 sec
18600	-42.83500306867063	100.0	-2.6950026	42.63029	109.85	-80.3	100.0	33 h 5 min 37 sec
18650	-23.30000262595713	100.0	-15.229003	39.380875	94.45	-102.75	100.0	33 h 10 min 51 sec
18700	4.994995878264308	100.0	-1.2840024	42.104206	80.549995	-85.9	100.0	33 h 15 min 58 sec
18750	-61.25000370517373	100.0	-13.677003	46.203163	131.8	-113.75001	100.0	33 h 21 min 8 sec
18800	-8.860002832114697	100.0	-16.194002	41.351875	70.65	-100.4	100.0	33 h 26 min 21 sec
18850	-27.665003022179008	100.0	-10.849004	44.528694	111.35	-90.8	100.0	33 h 31 min 31 sec
18900	27.639997278526426	100.0	-7.611002	42.202293	127.049995	-106.100006	100.0	33 h 36 min 44 sec
18950	14.944997073337436	100.0	-10.199003	31.275936	62.3	-84.700005	100.0	33 h 41 min 47 sec
19000	-22.205002462118863	100.0	-1.5490019	53.95153	96.7	-121.05	100.0	33 h 46 min 55 sec
19050	-3.0750034626573326	100.0	-6.584004	44.096764	106.45	-89.600006	100.0	33 h 52 min 6 sec
19100	-49.4850041937083	100.0	0.90599746	45.376945	85.049995	-130.95	100.0	33 h 57 min 4 sec
19150	-4.3650026794523	100.0	1.1999974	36.380775	79.049995	-118.9	100.0	34 h 1 min 58 sec
19200	-6.410003133118153	100.0	-10.349004	44.13936	56.1	-135.2	100.0	34 h 7 min 17 sec
19250	-15.17500290647149	100.0	-9.589003	31.302763	60.199997	-97.700005	100.0	34 h 12 min 20 sec
19300	-48.53500395454466	100.0	-1.3030032	42.810356	67.75	-113.65	100.0	34 h 17 min 20 sec
19350	-73.89000412300229	100.0	-2.279003	37.305027	123.549995	-97.450005	100.0	34 h 22 min 27 sec
19400	-35.020003377646205	100.0	-4.948002	41.357224	126.85	-70.350006	100.0	34 h 27 min 37 sec
19450	-30.17500300966203	100.0	-17.618004	43.44492	96.85	-100.25	100.0	34 h 32 min 42 sec
19500	15.82999637760222	100.0	-6.8150024	41.445187	93.299995	-104.200005	100.0	34 h 37 min 56 sec
19550	2.4999974191188814	100.0	-9.707004	46.848083	118.35	-104.200005	100.0	34 h 43 min 7 sec
19600	-17.02500291839242	100.0	-5.298004	40.751038	105.549995	-79.9	100.0	34 h 48 min 8 sec
19650	-66.0900040924549	100.0	-15.290003	38.656303	80.35	-86.850006	100.0	34 h 53 min 29 sec
19700	-33.325003299862146	100.0	-7.772003	41.100346	84.049995	-120.65	100.0	34 h 58 min 44 sec
19750	4.484997047483921	100.0	-7.502003	46.881306	88.799995	-100.3	100.0	35 h 3 min 32 sec
19800	-37.12500349022448	100.0	2.869997	39.68437	147.0	-62.850006	100.0	35 h 8 min 51 sec
19850	-21.770003962144255	100.0	-6.6540027	43.539585	108.149994	-102.25	100.0	35 h 14 min 9 sec
19900	20.85499754473567	100.0	-4.926003	43.64126	118.2	-100.6	100.0	35 h 19 min 12 sec
19950	-7.885003552213311	100.0	-5.973003	39.619434	75.2	-82.4	100.0	35 h 24 min 35 sec
20000	-34.29500397220254	100.0	-13.014004	45.566895	92.299995	-110.6	100.0	35 h 29 min 44 sec
20050	-26.300003036111594	100.0	-11.534002	46.86094	101.7	-116.15	100.0	35 h 34 min 54 sec
20100	5.504997501522302	100.0	-8.454002	39.732166	97.35	-100.65	100.0	35 h 40 min 8 sec
20150	-35.61000345237553	100.0	1.1259972	32.972424	79.0	-80.600006	100.0	35 h 45 min 12 sec
20200	-19.55500348545611	100.0	-29.429005	47.181747	72.649994	-137.65001	100.0	35 h 50 min 13 sec
20250	-15.365002958849072	100.0	-4.4810033	44.739826	82.299995	-100.600006	100.0	35 h 55 min 22 sec
20300	-38.6550038959831	100.0	-10.766004	41.618877	83.85	-81.0	100.0	36 h 0 min 35 sec
20350	0.9099974252283574	100.0	-16.297003	35.065395	61.6	-86.100006	100.0	36 h 5 min 39 sec
20400	-36.99500233121216	100.0	9.487997	44.63739	146.15	-89.5	100.0	36 h 10 min 49 sec
20450	-6.165002666786313	100.0	0.29699656	40.02489	72.35	-113.15	100.0	36 h 16 min 5 sec
20500	-26.660003596544264	100.0	-16.641003	37.132042	89.1	-124.05	100.0	36 h 20 min 55 sec
20550	-7.775002950802445	100.0	-12.487002	41.435074	95.049995	-101.65	100.0	36 h 26 min 1 sec
20600	24.06499709673226	100.0	-2.7180016	45.6632	105.95	-122.600006	100.0	36 h 31 min 20 sec
20650	4.594997759908438	100.0	-9.3930025	40.32504	72.649994	-105.15	100.0	36 h 36 min 18 sec
20700	-4.595003291592002	100.0	-12.989002	46.182255	101.35	-111.15	100.0	36 h 41 min 28 sec
20750	-7.310003092512488	100.0	2.3299973	40.561867	103.149994	-83.15	100.0	36 h 46 min 45 sec
20800	-19.665002473443746	100.0	-6.2620025	37.413048	68.75	-123.15001	100.0	36 h 51 min 43 sec
20850	-14.87000335380435	100.0	1.9389971	49.10324	103.35	-127.100006	100.0	36 h 56 min 49 sec
20900	-43.14000364765525	100.0	8.130998	40.074406	116.649994	-76.75	100.0	37 h 2 min 1 sec
20950	-10.050002967566252	100.0	-0.022003097	37.82489	109.25	-62.750004	100.0	37 h 6 min 59 sec
21000	-31.805004013329743	100.0	-4.5810027	39.32926	70.549995	-87.15	100.0	37 h 12 min 9 sec
21050	-20.36500253677368	100.0	-1.2320024	36.847813	71.45	-79.450005	100.0	37 h 17 min 24 sec
21100	19.609997882321476	100.0	-3.6680021	38.37855	83.35	-75.65	100.0	37 h 22 min 25 sec
21150	-1.1300029173493384	100.0	-6.749002	45.357143	97.35	-93.1	100.0	37 h 27 min 35 sec
21200	-4.460002793744207	100.0	-1.9560019	53.70492	122.5	-141.25	100.0	37 h 32 min 51 sec
21250	-6.395002521574497	100.0	-10.376002	42.76201	92.75	-118.5	100.0	37 h 37 min 58 sec
21300	-12.055003008246421	100.0	2.802997	39.10825	90.2	-73.6	100.0	37 h 43 min 5 sec
21350	-20.660002804920076	100.0	1.1019973	42.278805	101.15	-95.1	100.0	37 h 48 min 11 sec
21400	-4.6350031469017265	100.0	5.980998	34.04691	98.899994	-78.55	100.0	37 h 53 min 20 sec
21450	5.729996988922357	100.0	-4.083002	44.810493	134.95	-85.25	100.0	37 h 58 min 21 sec
21500	-16.915003349632023	100.0	1.7239974	39.6723	70.9	-95.450005	100.0	38 h 3 min 33 sec
21550	-22.210003136843444	100.0	-1.893002	39.706783	121.899994	-83.100006	100.0	38 h 8 min 50 sec
21600	-40.38500342443585	100.0	-18.679005	42.203415	106.75	-101.950005	100.0	38 h 13 min 56 sec
21650	-38.460004824772476	100.0	-7.824003	59.383812	139.45	-146.95001	100.0	38 h 19 min 8 sec
21700	24.674996817484498	100.0	-14.815003	46.75581	97.049995	-141.65001	100.0	38 h 24 min 22 sec
21750	-6.4650030542165045	100.0	-9.967003	46.4109	123.5	-133.55	100.0	38 h 29 min 22 sec
21800	-9.070003481209278	100.0	-3.677002	41.537205	82.45	-80.65	100.0	38 h 34 min 32 sec
21850	-58.25000569410622	100.0	-7.894003	52.087864	128.5	-139.90001	100.0	38 h 40 min 2 sec
21900	-46.54000346213579	100.0	-14.325003	40.875557	63.1	-108.0	100.0	38 h 45 min 10 sec
21950	-30.490003653243186	100.0	-4.665004	53.35581	138.09999	-92.850006	100.0	38 h 50 min 16 sec
22000	-12.500002449378371	100.0	-2.1220026	46.51564	122.0	-101.600006	100.0	38 h 55 min 28 sec
22050	2.8699967090040444	100.0	-11.227003	41.073116	91.799995	-88.850006	100.0	39 h 0 min 29 sec
22100	-47.5300048366189	100.0	4.0809975	48.14812	112.25	-109.100006	100.0	39 h 5 min 31 sec
22150	-22.570003972947596	100.0	-7.550003	42.924816	105.649994	-92.700005	100.0	39 h 10 min 48 sec
22200	-0.790003153309226	100.0	-0.6970026	47.035816	138.0	-95.1	100.0	39 h 15 min 48 sec
22250	-7.550002770870924	100.0	1.8139971	41.51367	112.399994	-77.65	100.0	39 h 20 min 55 sec
22300	-20.38000293150544	100.0	11.137997	50.521027	151.09999	-107.9	100.0	39 h 26 min 13 sec
22350	-35.405002820119265	100.0	-8.558002	40.861046	90.799995	-112.5	100.0	39 h 31 min 20 sec
22400	8.204996683076024	100.0	-14.730002	39.9081	85.799995	-106.00001	100.0	39 h 36 min 36 sec
22450	-21.58000232204795	100.0	-2.7590027	49.24629	112.1	-102.950005	100.0	39 h 42 min 1 sec
22500	-14.83500277362764	100.0	-9.578004	46.54345	105.549995	-95.850006	100.0	39 h 47 min 9 sec
22550	4.494996952265501	100.0	-11.223001	53.951687	102.7	-94.450005	100.0	39 h 52 min 19 sec
22600	-21.200002460181715	100.0	-6.6320043	40.47681	82.1	-120.600006	100.0	39 h 57 min 44 sec
22650	31.724997286498546	100.0	-10.388003	46.7804	84.45	-139.85	100.0	40 h 3 min 4 sec
22700	-45.010003111511466	100.0	-5.7630024	45.707344	96.0	-95.3	100.0	40 h 8 min 12 sec
22750	1.6399968292564153	100.0	7.8399982	46.878735	145.3	-70.75	100.0	40 h 13 min 33 sec
22800	-20.540002644062042	100.0	-11.745004	47.21526	95.899994	-88.700005	100.0	40 h 18 min 54 sec
22850	-9.795003424584866	100.0	-2.6580024	43.033813	111.9	-82.200005	100.0	40 h 23 min 58 sec
22900	-6.840003617480397	100.0	-3.1300027	42.436153	138.8	-84.350006	100.0	40 h 28 min 55 sec
22950	10.969997481629253	100.0	-5.9130025	35.558765	81.35	-92.700005	100.0	40 h 34 min 8 sec
23000	12.239996732771397	100.0	7.1959977	46.466915	133.9	-87.600006	100.0	40 h 39 min 16 sec
23050	37.04999672025442	100.0	-6.396003	50.10065	126.799995	-109.3	100.0	40 h 44 min 30 sec
23100	40.1349975541234	100.0	-5.638003	52.051212	204.95	-109.850006	100.0	40 h 49 min 50 sec
23150	-31.655002497136593	100.0	-3.880003	32.816753	89.899994	-72.75	100.0	40 h 54 min 50 sec
23200	-7.325002886727452	100.0	-9.275003	41.51004	104.1	-72.5	100.0	41 h 0 min 1 sec
23250	-15.85500328950584	100.0	3.757997	47.743073	110.75	-89.3	100.0	41 h 5 min 19 sec
23300	2.949997302889824	100.0	-5.271003	37.94507	81.7	-83.65	100.0	41 h 10 min 20 sec
23350	-9.205002899467946	100.0	1.5089977	38.13223	88.299995	-81.700005	100.0	41 h 15 min 28 sec
23400	-19.470003029704095	100.0	-6.5010033	36.571056	131.34999	-72.200005	100.0	41 h 20 min 56 sec
23450	-25.290002997219563	100.0	-6.0050025	43.897808	105.85	-126.950005	100.0	41 h 25 min 56 sec
23500	-20.745002806186676	100.0	1.1549971	36.82008	78.149994	-81.75	100.0	41 h 31 min 5 sec
23550	-25.13500227369368	100.0	5.263997	50.822426	157.2	-96.6	100.0	41 h 36 min 22 sec
23600	45.529997422918676	100.0	0.54499733	38.518448	87.5	-83.75	100.0	41 h 41 min 27 sec
23650	11.019997254759073	100.0	10.676998	54.889175	145.55	-107.3	100.0	41 h 46 min 36 sec
23700	-22.7500029694289	100.0	-15.370004	39.822437	68.4	-98.200005	100.0	41 h 51 min 58 sec
23750	29.4749967366457	100.0	1.6049972	49.445366	85.65	-125.450005	100.0	41 h 57 min 1 sec
23800	-18.365003111213447	100.0	-2.1840029	48.123043	107.399994	-88.8	100.0	42 h 2 min 3 sec
23850	-1.675002682954073	100.0	2.466997	40.92547	76.149994	-102.700005	100.0	42 h 7 min 25 sec
23900	32.794996962323786	100.0	-4.160003	47.986237	147.05	-120.4	100.0	42 h 12 min 32 sec
23950	-18.860003105178475	100.0	-15.622004	41.960712	72.049995	-130.85	100.0	42 h 17 min 32 sec
24000	-15.230002750828863	100.0	2.1609972	42.940105	83.1	-71.55	100.0	42 h 22 min 50 sec
24050	-4.625003327801823	100.0	3.6409976	37.603073	101.299995	-72.600006	100.0	42 h 27 min 51 sec
24100	-34.86000353544951	100.0	-6.595003	51.32372	90.299995	-153.0	100.0	42 h 32 min 49 sec
24150	17.21999640651047	100.0	-10.055002	53.675297	149.8	-111.200005	100.0	42 h 38 min 1 sec
24200	-22.29000335112214	100.0	0.19399711	54.279144	178.95	-112.05	100.0	42 h 43 min 16 sec
24250	18.004997609555723	100.0	3.280997	49.84996	152.8	-88.15	100.0	42 h 48 min 12 sec
24300	14.559996751695872	100.0	5.7849975	49.291275	107.7	-105.3	100.0	42 h 53 min 27 sec
24350	47.24999621510506	100.0	17.539997	45.304264	150.7	-69.950005	100.0	42 h 58 min 41 sec
24400	5.659997010603547	100.0	-12.332002	41.745136	72.95	-105.700005	100.0	43 h 3 min 43 sec
24450	48.14499722272158	100.0	1.356997	48.760654	144.55	-77.100006	100.0	43 h 8 min 51 sec
24500	29.91499719247222	100.0	1.5289967	44.062096	164.95	-102.65001	100.0	43 h 14 min 8 sec
24550	-2.940002375096083	100.0	9.174997	54.6574	143.95	-111.55	100.0	43 h 19 min 12 sec
24600	15.959996743127704	100.0	-0.6380026	39.305885	124.0	-99.6	100.0	43 h 24 min 26 sec
24650	-28.045003006979822	100.0	5.4579983	50.525684	110.95	-151.25	100.0	43 h 29 min 50 sec
24700	-27.305003379285335	100.0	0.8369975	46.187237	125.95	-109.0	100.0	43 h 34 min 55 sec
24750	68.5499973822385	100.0	7.1859975	47.55717	173.5	-95.0	100.0	43 h 40 min 6 sec
24800	28.569997594505548	100.0	14.576999	38.98879	102.049995	-86.4	100.0	43 h 45 min 26 sec
24850	6.844997049495578	100.0	-5.537003	43.654663	95.6	-101.05	100.0	43 h 50 min 26 sec
24900	9.7399976875633	100.0	-3.1020021	41.629	100.799995	-98.9	100.0	43 h 55 min 45 sec
24950	-13.49000352062285	100.0	15.593998	44.05287	144.3	-60.600002	100.0	44 h 1 min 1 sec
25000	-35.710003797337414	100.0	15.700998	42.795383	137.5	-63.45	100.0	44 h 6 min 0 sec
25050	-3.445002554729581	100.0	7.3249974	49.799404	142.84999	-90.15	100.0	44 h 11 min 15 sec
25100	17.09999713487923	100.0	2.4979978	47.22155	170.3	-129.75	100.0	44 h 16 min 42 sec
25150	7.684997307881713	100.0	-0.8850023	34.621395	74.75	-85.85	100.0	44 h 21 min 48 sec
25200	-2.355002315342426	100.0	-15.132003	46.718266	90.299995	-115.05	100.0	44 h 26 min 56 sec
25250	-7.805002288147807	100.0	-0.26900253	48.184433	121.049995	-85.65	100.0	44 h 32 min 13 sec
25300	-5.750002218037844	100.0	3.2439978	53.02057	139.05	-103.15	100.0	44 h 37 min 15 sec
25350	-30.74000401645899	100.0	-0.9040028	45.123283	150.0	-98.0	100.0	44 h 42 min 24 sec
25400	-9.555002471059561	100.0	-5.951002	43.66961	79.6	-108.3	100.0	44 h 47 min 44 sec
25450	-73.2200055796653	100.0	-10.829004	47.956604	106.6	-117.350006	100.0	44 h 52 min 53 sec
25500	-26.585003663226964	100.0	1.4809973	51.582848	112.0	-83.55	100.0	44 h 57 min 54 sec
25550	-38.14000276662409	100.0	-0.185002	48.673683	108.1	-120.100006	100.0	45 h 3 min 10 sec
25600	-12.44500281624496	100.0	2.1759977	35.347267	78.7	-75.05	100.0	45 h 8 min 15 sec
25650	10.484997526183724	100.0	4.8779974	43.965508	97.149994	-118.700005	100.0	45 h 13 min 11 sec
25700	-35.80000332556665	100.0	12.737997	53.333958	151.8	-125.700005	100.0	45 h 18 min 27 sec
25750	24.884996391460298	100.0	-8.2680025	35.022488	71.35	-87.8	100.0	45 h 23 min 32 sec
25800	-5.155003429949284	100.0	-14.323003	36.401237	71.25	-87.200005	100.0	45 h 28 min 37 sec
25850	5.334996914118529	100.0	4.1849976	45.721283	106.85	-99.450005	100.0	45 h 33 min 42 sec
25900	-18.030002431944013	100.0	-1.6830024	45.380886	126.95	-113.05	100.0	45 h 39 min 1 sec
25950	1.95999766997993	100.0	-6.832003	41.43167	151.0	-83.700005	100.0	45 h 44 min 5 sec
26000	-49.555004216358064	100.0	-16.199001	41.783802	98.6	-125.700005	100.0	45 h 49 min 9 sec
26050	6.0849973436445	100.0	-7.227002	48.14106	102.049995	-130.3	100.0	45 h 54 min 22 sec
26100	5.059996822476387	100.0	-5.587003	33.235752	59.249996	-80.55	100.0	45 h 59 min 28 sec
26150	33.25499727539718	100.0	3.602998	47.4194	109.6	-135.05	100.0	46 h 4 min 33 sec
26200	10.919997011870146	100.0	0.51899713	50.149914	110.899994	-171.90001	100.0	46 h 9 min 49 sec
26250	13.839997915551066	100.0	4.3489976	39.504917	125.399994	-69.25	100.0	46 h 14 min 48 sec
26300	-35.405002649128434	100.0	3.1969976	42.792652	88.049995	-106.5	100.0	46 h 19 min 58 sec
26350	-20.170002983510493	100.0	-2.6740024	42.508255	120.5	-90.9	100.0	46 h 25 min 20 sec
26400	31.53499702923	100.0	10.768998	48.239376	119.399994	-82.200005	100.0	46 h 30 min 14 sec
26450	60.56499716453254	100.0	9.459996	43.803417	118.149994	-86.35	100.0	46 h 35 min 21 sec
26500	-8.630003321915865	100.0	3.8979979	39.908905	89.45	-87.3	100.0	46 h 40 min 31 sec
26550	-2.9950027454644443	100.0	7.1729975	41.8486	132.0	-69.4	100.0	46 h 45 min 27 sec
26600	-10.585002912953495	100.0	-1.6830026	53.575382	110.45	-133.25	100.0	46 h 50 min 43 sec
26650	-44.67000363357365	100.0	-1.8950027	46.05079	112.75	-117.9	100.0	46 h 55 min 52 sec
26700	-31.085003432631492	100.0	13.712998	52.338375	160.59999	-111.15	100.0	47 h 1 min 0 sec
26750	-17.700003650411965	100.0	7.414996	57.55547	137.4	-137.65001	100.0	47 h 6 min 11 sec
26800	-28.77000305764377	100.0	3.7809975	40.38878	104.6	-79.700005	100.0	47 h 11 min 18 sec
26850	-7.130002900213003	100.0	9.529998	48.338093	92.5	-119.15	100.0	47 h 16 min 28 sec
26900	23.874997730925678	100.0	0.3069977	40.34531	85.35	-129.65001	100.0	47 h 21 min 42 sec
26950	-28.155003574490546	100.0	9.674997	47.264458	127.799995	-79.600006	100.0	47 h 26 min 54 sec
27000	-20.55000221170485	100.0	0.8889977	45.81132	109.649994	-85.8	100.0	47 h 32 min 4 sec
27050	-20.3950025819242	100.0	0.59099805	46.0173	103.049995	-105.15	100.0	47 h 37 min 14 sec
27100	1.974997166916728	100.0	20.448997	48.340313	179.2	-72.450005	100.0	47 h 42 min 20 sec
27150	3.5999967139214277	100.0	13.598998	49.75425	158.15	-85.3	100.0	47 h 47 min 20 sec
27200	15.454997146502137	100.0	14.440997	53.03997	133.4	-67.700005	100.0	47 h 52 min 31 sec
27250	34.69499742239714	100.0	2.8219984	49.398617	134.15	-110.9	100.0	47 h 57 min 47 sec
27300	11.494996857270598	100.0	18.557999	41.884117	118.149994	-76.05	100.0	48 h 2 min 55 sec
27350	-43.80500372648239	100.0	2.1749978	35.80556	107.5	-85.05	100.0	48 h 8 min 4 sec
27400	-16.775002989917994	100.0	12.414997	50.62465	134.4	-93.25	100.0	48 h 13 min 12 sec
27450	-59.59000436998904	100.0	7.289999	43.66047	160.25	-82.950005	100.0	48 h 18 min 8 sec
27500	30.93499715514481	100.0	-4.8560033	50.310627	141.2	-135.65001	100.0	48 h 23 min 19 sec
27550	-14.785003786534071	100.0	20.010998	46.700115	135.7	-74.450005	100.0	48 h 28 min 20 sec
27600	60.289997294545174	100.0	42.488995	50.26601	163.34999	-46.750004	100.0	48 h 33 min 20 sec
27650	-18.5050046980381	100.0	25.202997	52.73732	185.8	-74.0	100.0	48 h 38 min 31 sec
27700	2.7849980246275665	100.0	15.645999	53.659584	140.45	-104.25001	100.0	48 h 43 min 44 sec
27750	-15.650003077089787	100.0	20.566998	41.6513	154.25	-94.200005	100.0	48 h 48 min 45 sec
27800	-12.335002632066608	100.0	23.814997	51.208435	133.3	-77.25	100.0	48 h 54 min 7 sec
27850	-24.785002876445652	100.0	10.240997	51.743855	167.5	-130.5	100.0	48 h 59 min 20 sec
27900	-11.82500318363309	100.0	15.148998	44.33561	112.299995	-68.350006	100.0	49 h 4 min 10 sec
27950	20.784997412189842	100.0	16.698997	46.75224	150.09999	-77.8	100.0	49 h 9 min 24 sec
28000	24.03499756231904	100.0	11.998997	37.161915	115.799995	-67.65	100.0	49 h 14 min 28 sec
28050	37.4099974591285	100.0	17.745998	49.103424	149.95	-96.8	100.0	49 h 19 min 30 sec
28100	27.379997390136122	100.0	32.930992	56.127663	208.25	-67.100006	100.0	49 h 24 min 52 sec
28150	13.22999741397798	100.0	19.088997	53.12912	160.3	-104.450005	100.0	49 h 30 min 0 sec
28200	-0.8550021801143884	100.0	24.060999	40.693127	122.149994	-61.000004	100.0	49 h 35 min 8 sec
28250	-0.22000255286693574	100.0	21.266996	49.503304	138.0	-61.050003	100.0	49 h 40 min 14 sec
28300	11.689997546374798	100.0	24.700996	59.999634	149.75	-86.600006	100.0	49 h 45 min 29 sec
28350	40.074997435510156	100.0	25.473999	59.77345	206.25	-108.450005	100.0	49 h 50 min 33 sec
28400	42.10999734289944	100.0	22.263996	59.77804	151.84999	-109.4	100.0	49 h 55 min 39 sec
28450	8.254996395111084	100.0	15.996996	45.488003	117.6	-102.50001	100.0	50 h 0 min 50 sec
28500	18.049996764212846	100.0	16.941998	56.671547	202.45	-74.8	100.0	50 h 6 min 4 sec
28550	21.10999756976962	100.0	17.989998	48.127678	153.4	-72.4	100.0	50 h 11 min 8 sec
28600	29.85499732606113	100.0	26.930998	49.993748	126.0	-105.8	100.0	50 h 16 min 23 sec
28650	25.114997194707392	100.0	20.866997	54.969646	174.2	-69.55	100.0	50 h 21 min 33 sec
28700	16.16499651670456	100.0	15.833999	41.432667	111.899994	-54.850002	100.0	50 h 26 min 33 sec
28750	37.98999738506973	100.0	9.184998	47.874928	144.34999	-108.700005	100.0	50 h 31 min 47 sec
28800	39.26499769389629	100.0	25.328997	51.604492	198.2	-68.200005	100.0	50 h 36 min 58 sec
28850	15.104997676610946	100.0	9.210998	54.08075	129.34999	-132.3	100.0	50 h 42 min 4 sec
28900	7.179997045174241	100.0	28.714998	50.299088	161.34999	-75.05	100.0	50 h 47 min 21 sec
28950	-58.77000580057502	100.0	9.682996	51.164867	176.65	-80.0	100.0	50 h 52 min 35 sec
29000	0.2899973001331091	100.0	17.453999	49.975994	113.45	-86.25	100.0	50 h 57 min 36 sec
29050	-45.36500348597765	100.0	23.995	57.49642	192.9	-67.5	100.0	51 h 2 min 57 sec
29100	-1.7550029400736094	100.0	15.181997	40.889194	110.2	-70.1	100.0	51 h 8 min 4 sec
29150	55.044997445866464	100.0	27.202997	47.33245	136.9	-60.4	100.0	51 h 13 min 11 sec
29200	16.379996025934815	100.0	20.704998	51.119526	180.09999	-82.450005	100.0	51 h 18 min 43 sec
29250	5.314995711296797	100.0	30.720997	53.49098	130.3	-77.05	100.0	51 h 23 min 55 sec
29300	46.21499712094665	100.0	20.659998	58.0251	174.2	-72.450005	100.0	51 h 28 min 58 sec
29350	24.244997596368194	100.0	21.099998	52.04191	131.45	-91.25	100.0	51 h 34 min 10 sec
29400	47.879997103661296	100.0	7.386997	43.903736	133.84999	-71.950005	100.0	51 h 39 min 19 sec
29450	50.784997599199414	100.0	6.256998	42.42138	115.299995	-78.15	100.0	51 h 44 min 22 sec
