Epoch	AverageEpRet	StdEpRet	MaxEpRet	MinEpRet	EpLen	EpNum	TotalEnvInteracts	LossPi	LossV	DeltaLossPi	DeltaLossV	Entropy	KL	ClipFrac	StopIter	Time
0	-65.2507	4.6106877	-51.3	-75.950005	80.0	72.0	80000	1.4156103e-07	4.263279	-0.0068186047	-3.2962987	3.4938192	0.0124087855	0.06835	49.0	17.834824085235596
1	-64.47714	3.3110604	-55.350002	-71.450005	80.0	142.0	160000	9.080395e-09	0.8804206	-0.0050257496	-0.009078883	3.483479	0.013119204	0.051075	49.0	36.31044387817383
2	-62.855793	3.7576551	-55.0	-69.8	80.0	211.0	240000	-7.21775e-09	0.8210568	-0.004857436	-0.02136612	3.4604928	0.015067676	0.0802625	41.0	53.623135805130005
3	-62.623135	3.3903544	-51.95	-68.85	80.0	278.0	320000	1.1175871e-08	0.7545296	-0.005607405	-0.015833393	3.4315047	0.015155425	0.081837505	38.0	70.35524082183838
4	-60.327778	2.578987	-51.7	-66.3	80.0	350.0	400000	9.778887e-09	0.6142694	-0.0061525367	-0.024121076	3.3823314	0.01511894	0.0818875	37.0	86.86267638206482
5	-59.572224	2.9480205	-50.4	-64.700005	80.0	422.0	480000	6.6356733e-09	0.5477251	-0.006885787	-0.020322174	3.3231025	0.015119612	0.112075	46.0	103.51509356498718
6	-57.208332	2.821753	-50.25	-64.15	80.0	494.0	560000	7.21775e-09	0.52735555	-0.0045785215	-0.00760819	3.2323225	0.015186238	0.1217625	24.0	118.66782283782959
7	-57.289577	3.043161	-48.15	-63.5	80.0	566.0	640000	2.561137e-09	0.51151526	-0.004389558	-0.008152276	3.1379826	0.0136907995	0.086925	49.0	135.52501773834229
8	-56.42917	2.4273295	-51.600002	-62.100002	80.0	638.0	720000	-8.003553e-09	0.49382943	-0.0043829754	-0.0049786754	3.058404	0.015156591	0.0634	32.0	151.31381916999817
9	-56.695137	2.5283828	-51.3	-62.4	80.0	710.0	800000	-1.5774276e-08	0.48776487	-0.0039538145	-0.005378511	2.9534814	0.015037326	0.103862494	35.0	167.22154688835144
10	-56.897224	2.2612202	-48.850002	-61.850002	80.0	782.0	880000	-1.5133992e-09	0.46482608	-0.004113594	-0.009168271	2.9169126	0.013710132	0.075025	49.0	183.98924207687378
11	-56.492363	2.5858545	-50.75	-61.7	80.0	854.0	960000	6.519258e-09	0.45587733	-0.0038394833	-0.008464038	2.849067	0.013861756	0.0633625	49.0	201.1450583934784
12	-56.93143	2.3189921	-50.850002	-61.05	80.0	924.0	1040000	-1.1641532e-08	0.44610864	-0.0033133624	-0.009614874	2.8290288	0.01167083	0.04625	49.0	218.780428647995
13	-57.62826	1.9688789	-52.2	-60.8	80.0	993.0	1120000	-9.778887e-09	0.4343163	-0.0044538532	-0.011081867	2.8046973	0.014973705	0.0936625	49.0	236.77901768684387
14	-57.54928	2.1746979	-51.15	-61.3	80.0	1062.0	1200000	4.656613e-10	0.424495	-0.003441974	-0.00634934	2.77528	0.013622617	0.0637375	49.0	255.14124178886414
15	-57.865154	2.0625625	-51.2	-60.9	80.0	1128.0	1280000	-4.656613e-10	0.4428214	-0.0032901661	-0.0070789084	2.7230988	0.011510901	0.061875	49.0	273.14084339141846
16	-57.142426	2.1675508	-49.0	-61.100002	80.0	1194.0	1360000	-5.820766e-09	0.4403695	-0.0026625097	-0.003988765	2.6615458	0.009341876	0.04225	49.0	290.7199330329895
17	-58.14219	1.8796655	-51.65	-60.95	80.0	1258.0	1440000	3.958121e-09	0.43855035	-0.0030992203	-0.004994113	2.628096	0.0115412455	0.1103875	49.0	307.8036000728607
18	-58.131252	1.7308664	-52.75	-60.65	80.0	1322.0	1520000	-4.656613e-09	0.434075	-0.002938102	-0.005157791	2.5838737	0.009555465	0.032700002	49.0	324.55480575561523
19	-58.510155	1.7696925	-53.0	-61.100002	80.0	1386.0	1600000	0.0	0.4041855	-0.0030229557	-0.0037372261	2.5619843	0.010519626	0.024887498	49.0	341.2582960128784
20	-58.86797	1.6500322	-53.100002	-61.05	80.0	1450.0	1680000	3.958121e-09	0.3910876	-0.003259627	-0.003972411	2.5057583	0.011710921	0.0727875	49.0	359.35637378692627
21	-58.75469	1.460702	-55.3	-60.5	80.0	1514.0	1760000	-2.3283064e-10	0.40247452	-0.0030640424	-0.0028877854	2.4354897	0.00999642	0.0412375	49.0	376.6953945159912
22	-58.965626	1.4839208	-53.100002	-60.55	80.0	1578.0	1840000	9.778887e-09	0.39830166	-0.0024756785	-0.0032047592	2.4748259	0.009611386	0.0224	49.0	393.6903007030487
23	-59.140625	1.2979815	-54.850002	-60.65	80.0	1642.0	1920000	3.4924597e-09	0.38620543	-0.0029192232	-0.002693046	2.483089	0.0077233636	0.029762499	49.0	411.48879194259644
24	-59.34922	1.0678722	-56.350002	-60.850002	80.0	1706.0	2000000	1.071021e-08	0.38529128	-0.0029775866	-0.0046532378	2.4602983	0.009226597	0.0343125	49.0	429.83248496055603
25	-59.15	1.2972928	-54.4	-60.65	80.0	1770.0	2080000	-4.1618478e-09	0.39060438	-0.0027000913	-0.0037797578	2.4602637	0.011092389	0.0266875	49.0	448.52980756759644
26	-59.108597	1.2497361	-54.3	-60.2	80.0	1834.0	2160000	2.7939677e-09	0.38137937	-0.0031278124	-0.0021441504	2.4907365	0.00881807	0.0359125	49.0	467.1859211921692
27	-59.55625	1.0075301	-55.600002	-60.7	80.0	1898.0	2240000	1.1641532e-08	0.38157585	-0.003187408	-0.0021008775	2.5054297	0.009099586	0.0326125	49.0	485.30799984931946
28	-59.444534	1.200785	-54.75	-60.850002	80.0	1962.0	2320000	-3.3760443e-09	0.3949197	-0.0025375136	-0.0032408014	2.5219746	0.0071000154	0.0192625	49.0	503.1088378429413
29	-59.33828	1.0870235	-56.05	-60.45	80.0	2026.0	2400000	-4.1909516e-09	0.3837639	-0.0028548294	-0.0017367415	2.5215354	0.009891837	0.0313125	49.0	520.4105379581451
30	-59.601562	0.78675413	-57.25	-60.350002	80.0	2090.0	2480000	-3.0267984e-09	0.38077104	-0.0025107434	-0.0014864653	2.5558376	0.009339815	0.0239625	49.0	537.546669960022
31	-59.56797	0.99535495	-54.95	-60.5	80.0	2154.0	2560000	4.656613e-09	0.36545652	-0.0026459594	-0.003399413	2.5491598	0.0073707853	0.020437501	49.0	554.9313826560974
32	-59.850784	0.5570918	-57.600002	-60.55	80.0	2218.0	2640000	1.094304e-08	0.3782187	-0.002915931	-0.0022014715	2.5102472	0.00760102	0.0233625	49.0	571.7962982654572
33	-59.622658	0.93895435	-55.55	-60.2	80.0	2282.0	2720000	5.47152e-09	0.38208133	-0.0032299822	-0.0018935613	2.5177717	0.010236315	0.0544125	49.0	588.6248986721039
34	-59.51719	1.0562767	-54.8	-60.5	80.0	2346.0	2800000	1.5133992e-08	0.37190557	-0.0024161644	-0.003893055	2.4750834	0.008078201	0.0247625	49.0	605.3727617263794
35	-59.741405	0.6065111	-57.7	-60.350002	80.0	2410.0	2880000	-1.1641532e-09	0.37515074	-0.002567992	-0.0029142238	2.442047	0.008567974	0.01735	49.0	622.8993427753448
36	-59.759377	0.66072136	-56.95	-60.4	80.0	2474.0	2960000	6.519258e-09	0.3779713	-0.002635886	-0.003247533	2.4634633	0.0073974123	0.015449999	49.0	640.5529890060425
37	-59.73281	0.80415	-55.9	-60.2	80.0	2538.0	3040000	3.259629e-09	0.37500706	-0.0028392836	-0.0019502938	2.4322119	0.010252602	0.026950002	49.0	658.532496213913
38	-59.80078	0.6520694	-57.25	-60.3	80.0	2602.0	3120000	-2.0954758e-09	0.36945406	-0.0027436467	-0.0029975697	2.410924	0.008782914	0.0293875	49.0	676.9390749931335
39	-59.984375	0.24413058	-58.3	-60.4	80.0	2666.0	3200000	-1.3620593e-08	0.3631941	-0.0028075331	-0.0022947006	2.4256973	0.010103743	0.03335	49.0	695.1610114574432
40	-59.746872	0.7457627	-57.0	-60.350002	80.0	2730.0	3280000	-7.683411e-09	0.3695693	-0.0024163425	-0.0029465891	2.4162545	0.010103874	0.0203625	49.0	713.2389488220215
41	-59.917187	0.45836154	-56.55	-60.100002	80.0	2794.0	3360000	1.3969839e-09	0.36425894	-0.0025475242	-0.0030937418	2.4144697	0.010240149	0.0262875	49.0	730.8547909259796
42	-59.9125	0.3678484	-57.9	-60.4	80.0	2858.0	3440000	-8.4983185e-09	0.37539598	-0.0025508325	-0.0027951188	2.437326	0.008132033	0.012875	49.0	747.778995513916
43	-59.953125	0.21375978	-58.95	-60.100002	80.0	2922.0	3520000	6.9849193e-10	0.3812278	-0.0022842195	-0.0027176328	2.4322991	0.008239128	0.014325	49.0	764.5579018592834
44	-59.820312	0.5973062	-57.3	-60.15	80.0	2986.0	3600000	-1.8626451e-09	0.37386274	-0.0021102238	-0.002838716	2.457328	0.0077848746	0.0069125	49.0	781.3104772567749
45	-59.89766	0.42696476	-57.850002	-60.4	80.0	3050.0	3680000	-6.0535967e-09	0.3690623	-0.0031453595	-0.004199609	2.433949	0.00871459	0.030575	49.0	798.0887703895569
46	-59.859375	0.4410459	-57.75	-60.100002	80.0	3114.0	3760000	1.1641532e-10	0.38890982	-0.0030100872	-0.0025626235	2.3748739	0.011826266	0.0548	49.0	815.0001430511475
47	-60.010155	0.05808129	-60.0	-60.45	80.0	3178.0	3840000	-2.5029294e-09	0.36625433	-0.0025250057	-0.0025184043	2.3590207	0.007902126	0.0227	49.0	831.8235096931458
48	-59.914062	0.40257642	-57.65	-60.100002	80.0	3242.0	3920000	-6.2864274e-09	0.37670022	-0.002802589	-0.002465982	2.3101563	0.008123297	0.0178875	49.0	849.2315595149994
49	-59.93047	0.36780787	-57.55	-60.100002	80.0	3306.0	4000000	-3.0267984e-09	0.37538987	-0.0029111921	-0.004007928	2.2997398	0.009501154	0.023112498	49.0	866.7205855846405
50	-59.97578	0.19223028	-58.45	-60.0	80.0	3370.0	4080000	7.916242e-09	0.37185806	-0.0028451513	-0.0025991201	2.296977	0.01177824	0.0442625	49.0	884.7543277740479
51	-60.0	0.0	-60.0	-60.0	80.0	3434.0	4160000	-3.608875e-09	0.3735928	-0.0025473307	-0.0017569289	2.2744327	0.009454321	0.02125	49.0	903.0451843738556
52	-60.007812	0.050943498	-60.0	-60.4	80.0	3498.0	4240000	-5.355105e-09	0.3669869	-0.0023459722	-0.0040441267	2.2781196	0.008946307	0.019325	49.0	921.7602467536926
53	-59.977345	0.23149127	-58.15	-60.100002	80.0	3562.0	4320000	-9.546056e-09	0.36314365	-0.002769648	-0.0047314614	2.2726617	0.008364788	0.020737499	49.0	940.1822018623352
54	-59.971874	0.23615961	-58.100002	-60.100002	80.0	3626.0	4400000	-3.0267984e-09	0.36368147	-0.002396175	-0.004475504	2.297882	0.005756393	0.021499999	49.0	958.2896935939789
55	-60.0	0.0	-60.0	-60.0	80.0	3690.0	4480000	5.122274e-09	0.352122	-0.0029891538	-0.0043479465	2.327524	0.008051462	0.0265875	49.0	975.9132478237152
56	-59.99453	0.04340667	-59.65	-60.0	80.0	3754.0	4560000	6.9849193e-09	0.37636614	-0.0024891514	-0.0066221356	2.2890677	0.006462603	0.0161875	49.0	993.142790555954
57	-59.99922	0.043743107	-59.7	-60.15	80.0	3818.0	4640000	-5.5879354e-09	0.3647021	-0.0027594124	-0.002613522	2.286923	0.010128009	0.0422375	49.0	1010.1643395423889
58	-59.958595	0.32865164	-57.350002	-60.0	80.0	3882.0	4720000	9.313226e-10	0.36865982	-0.0025126776	-0.002988603	2.2667136	0.0064126123	0.019825	49.0	1027.0181438922882
59	-60.0	0.0	-60.0	-60.0	80.0	3946.0	4800000	-3.259629e-09	0.3593282	-0.0027881553	-0.0038347617	2.2946985	0.007019663	0.015562499	49.0	1043.855348110199
60	-60.0	0.0	-60.0	-60.0	80.0	4010.0	4880000	7.1013346e-09	0.35852164	-0.0025105989	-0.003435526	2.2793727	0.0053213555	0.0025125002	49.0	1060.837818145752
61	-59.977345	0.17982851	-58.55	-60.0	80.0	4074.0	4960000	2.3283064e-10	0.3620063	-0.0025782841	-0.0024597682	2.2541308	0.0064684013	0.021875001	49.0	1077.750946521759
62	-59.953907	0.29091787	-57.75	-60.0	80.0	4138.0	5040000	1.7462298e-09	0.36423895	-0.0028685536	-0.0058010854	2.232883	0.008118996	0.029325001	49.0	1095.2971458435059
63	-59.964844	0.19619022	-58.8	-60.0	80.0	4202.0	5120000	1.6298145e-09	0.346148	-0.003257568	-0.0039474294	2.221281	0.007232939	0.030887501	49.0	1113.1306467056274
64	-60.00625	0.049608026	-60.0	-60.4	80.0	4266.0	5200000	-4.4237822e-09	0.3612035	-0.0031985408	-0.0043295994	2.229698	0.008044401	0.0284875	49.0	1131.4271845817566
65	-60.001564	0.012402244	-60.0	-60.100002	80.0	4330.0	5280000	-5.5879354e-09	0.36882105	-0.0027859365	-0.0034904592	2.2357063	0.009478463	0.024775	49.0	1149.841736793518
66	-60.0	0.0	-60.0	-60.0	80.0	4394.0	5360000	-5.7043508e-09	0.35651433	-0.0029564234	-0.0038431436	2.2196124	0.0068320828	0.0119875	49.0	1167.626003742218
67	-59.92344	0.43981224	-57.15	-60.100002	80.0	4458.0	5440000	1.7462298e-09	0.35726452	-0.0032615624	-0.006379556	2.191629	0.0069562355	0.0267375	49.0	1184.9668140411377
68	-59.978127	0.18663867	-58.5	-60.100002	80.0	4522.0	5520000	3.259629e-09	0.3558604	-0.002439698	-0.003838662	2.1788695	0.008764496	0.0306	49.0	1201.9650194644928
69	-59.99297	0.05580891	-59.55	-60.0	80.0	4586.0	5600000	-1.9790605e-08	0.36475426	-0.0023432742	-0.0063705333	2.1423128	0.008147776	0.023975	49.0	1218.9834129810333
70	-59.998436	0.01240177	-59.9	-60.0	80.0	4650.0	5680000	-1.2340024e-08	0.35288793	-0.0034337204	-0.0038217492	2.1315506	0.007874976	0.0264875	49.0	1235.962777376175
71	-59.94922	0.32637832	-57.5	-60.100002	80.0	4714.0	5760000	1.3038516e-08	0.35334647	-0.0028297424	-0.002758786	2.1351967	0.00888476	0.0151625	49.0	1252.9235875606537
72	-59.97422	0.20463204	-58.350002	-60.0	80.0	4778.0	5840000	3.958121e-09	0.34757203	-0.0022935679	-0.0027855337	2.0974832	0.007747405	0.0130875	49.0	1269.8921422958374
73	-60.001564	0.012402244	-60.0	-60.100002	80.0	4842.0	5920000	6.9849193e-10	0.34386927	-0.0023057056	-0.0027769096	2.0776134	0.0062606307	0.0153749995	49.0	1287.0427296161652
74	-60.0	0.0	-60.0	-60.0	80.0	4906.0	6000000	-6.868504e-09	0.34843284	-0.0028654244	-0.0048457757	2.0588145	0.009253101	0.0286125	49.0	1304.5458159446716
75	-60.0	0.0	-60.0	-60.0	80.0	4970.0	6080000	9.778887e-09	0.33455443	-0.0024612034	-0.0031254143	2.1286254	0.008848225	0.027825	49.0	1322.4894313812256
76	-59.989063	0.17035545	-58.75	-60.55	80.0	5034.0	6160000	-1.4901161e-08	0.35028255	-0.0020333377	-0.0036389045	2.1585834	0.0063765123	0.00925	49.0	1340.6306750774384
77	-59.96172	0.3166896	-57.45	-60.100002	80.0	5098.0	6240000	8.381903e-09	0.34488183	-0.0031781336	-0.0026402622	2.175616	0.009876035	0.0338875	49.0	1359.2517614364624
78	-60.0	0.0	-60.0	-60.0	80.0	5162.0	6320000	8.614734e-09	0.3554591	-0.0027020872	-0.002122838	2.1585755	0.00647709	0.0090375	49.0	1377.2858328819275
79	-60.001564	0.012402244	-60.0	-60.100002	80.0	5226.0	6400000	1.967419e-08	0.34404522	-0.0022200104	-0.0033236258	2.1481729	0.009212749	0.0230125	49.0	1394.741905927658
80	-59.98047	0.1680812	-58.65	-60.100002	80.0	5290.0	6480000	8.614734e-09	0.3520356	-0.0026805056	-0.0034787245	2.125195	0.0065595135	0.029012501	49.0	1411.8775606155396
81	-60.0	0.0	-60.0	-60.0	80.0	5354.0	6560000	-6.2864274e-09	0.34326214	-0.0020298604	-0.0031743944	2.1210046	0.0080707185	0.018075	49.0	1428.699711561203
82	-60.0	0.0	-60.0	-60.0	80.0	5418.0	6640000	4.656613e-09	0.35410735	-0.0029181652	-0.0029544905	2.1291008	0.008108573	0.02995	49.0	1445.465726852417
83	-60.0	0.0	-60.0	-60.0	80.0	5482.0	6720000	-2.561137e-09	0.3410871	-0.0022607916	-0.003391713	2.1215856	0.0064522545	0.0135	49.0	1462.2069864273071
84	-60.0	0.0	-60.0	-60.0	80.0	5546.0	6800000	-1.5832484e-08	0.34415913	-0.002965524	-0.003573984	2.0949507	0.0073962277	0.030112501	49.0	1478.9604861736298
85	-59.989845	0.08061245	-59.350002	-60.0	80.0	5610.0	6880000	-1.071021e-08	0.35308692	-0.0028423849	-0.0027323328	2.1352868	0.008278613	0.0207	49.0	1496.0946831703186
86	-60.0	0.0	-60.0	-60.0	80.0	5674.0	6960000	1.9790605e-09	0.34636062	-0.0025761027	-0.002098821	2.0898256	0.006282882	0.0258625	49.0	1513.7295100688934
87	-60.0	0.0	-60.0	-60.0	80.0	5738.0	7040000	9.022187e-09	0.34503287	-0.0026849362	-0.0023884624	2.0609982	0.00843898	0.027125001	49.0	1531.770128250122
88	-60.0	0.0	-60.0	-60.0	80.0	5802.0	7120000	8.381903e-09	0.34690207	-0.0027081105	-0.0031895824	2.0654564	0.0079824515	0.0277	49.0	1550.104027748108
89	-59.959373	0.32245076	-57.4	-60.0	80.0	5866.0	7200000	-2.3283064e-09	0.34350044	-0.002608924	-0.0032161847	2.0431411	0.007859839	0.01435	49.0	1568.1975164413452
90	-60.001564	0.021594394	-59.9	-60.100002	80.0	5930.0	7280000	-4.8894435e-09	0.33997136	-0.002253632	-0.0025750697	2.041211	0.0055953	0.018887501	49.0	1585.9692039489746
91	-60.0	0.0	-60.0	-60.0	80.0	5994.0	7360000	5.47152e-09	0.35292462	-0.002780009	-0.00481911	2.0447142	0.009601746	0.0397125	49.0	1602.524355173111
92	-60.0	0.0	-60.0	-60.0	80.0	6058.0	7440000	-2.910383e-09	0.33403122	-0.0024218573	-0.0027187094	2.1148934	0.007877278	0.0188625	49.0	1617.2691941261292
93	-60.0	0.0	-60.0	-60.0	80.0	6122.0	7520000	1.3969839e-09	0.339463	-0.0022800073	-0.0037908927	2.105571	0.006553464	0.0084125	49.0	1631.8134062290192
94	-60.001564	0.012402244	-60.0	-60.100002	80.0	6186.0	7600000	-1.3969839e-09	0.34242636	-0.00221352	-0.0033709481	2.0993938	0.0062975804	0.004	49.0	1646.7318263053894
95	-60.0	0.0	-60.0	-60.0	80.0	6250.0	7680000	-9.313226e-09	0.32832855	-0.003090002	-0.005379297	2.0869496	0.0076681185	0.030249998	49.0	1661.902812242508
96	-60.0	0.0	-60.0	-60.0	80.0	6314.0	7760000	1.1874363e-08	0.3438409	-0.0021961145	-0.003014449	2.0510476	0.007771638	0.020975001	49.0	1677.8347611427307
97	-60.0	0.0	-60.0	-60.0	80.0	6378.0	7840000	-4.656613e-10	0.32143363	-0.002144015	-0.0035460815	2.0190558	0.0056143585	0.0137625	49.0	1694.4365203380585
98	-60.001564	0.012402244	-60.0	-60.100002	80.0	6442.0	7920000	3.0267984e-09	0.33382532	-0.002496753	-0.0029484965	2.0191865	0.007978431	0.012937499	49.0	1711.1354134082794
99	-60.001564	0.012402244	-60.0	-60.100002	80.0	6506.0	8000000	-8.8475645e-09	0.34045184	-0.0024594855	-0.0016986504	2.0315857	0.0054961317	0.01305	49.0	1730.5734884738922
100	-60.0	0.0	-60.0	-60.0	80.0	6570.0	8080000	-2.2118911e-09	0.3269428	-0.0033241995	-0.002586469	2.039651	0.0074526714	0.02205	49.0	1749.3153319358826
101	-60.001564	0.012402244	-60.0	-60.100002	80.0	6634.0	8160000	3.0267984e-09	0.32984376	-0.0022765114	-0.0041197687	2.0874598	0.008168219	0.014874999	49.0	1768.640137910843
102	-59.9625	0.3104936	-57.5	-60.100002	80.0	6698.0	8240000	-3.259629e-09	0.33036342	-0.0022364203	-0.0035950541	2.0824904	0.0073793973	0.016725	49.0	1786.8978295326233
103	-60.0	0.0	-60.0	-60.0	80.0	6762.0	8320000	-1.3154931e-08	0.33137816	-0.0022005967	-0.0021831691	2.0772662	0.006316225	0.0114125	49.0	1804.4991929531097
104	-60.001564	0.012402244	-60.0	-60.100002	80.0	6826.0	8400000	9.313226e-10	0.33419964	-0.0031044697	-0.0031374022	2.0842505	0.007593939	0.021762501	49.0	1822.1413555145264
105	-60.0	0.0	-60.0	-60.0	80.0	6890.0	8480000	8.381903e-09	0.3292992	-0.0026667507	-0.0029985234	2.0421197	0.00746615	0.018649999	49.0	1839.3280370235443
106	-60.001564	0.012402244	-60.0	-60.100002	80.0	6954.0	8560000	1.740409e-08	0.32310623	-0.0023658182	-0.002354294	2.0130696	0.006228109	0.0198	49.0	1856.0987167358398
107	-60.001564	0.012402244	-60.0	-60.100002	80.0	7018.0	8640000	3.7252903e-09	0.33557683	-0.002397411	-0.0037303641	2.0260692	0.0076392125	0.012599999	49.0	1872.9482011795044
108	-60.0	0.0	-60.0	-60.0	80.0	7082.0	8720000	6.9849193e-09	0.3242471	-0.002069804	-0.002109412	2.001438	0.0053280843	0.009099999	49.0	1889.7419216632843
109	-60.0	0.0	-60.0	-60.0	80.0	7146.0	8800000	1.6530976e-08	0.33982265	-0.002510079	-0.0027144812	2.0077987	0.007705328	0.022999998	49.0	1906.7199125289917
110	-60.0	0.0	-60.0	-60.0	80.0	7210.0	8880000	4.4237822e-09	0.3461182	-0.002247821	-0.0027791187	2.012708	0.006362924	0.0137125	49.0	1924.4925062656403
111	-60.0	0.0	-60.0	-60.0	80.0	7274.0	8960000	-1.46683306e-08	0.33807346	-0.002592708	-0.0028511696	2.017976	0.0060587814	0.016925	49.0	1942.5348258018494
112	-59.98125	0.14882362	-58.8	-60.0	80.0	7338.0	9040000	3.4924597e-09	0.32529554	-0.0027451627	-0.00477729	2.0069563	0.009233974	0.07085	49.0	1960.9071748256683
113	-59.960938	0.31004897	-57.5	-60.0	80.0	7402.0	9120000	4.8894435e-09	0.32230216	-0.0024961797	-0.004644055	2.0336304	0.0073354403	0.01255	49.0	1979.0657453536987
114	-60.0	0.0	-60.0	-60.0	80.0	7466.0	9200000	8.381903e-09	0.31066784	-0.0026148972	-0.003151618	2.0097547	0.0066855247	0.02135	49.0	1996.7105836868286
115	-60.0	0.0	-60.0	-60.0	80.0	7530.0	9280000	1.816079e-08	0.3064426	-0.002744331	-0.0038594417	1.9908334	0.006683157	0.0144125	49.0	2013.9214525222778
116	-60.0	0.0	-60.0	-60.0	80.0	7594.0	9360000	-4.1909516e-09	0.30303985	-0.0021764787	-0.0027804822	1.9821353	0.006731513	0.020725	49.0	2030.766896724701
117	-60.0	0.0	-60.0	-60.0	80.0	7658.0	9440000	-6.6356733e-09	0.31724605	-0.002310154	-0.0030616	1.9586052	0.0060405447	0.00935	49.0	2047.549320936203
118	-60.0	0.0	-60.0	-60.0	80.0	7722.0	9520000	5.122274e-09	0.3108679	-0.0025857538	-0.0033168457	1.9608183	0.008506688	0.023975	49.0	2064.369957923889
119	-60.0	0.0	-60.0	-60.0	80.0	7786.0	9600000	-2.3283064e-10	0.29478323	-0.0018546982	-0.00409735	1.9558411	0.0055011287	0.0053875	49.0	2081.1512150764465
120	-59.972656	0.21703428	-58.25	-60.0	80.0	7850.0	9680000	-6.519258e-09	0.28660315	-0.0027864191	-0.002687592	1.9412518	0.0075920452	0.022225	49.0	2098.2603483200073
121	-60.0	0.0	-60.0	-60.0	80.0	7914.0	9760000	-5.5879354e-09	0.3094107	-0.002293501	-0.0022298396	1.935564	0.0065329326	0.018537499	49.0	2115.9010002613068
122	-60.0	0.0	-60.0	-60.0	80.0	7978.0	9840000	1.2805685e-08	0.29202533	-0.0027644034	-0.0016681105	1.9072698	0.0071310126	0.021525	49.0	2134.443576335907
123	-60.0	0.0	-60.0	-60.0	80.0	8042.0	9920000	4.1909516e-09	0.29699624	-0.0022878957	-0.0025969632	1.879107	0.0074168574	0.020737499	49.0	2152.9272429943085
124	-60.0	0.0	-60.0	-60.0	80.0	8106.0	10000000	1.0244548e-08	0.30329764	-0.0026080422	-0.003930457	1.867622	0.005612689	0.0201125	49.0	2171.6692068576813
125	-60.001564	0.012402244	-60.0	-60.100002	80.0	8170.0	10080000	-9.313226e-10	0.30787146	-0.0016905721	-0.0037089624	1.8640103	0.0048756506	0.0075749997	49.0	2190.76394033432
126	-59.960938	0.31004897	-57.5	-60.0	80.0	8234.0	10160000	1.1175871e-08	0.30379075	-0.0020303219	-0.0020617768	1.8184264	0.0043075914	0.0071125	49.0	2208.915080308914
127	-60.0	0.0	-60.0	-60.0	80.0	8298.0	10240000	-5.5879354e-09	0.32069272	-0.0028739683	-0.0048067756	1.8111323	0.006702236	0.011175	49.0	2226.932178258896
128	-60.0	0.0	-60.0	-60.0	80.0	8362.0	10320000	1.3387762e-09	0.31368318	-0.0026952843	-0.0027900822	1.7751486	0.0062451456	0.021650001	49.0	2247.478023290634
129	-60.0	0.0	-60.0	-60.0	80.0	8426.0	10400000	1.094304e-08	0.30997944	-0.0028840576	-0.0028143004	1.7456187	0.006349437	0.014737501	49.0	2264.266156435013
130	-60.0	0.0	-60.0	-60.0	80.0	8490.0	10480000	-4.656613e-10	0.3180969	-0.0020811567	-0.0016660802	1.7266278	0.0054225945	0.0073625003	49.0	2281.1098210811615
131	-60.0	0.0	-60.0	-60.0	80.0	8554.0	10560000	1.3969839e-09	0.3297108	-0.0022500823	-0.0025913082	1.7196622	0.0063859695	0.014887501	49.0	2298.064190864563
132	-60.0	0.0	-60.0	-60.0	80.0	8618.0	10640000	-9.778887e-09	0.31120646	-0.002147913	-0.0024331156	1.7046471	0.0066273995	0.01125	49.0	2316.76513838768
133	-60.0	0.0	-60.0	-60.0	80.0	8682.0	10720000	1.5832484e-08	0.34327295	-0.0021551314	-0.0023217015	1.6934692	0.0056139547	0.0180875	49.0	2335.378934621811
134	-60.0	0.0	-60.0	-60.0	80.0	8746.0	10800000	4.656613e-10	0.3198318	-0.002624184	-0.0027991347	1.7390714	0.0066895112	0.040850002	49.0	2356.8143565654755
135	-60.0	0.0	-60.0	-60.0	80.0	8810.0	10880000	-5.122274e-09	0.3287773	-0.0027154312	-0.0018786788	1.7137218	0.007258244	0.0165625	49.0	2373.0852932929993
136	-60.0	0.0	-60.0	-60.0	80.0	8874.0	10960000	4.1909516e-09	0.33339924	-0.0025506094	-0.0041338615	1.7143747	0.0061758487	0.031400003	49.0	2387.895739555359
137	-60.0	0.0	-60.0	-60.0	80.0	8938.0	11040000	-8.8475645e-09	0.3400646	-0.002235063	-0.002696965	1.7219288	0.0063696727	0.008475	49.0	2404.5804092884064
138	-60.0	0.0	-60.0	-60.0	80.0	9002.0	11120000	-7.21775e-09	0.34403193	-0.0021193027	-0.0039970092	1.7284901	0.0066086827	0.0147625	49.0	2420.359850883484
139	-60.0	0.0	-60.0	-60.0	80.0	9066.0	11200000	-7.21775e-09	0.33262742	-0.002316705	-0.00359381	1.6840675	0.004761236	0.0107875	49.0	2435.511641740799
140	-60.0	0.0	-60.0	-60.0	80.0	9130.0	11280000	-1.3038516e-08	0.33632195	-0.0021079532	-0.0032692738	1.6858119	0.005239537	0.015137499	49.0	2451.951733827591
141	-60.0	0.0	-60.0	-60.0	80.0	9194.0	11360000	-7.450581e-09	0.3354864	-0.0021636626	-0.002499614	1.6425072	0.0055187633	0.018337501	49.0	2467.4421269893646
142	-60.0	0.0	-60.0	-60.0	80.0	9258.0	11440000	9.313226e-10	0.32919994	-0.0021408824	-0.00371195	1.6294013	0.0056484686	0.0190625	49.0	2481.5228798389435
143	-60.0	0.0	-60.0	-60.0	80.0	9322.0	11520000	6.519258e-09	0.3284008	-0.0019713785	-0.0045801625	1.6341102	0.0062476993	0.0175375	49.0	2496.49831867218
144	-60.0	0.0	-60.0	-60.0	80.0	9386.0	11600000	6.2864274e-09	0.3207128	-0.002409011	-0.0026893727	1.6675186	0.005689943	0.0249875	49.0	2512.6509280204773
145	-60.0	0.0	-60.0	-60.0	80.0	9450.0	11680000	-1.8626451e-09	0.32988518	-0.0021439008	-0.0018220134	1.6486175	0.005756608	0.0474625	49.0	2527.7448148727417
146	-60.0	0.0	-60.0	-60.0	80.0	9514.0	11760000	0.0	0.3242467	-0.0024606907	-0.0017674044	1.670747	0.0059592384	0.016012501	49.0	2543.8184740543365
147	-60.0	0.0	-60.0	-60.0	80.0	9578.0	11840000	-6.519258e-09	0.3294413	-0.0023195327	-0.0047580935	1.6760654	0.007111256	0.0207	49.0	2558.8317291736603
148	-60.001564	0.012402244	-60.0	-60.100002	80.0	9642.0	11920000	-2.3283064e-09	0.3310584	-0.002345194	-0.0031981617	1.694991	0.005520491	0.0140875	49.0	2572.9968359470367
149	-59.9875	0.09921558	-59.2	-60.0	80.0	9706.0	12000000	5.355105e-09	0.33962655	-0.00186561	-0.004461784	1.6777917	0.004166377	0.0137875	49.0	2587.9316761493683
150	-60.0	0.0	-60.0	-60.0	80.0	9770.0	12080000	6.9849193e-10	0.33690333	-0.0024426025	-0.004365105	1.6755985	0.0064806035	0.0206625	49.0	2602.912900686264
151	-60.0	0.0	-60.0	-60.0	80.0	9834.0	12160000	2.3283064e-09	0.35073486	-0.0018668085	-0.003893409	1.6873572	0.004768578	0.0091	49.0	2618.2252571582794
152	-60.0	0.0	-60.0	-60.0	80.0	9898.0	12240000	-1.8626451e-09	0.3181168	-0.002051738	-0.0060185194	1.7054782	0.0056270147	0.0206125	49.0	2634.4741485118866
153	-60.0	0.0	-60.0	-60.0	80.0	9962.0	12320000	6.0535967e-09	0.3271584	-0.0023012026	-0.0035804063	1.698755	0.006205681	0.0148249995	49.0	2648.9630835056305
154	-60.0	0.0	-60.0	-60.0	80.0	10026.0	12400000	3.7252903e-09	0.31842384	-0.0024631862	-0.0030864663	1.6835141	0.0044597946	0.0131	49.0	2663.4241800308228
155	-60.0	0.0	-60.0	-60.0	80.0	10090.0	12480000	-1.1641532e-08	0.3223396	-0.002223285	-0.003468912	1.6699384	0.005162655	0.0118	49.0	2678.356252193451
156	-60.0	0.0	-60.0	-60.0	80.0	10154.0	12560000	3.4924597e-09	0.32439	-0.0025385704	-0.008074652	1.6659273	0.0047586495	0.014049999	49.0	2693.277104616165
157	-60.0	0.0	-60.0	-60.0	80.0	10218.0	12640000	-5.5879354e-09	0.31807464	-0.002885105	-0.002871044	1.670015	0.0066589247	0.0470125	49.0	2708.84099984169
158	-60.0	0.0	-60.0	-60.0	80.0	10282.0	12720000	-2.3283064e-09	0.31781983	-0.0018396727	-0.0022211857	1.6910331	0.0039925855	0.011074999	49.0	2724.9057388305664
159	-60.0	0.0	-60.0	-60.0	80.0	10346.0	12800000	6.7520887e-09	0.3282715	-0.002280002	-0.0021665879	1.707587	0.0064789746	0.0234	49.0	2739.210150241852
160	-60.0	0.0	-60.0	-60.0	80.0	10410.0	12880000	-1.071021e-08	0.3234192	-0.002359389	-0.0015853643	1.679175	0.0043356763	0.014075	49.0	2753.9447782039642
161	-60.003124	0.017399661	-60.0	-60.100002	80.0	10474.0	12960000	-5.122274e-09	0.33241832	-0.002438901	-0.0019244887	1.6542307	0.0052538556	0.014125001	49.0	2768.8789484500885
162	-60.0	0.0	-60.0	-60.0	80.0	10538.0	13040000	9.313226e-10	0.31350654	-0.0017183933	-0.0017895438	1.6205137	0.004099582	0.009625	49.0	2783.731536388397
163	-60.0	0.0	-60.0	-60.0	80.0	10602.0	13120000	9.313226e-10	0.33243972	-0.0019871767	-0.002336543	1.5803142	0.0039669513	0.015149999	49.0	2799.4803256988525
164	-60.0	0.0	-60.0	-60.0	80.0	10666.0	13200000	-6.0535967e-09	0.32977104	-0.002370174	-0.004526157	1.5886807	0.004538611	0.010325	49.0	2815.101944208145
165	-60.0	0.0	-60.0	-60.0	80.0	10730.0	13280000	2.0023435e-08	0.33857363	-0.0021823351	-0.0022924617	1.5915451	0.00479817	0.017137501	49.0	2829.216945409775
166	-59.979687	0.16122538	-58.7	-60.0	80.0	10794.0	13360000	-1.6298145e-08	0.32709444	-0.0023376867	-0.0031786151	1.5645665	0.0045605134	0.022	49.0	2844.0433118343353
167	-60.0	0.0	-60.0	-60.0	80.0	10858.0	13440000	1.094304e-08	0.3292361	-0.0018784909	-0.0054017603	1.5430958	0.0036550865	0.0116874995	49.0	2858.967253923416
168	-60.0	0.0	-60.0	-60.0	80.0	10922.0	13520000	-1.2340024e-08	0.32121697	-0.0019309632	-0.0030601136	1.5462186	0.005248784	0.0160375	49.0	2874.0116443634033
169	-59.971874	0.22323518	-58.2	-60.0	80.0	10986.0	13600000	-5.122274e-09	0.3184302	-0.002495519	-0.0029665194	1.5464222	0.0055270316	0.0160125	49.0	2890.102659702301
170	-60.0	0.0	-60.0	-60.0	80.0	11050.0	13680000	-1.6763806e-08	0.31268942	-0.0023068958	-0.0022040308	1.5172778	0.0052534426	0.0261875	49.0	2905.4091913700104
171	-60.0	0.0	-60.0	-60.0	80.0	11114.0	13760000	1.9324943e-08	0.3342756	-0.0020982018	-0.0014336035	1.5481169	0.004065631	0.0117625	49.0	2919.452909231186
172	-60.0	0.0	-60.0	-60.0	80.0	11178.0	13840000	2.7939677e-09	0.32623786	-0.0019727745	-0.0022794008	1.5527065	0.0043439474	0.0172	49.0	2934.3756704330444
173	-60.0	0.0	-60.0	-60.0	80.0	11242.0	13920000	-7.916242e-09	0.31049132	-0.0023010192	-0.0024303012	1.5180321	0.0054929317	0.0209625	49.0	2949.259598493576
174	-60.0	0.0	-60.0	-60.0	80.0	11306.0	14000000	2.6077032e-08	0.33087957	-0.0026500337	-0.0018470474	1.5222255	0.005648208	0.032700002	49.0	2964.4929411411285
175	-60.0	0.0	-60.0	-60.0	80.0	11370.0	14080000	1.071021e-08	0.3238248	-0.0022828805	-0.0033711344	1.5231059	0.0045489725	0.0154875	49.0	2980.640989780426
176	-60.0	0.0	-60.0	-60.0	80.0	11434.0	14160000	-7.450581e-09	0.31306276	-0.002478965	-0.002456028	1.5466113	0.0049761673	0.0184625	49.0	2995.2247745990753
177	-60.0	0.0	-60.0	-60.0	80.0	11498.0	14240000	2.3283064e-10	0.32696134	-0.0019667298	-0.0015755482	1.5528336	0.0042654388	0.0169875	49.0	3009.598777770996
178	-60.0	0.0	-60.0	-60.0	80.0	11562.0	14320000	-6.2864274e-09	0.3336659	-0.0025265631	-0.00085270405	1.5491098	0.005659337	0.0208875	49.0	3024.5333573818207
179	-60.0	0.0	-60.0	-60.0	80.0	11626.0	14400000	8.381903e-09	0.31512827	-0.0021941545	-0.0016659088	1.559322	0.0052156434	0.01575	49.0	3039.469884634018
180	-60.0	0.0	-60.0	-60.0	80.0	11690.0	14480000	-4.656613e-09	0.32998937	-0.0018683963	-0.0012457371	1.5291294	0.00519736	0.0132625	49.0	3055.2075910568237
181	-60.0	0.0	-60.0	-60.0	80.0	11754.0	14560000	1.7695129e-08	0.31841654	-0.0023796007	-0.002359394	1.5231767	0.005217851	0.0291125	49.0	3071.1131842136383
182	-60.0	0.0	-60.0	-60.0	80.0	11818.0	14640000	-7.392373e-09	0.31892592	-0.001869001	-0.0035719462	1.5178583	0.0046095033	0.01275	49.0	3085.1855657100677
183	-60.0	0.0	-60.0	-60.0	80.0	11882.0	14720000	0.0	0.29803807	-0.0019903658	-0.002920676	1.4882462	0.0034681004	0.0197875	49.0	3099.968308210373
184	-60.0	0.0	-60.0	-60.0	80.0	11946.0	14800000	-5.5879354e-09	0.31506637	-0.0023864962	-0.0019817166	1.4896548	0.0056237057	0.0257875	49.0	3114.8928651809692
185	-60.0	0.0	-60.0	-60.0	80.0	12010.0	14880000	-8.8475645e-09	0.32930294	-0.0019320884	-0.0028174557	1.4790294	0.005562177	0.0419875	49.0	3130.0279364585876
186	-60.0	0.0	-60.0	-60.0	80.0	12074.0	14960000	9.778887e-09	0.3184865	-0.0019301283	-0.0022958145	1.4640826	0.0044675465	0.017	49.0	3146.050740003586
187	-59.95156	0.38446057	-56.9	-60.0	80.0	12138.0	15040000	-6.519258e-09	0.32703498	-0.002391256	-0.0044649094	1.500742	0.0037428574	0.0095999995	49.0	3160.965579509735
188	-60.0	0.0	-60.0	-60.0	80.0	12202.0	15120000	1.8626451e-09	0.30740267	-0.0020497188	-0.0036346503	1.4827696	0.004400974	0.015887499	49.0	3175.19211435318
189	-60.0	0.0	-60.0	-60.0	80.0	12266.0	15200000	-6.0535967e-09	0.31108606	-0.0023176523	-0.0024606623	1.4805212	0.003945307	0.016800001	49.0	3190.1474244594574
190	-60.0	0.0	-60.0	-60.0	80.0	12330.0	15280000	2.7939677e-09	0.31959698	-0.0022109477	-0.0017997809	1.4858719	0.004308004	0.0107	49.0	3205.1561410427094
191	-60.0	0.0	-60.0	-60.0	80.0	12394.0	15360000	-9.313226e-09	0.32943034	-0.0022154986	-0.0021790415	1.5024619	0.003721374	0.0133875	49.0	3220.5205149650574
192	-60.0	0.0	-60.0	-60.0	80.0	12458.0	15440000	-1.8626451e-09	0.32075906	-0.0021345676	-0.0015583523	1.5128376	0.0066505447	0.0331	49.0	3236.8287694454193
193	-60.0	0.0	-60.0	-60.0	80.0	12522.0	15520000	-9.313226e-09	0.32173902	-0.0018237745	-0.0008764602	1.4996226	0.0041217227	0.018725	49.0	3251.1547207832336
194	-60.0	0.0	-60.0	-60.0	80.0	12586.0	15600000	2.4214387e-08	0.32082072	-0.002091459	-0.0013546646	1.5055104	0.004535719	0.0093875	49.0	3265.8183012008667
195	-60.0	0.0	-60.0	-60.0	80.0	12650.0	15680000	6.9849193e-10	0.32866478	-0.0024080188	-0.0030757263	1.5247384	0.004828489	0.0110875	49.0	3282.66698551178
196	-60.001564	0.012402244	-60.0	-60.100002	80.0	12714.0	15760000	1.3038516e-08	0.33318102	-0.0020652874	-0.0012067631	1.5099812	0.0046881186	0.0146375	49.0	3300.7516000270844
197	-60.0	0.0	-60.0	-60.0	80.0	12778.0	15840000	6.519258e-09	0.3380858	-0.0022362529	-0.0017759763	1.5424548	0.0048835976	0.015075	49.0	3318.1944165229797
198	-60.0	0.0	-60.0	-60.0	80.0	12842.0	15920000	1.1059456e-08	0.33312416	-0.0023100525	-0.0016881712	1.5361934	0.0038005144	0.013362501	49.0	3335.4732739925385
199	-60.0	0.0	-60.0	-60.0	80.0	12906.0	16000000	-5.355105e-09	0.32940662	-0.0022023546	-0.0041060336	1.5167029	0.005437922	0.021525	49.0	3353.128933906555
200	-60.0	0.0	-60.0	-60.0	80.0	12970.0	16080000	-1.1641532e-10	0.34909937	-0.002289915	-0.0026724152	1.5061421	0.003913987	0.0211	49.0	3371.482234477997
201	-60.0	0.0	-60.0	-60.0	80.0	13034.0	16160000	5.355105e-09	0.33541775	-0.0020131313	-0.002039224	1.5081503	0.004766893	0.0342125	49.0	3389.4740018844604
202	-60.0	0.0	-60.0	-60.0	80.0	13098.0	16240000	1.3620593e-08	0.31737548	-0.0020964555	-0.0021125264	1.487206	0.0035679191	0.0133625	49.0	3403.821578979492
203	-60.0	0.0	-60.0	-60.0	80.0	13162.0	16320000	9.313226e-10	0.31873554	-0.002396261	-0.0034840032	1.481178	0.005453701	0.0213625	49.0	3419.100900888443
204	-60.0	0.0	-60.0	-60.0	80.0	13226.0	16400000	-1.8626451e-09	0.3196354	-0.002194827	-0.0027301311	1.4741327	0.00498306	0.0066	49.0	3434.3401865959167
205	-60.0	0.0	-60.0	-60.0	80.0	13290.0	16480000	-8.8475645e-09	0.33604497	-0.0019476706	-0.0006707832	1.4618255	0.0037951577	0.0100875	49.0	3450.109616279602
206	-60.0	0.0	-60.0	-60.0	80.0	13354.0	16560000	7.916242e-09	0.33098128	-0.0019908356	-0.001282677	1.4327099	0.0048488155	0.0192625	49.0	3466.723707675934
207	-60.0	0.0	-60.0	-60.0	80.0	13418.0	16640000	3.7252903e-09	0.32893458	-0.0021460704	-0.0044185817	1.420368	0.0034016047	0.0104375	49.0	3482.100726366043
208	-60.0	0.0	-60.0	-60.0	80.0	13482.0	16720000	-8.96398e-09	0.3307978	-0.002438514	-0.0012790635	1.4069636	0.0034325384	0.0097125005	49.0	3496.8366973400116
209	-60.0	0.0	-60.0	-60.0	80.0	13546.0	16800000	-3.0267984e-09	0.33419132	-0.0026020145	-0.003168553	1.3749712	0.0037455843	0.0184375	49.0	3511.8564784526825
210	-60.0	0.0	-60.0	-60.0	80.0	13610.0	16880000	-4.656613e-09	0.3317697	-0.002667718	-0.00320803	1.3699328	0.005160827	0.0189875	49.0	3527.852525949478
211	-60.0	0.0	-60.0	-60.0	80.0	13674.0	16960000	-2.1187589e-08	0.33353195	-0.0018851112	-0.0029369183	1.3510907	0.003412703	0.004675	49.0	3543.1787943840027
212	-60.0	0.0	-60.0	-60.0	80.0	13738.0	17040000	5.122274e-09	0.3286922	-0.002369605	-0.0015090108	1.3334504	0.0044087428	0.012875	49.0	3559.2615032196045
213	-60.0	0.0	-60.0	-60.0	80.0	13802.0	17120000	-6.4610504e-09	0.3279587	-0.0019225001	-0.0013121404	1.3577161	0.0047786674	0.01025	49.0	3575.010543823242
214	-60.0	0.0	-60.0	-60.0	80.0	13866.0	17200000	-6.519258e-09	0.30727363	-0.0021324963	-0.0016320795	1.3367689	0.0037883862	0.0253625	49.0	3589.045349597931
215	-60.0	0.0	-60.0	-60.0	80.0	13930.0	17280000	9.778887e-09	0.31454194	-0.0023836838	-0.0013875514	1.3388958	0.006079116	0.024525002	49.0	3604.6901140213013
216	-60.0	0.0	-60.0	-60.0	80.0	13994.0	17360000	-1.816079e-08	0.33805382	-0.0022168923	-0.0019054152	1.3638892	0.004442998	0.0077	49.0	3621.769080400467
217	-60.0	0.0	-60.0	-60.0	80.0	14058.0	17440000	2.7939677e-09	0.33455345	-0.0023951791	-0.002482783	1.36658	0.0055907513	0.0211	49.0	3639.588109254837
218	-60.0	0.0	-60.0	-60.0	80.0	14122.0	17520000	8.8475645e-09	0.3259944	-0.00215163	-0.0019337572	1.3609834	0.0034083673	0.0188125	49.0	3657.690784931183
219	-60.0	0.0	-60.0	-60.0	80.0	14186.0	17600000	-2.561137e-09	0.3304264	-0.0023823292	-0.0025460906	1.3509817	0.0041093454	0.009862499	49.0	3676.324423313141
220	-60.0	0.0	-60.0	-60.0	80.0	14250.0	17680000	8.8475645e-09	0.32532483	-0.0021290113	-0.0035966448	1.3456285	0.003929813	0.0163625	49.0	3694.6668066978455
221	-60.0	0.0	-60.0	-60.0	80.0	14314.0	17760000	-1.5832484e-08	0.34006292	-0.0022269622	-0.0025425144	1.3438883	0.004693619	0.0143625	49.0	3712.226503610611
222	-59.967186	0.26044095	-57.9	-60.0	80.0	14378.0	17840000	-1.2340024e-08	0.32855755	-0.002247592	-0.0018456653	1.3477364	0.004160824	0.0107625	49.0	3729.4037749767303
223	-60.0	0.0	-60.0	-60.0	80.0	14442.0	17920000	-4.656613e-09	0.32382864	-0.0025125097	-0.0014628097	1.3530145	0.00456712	0.0118375	49.0	3746.3468084335327
224	-60.0	0.0	-60.0	-60.0	80.0	14506.0	18000000	1.4319085e-08	0.3261672	-0.0017824735	-0.00050250813	1.350925	0.0033371826	0.0137125	49.0	3763.4128425121307
225	-60.0	0.0	-60.0	-60.0	80.0	14570.0	18080000	1.3504177e-08	0.31987143	-0.0016297583	-0.0001469329	1.3529905	0.005199327	0.067175	49.0	3780.9480018615723
226	-60.0	0.0	-60.0	-60.0	80.0	14634.0	18160000	-8.96398e-09	0.33355278	-0.0019715396	-0.0036520772	1.3472948	0.004504432	0.012250001	49.0	3797.9658768177032
227	-60.0	0.0	-60.0	-60.0	80.0	14698.0	18240000	-5.355105e-09	0.33833575	-0.0021228348	-0.0031472147	1.3284316	0.0039114635	0.0142749995	49.0	3815.326622247696
228	-60.0	0.0	-60.0	-60.0	80.0	14762.0	18320000	1.8626451e-09	0.3267064	-0.0020002103	-0.0019546337	1.3135202	0.0042739636	0.016	49.0	3833.2460131645203
229	-60.0	0.0	-60.0	-60.0	80.0	14826.0	18400000	3.8417056e-09	0.32697996	-0.002583413	-0.00071012974	1.3115089	0.004112905	0.0251125	49.0	3851.497436761856
230	-60.0	0.0	-60.0	-60.0	80.0	14890.0	18480000	8.8475645e-09	0.32522887	-0.0019836281	-0.0015145913	1.3248596	0.0038760707	0.0082625	49.0	3870.1971027851105
231	-60.0	0.0	-60.0	-60.0	80.0	14954.0	18560000	4.1909516e-09	0.33779138	-0.002105242	-0.0020843223	1.3061767	0.0035807134	0.0120875	49.0	3888.0660450458527
232	-60.0	0.0	-60.0	-60.0	80.0	15018.0	18640000	5.005859e-09	0.3280935	-0.0022887033	-0.00080730394	1.3090955	0.00419967	0.0191	49.0	3905.4294760227203
233	-60.0	0.0	-60.0	-60.0	80.0	15082.0	18720000	-4.656613e-10	0.34135938	-0.0017676336	0.00016966462	1.300161	0.0039069024	0.01395	49.0	3922.3655388355255
234	-60.0	0.0	-60.0	-60.0	80.0	15146.0	18800000	2.910383e-10	0.33323884	-0.0021745777	-0.00224543	1.2914426	0.0045509473	0.025712501	49.0	3939.373222351074
235	-60.0	0.0	-60.0	-60.0	80.0	15210.0	18880000	1.21071935e-08	0.3211012	-0.002483958	-0.0017534867	1.2844286	0.0045173634	0.0243625	49.0	3956.328449487686
236	-60.0	0.0	-60.0	-60.0	80.0	15274.0	18960000	-6.6356733e-09	0.33520836	-0.00204968	-0.00083127245	1.2847849	0.004372206	0.015574999	49.0	3973.275204181671
237	-60.0	0.0	-60.0	-60.0	80.0	15338.0	19040000	-1.3969839e-08	0.34408385	-0.0020763187	-0.00018757209	1.2892553	0.0033185463	0.0049125003	49.0	3990.833015680313
238	-60.0	0.0	-60.0	-60.0	80.0	15402.0	19120000	1.2340024e-08	0.34346986	-0.0017739269	-0.0018124841	1.289705	0.0036154909	0.009575	49.0	4009.043186187744
239	-60.0	0.0	-60.0	-60.0	80.0	15466.0	19200000	-5.122274e-09	0.34202364	-0.0021485095	-0.0032572374	1.2677748	0.0046204226	0.0247875	49.0	4027.6951389312744
240	-60.0	0.0	-60.0	-60.0	80.0	15530.0	19280000	2.3283064e-10	0.33978975	-0.0016764067	-0.0014199875	1.2557294	0.0047608353	0.018662501	49.0	4045.9444813728333
241	-60.0	0.0	-60.0	-60.0	80.0	15594.0	19360000	6.9849193e-10	0.34732834	-0.0025593846	-0.0014110804	1.2669754	0.004390229	0.020375	49.0	4063.344428539276
242	-60.0	0.0	-60.0	-60.0	80.0	15658.0	19440000	3.7252903e-09	0.34690067	-0.002175785	-0.0019788444	1.2675469	0.004257052	0.022125002	49.0	4080.3366355895996
243	-60.0	0.0	-60.0	-60.0	80.0	15722.0	19520000	-4.8894435e-09	0.3475545	-0.002301599	-0.0015286766	1.2625558	0.003938018	0.0106625	49.0	4097.350782632828
244	-60.0	0.0	-60.0	-60.0	80.0	15786.0	19600000	-1.4784746e-08	0.3390013	-0.0022869736	-0.0017393194	1.2604698	0.004232676	0.012125	49.0	4114.356502056122
245	-60.0	0.0	-60.0	-60.0	80.0	15850.0	19680000	-1.1641532e-09	0.3246712	-0.0016532531	-0.001261346	1.2411097	0.00398876	0.0093	49.0	4131.463341474533
246	-59.965626	0.2728432	-57.8	-60.0	80.0	15914.0	19760000	-6.519258e-09	0.34658796	-0.0021652523	-0.0015081763	1.2323723	0.004499891	0.0243625	49.0	4149.599274635315
247	-60.0	0.0	-60.0	-60.0	80.0	15978.0	19840000	-3.958121e-09	0.3420863	-0.002374014	-0.0021800995	1.2262497	0.005175624	0.027912501	49.0	4168.295145511627
248	-60.0	0.0	-60.0	-60.0	80.0	16042.0	19920000	6.2864274e-09	0.33881053	-0.0020264164	-0.0018266663	1.2077309	0.0056113973	0.0392375	49.0	4186.899244070053
249	-60.0	0.0	-60.0	-60.0	80.0	16106.0	20000000	1.0477379e-08	0.32966578	-0.0018311025	-0.003347814	1.198005	0.00223582	0.0054874998	49.0	4204.436022043228
250	-60.0	0.0	-60.0	-60.0	80.0	16170.0	20080000	7.21775e-09	0.32839125	-0.0020332125	-0.0011914931	1.1896019	0.004166915	0.0169125	49.0	4221.650860548019
251	-60.0	0.0	-60.0	-60.0	80.0	16234.0	20160000	-1.3969839e-09	0.34313434	-0.0020880348	-0.0011945739	1.1888294	0.0037078802	0.019537501	49.0	4238.9215388298035
252	-60.0	0.0	-60.0	-60.0	80.0	16298.0	20240000	-3.259629e-09	0.32957143	-0.0023360993	-0.0018004924	1.1817509	0.0053968458	0.0186	49.0	4256.145360469818
253	-60.0	0.0	-60.0	-60.0	80.0	16362.0	20320000	3.3760443e-09	0.33134422	-0.002228425	-0.001188647	1.1777089	0.003760274	0.0167875	49.0	4273.57918715477
254	-60.0	0.0	-60.0	-60.0	80.0	16426.0	20400000	-9.313226e-10	0.34844077	-0.0022989255	-0.002352506	1.1797836	0.004269204	0.0203	49.0	4291.7405297756195
255	-60.0	0.0	-60.0	-60.0	80.0	16490.0	20480000	4.8894435e-09	0.34151784	-0.0020552177	-0.00088784844	1.1675658	0.0045666364	0.020975001	49.0	4310.623878479004
256	-60.0	0.0	-60.0	-60.0	80.0	16554.0	20560000	1.3969839e-09	0.32560045	-0.0021888455	-0.0012185052	1.173814	0.0041869287	0.013875	49.0	4329.885612487793
257	-60.0	0.0	-60.0	-60.0	80.0	16618.0	20640000	9.313226e-09	0.3166419	-0.0022203047	-0.0013465919	1.150463	0.0035482831	0.0162	49.0	4347.700150966644
258	-60.0	0.0	-60.0	-60.0	80.0	16682.0	20720000	-1.2805685e-08	0.33888984	-0.0015826803	-0.0028557666	1.1507213	0.003289763	0.00705	49.0	4365.026293992996
259	-60.0	0.0	-60.0	-60.0	80.0	16746.0	20800000	4.5401976e-09	0.32158315	-0.0019786584	-0.0037159435	1.1549459	0.003000213	0.01145	49.0	4382.176786661148
260	-60.0	0.0	-60.0	-60.0	80.0	16810.0	20880000	-5.820766e-09	0.33061266	-0.002535652	-0.000855349	1.1293974	0.004139077	0.0124125	49.0	4399.62357878685
261	-60.0	0.0	-60.0	-60.0	80.0	16874.0	20960000	1.5599653e-08	0.334146	-0.0022104923	-0.0020230673	1.0847347	0.0033490343	0.023225	49.0	4416.7826290130615
262	-60.0	0.0	-60.0	-60.0	80.0	16938.0	21040000	1.4202669e-08	0.3310436	-0.0017935908	-0.0023944266	1.0857749	0.0033206842	0.0074124997	49.0	4435.834456920624
