Episode	TestRet	TestSteps	AverageEpRet	StdEpRet	MaxEpRet	MinEpRet	EpLen	Time
50	-145.00000216066837	100.0	-159.804	7.3598633	-138.5	-175.1	100.0	3 min 40 sec
100	-145.00000216066837	100.0	-160.04	7.183015	-142.2	-175.8	100.0	10 min 10 sec
150	-145.00000216066837	100.0	-158.103	7.574545	-142.65001	-175.1	100.0	15 min 33 sec
200	-171.46000398024916	100.0	-157.93301	7.2018723	-142.40001	-173.55	100.0	20 min 8 sec
250	-154.52000296451152	100.0	-154.937	8.169099	-138.0	-171.15001	100.0	24 min 28 sec
300	-155.59000297710298	100.0	-154.894	7.625921	-137.45	-174.1	100.0	30 min 15 sec
350	-154.1300031963736	100.0	-153.942	6.9095397	-128.5	-170.1	100.0	36 min 12 sec
400	-147.41000250615178	100.0	-151.52701	7.448887	-133.90001	-165.85	100.0	42 min 12 sec
450	-156.1150029577315	100.0	-151.64601	7.829627	-135.3	-168.45	100.0	47 min 19 sec
500	-148.79500285610555	100.0	-148.419	7.2131734	-129.8	-167.2	100.0	51 min 36 sec
550	-145.51000267080963	100.0	-148.085	8.58716	-124.0	-162.95	100.0	56 min 56 sec
600	-145.42000249028206	100.0	-145.626	10.690006	-112.75	-163.05	100.0	1 h 1 min 58 sec
650	-146.5600029371679	100.0	-142.92702	8.155614	-119.05	-157.35	100.0	1 h 6 min 36 sec
700	-137.99500288069248	100.0	-141.135	9.261216	-116.350006	-157.85	100.0	1 h 10 min 51 sec
750	-149.83500355929135	100.0	-138.37901	11.888252	-100.55	-161.6	100.0	1 h 16 min 2 sec
800	-187.57000515945256	100.0	-137.487	10.663503	-103.25	-154.5	100.0	1 h 21 min 38 sec
850	-148.50000295862554	100.0	-133.086	15.128692	-84.85	-155.40001	100.0	1 h 27 min 58 sec
900	-142.3900031287223	100.0	-135.34601	10.497675	-106.5	-156.8	100.0	1 h 33 min 49 sec
950	-161.23000401817262	100.0	-130.60901	14.376675	-90.0	-158.65001	100.0	1 h 39 min 15 sec
1000	-185.20000465288757	100.0	-129.025	19.275072	-49.15	-153.35	100.0	1 h 44 min 24 sec
1050	-152.64000422172248	100.0	-124.275	17.205252	-62.75	-159.45	100.0	1 h 49 min 57 sec
1100	-130.13000305481256	100.0	-123.104	19.092464	-59.95	-153.3	100.0	1 h 55 min 32 sec
1150	-146.94500423073768	100.0	-121.859	18.971476	-62.300003	-153.0	100.0	1 h 59 min 32 sec
1200	-157.0750039897859	100.0	-117.571014	18.318605	-69.5	-145.75	100.0	2 h 4 min 3 sec
1250	-170.56500516571106	100.0	-114.713	17.249397	-67.5	-155.1	100.0	2 h 9 min 58 sec
1300	-178.87000459544362	100.0	-114.373	14.6558485	-76.55	-138.65001	100.0	2 h 13 min 31 sec
1350	-128.17500297017395	100.0	-107.265	23.170778	-21.100002	-148.35	100.0	2 h 17 min 42 sec
1400	-146.57500348538161	100.0	-105.33301	26.045364	-36.100002	-154.8	100.0	2 h 22 min 29 sec
1450	-131.87000319361687	100.0	-108.01	19.21914	-71.9	-152.45	100.0	2 h 26 min 1 sec
1500	-128.06500280499458	100.0	-98.972015	27.394533	-28.350002	-142.75	100.0	2 h 31 min 43 sec
1550	-124.41000322513283	100.0	-93.65	29.070047	-13.950003	-142.65001	100.0	2 h 36 min 15 sec
1600	-182.6150060892105	100.0	-96.01901	27.049282	-26.750004	-154.35	100.0	2 h 39 min 55 sec
1650	-124.80500325895846	100.0	-102.34201	32.307774	-32.95	-186.95001	100.0	2 h 45 min 27 sec
1700	-133.62500362321734	100.0	-92.98501	27.362823	-14.250002	-143.5	100.0	2 h 49 min 15 sec
1750	-124.915003317222	100.0	-100.854004	29.254396	-25.150002	-171.55	100.0	2 h 54 min 24 sec
1800	-131.12500462420286	100.0	-91.395	35.375328	-1.1500025	-192.85	100.0	3 h 0 min 0 sec
1850	-125.82500347867608	100.0	-95.855995	29.047235	-43.850002	-179.90001	100.0	3 h 5 min 5 sec
1900	-138.16500377506017	100.0	-92.819	30.71406	-17.950003	-193.40001	100.0	3 h 10 min 24 sec
1950	-168.90500469841064	100.0	-87.347	31.98186	8.849997	-145.5	100.0	3 h 15 min 25 sec
2000	-146.70500326380133	100.0	-91.242004	35.14738	-10.050002	-186.5	100.0	3 h 19 min 51 sec
2050	-118.40000334791839	100.0	-86.522	31.262177	-0.700002	-158.1	100.0	3 h 24 min 59 sec
2100	-120.68000305853784	100.0	-99.924	25.297606	-43.850002	-155.75	100.0	3 h 31 min 0 sec
2150	-127.95500313565135	100.0	-95.719	19.139507	-56.250004	-140.2	100.0	3 h 36 min 19 sec
2200	-145.91500410102307	100.0	-97.175	34.157146	-24.550003	-197.5	100.0	3 h 41 min 35 sec
2250	-138.86000330522657	100.0	-100.79401	22.680616	-37.400005	-143.05	100.0	3 h 46 min 56 sec
2300	-153.20500430949033	100.0	-91.646	36.457466	1.799997	-152.6	100.0	3 h 51 min 13 sec
2350	-129.1850033339113	100.0	-107.61099	19.141617	-66.3	-137.45	100.0	3 h 56 min 50 sec
2400	-148.33000370524823	100.0	-103.83001	21.30656	-37.100002	-139.6	100.0	4 h 1 min 58 sec
2450	-146.99000284560026	100.0	-96.031006	26.113026	-25.950003	-132.15001	100.0	4 h 6 min 13 sec
2500	-106.62500358968973	100.0	-97.769005	24.134874	-50.750004	-152.05	100.0	4 h 10 min 34 sec
2550	-119.39500294923782	100.0	-112.33101	36.683933	-20.750004	-238.6	100.0	4 h 15 min 2 sec
2600	-118.72000249139964	100.0	-95.26501	27.860048	-31.000002	-145.05	100.0	4 h 19 min 31 sec
2650	-98.5050036828965	100.0	-93.58501	24.675577	-38.100002	-130.25	100.0	4 h 23 min 44 sec
2700	-123.77500342912973	100.0	-97.436005	17.748568	-63.7	-140.1	100.0	4 h 29 min 23 sec
2750	-143.10000356659293	100.0	-99.796005	34.22734	-53.000004	-245.6	100.0	4 h 35 min 4 sec
2800	-142.5050043065101	100.0	-94.264015	24.878172	-16.650003	-135.25	100.0	4 h 39 min 48 sec
2850	-165.00000639110803	100.0	-101.157005	27.05277	-51.350002	-195.20001	100.0	4 h 45 min 8 sec
2900	-119.19500385038555	100.0	-86.85201	27.426388	-26.900002	-157.85	100.0	4 h 50 min 47 sec
2950	-115.07000391446054	100.0	-91.232	24.92553	-26.350002	-142.5	100.0	4 h 54 min 7 sec
3000	-92.27500343061983	100.0	-87.525	33.89635	-6.5500026	-169.95001	100.0	4 h 59 min 53 sec
3050	-93.13000291101635	100.0	-91.192	25.004364	-36.15	-161.15001	100.0	5 h 2 min 55 sec
3100	-99.65000348687173	100.0	-96.063995	24.379684	-36.100002	-144.55	100.0	5 h 7 min 26 sec
3150	-109.17000294476748	100.0	-97.37399	23.381708	-33.7	-143.75	100.0	5 h 10 min 30 sec
3200	-175.29000658392906	100.0	-110.06801	27.184395	-52.7	-201.00002	100.0	5 h 13 min 20 sec
3250	-100.92000350132585	100.0	-89.494	30.048155	-11.450003	-183.20001	100.0	5 h 16 min 14 sec
3300	-86.91500261686743	100.0	-85.86501	25.322687	-12.9000025	-132.8	100.0	5 h 21 min 35 sec
3350	-86.22000262774527	100.0	-85.883995	24.74672	-24.300003	-144.70001	100.0	5 h 25 min 47 sec
3400	-104.01000345051288	100.0	-83.190994	27.430544	-17.400003	-138.35	100.0	5 h 31 min 17 sec
3450	-113.20000319927931	100.0	-87.543	24.682072	-21.900002	-144.65001	100.0	5 h 36 min 22 sec
3500	-124.52500342354179	100.0	-102.452995	33.963932	-4.1000037	-191.65001	100.0	5 h 39 min 49 sec
3550	-112.86500273607672	100.0	-86.98301	23.006882	-33.500004	-128.45	100.0	5 h 44 min 32 sec
3600	-92.56500311605632	100.0	-85.425	22.453398	-34.350002	-128.6	100.0	5 h 49 min 44 sec
3650	-111.85500373393297	100.0	-89.71201	25.570562	-32.200005	-151.05	100.0	5 h 54 min 23 sec
3700	-135.22500404901803	100.0	-84.11301	32.82857	8.149997	-173.20001	100.0	5 h 58 min 35 sec
3750	-105.93500339649617	100.0	-96.59501	30.129738	-25.600002	-166.6	100.0	6 h 1 min 49 sec
3800	-129.15000387504696	100.0	-82.989006	27.00954	-12.1500025	-174.25	100.0	6 h 5 min 56 sec
3850	-146.0900043822825	100.0	-91.144005	29.791584	-35.600002	-189.85	100.0	6 h 10 min 24 sec
3900	-88.05500376410782	100.0	-107.33501	34.21841	-39.000004	-186.90001	100.0	6 h 16 min 14 sec
3950	-139.78500456437467	100.0	-91.15501	22.092676	-45.0	-137.75	100.0	6 h 20 min 14 sec
4000	-99.38000299595296	100.0	-89.63801	21.110537	-49.600002	-139.8	100.0	6 h 25 min 16 sec
4050	-79.10000241287052	100.0	-88.378	27.10458	-18.500002	-137.85	100.0	6 h 29 min 11 sec
4100	-112.310004260391	100.0	-83.88	26.223787	-2.3500044	-124.3	100.0	6 h 34 min 29 sec
4150	-130.9150048725307	100.0	-88.85101	28.963444	0.94999695	-151.45	100.0	6 h 38 min 32 sec
4200	-123.0000040281564	100.0	-89.42001	26.94224	-23.400002	-151.0	100.0	6 h 43 min 57 sec
4250	-129.195002854988	100.0	-87.98402	26.676022	-30.200003	-145.90001	100.0	6 h 48 min 33 sec
4300	-122.93500381857157	100.0	-84.55601	34.27192	4.9999976	-146.05	100.0	6 h 51 min 45 sec
4350	-91.0450036779046	100.0	-98.52	43.808296	1.1499978	-260.7	100.0	6 h 55 min 53 sec
4400	-117.47000334523618	100.0	-85.05601	25.661057	-30.450003	-130.15001	100.0	7 h 0 min 59 sec
4450	-144.84500464871525	100.0	-76.947	30.216951	28.199997	-132.25	100.0	7 h 4 min 41 sec
4500	-122.31000335887074	100.0	-86.1	26.976383	-5.8500023	-163.7	100.0	7 h 9 min 24 sec
4550	-108.59000299684703	100.0	-83.13501	23.984785	-22.950005	-129.0	100.0	7 h 14 min 34 sec
4600	-106.92000309340656	100.0	-89.117004	24.835106	-36.100002	-171.05	100.0	7 h 18 min 1 sec
4650	-96.49000386074185	100.0	-81.51501	32.086124	-13.9000025	-161.05	100.0	7 h 23 min 24 sec
4700	-132.72500386089087	100.0	-84.29	30.625698	-15.700004	-176.6	100.0	7 h 28 min 6 sec
4750	-111.70500320494175	100.0	-76.984	24.563343	6.899997	-118.8	100.0	7 h 32 min 34 sec
4800	-80.44000246152282	100.0	-83.176	20.96752	-32.550003	-133.40001	100.0	7 h 38 min 17 sec
4850	-124.57500400803983	100.0	-74.507996	26.901764	-17.900003	-130.90001	100.0	7 h 43 min 1 sec
4900	-114.32000356726348	100.0	-74.80201	25.219551	-26.900002	-125.100006	100.0	7 h 48 min 6 sec
4950	-105.35000482909382	100.0	-74.565	26.288641	-9.100002	-121.450005	100.0	7 h 52 min 48 sec
5000	-83.09000385515392	100.0	-73.772995	28.891157	-9.950003	-131.2	100.0	7 h 55 min 44 sec
5050	-116.2950038228184	100.0	-88.29901	28.498981	-20.850004	-149.15001	100.0	8 h 1 min 8 sec
5100	-132.36000585779547	100.0	-86.756	37.6987	-6.700003	-230.20001	100.0	8 h 6 min 53 sec
5150	-81.45000304095447	100.0	-80.574	23.29273	-24.750004	-136.45	100.0	8 h 10 min 19 sec
5200	-118.27000396884978	100.0	-79.105	20.718208	-46.350002	-148.0	100.0	8 h 16 min 32 sec
5250	-104.26000324748456	100.0	-76.507	31.700483	-10.300003	-148.0	100.0	8 h 22 min 4 sec
5300	-85.60500369854272	100.0	-83.443	25.74466	-31.850004	-145.55	100.0	8 h 26 min 35 sec
5350	-80.06000336892903	100.0	-75.04201	24.740654	-22.900003	-134.1	100.0	8 h 31 min 57 sec
5400	-125.80500537604094	100.0	-71.741	29.940498	29.799995	-144.75	100.0	8 h 38 min 27 sec
5450	-37.61500343084335	100.0	-78.02901	30.056328	3.9999974	-131.8	100.0	8 h 43 min 41 sec
5500	-118.10500351525843	100.0	-78.374	37.78964	-7.8000035	-190.5	100.0	8 h 46 min 55 sec
5550	-108.65500355921685	100.0	-80.171005	31.777412	-9.000003	-159.6	100.0	8 h 50 min 37 sec
5600	-90.26000376529991	100.0	-77.013	31.166862	-10.300002	-162.25	100.0	8 h 54 min 50 sec
5650	-142.7150063749403	100.0	-78.05	29.994516	17.949997	-140.20001	100.0	8 h 58 min 7 sec
5700	-57.63000320382416	100.0	-79.507	38.21809	0.84999734	-190.5	100.0	9 h 0 min 46 sec
5750	-79.55500327534973	100.0	-75.16701	30.917122	-8.000003	-147.55	100.0	9 h 5 min 39 sec
5800	-82.76000393331051	100.0	-68.13901	26.159512	-4.650003	-127.5	100.0	9 h 9 min 20 sec
5850	-64.75000301003456	100.0	-76.229004	25.45855	-23.450003	-132.6	100.0	9 h 13 min 14 sec
5900	-77.31000392884016	100.0	-78.283005	27.498255	-9.300002	-145.05	100.0	9 h 16 min 32 sec
5950	-77.69500398226083	100.0	-71.586	30.826822	12.499997	-129.90001	100.0	9 h 19 min 46 sec
6000	-120.87500379346311	100.0	-67.186005	30.409891	25.299997	-117.450005	100.0	9 h 24 min 5 sec
6050	-45.50500274188816	100.0	-72.565	27.85662	-11.150003	-130.2	100.0	9 h 27 min 59 sec
6100	-101.41000426188111	100.0	-67.746	27.58733	-0.9500028	-127.0	100.0	9 h 32 min 37 sec
6150	-66.68000342845917	100.0	-66.95701	28.955757	-4.750002	-140.40001	100.0	9 h 37 min 58 sec
6200	-66.32000321894884	100.0	-74.249	28.544952	-5.2500033	-140.5	100.0	9 h 42 min 19 sec
6250	-106.72500415369868	100.0	-66.378	37.005753	20.849997	-151.70001	100.0	9 h 49 min 15 sec
6300	-90.83500293046237	100.0	-75.38901	38.854733	15.149997	-145.40001	100.0	9 h 55 min 33 sec
6350	-96.80500301383435	100.0	-76.736	40.773502	39.999996	-141.55	100.0	10 h 1 min 12 sec
6400	-81.0700033981353	100.0	-59.584	38.77333	49.949997	-135.0	100.0	10 h 5 min 10 sec
6450	-116.57000416107476	100.0	-66.310005	30.810965	-2.800002	-116.5	100.0	10 h 9 min 46 sec
6500	-80.64500287212431	100.0	-65.878006	36.011528	14.849996	-145.25	100.0	10 h 14 min 49 sec
6550	-128.4000039435923	100.0	-59.11	31.62336	19.849998	-129.85	100.0	10 h 17 min 58 sec
6600	-118.4350043144077	100.0	-62.986	32.818035	32.399998	-113.05	100.0	10 h 21 min 42 sec
6650	-73.33500327691436	100.0	-68.873	36.03786	32.449997	-139.2	100.0	10 h 25 min 15 sec
6700	-58.87000304237008	100.0	-62.658005	31.216646	25.499998	-118.700005	100.0	10 h 29 min 52 sec
6750	-79.455002957955	100.0	-63.785004	31.014542	2.3499982	-123.200005	100.0	10 h 35 min 9 sec
6800	-104.48000375404953	100.0	-66.368996	31.891287	28.949997	-135.95001	100.0	10 h 39 min 47 sec
6850	-92.88000315055251	100.0	-68.08201	31.133722	2.549997	-144.15001	100.0	10 h 45 min 44 sec
6900	-50.37000295035541	100.0	-66.395	32.459602	0.49999672	-133.5	100.0	10 h 51 min 20 sec
6950	-108.21000317372382	100.0	-65.87	26.636154	18.149998	-151.35	100.0	10 h 57 min 45 sec
7000	-100.34500453956426	100.0	-73.21001	33.244854	-19.200005	-174.8	100.0	11 h 4 min 20 sec
7050	-89.18000368960202	100.0	-71.41601	28.062765	-11.200003	-131.35	100.0	11 h 9 min 50 sec
7100	-83.06500415839255	100.0	-70.96001	31.019487	18.099997	-139.6	100.0	11 h 13 min 8 sec
7150	-73.69500288590788	100.0	-64.532005	30.72674	20.399998	-128.90001	100.0	11 h 16 min 39 sec
7200	-89.23500330299139	100.0	-75.646	28.379124	-22.000002	-144.0	100.0	11 h 19 min 37 sec
7250	-75.35500313527882	100.0	-70.786	25.943663	-16.000002	-152.85	100.0	11 h 24 min 1 sec
7300	-60.540003368631005	100.0	-61.889004	21.319527	-3.3304095e-06	-101.05	100.0	11 h 26 min 45 sec
7350	-47.1350029040128	100.0	-48.702003	28.78138	18.199997	-123.35	100.0	11 h 29 min 40 sec
7400	-82.23500323481858	100.0	-60.331005	31.672749	13.449997	-120.9	100.0	11 h 33 min 33 sec
7450	-110.47000376097859	100.0	-72.03001	24.31815	-25.700003	-128.7	100.0	11 h 36 min 59 sec
7500	-73.04500339031219	100.0	-54.052998	29.179224	-0.95000273	-116.75	100.0	11 h 41 min 3 sec
7550	-88.53500403054059	100.0	-60.181	34.704132	15.949997	-145.15001	100.0	11 h 45 min 26 sec
7600	-69.4800033185631	100.0	-64.076996	28.908152	-22.600004	-150.75	100.0	11 h 49 min 55 sec
7650	-96.00500407069921	100.0	-62.697002	42.93336	18.549997	-166.1	100.0	11 h 53 min 7 sec
7700	-103.24000449776649	100.0	-67.111	33.12456	5.7999964	-140.85	100.0	11 h 56 min 36 sec
7750	-91.810003516078	100.0	-64.299	33.290836	49.199997	-143.20001	100.0	11 h 59 min 54 sec
7800	-79.0350040320307	100.0	-62.308006	33.53759	-4.4500027	-148.95	100.0	12 h 4 min 57 sec
7850	-71.71000316180289	100.0	-53.934006	34.447327	73.75	-158.75	100.0	12 h 8 min 48 sec
7900	-74.47500360645354	100.0	-56.796	28.526852	18.449997	-106.5	100.0	12 h 15 min 28 sec
7950	-33.67000334002078	100.0	-71.006004	31.509457	3.5499964	-146.05	100.0	12 h 20 min 5 sec
8000	-105.15000442303717	100.0	-64.602005	35.01403	20.299997	-137.25	100.0	12 h 24 min 46 sec
8050	-64.0000027347356	100.0	-65.234	29.476751	6.6499963	-123.65	100.0	12 h 29 min 49 sec
8100	-100.52500425614417	100.0	-61.092003	25.886726	-0.70000315	-116.5	100.0	12 h 34 min 32 sec
8150	-57.07500284984708	100.0	-58.551003	36.35675	26.699997	-153.95	100.0	12 h 39 min 3 sec
8200	-86.38000276088715	100.0	-69.58101	38.8657	0.39999714	-169.0	100.0	12 h 42 min 21 sec
8250	-69.0450030039996	100.0	-68.732	26.916494	-6.8500037	-133.95001	100.0	12 h 46 min 50 sec
8300	-70.00500291511416	100.0	-71.472	31.877657	2.599997	-135.25	100.0	12 h 53 min 14 sec
8350	-74.54000325426459	100.0	-66.987	35.78483	37.299995	-116.850006	100.0	12 h 59 min 25 sec
8400	-55.805003334209324	100.0	-70.809006	33.142357	-6.7000017	-147.6	100.0	13 h 3 min 36 sec
8450	-72.51000386849046	100.0	-57.691	28.438137	10.299997	-104.3	100.0	13 h 6 min 21 sec
8500	-65.00500314049422	100.0	-67.40101	25.748968	0.7499965	-122.85	100.0	13 h 11 min 24 sec
8550	-59.86500357575714	100.0	-53.6	33.1128	-2.800003	-180.8	100.0	13 h 15 min 27 sec
8600	-62.51500287912786	100.0	-56.615	27.521929	-5.5000024	-131.6	100.0	13 h 18 min 55 sec
8650	-75.48500338941813	100.0	-61.13701	32.678284	3.9999974	-141.15001	100.0	13 h 25 min 6 sec
8700	-55.940002924203874	100.0	-63.024	34.924107	26.299997	-125.850006	100.0	13 h 28 min 35 sec
8750	-53.76500277742743	100.0	-57.847	23.352337	4.199998	-108.4	100.0	13 h 33 min 13 sec
8800	-85.66500412747264	100.0	-64.441	28.675718	12.299997	-141.15001	100.0	13 h 38 min 6 sec
8850	-59.595003329217434	100.0	-50.97801	30.488174	26.049997	-104.05	100.0	13 h 42 min 45 sec
8900	-140.27500623054803	100.0	-57.295006	32.81854	23.649998	-136.35	100.0	13 h 47 min 21 sec
8950	-67.61000399254263	100.0	-62.966	34.06326	23.399998	-154.95	100.0	13 h 52 min 12 sec
9000	-82.77500233873725	100.0	-61.198	31.163635	8.549997	-130.40001	100.0	13 h 56 min 36 sec
9050	-69.75500307232141	100.0	-71.748	26.65759	3.4499974	-136.6	100.0	14 h 0 min 0 sec
9100	-81.21000335142017	100.0	-72.476	25.687502	-9.850002	-143.95	100.0	14 h 6 min 19 sec
9150	-86.83000324554742	100.0	-65.354	30.717077	23.449999	-114.4	100.0	14 h 11 min 31 sec
9200	-76.31500382386147	100.0	-70.373	33.28259	-2.4000025	-143.15001	100.0	14 h 15 min 13 sec
9250	-57.160003669559956	100.0	-66.420006	34.04427	20.799997	-150.3	100.0	14 h 18 min 50 sec
9300	-81.67000351250172	100.0	-60.160004	35.234867	56.299995	-114.0	100.0	14 h 23 min 2 sec
9350	-102.87500346004963	100.0	-64.47401	35.595192	18.949997	-134.45001	100.0	14 h 26 min 16 sec
9400	-107.55500404760241	100.0	-66.865	33.05808	25.549997	-121.950005	100.0	14 h 29 min 50 sec
9450	-67.3800030618906	100.0	-60.991	39.139053	11.8499975	-146.8	100.0	14 h 35 min 29 sec
9500	-54.935002574324606	100.0	-87.06199	31.801104	-17.650003	-150.05	100.0	14 h 39 min 26 sec
9550	-76.57500405237079	100.0	-75.853	32.65318	8.199997	-144.55	100.0	14 h 44 min 3 sec
9600	-80.52500297129154	100.0	-63.802998	30.780664	24.099997	-114.75	100.0	14 h 49 min 2 sec
9650	-83.49500346817076	100.0	-65.44701	27.53601	-0.05000446	-146.3	100.0	14 h 55 min 0 sec
9700	-75.27000257857144	100.0	-60.853004	33.411434	26.549997	-139.1	100.0	15 h 1 min 5 sec
9750	-113.44000450372695	100.0	-67.216	29.786436	-3.8000026	-142.0	100.0	15 h 6 min 25 sec
9800	-71.87000258043409	100.0	-72.37401	29.146465	-15.100003	-143.65001	100.0	15 h 11 min 17 sec
9850	-85.34500289186835	100.0	-60.064	26.453526	3.3999965	-122.5	100.0	15 h 17 min 29 sec
9900	-93.46500392593444	100.0	-67.285	33.183628	12.199998	-116.3	100.0	15 h 24 min 8 sec
9950	-85.86500396095217	100.0	-64.691	29.490993	-0.050003562	-129.90001	100.0	15 h 29 min 44 sec
10000	-106.53000400140881	100.0	-64.296	33.667942	44.099995	-124.25	100.0	15 h 35 min 35 sec
10050	-88.96000462025404	100.0	-65.033	37.20554	14.249997	-141.7	100.0	15 h 40 min 48 sec
10100	-86.32500392273069	100.0	-65.44	38.664772	27.149998	-146.95	100.0	15 h 43 min 43 sec
10150	-69.11000334471464	100.0	-65.031	26.528564	16.499996	-122.4	100.0	15 h 47 min 44 sec
10200	-81.02500420883298	100.0	-71.48	33.171417	-4.9000025	-186.90001	100.0	15 h 51 min 21 sec
10250	-69.2400037266314	100.0	-58.094006	27.03955	-6.850003	-114.4	100.0	15 h 55 min 2 sec
10300	-88.34000323452055	100.0	-66.893005	31.210587	0.44999644	-144.95	100.0	15 h 59 min 53 sec
10350	-94.24500364512205	100.0	-70.04001	29.931025	5.849997	-130.45	100.0	16 h 5 min 23 sec
10400	-78.39500381052494	100.0	-69.922	37.10427	40.299995	-135.0	100.0	16 h 11 min 57 sec
10450	-58.40000326707959	100.0	-75.747	26.714287	-18.350002	-142.85	100.0	16 h 15 min 26 sec
10500	-112.12500428333878	100.0	-69.384	33.59307	25.049997	-122.8	100.0	16 h 18 min 53 sec
10550	-76.70500354133546	100.0	-67.738	38.823673	28.849998	-140.75	100.0	16 h 22 min 27 sec
10600	-88.48500296995044	100.0	-60.451004	35.834255	16.249996	-137.5	100.0	16 h 25 min 57 sec
10650	-93.88500370159746	100.0	-79.609	25.41885	-4.150002	-135.6	100.0	16 h 29 min 36 sec
10700	-108.73000466041267	100.0	-75.114	31.830988	-2.850002	-139.65001	100.0	16 h 34 min 57 sec
10750	-100.33000424727797	100.0	-72.514	36.064487	44.899998	-145.3	100.0	16 h 40 min 21 sec
10800	-62.385002528876065	100.0	-61.842007	29.689852	15.999997	-112.55	100.0	16 h 43 min 2 sec
10850	-105.4400044836104	100.0	-64.297005	31.514338	21.999996	-114.600006	100.0	16 h 48 min 19 sec
10900	-133.8300056900829	100.0	-76.449005	34.81095	-27.750002	-178.90001	100.0	16 h 53 min 3 sec
10950	-86.91500268988311	100.0	-68.33201	28.412418	-3.4000034	-133.55	100.0	16 h 57 min 39 sec
11000	-97.52000344730914	100.0	-69.79	35.456886	4.549998	-134.85	100.0	17 h 2 min 36 sec
11050	-63.380003448575735	100.0	-73.212006	35.881092	53.149998	-137.05	100.0	17 h 5 min 56 sec
11100	-69.19000259079039	100.0	-67.36301	31.08449	-13.6500025	-139.65001	100.0	17 h 10 min 10 sec
11150	-51.81500385515392	100.0	-54.626	43.80209	59.449997	-135.45	100.0	17 h 15 min 56 sec
11200	-63.28000388853252	100.0	-59.502003	43.17616	43.999996	-131.40001	100.0	17 h 21 min 6 sec
11250	-50.900002824887636	100.0	-75.087006	29.293417	-15.700002	-148.45	100.0	17 h 25 min 54 sec
11300	-65.26000433154404	100.0	-52.847008	33.384247	17.149998	-133.05	100.0	17 h 29 min 46 sec
11350	-68.48000385165214	100.0	-47.858	35.30537	32.6	-126.200005	100.0	17 h 33 min 55 sec
11400	-46.79500309079886	100.0	-45.971004	33.07683	50.949997	-103.3	100.0	17 h 37 min 31 sec
11450	-74.47500435709954	100.0	-56.712006	43.028385	38.449997	-151.65001	100.0	17 h 42 min 30 sec
11500	-68.83500303402543	100.0	-53.543003	32.737007	8.199997	-123.25	100.0	17 h 45 min 22 sec
11550	-76.25000354908407	100.0	-67.696	33.10715	9.049996	-133.35	100.0	17 h 50 min 40 sec
11600	-39.810003634169696	100.0	-56.601006	34.636578	5.699996	-119.05	100.0	17 h 55 min 13 sec
11650	-93.42000336647034	100.0	-66.684	32.04193	22.899996	-133.85	100.0	18 h 1 min 23 sec
11700	-17.980003475397826	100.0	-49.367012	39.753304	52.649998	-152.0	100.0	18 h 5 min 44 sec
11750	-43.36000305190682	100.0	-57.011997	40.56542	32.3	-131.6	100.0	18 h 10 min 0 sec
11800	-47.615002726390955	100.0	-56.042004	34.927704	22.349997	-128.25	100.0	18 h 15 min 40 sec
11850	-116.56000482849777	100.0	-57.464005	37.869614	27.699999	-131.95	100.0	18 h 20 min 6 sec
11900	-65.54000332430005	100.0	-57.792004	31.158073	29.949997	-123.850006	100.0	18 h 24 min 54 sec
11950	-84.23500381857157	100.0	-58.362003	31.218912	10.799997	-116.100006	100.0	18 h 28 min 53 sec
12000	-88.88000479228795	100.0	-41.765	38.077354	48.6	-159.1	100.0	18 h 33 min 4 sec
12050	-76.0450035687536	100.0	-50.701	39.487797	69.549995	-117.450005	100.0	18 h 38 min 0 sec
12100	-59.44500424526632	100.0	-38.923004	35.569664	53.999996	-129.25	100.0	18 h 42 min 51 sec
12150	-65.64500333666801	100.0	-54.69	27.894102	-0.75000274	-115.25	100.0	18 h 47 min 32 sec
12200	-100.06000410690903	100.0	-49.517002	39.35468	40.699997	-135.2	100.0	18 h 51 min 51 sec
12250	-75.03000332973897	100.0	-59.029003	32.337902	36.399998	-129.75	100.0	18 h 57 min 13 sec
12300	-62.910002974420784	100.0	-53.297	35.933144	46.449997	-109.8	100.0	19 h 2 min 45 sec
12350	-43.25000346302986	100.0	-52.124	43.80983	30.999998	-204.45001	100.0	19 h 7 min 41 sec
12400	-86.21500397361815	100.0	-50.391003	41.07994	21.549997	-151.5	100.0	19 h 12 min 55 sec
12450	-67.67500482872128	100.0	-43.078007	38.011593	48.899998	-128.6	100.0	19 h 19 min 8 sec
12500	-60.04500343166292	100.0	-42.321	45.890736	49.049995	-131.15001	100.0	19 h 22 min 38 sec
12550	-51.36500301137566	100.0	-36.812004	39.57938	40.1	-146.55	100.0	19 h 28 min 15 sec
12600	-45.125002927333114	100.0	-44.927	43.158184	53.3	-131.05	100.0	19 h 31 min 30 sec
12650	-54.7200033672154	100.0	-46.455006	45.37235	72.6	-182.55	100.0	19 h 36 min 6 sec
12700	-55.44500295780599	100.0	-51.811	38.382607	65.5	-143.5	100.0	19 h 41 min 11 sec
12750	-43.535003738105296	100.0	-38.953003	37.584896	30.549997	-120.5	100.0	19 h 45 min 12 sec
12800	-25.565002254024147	100.0	-50.2	42.377846	55.399998	-150.55	100.0	19 h 49 min 17 sec
12850	-71.44000425748527	100.0	-50.201004	41.081398	52.749996	-171.0	100.0	19 h 53 min 34 sec
12900	-84.45500337816775	100.0	-40.158005	36.266857	60.749996	-105.350006	100.0	19 h 57 min 9 sec
12950	-63.350004794821146	100.0	-41.278004	41.550552	75.6	-117.700005	100.0	20 h 2 min 52 sec
13000	-56.82000270187855	100.0	-52.229004	45.22915	64.6	-168.05	100.0	20 h 7 min 37 sec
13050	-99.73500583544373	100.0	-34.557	45.07049	64.649994	-124.350006	100.0	20 h 12 min 11 sec
13100	-106.44500560723245	100.0	-36.633003	43.058453	68.7	-112.75	100.0	20 h 16 min 58 sec
13150	-75.45500472001731	100.0	-44.17	42.12071	41.05	-174.5	100.0	20 h 20 min 50 sec
13200	-80.01500391364098	100.0	-31.565002	45.342995	76.25	-143.95001	100.0	20 h 25 min 5 sec
13250	-80.48000380061566	100.0	-35.085003	43.21416	97.85	-123.25001	100.0	20 h 29 min 49 sec
13300	-59.025003257766365	100.0	-33.521	34.21245	45.199997	-93.4	100.0	20 h 34 min 52 sec
13350	-65.97500393241644	100.0	-40.268	44.166767	82.149994	-137.55	100.0	20 h 39 min 11 sec
13400	-84.43500437140464	100.0	-48.825005	39.8682	38.949997	-125.25	100.0	20 h 45 min 12 sec
13450	-61.34000295996666	100.0	-41.868004	35.883293	25.549997	-121.8	100.0	20 h 48 min 16 sec
13500	-63.39000314027071	100.0	-53.787006	45.117596	66.95	-131.3	100.0	20 h 54 min 4 sec
13550	-105.25500473976135	100.0	-56.837997	40.514893	45.55	-122.5	100.0	20 h 59 min 40 sec
13600	-90.34000362530351	100.0	-45.956	39.016487	42.249996	-130.65001	100.0	21 h 3 min 29 sec
13650	-51.03000262603164	100.0	-36.600006	32.471096	45.949997	-86.55	100.0	21 h 8 min 8 sec
13700	-55.50000327043235	100.0	-45.602	42.287888	62.449997	-127.05	100.0	21 h 13 min 20 sec
13750	-93.24000351727008	100.0	-59.439	38.224545	27.999998	-139.5	100.0	21 h 15 min 43 sec
13800	-39.6650030888617	100.0	-46.692	38.67923	46.449997	-115.100006	100.0	21 h 17 min 33 sec
13850	-62.28500299826264	100.0	-51.459	37.367386	30.199997	-128.2	100.0	21 h 19 min 20 sec
13900	-55.88000308796764	100.0	-45.699005	49.626198	68.35	-163.40001	100.0	21 h 21 min 7 sec
13950	-69.85000262185932	100.0	-48.662006	29.756218	22.299997	-103.350006	100.0	21 h 22 min 58 sec
14000	-45.89500339403749	100.0	-43.480003	45.848564	73.149994	-136.0	100.0	21 h 24 min 47 sec
14050	-41.52000277973711	100.0	-47.032	44.020008	50.1	-181.85	100.0	21 h 26 min 34 sec
14100	-16.080002915114164	100.0	-46.936005	44.839016	71.7	-132.90001	100.0	21 h 28 min 24 sec
14150	-96.72500388585031	100.0	-46.164005	45.356285	68.899994	-150.95	100.0	21 h 30 min 13 sec
14200	-44.31000340655446	100.0	-44.857002	40.404522	46.549995	-136.40001	100.0	21 h 32 min 2 sec
14250	-31.270002826303244	100.0	-44.218002	40.719204	33.199997	-114.50001	100.0	21 h 33 min 50 sec
14300	-80.38500383235514	100.0	-43.09	43.329906	67.45	-130.7	100.0	21 h 35 min 39 sec
14350	-66.34000340513884	100.0	-39.637	29.324072	37.249996	-89.75	100.0	21 h 37 min 30 sec
14400	-63.33500289581716	100.0	-44.262	43.277077	70.45	-118.100006	100.0	21 h 39 min 21 sec
14450	-72.19500368535519	100.0	-42.985004	47.77802	97.45	-164.1	100.0	21 h 41 min 7 sec
14500	-20.255002414435147	100.0	-46.140003	33.81028	30.599998	-118.350006	100.0	21 h 42 min 54 sec
14550	-93.52000281102956	100.0	-32.419003	40.036358	37.6	-145.1	100.0	21 h 44 min 44 sec
14600	-62.58500258661807	100.0	-46.221	43.28	28.099998	-124.450005	100.0	21 h 46 min 33 sec
14650	-37.60000325255096	100.0	-39.376003	35.381096	33.149998	-145.65001	100.0	21 h 48 min 23 sec
14700	-47.060003167018294	100.0	-44.196	39.28557	30.449997	-116.600006	100.0	21 h 50 min 14 sec
14750	-81.35500301718712	100.0	-38.454002	47.256264	119.45	-132.65001	100.0	21 h 52 min 4 sec
14800	-54.93000345416367	100.0	-42.498	46.681232	49.1	-156.40001	100.0	21 h 53 min 57 sec
14850	-50.875002921000124	100.0	-37.717003	46.531876	88.45	-122.75	100.0	21 h 55 min 46 sec
14900	-69.00000345893204	100.0	-40.108	44.6138	39.699997	-149.45	100.0	21 h 57 min 33 sec
14950	-24.31000298410654	100.0	-47.56	32.033985	17.699997	-122.15	100.0	21 h 59 min 20 sec
15000	-67.800003445521	100.0	-39.435005	47.934235	91.299995	-158.8	100.0	22 h 1 min 10 sec
15050	-33.085002712160346	100.0	-45.126007	37.148167	44.05	-113.65	100.0	22 h 3 min 0 sec
15100	-12.25000236146152	100.0	-39.598003	40.773746	64.549995	-145.85	100.0	22 h 4 min 49 sec
15150	-43.23000322431326	100.0	-25.616003	46.099636	126.7	-97.1	100.0	22 h 6 min 39 sec
15200	-57.41500347442925	100.0	-25.870005	48.322933	103.399994	-118.5	100.0	22 h 8 min 29 sec
15250	-80.26500384472311	100.0	-35.741005	43.84115	41.3	-142.05	100.0	22 h 10 min 16 sec
15300	-18.75000266879797	100.0	-32.508003	39.26948	49.749996	-118.200005	100.0	22 h 12 min 5 sec
15350	-36.850002381205556	100.0	-43.571	38.583	43.449997	-178.15001	100.0	22 h 13 min 51 sec
15400	-30.390003303810953	100.0	-32.633003	49.206066	53.399998	-130.90001	100.0	22 h 15 min 39 sec
15450	-36.49500283263624	100.0	-35.082	38.716316	48.249996	-110.05	100.0	22 h 17 min 28 sec
15500	-67.03500346504151	100.0	-46.4	36.831013	43.699997	-115.55	100.0	22 h 19 min 16 sec
15550	-35.465003760904075	100.0	-29.408003	33.900307	32.649998	-107.8	100.0	22 h 21 min 3 sec
15600	-17.275002663210035	100.0	-42.278004	45.522003	92.2	-153.40001	100.0	22 h 22 min 52 sec
15650	-83.04000505581499	100.0	-36.995003	44.371956	86.45	-132.05	100.0	22 h 24 min 42 sec
15700	-39.43500369600952	100.0	-41.019005	42.899357	34.699997	-152.40001	100.0	22 h 26 min 27 sec
15750	-10.085003127902747	100.0	-39.125004	30.93606	39.049995	-122.25	100.0	22 h 28 min 15 sec
15800	-25.260002306848765	100.0	-29.729002	43.583527	86.2	-115.100006	100.0	22 h 30 min 4 sec
15850	-52.00500286221504	100.0	-22.935003	49.97346	93.85	-120.3	100.0	22 h 31 min 51 sec
15900	-43.97500290721655	100.0	-27.937004	48.629864	150.0	-100.75	100.0	22 h 33 min 38 sec
15950	-81.29000507667661	100.0	-57.271008	42.682964	33.649998	-185.15001	100.0	22 h 35 min 26 sec
16000	-81.61500352062285	100.0	-28.997002	40.95061	54.149998	-112.850006	100.0	22 h 37 min 11 sec
16050	-61.74000318646431	100.0	-36.068005	40.575638	97.299995	-95.450005	100.0	22 h 38 min 59 sec
16100	-72.39500332586468	100.0	-42.273	38.96081	40.699997	-123.75	100.0	22 h 40 min 48 sec
16150	-87.04500563293695	100.0	-38.151005	35.605846	46.35	-123.0	100.0	22 h 42 min 33 sec
16200	-14.595003128424286	100.0	-42.389004	44.901596	48.449997	-184.25	100.0	22 h 44 min 22 sec
16250	-25.465003146603703	100.0	-48.875004	44.791546	49.199997	-191.35	100.0	22 h 46 min 10 sec
16300	-58.12500349059701	100.0	-33.916004	45.3579	97.049995	-120.950005	100.0	22 h 47 min 56 sec
16350	-38.305003407225016	100.0	-39.069	48.63938	72.7	-146.75	100.0	22 h 49 min 44 sec
16400	-69.375004138425	100.0	-33.150005	43.128822	102.299995	-131.40001	100.0	22 h 51 min 31 sec
16450	-45.60000327527523	100.0	-34.597004	44.434097	52.749996	-164.2	100.0	22 h 53 min 19 sec
16500	-45.76500278748572	100.0	-38.519	44.656357	70.0	-120.700005	100.0	22 h 55 min 6 sec
16550	-17.975002812221646	100.0	-26.687	38.91178	72.2	-96.4	100.0	22 h 56 min 52 sec
16600	-96.82000312283635	100.0	-35.087997	39.779343	88.299995	-108.65	100.0	22 h 58 min 39 sec
16650	-68.17000432647765	100.0	-17.339	47.76058	106.899994	-155.7	100.0	23 h 0 min 25 sec
16700	-3.0800026554614304	100.0	-13.318003	46.48896	104.15	-95.700005	100.0	23 h 2 min 9 sec
16750	-67.30500336177647	100.0	-22.912003	44.63326	87.7	-115.450005	100.0	23 h 3 min 56 sec
16800	-50.24000397361815	100.0	-16.825003	33.864315	67.85	-95.8	100.0	23 h 5 min 40 sec
16850	-7.125002980977297	100.0	-25.148003	46.062954	95.5	-125.350006	100.0	23 h 7 min 26 sec
16900	-52.320002887398005	100.0	-38.853004	38.957573	41.999996	-107.4	100.0	23 h 9 min 15 sec
16950	-57.46500304043293	100.0	-33.730003	42.094193	59.449997	-140.6	100.0	23 h 11 min 3 sec
17000	-53.915002804622056	100.0	-26.201004	40.0668	65.65	-107.9	100.0	23 h 12 min 50 sec
17050	-41.71000258624554	100.0	-30.510002	44.172035	67.45	-149.7	100.0	23 h 14 min 38 sec
17100	-36.77500356435776	100.0	-21.357002	43.759617	107.299995	-122.200005	100.0	23 h 16 min 26 sec
17150	-35.74500297047198	100.0	-25.744001	51.634068	90.799995	-125.450005	100.0	23 h 18 min 11 sec
17200	-1.9350026711821555	100.0	-35.030003	43.715965	109.799995	-113.8	100.0	23 h 19 min 56 sec
17250	-27.02000363841653	100.0	-30.766006	45.39371	103.85	-150.3	100.0	23 h 21 min 41 sec
17300	-56.49500342980027	100.0	-21.562004	34.646164	68.0	-118.85	100.0	23 h 23 min 28 sec
17350	-14.160002647712826	100.0	-23.087002	40.030743	85.549995	-90.950005	100.0	23 h 25 min 15 sec
17400	-13.410002956166863	100.0	-35.033005	38.967106	45.8	-129.75	100.0	23 h 27 min 3 sec
17450	-62.80500328503549	100.0	-38.484005	42.014587	54.699997	-142.3	100.0	23 h 28 min 51 sec
17500	-115.9700063187629	100.0	-33.206	46.916924	160.7	-106.100006	100.0	23 h 30 min 39 sec
17550	-34.64500318467617	100.0	-31.212002	42.3185	84.7	-120.00001	100.0	23 h 32 min 25 sec
17600	-41.735002825781706	100.0	-28.897005	39.386795	71.45	-121.0	100.0	23 h 34 min 12 sec
17650	-52.770003297924994	100.0	-20.709002	41.643932	87.549995	-110.450005	100.0	23 h 36 min 1 sec
17700	-24.06000335589051	100.0	-32.485	39.75396	47.449997	-121.3	100.0	23 h 37 min 48 sec
17750	-15.940002784132957	100.0	-18.959003	39.460266	77.6	-109.350006	100.0	23 h 39 min 35 sec
17800	-28.67500307112932	100.0	-17.295002	38.13474	70.95	-90.05	100.0	23 h 41 min 21 sec
17850	-46.13500296585262	100.0	-38.9	42.127583	86.299995	-110.05	100.0	23 h 43 min 7 sec
17900	-37.155003648251295	100.0	-32.482002	48.173985	91.75	-152.1	100.0	23 h 44 min 55 sec
17950	-52.330003288388255	100.0	-28.167002	42.210865	77.649994	-103.1	100.0	23 h 46 min 43 sec
18000	-66.4250029746443	100.0	-32.246002	43.041378	83.899994	-114.700005	100.0	23 h 48 min 31 sec
18050	-34.610002963244916	100.0	-39.092003	43.66719	55.549995	-162.3	100.0	23 h 50 min 18 sec
18100	-10.005003023892641	100.0	-26.931004	42.036682	56.749996	-117.00001	100.0	23 h 52 min 5 sec
18150	-57.46000377833843	100.0	-19.559002	41.05536	147.9	-110.450005	100.0	23 h 53 min 52 sec
18200	-44.40500354841352	100.0	-32.382004	39.27399	59.399998	-113.75	100.0	23 h 55 min 40 sec
18250	-69.61000285111368	100.0	-35.371002	39.26077	85.6	-115.100006	100.0	23 h 57 min 27 sec
18300	-23.145003697276117	100.0	-42.856003	43.156063	61.649998	-127.600006	100.0	23 h 59 min 13 sec
18350	-40.770003906264904	100.0	-29.375002	37.168293	42.85	-109.450005	100.0	24 h 1 min 2 sec
18400	-43.70500262528658	100.0	-31.056002	38.091263	76.6	-127.200005	100.0	24 h 2 min 50 sec
18450	-63.90000310018659	100.0	-27.721	50.54237	93.899994	-122.9	100.0	24 h 4 min 36 sec
18500	-65.06500269323587	100.0	-34.357002	47.444714	71.85	-152.40001	100.0	24 h 6 min 24 sec
18550	-20.88500369787216	100.0	-39.307003	41.880062	63.199997	-146.6	100.0	24 h 8 min 11 sec
18600	-86.21500369533896	100.0	-35.425003	45.20796	94.649994	-113.9	100.0	24 h 10 min 0 sec
18650	-41.135003013163804	100.0	-30.287004	40.628452	52.499996	-125.3	100.0	24 h 11 min 47 sec
18700	-56.10500313192606	100.0	-36.901005	51.557205	135.15	-141.1	100.0	24 h 13 min 33 sec
18750	-51.39500392302871	100.0	-36.954002	41.047432	83.95	-94.850006	100.0	24 h 15 min 19 sec
18800	-53.36000325344503	100.0	-28.586	49.45547	113.899994	-143.85	100.0	24 h 17 min 8 sec
18850	-31.790002908930184	100.0	-24.588003	41.218693	94.549995	-100.75	100.0	24 h 18 min 55 sec
18900	-21.660003128275275	100.0	-27.763002	43.212463	55.149998	-133.65001	100.0	24 h 20 min 42 sec
18950	-21.21000329144299	100.0	-21.034004	50.044003	148.55	-119.700005	100.0	24 h 22 min 25 sec
19000	-12.40000310987234	100.0	-34.438004	33.607533	58.8	-101.950005	100.0	24 h 24 min 10 sec
19050	-62.50000316239893	100.0	-26.827002	48.031868	93.649994	-144.5	100.0	24 h 25 min 59 sec
19100	-63.39000388272107	100.0	-18.795002	48.219795	146.59999	-113.3	100.0	24 h 27 min 46 sec
19150	-47.08000344932079	100.0	-29.851004	40.828266	58.499996	-135.15001	100.0	24 h 29 min 33 sec
19200	-30.63500286154449	100.0	-17.318003	45.856445	112.5	-108.00001	100.0	24 h 31 min 17 sec
19250	-37.26500361971557	100.0	-8.656003	42.06211	92.2	-93.5	100.0	24 h 33 min 2 sec
19300	-15.680002870783209	100.0	-25.716003	34.57938	45.699997	-90.700005	100.0	24 h 34 min 45 sec
19350	-50.24000275321305	100.0	-19.003002	46.321785	100.35	-125.85	100.0	24 h 36 min 32 sec
19400	-53.83500333987176	100.0	-11.347002	50.48079	114.649994	-119.950005	100.0	24 h 38 min 17 sec
19450	-18.67500362955034	100.0	-21.007002	55.015793	134.75	-145.45001	100.0	24 h 40 min 3 sec
19500	-50.25000279508531	100.0	-17.388002	43.856426	127.75	-106.0	100.0	24 h 41 min 48 sec
19550	3.4049971353262665	100.0	-16.919003	50.712166	114.6	-133.3	100.0	24 h 43 min 32 sec
19600	-46.27000296898186	100.0	-27.375002	48.10831	73.6	-133.45	100.0	24 h 45 min 16 sec
