Episode	TestRet	TestSteps	AverageEpRet	StdEpRet	MaxEpRet	MinEpRet	EpLen	Time
50	-60.00000089406967	80.0	-62.474003	4.6444726	-52.25	-72.6	80.0	7 min 17 sec
100	-94.14000338725745	80.0	-59.535004	8.649308	-27.35	-93.0	80.0	10 min 53 sec
150	-58.10000195652246	80.0	-53.939003	23.953684	-3.0500019	-166.8	80.0	13 min 27 sec
200	-133.93000573515891	80.0	-49.136997	25.279438	12.099998	-111.65	80.0	15 min 53 sec
250	-61.250002132356165	80.0	-47.068005	32.491966	40.8	-165.70001	80.0	18 min 14 sec
300	-55.84500227794051	80.0	-33.58	22.737638	45.55	-69.8	80.0	20 min 39 sec
350	-66.03000278659165	80.0	-17.053003	37.544857	80.6	-93.25001	79.68	23 min 5 sec
400	-86.02000335007907	80.0	-21.243004	35.828827	83.1	-87.100006	79.5	25 min 25 sec
450	-58.9750027731061	80.0	-11.484003	36.61642	109.15	-85.9	79.1	27 min 49 sec
500	23.769998592883347	65.5	22.867998	49.404602	108.6	-58.100002	74.9	30 min 6 sec
550	40.53999840803444	67.1	31.600996	43.471848	110.55	-50.100002	74.8	32 min 22 sec
600	42.54999864846468	70.7	64.759	37.759125	118.5	-29.1	66.06	34 min 32 sec
650	27.984997702762485	70.1	73.842	36.14512	117.45	-49.45	61.84	36 min 34 sec
700	-53.08000509217381	80.0	89.546	28.394394	124.15	-20.050001	52.92	38 min 34 sec
750	47.28999750241637	58.8	81.93399	29.619465	119.2	-1.5000012	56.7	40 min 27 sec
800	-6.595003888383507	76.1	88.085	31.89332	123.65	1.5499985	52.08	42 min 25 sec
850	39.01999661959708	64.2	84.42	36.54502	121.25	-51.050003	51.6	44 min 15 sec
900	-17.220005036890505	80.0	92.63899	27.975004	122.65	-9.000001	48.88	46 min 9 sec
950	71.3249979685992	56.9	94.167	26.96251	119.2	-20.7	47.84	47 min 55 sec
1000	105.82499911636114	38.3	92.271	32.95145	123.05	-34.7	48.6	49 min 38 sec
1050	100.3949992455542	49.3	98.413994	30.644865	122.0	-34.850002	44.72	51 min 18 sec
1100	76.99999880678952	69.4	89.202	33.751213	125.3	-20.650002	52.2	53 min 12 sec
1150	91.52999916672707	59.8	82.207	36.045834	122.75	-42.15	57.78	55 min 9 sec
1200	84.07999870367348	59.5	87.86399	36.310516	124.05	-52.350002	53.3	57 min 4 sec
1250	96.10999902933835	48.6	80.051	41.53447	121.55	-53.350002	56.14	58 min 56 sec
1300	91.6999987386167	48.0	89.309006	28.613218	121.8	11.099996	53.14	1 h 0 min
1350	102.67499907910823	39.7	88.745995	33.11229	125.5	-27.150002	53.66	1 h 2 min
1400	95.95499903969467	49.7	94.92199	32.658134	123.45	-45.15	47.24	1 h 4 min
1450	90.7299986936152	48.2	101.037	29.343538	126.05	-23.550001	42.62	1 h 5 min
1500	111.1799993481487	36.6	94.836	27.432049	123.75	35.0	49.4	1 h 7 min
1550	109.58999938666821	37.8	91.742004	33.358776	124.75	-14.500001	49.9	1 h 9 min
1600	118.56499949581921	28.1	92.475	27.337992	125.2	26.399998	51.7	1 h 11 min
1650	99.87999901995063	42.8	87.519005	35.12193	125.25	-9.55	52.42	1 h 13 min
1700	120.4499995354563	26.0	95.63301	33.07483	125.65	-52.0	47.52	1 h 14 min
1750	106.19999917075037	36.4	90.708	32.453396	125.75	-40.850002	52.36	1 h 16 min
1800	104.96499905474484	37.7	92.125984	34.765133	125.7	-24.550001	46.9	1 h 18 min
1850	91.22999885678291	45.9	91.164	26.348557	127.35	36.649998	54.42	1 h 19 min
1900	99.45499907582999	45.3	87.922005	36.781155	127.75	-26.75	51.78	1 h 21 min
1950	109.96999935619533	36.0	93.797005	27.501781	126.3	19.9	52.26	1 h 23 min
2000	108.96999922730029	36.4	93.897995	27.580812	123.15	30.3	51.04	1 h 25 min
2050	105.81999928764999	40.2	87.644	35.675922	125.75	-35.45	53.62	1 h 27 min
2100	107.87499946691096	42.3	88.028	33.56916	124.6	-13.050001	55.66	1 h 29 min
2150	86.35999887138605	58.0	86.90501	28.303724	121.75	21.15	58.12	1 h 30 min
2200	93.11999910660089	53.8	82.74899	34.870438	120.2	-69.5	58.66	1 h 32 min
2250	99.78999911025167	46.2	87.921	31.5476	124.75	-0.2500007	55.6	1 h 34 min
2300	91.75999920256436	58.2	81.91499	36.33627	125.75	-33.850002	59.44	1 h 36 min
2350	102.189999011904	38.2	86.64199	32.056427	127.7	-1.4500004	55.2	1 h 38 min
2400	118.80999948903919	27.4	83.99001	35.83238	125.65	-39.95	56.64	1 h 40 min
2450	102.56499926894904	46.7	91.215	26.700958	124.7	29.899998	56.38	1 h 42 min
2500	73.78999856635929	67.4	86.90201	33.830074	124.4	-20.75	53.78	1 h 44 min
2550	80.76499832123518	51.9	88.537994	32.96998	123.75	-54.15	54.72	1 h 46 min
2600	112.90999945439398	35.4	82.685	37.013794	122.85	-47.95	58.22	1 h 47 min
2650	74.17999890074134	69.2	95.05	28.238424	125.65	3.8999994	49.88	1 h 49 min
2700	92.06999901272357	52.4	91.004005	31.156641	125.9	20.349998	52.22	1 h 51 min
2750	107.26999905481935	33.4	89.58	38.4584	126.05	-52.25	50.54	1 h 53 min
2800	109.6749993212521	35.3	95.284004	33.838566	124.45	-26.5	46.74	1 h 55 min
2850	107.17999936081469	39.8	87.10199	32.85004	129.5	-1.9500006	54.92	1 h 56 min
2900	110.14999917149544	32.2	91.171005	32.287197	125.9	-7.150001	49.74	1 h 58 min
2950	104.66999928578734	41.8	89.512	33.946842	125.8	-3.1000009	51.26	2 h 0 min
3000	92.22499875463545	41.3	101.467995	26.961086	127.8	41.5	43.52	2 h 1 min
3050	69.89999801069499	53.2	96.842	31.344303	125.3	-5.2500014	44.62	2 h 3 min
3100	120.42999952882528	25.8	92.298	36.293724	126.65	-49.05	50.14	2 h 5 min
3150	111.27999920248985	31.2	96.649	33.053757	129.35	-30.85	45.88	2 h 6 min
3200	121.99999955482781	23.8	95.038994	38.434944	128.15	-51.75	46.88	2 h 8 min
3250	100.83499903269112	39.9	96.397	30.114296	127.7	-7.2000012	49.24	2 h 10 min
3300	118.15499948002397	28.3	100.72001	31.746578	128.45	0.049998827	42.74	2 h 11 min
3350	121.26999954469503	24.8	97.05399	30.993574	127.4	0.24999906	48.08	2 h 13 min
3400	124.14499964714051	23.1	96.97	30.047428	128.8	26.75	47.62	2 h 15 min
3450	123.84999963454902	23.2	91.516	31.939064	127.1	12.949999	51.5	2 h 16 min
3500	123.79999961517751	22.6	94.262	38.86287	126.95	-36.65	46.1	2 h 18 min
3550	108.6349994059652	38.7	98.98	38.514935	126.5	-49.850002	42.18	2 h 20 min
3600	116.48499946556986	30.9	94.340996	33.83623	127.55	-6.000001	48.92	2 h 21 min
3650	96.39999897629022	46.0	96.391	35.689396	127.85	-30.9	46.46	2 h 23 min
3700	90.28999910466374	58.4	95.284	36.31206	126.7	-5.8000007	45.84	2 h 25 min
3750	122.40499957874417	23.9	91.10501	40.599247	126.7	-54.45	49.46	2 h 26 min
3800	123.25499958395957	22.5	94.407005	38.664356	127.05	-32.8	46.1	2 h 28 min
3850	116.73499938361347	27.5	101.693	33.70216	128.65	-19.750002	40.42	2 h 30 min
3900	109.26499928869308	34.9	94.297005	39.43534	128.75	-41.850002	46.7	2 h 31 min
3950	104.66499928273261	41.7	98.245	33.314545	128.9	-5.6500006	43.56	2 h 33 min
4000	101.00999901667237	39.0	102.495995	29.761093	128.05	31.199999	41.98	2 h 35 min
4050	121.87999956533312	24.4	102.18101	33.543938	128.25	-39.350002	41.86	2 h 36 min
4100	104.95499919168651	37.9	102.91501	33.224354	128.55	-21.050001	39.94	2 h 38 min
4150	114.4299993108958	29.2	95.918	35.81214	126.75	-38.5	46.7	2 h 39 min
4200	122.54499958045781	23.7	102.499	34.29828	129.4	-28.85	40.64	2 h 41 min
4250	106.28499929457902	39.1	98.28499	36.957737	127.55	-49.45	44.72	2 h 43 min
4300	97.93999891802669	41.2	99.217	36.631207	128.35	-55.4	43.1	2 h 44 min
4350	125.04999963007867	20.8	107.298996	25.746668	129.4	38.55	38.44	2 h 46 min
4400	100.76499905139208	40.7	100.422005	31.630894	130.2	-1.0500008	43.56	2 h 47 min
4450	121.68499954678119	24.1	98.661	37.755455	128.05	-28.85	42.12	2 h 49 min
4500	101.55499902553856	38.3	100.60501	39.220642	127.2	-42.600002	39.64	2 h 50 min
4550	123.83499958068133	21.3	101.497	34.316677	129.4	9.15	40.68	2 h 52 min
4600	126.24499966725708	19.9	103.437004	37.54534	128.95	-17.400002	38.32	2 h 53 min
4650	120.86999953500927	25.2	99.12601	41.47346	128.95	-38.75	40.96	2 h 55 min
4700	125.62999964915215	20.4	95.34	42.69056	129.15	-51.800003	43.28	2 h 56 min
4750	128.0299997407943	19.2	109.67801	29.582163	129.75	-3.4500012	33.72	2 h 58 min
4800	125.84499967433513	20.9	102.999	32.486523	128.8	-5.3000007	40.7	2 h 59 min
4850	124.49999961256981	21.2	110.966	28.19241	128.5	-17.25	32.44	3 h 1 min
4900	118.82499945908785	26.3	101.66901	35.774868	130.45	-21.300001	40.24	3 h 2 min
4950	121.45999948754907	22.4	103.36101	27.576437	128.6	21.8	40.88	3 h 4 min
5000	123.58999960422516	22.6	101.893005	33.496002	128.65	13.799999	40.24	3 h 5 min
5050	122.64499958567322	23.7	107.25701	32.973312	129.2	-56.95	37.18	3 h 7 min
5100	124.21499962843954	22.3	103.56601	31.713789	128.25	10.299999	39.54	3 h 8 min
5150	106.40999920442701	38.1	97.425	34.145374	128.6	12.149999	44.8	3 h 10 min
5200	124.57499958574772	20.1	100.869	35.351482	129.55	-8.950001	40.18	3 h 11 min
5250	128.01999971792102	18.4	108.72401	35.43764	129.55	-50.2	33.02	3 h 13 min
5300	121.28999948538839	22.4	106.274	37.212963	130.45	-29.150002	34.6	3 h 14 min
5350	109.94499938152731	37.8	106.172005	33.06546	129.85	-6.1500025	37.6	3 h 16 min
5400	104.2799991991371	44.1	102.433	30.752922	129.35	-19.15	42.54	3 h 17 min
5450	122.9249995611608	22.3	108.778	29.213152	128.65	18.55	34.94	3 h 19 min
5500	124.86999962069095	20.8	103.379005	34.104126	129.8	-32.7	39.64	3 h 20 min
5550	114.25999920144677	25.6	100.190994	36.498684	128.8	-30.600002	41.3	3 h 22 min
5600	124.90999961160124	20.4	94.551	39.088737	128.45	-25.550001	46.24	3 h 23 min
5650	118.85499953329563	28.9	106.675	26.911041	128.2	12.399999	38.82	3 h 25 min
5700	107.97999949194491	34.4	107.59301	29.102789	130.55	8.099999	37.34	3 h 26 min
5750	125.57499966025352	20.9	109.31601	32.68581	130.35	-60.4	34.04	3 h 28 min
5800	124.72499966621399	22.7	91.582985	39.75576	129.1	-21.400002	48.66	3 h 29 min
5850	105.88499940820039	38.8	103.063995	33.979733	129.9	-5.8500004	40.26	3 h 31 min
5900	123.93499957472086	20.9	101.335	42.289055	127.9	-42.05	38.86	3 h 33 min
5950	123.06499956287443	22.1	101.31099	33.58359	129.65	-9.650001	41.8	3 h 34 min
6000	109.03499935045838	39.0	106.454	28.006996	129.15	16.25	38.12	3 h 36 min
6050	118.08499943986536	27.0	103.212006	35.48306	127.85	-10.700001	38.24	3 h 37 min
6100	124.61499961577356	21.1	94.96199	38.08647	128.35	-20.650002	44.46	3 h 39 min
6150	125.97499967887998	20.6	108.329	31.46574	128.75	-51.4	35.64	3 h 40 min
6200	124.92499961517751	20.5	106.66	22.663118	129.35	56.35	40.2	3 h 42 min
6250	121.38999951742589	23.6	99.42199	39.847492	128.45	-25.650002	41.32	3 h 43 min
6300	124.85499962829053	21.1	109.75	26.790455	129.55	27.149998	34.98	3 h 45 min
6350	91.68499897420406	52.6	98.03199	35.34186	128.65	-4.8000007	44.12	3 h 46 min
6400	109.34999929815531	35.4	100.409	29.341057	127.95	19.4	45.16	3 h 48 min
6450	119.93499957658351	28.1	103.921005	37.221054	130.55	-55.100002	38.78	3 h 50 min
6500	122.30499950647354	21.5	105.567	29.286327	128.3	-18.050001	39.32	3 h 51 min
6550	110.83999939188361	38.1	100.345	37.95561	129.15	-0.45000106	40.38	3 h 53 min
6600	108.07499914988875	35.3	98.230995	36.280453	128.9	-4.5500007	43.32	3 h 54 min
6650	127.43499970138073	18.9	102.164	37.263638	129.6	-19.5	38.44	3 h 56 min
6700	123.00499954856932	21.7	101.52501	37.519436	127.8	-27.300001	39.34	3 h 57 min
6750	127.42499972879887	19.9	106.39101	28.989943	130.6	21.449999	39.24	3 h 59 min
6800	126.65499970540404	20.5	98.582	40.20808	129.75	-21.900002	41.42	4 h 0 min
6850	125.7749996483326	20.1	106.56	29.53743	128.65	-11.700001	38.28	4 h 2 min
6900	123.31499954797327	21.1	105.68801	30.299429	128.15	6.149999	36.78	4 h 3 min
6950	84.83499893844127	56.6	106.26001	32.92195	128.15	-28.150002	37.22	4 h 5 min
7000	125.85499962456524	19.1	108.39801	31.412304	129.55	-26.400002	35.14	4 h 6 min
7050	125.46499964892864	20.7	106.802986	34.63362	129.05	-27.6	35.62	4 h 7 min
7100	122.12499949708581	21.5	109.20699	26.017294	129.7	16.499998	36.62	4 h 9 min
7150	121.36499950774014	23.3	106.713	31.559954	129.95	3.899999	37.18	4 h 10 min
7200	125.42499964684248	20.4	112.61	23.598232	128.4	30.749998	33.0	4 h 12 min
7250	124.07499958202243	20.9	111.86	28.317068	129.65	-24.800001	32.76	4 h 13 min
7300	106.72999927923084	40.9	105.99001	28.686197	129.85	13.65	39.82	4 h 15 min
7350	126.71999968364835	19.6	101.188995	39.565063	129.7	-47.15	39.28	4 h 16 min
7400	124.49499960951508	21.1	105.403	29.375578	130.05	-0.85000044	39.1	4 h 18 min
7450	123.66999961957336	22.5	97.833	34.168423	131.1	-13.450001	46.52	4 h 19 min
7500	124.53499962165952	21.3	104.754	27.385464	129.95	20.5	41.32	4 h 21 min
7550	121.27499946765602	21.8	109.34599	27.859379	128.75	13.699999	35.34	4 h 22 min
7600	126.71999966688455	19.0	112.13699	24.794336	129.85	6.799999	33.42	4 h 24 min
7650	123.47499954402447	20.5	107.979004	35.300278	129.25	-18.65	33.4	4 h 25 min
7700	101.58499925136566	39.8	104.027	29.852983	129.65	-7.3500013	41.44	4 h 27 min
7750	109.04999943450093	38.2	95.046	40.4757	129.85	-17.750002	43.42	4 h 28 min
7800	104.73499921932816	39.3	105.106995	34.438126	130.4	-4.1000004	37.14	4 h 30 min
7850	95.54499901719392	49.9	97.701996	39.51558	128.25	-35.95	42.92	4 h 31 min
7900	108.31999931745231	40.0	108.403	26.255125	129.15	38.35	37.46	4 h 33 min
7950	125.12999966703356	21.3	103.286995	34.78677	130.45	-19.900002	40.18	4 h 34 min
8000	124.63999963663518	21.6	110.745	23.25246	130.15	47.75	35.98	4 h 36 min
8050	125.78999965190887	20.2	107.382996	29.244768	128.75	-19.45	38.22	4 h 37 min
8100	126.70999968871475	19.8	105.84899	26.473307	129.2	-3.2000008	42.38	4 h 39 min
8150	106.37499932982027	38.1	106.53999	31.06523	128.05	0.6999994	37.32	4 h 40 min
8200	125.38499964475632	20.7	107.662	31.396252	129.95	-5.250001	35.5	4 h 42 min
8250	125.32499961927533	19.9	111.052	26.825083	129.0	0.3499992	34.16	4 h 43 min
8300	109.44999927319586	34.0	107.86	26.340693	128.85	0.7499991	37.88	4 h 45 min
8350	123.67499960027635	22.3	103.881	31.765476	128.15	1.0499994	39.78	4 h 46 min
8400	125.27999963648617	20.6	112.338005	28.377918	128.55	-10.050001	31.6	4 h 47 min
8450	125.82499962300062	19.1	94.937004	38.046993	127.5	-22.550001	46.84	4 h 49 min
8500	126.29499968104065	20.3	108.548	29.716267	130.65	-4.350001	36.46	4 h 50 min
8550	124.24999956600368	20.0	102.91001	36.1403	130.0	-16.550001	39.98	4 h 52 min
8600	124.3749995753169	20.1	102.93101	36.083855	130.05	-23.2	39.14	4 h 53 min
8650	116.90499954260886	31.7	102.29001	37.151928	129.6	-28.400002	40.12	4 h 55 min
8700	124.43499963432551	22.1	106.442	36.131393	128.65	-18.300001	34.44	4 h 56 min
8750	125.29499965682626	21.3	103.25	30.735134	128.5	25.3	40.98	4 h 58 min
8800	109.6399993840605	39.8	105.653	37.677372	129.0	-32.8	36.0	4 h 59 min
8850	112.23999947234988	36.2	104.882996	37.531334	128.6	-45.8	37.08	5 h 1 min
8900	116.78499943315983	29.8	107.08099	23.745892	128.6	61.5	41.8	5 h 2 min
8950	114.54999941065907	31.6	105.08099	33.405827	129.0	-36.65	39.04	5 h 4 min
9000	122.4149995457381	22.7	107.168	32.863304	129.55	-9.400001	36.02	5 h 5 min
9050	118.39499942585826	25.9	109.128006	29.929684	129.35	-0.45000073	35.64	5 h 7 min
9100	126.49499967470766	19.7	109.498	26.017958	129.2	41.35	35.8	5 h 8 min
9150	126.43499968834222	20.3	105.34402	31.409561	128.05	6.3999996	38.52	5 h 10 min
9200	121.8599995251745	23.0	102.801	37.6875	129.35	-7.8000007	38.42	5 h 11 min
9250	126.65999971404672	20.8	103.090996	38.315723	130.6	-16.050001	38.1	5 h 13 min
9300	125.33999963030219	20.4	102.835	32.367943	129.95	21.9	42.32	5 h 14 min
9350	118.19999958761036	30.9	91.38	41.82328	128.45	-23.800001	47.5	5 h 16 min
9400	123.97499959357083	21.5	111.408	23.795004	129.75	48.75	35.24	5 h 17 min
9450	125.89499965459109	20.1	100.201996	36.129147	127.9	-21.400002	42.26	5 h 19 min
9500	125.2399996176362	20.0	111.00499	28.128042	129.65	-22.85	33.66	5 h 20 min
9550	125.03999959602952	19.6	103.00001	38.657288	129.05	-43.95	36.92	5 h 22 min
9600	123.4849996238947	23.5	96.08001	39.582344	129.9	-25.45	45.24	5 h 23 min
9650	125.31999965533615	21.2	115.108	19.311256	128.9	66.6	32.64	5 h 25 min
9700	126.22499963827431	18.9	115.368	20.403698	129.0	33.149998	31.3	5 h 26 min
9750	125.4099996432662	20.6	94.743	43.906036	129.5	-50.65	44.08	5 h 28 min
9800	116.44499951079487	30.7	106.167	31.351282	129.0	-10.350001	38.22	5 h 29 min
9850	126.21999963521958	18.8	108.458	28.959475	129.7	-28.0	36.56	5 h 31 min
9900	125.10999963879586	21.0	100.40199	34.51681	129.95	0.04999903	43.14	5 h 32 min
9950	126.53999968543648	20.0	93.825	37.187424	129.4	11.449999	46.88	5 h 34 min
10000	112.07499939799308	32.2	107.785	28.754768	129.15	17.75	37.38	5 h 35 min
10050	129.08999975137414	17.6	99.074	39.446785	128.6	-25.7	41.74	5 h 37 min
10100	125.47499963827431	20.3	102.625	37.91834	129.1	-44.3	40.26	5 h 38 min
10150	106.04499925598502	39.7	109.152	26.530243	128.25	17.349998	37.26	5 h 40 min
10200	127.9899997331202	19.0	107.421	30.0524	127.25	-16.85	37.08	5 h 41 min
10250	120.53499946035444	22.9	106.403	31.153784	128.0	-32.05	37.64	5 h 43 min
10300	125.01999962851406	20.8	106.81501	34.850155	129.2	-53.65	35.98	5 h 44 min
10350	108.47499921955168	33.9	101.815	36.376274	130.0	-15.400001	41.04	5 h 46 min
10400	126.24999965913594	19.6	106.606995	26.48276	127.85	15.95	39.86	5 h 47 min
10450	98.0999993391335	38.2	99.92801	30.643965	129.0	30.05	45.48	5 h 49 min
10500	127.54999971576035	19.2	107.496994	31.191154	131.2	3.6499991	36.52	5 h 50 min
10550	128.279999737069	18.6	103.86599	33.535095	130.4	-32.2	40.88	5 h 52 min
10600	125.15999962463975	20.4	111.06499	30.03809	129.85	-2.0000007	32.12	5 h 53 min
10650	110.93499933630228	34.3	101.448006	37.393696	129.4	-27.900002	41.44	5 h 55 min
10700	125.95499965213239	19.9	105.05399	30.999884	128.9	-7.2500005	39.74	5 h 56 min
10750	127.53999970406294	18.8	104.50199	38.999165	129.8	-39.3	37.66	5 h 58 min
10800	107.66999926045537	37.8	99.131004	37.72176	129.75	-21.650002	43.08	5 h 59 min
10850	120.75999948456884	23.6	105.917015	28.9494	130.1	-4.4000006	38.16	6 h 1 min
10900	126.8349996868521	19.5	108.439	27.6774	129.05	22.449999	37.44	6 h 2 min
10950	126.52499968186021	19.9	107.355	39.86123	129.55	-47.9	32.98	6 h 4 min
11000	125.07499963417649	20.9	103.365	35.20439	130.0	-39.2	39.46	6 h 5 min
11050	107.05499937906862	38.6	101.11	42.95103	129.35	-13.850001	37.38	6 h 7 min
11100	99.50499919503928	46.3	98.298996	37.34408	130.25	-22.45	43.9	6 h 8 min
11150	104.32999921441078	40.6	98.575	33.92734	128.35	-8.85	44.6	6 h 10 min
11200	120.1299994405359	23.2	107.4	27.749376	130.25	11.999999	37.68	6 h 11 min
11250	123.3149995367974	20.7	107.927	24.159239	130.5	49.5	38.82	6 h 13 min
11300	104.54999921806157	39.6	99.897	32.372314	129.05	13.949999	42.94	6 h 14 min
11350	126.53999969661236	20.4	98.231995	31.24903	129.4	33.149998	46.28	6 h 16 min
11400	125.794999621436	19.1	112.045	22.738998	129.1	30.749998	34.3	6 h 17 min
11450	124.04999957792461	20.8	101.449005	37.80628	130.25	-11.700001	40.06	6 h 19 min
11500	123.41499957554042	21.9	109.039	29.72056	128.3	-19.85	35.88	6 h 20 min
11550	109.54999939389526	36.3	105.14101	30.91282	129.05	14.849999	39.82	6 h 22 min
11600	122.33999953344464	22.4	106.312996	27.400595	129.5	29.749998	40.7	6 h 23 min
11650	109.30999941788613	38.3	105.68501	32.541405	129.8	-46.0	40.22	6 h 25 min
11700	121.714999531582	23.5	106.08699	32.661556	129.7	-4.950001	37.58	6 h 26 min
11750	127.35499970838427	19.3	115.013	22.5649	130.15	31.5	30.86	6 h 28 min
11800	121.76999958306551	26.2	105.432014	29.730877	130.75	17.5	39.84	6 h 29 min
11850	123.70499958731234	21.6	108.36899	28.944221	129.95	-15.750001	36.66	6 h 31 min
11900	112.70499934442341	31.1	99.425995	36.500744	127.8	4.9999995	42.48	6 h 32 min
11950	126.1249996803701	20.2	101.799	34.30996	129.5	-25.400002	42.06	6 h 34 min
12000	123.97499959357083	21.5	101.524	39.48034	128.5	-31.900002	39.48	6 h 35 min
12050	122.31499955169856	23.1	113.551994	21.543327	130.25	52.699997	33.14	6 h 37 min
12100	124.65999961532653	21.0	104.753	36.52055	128.9	-28.75	37.04	6 h 38 min
12150	126.2099996894598	20.5	111.04101	27.95564	129.5	10.099999	33.96	6 h 40 min
12200	119.21999951824546	29.2	108.745995	34.00028	130.45	-13.300001	34.1	6 h 41 min
12250	124.97499964013696	21.3	104.37	30.794424	129.5	-3.7500005	41.04	6 h 43 min
12300	123.83999961726367	22.6	101.02899	39.2115	130.25	-19.25	39.82	6 h 44 min
12350	125.65999963395298	19.8	97.68	34.85207	130.45	13.699999	45.2	6 h 46 min
12400	128.0699997317046	18.8	108.633995	31.318108	129.3	-18.800001	36.54	6 h 47 min
12450	125.69999964721501	20.2	105.201004	27.819944	129.0	46.55	40.54	6 h 49 min
12500	115.52499950677156	30.7	107.870995	26.675861	129.25	34.8	39.3	6 h 50 min
12550	99.00499918572605	49.5	97.751	36.20428	128.6	-25.85	46.22	6 h 52 min
12600	92.6499989926815	50.6	101.753006	35.080692	129.4	-12.800001	41.3	6 h 53 min
12650	115.55999950505793	32.2	101.556	36.22883	130.75	-19.95	41.42	6 h 55 min
12700	111.85499935559929	32.5	103.785995	32.755478	130.7	0.89999944	39.82	6 h 56 min
12750	125.50499962866306	19.9	98.061005	32.93195	129.4	5.4499993	45.94	6 h 58 min
12800	127.04999968968332	19.2	99.57499	37.988075	129.0	-18.35	41.82	7 h 0 min
12850	123.03999959267676	23.6	101.14098	31.28396	128.7	33.6	43.1	7 h 1 min
12900	114.87999945282937	33.2	107.424	33.080585	128.9	-10.150001	35.62	7 h 3 min
12950	112.10999936945737	33.4	91.369	37.031094	128.75	-0.5500009	50.18	7 h 4 min
13000	126.26499968506396	20.5	99.549	30.593752	129.55	34.1	44.78	7 h 6 min
13050	123.91999959349633	21.6	103.892	30.827452	130.15	33.7	40.44	7 h 7 min
13100	127.66999970525504	18.6	96.121	32.618443	128.75	4.099999	48.26	7 h 9 min
13150	126.24499963372946	18.7	108.66601	25.315514	129.3	37.95	38.58	7 h 11 min
13200	127.48499971069396	18.9	106.109	36.572495	130.15	-35.65	35.9	7 h 12 min
13250	106.21999927163124	38.4	103.77901	26.568823	129.05	49.1	43.7	7 h 14 min
13300	124.32499963752926	22.1	102.629	36.870968	131.1	-45.3	40.54	7 h 15 min
13350	124.96999961473048	20.4	113.690994	25.376444	130.65	-1.6000009	33.12	7 h 16 min
13400	124.93499960452318	20.1	106.145	27.452297	128.4	25.849998	40.7	7 h 18 min
13450	124.71999961845577	21.0	102.892	35.93434	128.5	-45.75	39.08	7 h 19 min
13500	122.87499952502549	21.1	107.05399	24.761711	128.3	51.399998	38.98	7 h 21 min
13550	124.98999963253736	21.0	100.249	37.415382	129.1	-35.9	40.92	7 h 22 min
13600	126.40999965071678	19.0	97.88699	34.24898	129.1	-12.75	44.28	7 h 24 min
13650	127.56499970257282	18.7	98.173	40.18718	129.35	-50.800003	43.56	7 h 25 min
13700	122.21499955318868	23.1	109.352005	32.020752	129.85	-25.900002	34.4	7 h 27 min
13750	124.2499995995313	21.2	98.135994	41.854824	129.3	-33.100002	41.96	7 h 28 min
13800	125.74499963000417	19.5	111.63199	23.820938	130.05	43.7	35.36	7 h 30 min
13850	123.58499956205488	21.1	108.881	30.921776	129.1	-37.15	34.92	7 h 31 min
13900	126.5649996649474	19.2	98.48699	40.39618	128.0	-35.55	41.4	7 h 33 min
13950	109.07499932050705	40.6	105.60599	26.182022	130.5	33.85	42.3	7 h 34 min
14000	125.51499962881208	20.1	105.33999	30.008825	128.25	6.6999993	39.64	7 h 36 min
14050	108.11499936543404	39.9	99.777	32.580193	128.8	-14.300001	46.18	7 h 37 min
14100	125.10499959662556	19.5	108.37601	25.885984	129.15	29.75	37.3	7 h 39 min
14150	110.66999936886131	35.2	108.492004	22.625526	129.65	45.8	40.34	7 h 40 min
14200	114.98499943688512	31.5	97.336	33.680767	129.55	12.849999	45.6	7 h 42 min
14250	106.16999927684665	33.0	104.087006	30.136156	129.3	29.85	40.12	7 h 44 min
14300	112.74999962151051	37.6	103.819	28.96032	129.35	35.2	41.7	7 h 45 min
14350	115.93499950580299	34.0	95.449005	36.01786	130.4	17.649998	46.5	7 h 47 min
14400	125.26499963849783	20.7	88.234	41.99612	128.8	-45.5	50.4	7 h 48 min
14450	111.63499936312436	32.9	103.15199	30.543406	129.75	-3.7000012	42.74	7 h 50 min
14500	125.87499962002039	18.9	103.22001	30.47211	129.75	29.599998	41.36	7 h 52 min
14550	127.18999967463314	18.4	107.36601	31.708218	129.2	-22.2	36.48	7 h 53 min
14600	113.00999934338033	33.2	106.51701	34.96144	129.25	-18.6	35.42	7 h 55 min
14650	121.33499949239194	22.7	99.434006	31.522371	127.95	-18.25	45.22	7 h 56 min
14700	110.08499940857291	37.8	106.87301	27.338245	129.2	28.349998	39.32	7 h 58 min
14750	107.33499932177365	38.3	98.18699	40.950882	129.8	-44.05	41.56	7 h 59 min
14800	124.17999958470463	20.8	106.756	32.04869	129.3	-12.000001	36.02	8 h 1 min
14850	126.73999967910349	19.4	103.402	39.53692	129.85	-27.300001	36.9	8 h 2 min
14900	110.73499929271638	32.3	95.49499	39.832344	128.0	-40.7	47.18	8 h 4 min
14950	111.83999938666821	33.6	106.292	28.518188	130.35	27.0	38.9	8 h 5 min
15000	119.52499944157898	24.2	106.27299	27.358019	128.8	23.75	39.62	8 h 7 min
15050	126.82499967515469	19.1	97.635994	36.39278	128.2	-12.150001	44.94	8 h 8 min
15100	110.7399994302541	39.2	110.102005	27.527966	130.7	3.1999993	35.6	8 h 10 min
15150	110.384999390319	35.1	100.769005	36.40776	130.05	-9.1	43.12	8 h 11 min
15200	99.10499931126833	49.5	103.866	31.300932	129.9	-20.500002	42.48	8 h 13 min
15250	125.34999963454902	20.4	103.933	31.188381	128.6	-8.450001	41.02	8 h 14 min
15300	123.99999958649278	21.2	106.20899	28.683176	129.55	27.0	38.8	8 h 16 min
15350	128.00499971993267	18.5	102.976	34.634937	128.8	-36.95	41.2	8 h 17 min
15400	124.52999959513545	20.5	99.03398	33.685097	129.0	-11.35	45.88	8 h 19 min
15450	121.49999958388507	25.0	103.84799	30.957813	130.7	-13.1	41.7	8 h 21 min
15500	121.22499950304628	23.3	109.317	26.618063	128.6	16.6	36.68	8 h 22 min
15550	124.14499958567322	20.9	103.77	27.613302	128.8	24.0	42.28	8 h 24 min
15600	111.81999936066568	33.1	97.449	34.606728	128.2	-22.45	46.34	8 h 25 min
15650	116.08999939747154	29.2	101.01399	36.209892	128.1	-39.9	41.88	8 h 27 min
15700	114.18999943286181	31.0	105.78	26.089684	128.45	25.949999	41.18	8 h 28 min
15750	113.36999954469502	38.1	99.602005	31.797667	131.1	-13.3	46.02	8 h 30 min
15800	107.61499932035804	41.0	93.377	42.35645	129.4	-52.2	48.04	8 h 32 min
15850	123.10999959036708	23.0	93.79001	36.218616	129.15	-12.700002	49.94	8 h 33 min
15900	124.48999960012733	20.6	102.36099	32.967678	128.95	-33.65	43.04	8 h 35 min
15950	126.29499968662859	20.5	101.192	36.538357	131.35	-25.75	41.42	8 h 36 min
16000	101.17999936528504	50.0	98.923004	34.039913	129.15	-24.050001	45.76	8 h 38 min
16050	117.47999942228198	27.2	98.324	38.205418	129.45	-17.75	42.62	8 h 40 min
16100	111.48499946594238	39.0	100.062004	29.457262	130.15	6.3999996	44.96	8 h 41 min
16150	124.2599995944649	21.0	89.86	44.44523	129.45	-44.25	47.78	8 h 43 min
16200	127.16999970264733	19.2	97.593994	35.311794	128.95	-15.8	45.76	8 h 45 min
16250	125.23999965116381	21.2	104.08399	34.910873	129.25	-21.5	38.48	8 h 46 min
16300	124.33999960646034	21.2	91.973	45.671455	129.2	-58.65	45.44	8 h 48 min
16350	115.01999953053891	33.0	93.857	42.60838	128.3	-34.800003	45.9	8 h 49 min
16400	125.90499961152673	18.3	105.792	31.71668	129.55	-6.250001	38.16	8 h 51 min
16450	104.48999935053288	48.9	89.036	41.684513	129.5	-21.0	49.28	8 h 52 min
16500	123.59499959424139	21.3	98.817986	34.612217	129.95	-9.800001	44.32	8 h 54 min
16550	100.41499919854104	51.1	94.94	41.989136	129.2	-19.6	43.74	8 h 56 min
16600	122.18999962583185	26.0	95.70301	36.778744	128.4	-25.650002	46.52	8 h 57 min
16650	112.76499928720295	31.9	93.94699	36.04924	130.35	-28.0	49.3	8 h 59 min
16700	113.02999942228197	33.0	104.452995	31.666384	129.95	-25.0	40.18	9 h 1 min
16750	105.28999937437474	44.0	102.56001	46.592274	129.7	-46.05	35.2	9 h 2 min
16800	127.72499970532954	18.5	106.592995	31.387014	130.4	-25.6	38.3	9 h 3 min
16850	128.0399997189641	18.4	107.824	34.6212	129.65	-22.300001	34.42	9 h 5 min
16900	124.71999960541726	20.4	106.771996	32.249294	129.3	-1.7000015	37.7	9 h 6 min
16950	103.70499935112893	50.0	99.168	38.69393	129.55	-17.050001	42.5	9 h 8 min
17000	126.15999966748059	20.0	101.818	30.033407	131.4	5.4499993	44.58	9 h 10 min
17050	118.12499956674874	31.1	102.981995	34.35631	129.15	-40.7	41.7	9 h 11 min
17100	118.3599995765835	31.2	105.22199	28.393288	129.6	19.249998	41.78	9 h 13 min
17150	104.26499934978783	49.5	96.111015	34.386105	129.8	8.099999	48.36	9 h 14 min
17200	126.38499966338277	19.5	96.28	35.87552	128.9	-29.550001	49.4	9 h 16 min
17250	106.01999908350408	35.0	103.7	38.357517	130.6	-49.05	38.62	9 h 18 min
17300	124.59999961778522	21.2	92.440994	39.965958	129.7	-32.15	47.72	9 h 19 min
17350	126.51999964527786	18.6	96.09501	31.488823	128.7	30.15	49.26	9 h 21 min
17400	111.27499942183495	37.0	102.253006	32.125362	129.85	20.9	41.54	9 h 22 min
17450	114.50999945998191	31.0	106.78201	33.332882	129.05	-17.6	38.58	9 h 24 min
17500	124.10499960593879	21.7	99.89501	37.357723	129.25	-41.8	43.22	9 h 25 min
17550	116.99999954327942	30.8	97.04399	36.207424	128.7	-27.6	46.48	9 h 27 min
17600	112.87999951839447	37.0	102.964	42.126877	130.45	-45.7	36.9	9 h 29 min
17650	124.95999963209033	20.9	99.849014	35.40627	128.85	-12.700001	44.08	9 h 30 min
17700	116.98999952971936	31.2	106.426994	33.031593	129.4	-16.1	37.12	9 h 32 min
17750	125.33999961726367	19.8	98.71701	37.67146	129.1	-25.150002	43.98	9 h 33 min
17800	118.26499957405031	30.4	99.952995	37.39489	129.95	-19.1	42.84	9 h 35 min
17850	127.28999969661236	19.0	107.282005	31.200216	128.8	4.599999	37.16	9 h 36 min
17900	126.8299996715039	18.7	107.392	32.077538	130.2	-8.100001	35.46	9 h 38 min
17950	112.80499938167631	32.1	103.323	27.592237	129.1	21.999998	43.88	9 h 39 min
18000	117.01499959863722	32.1	95.257996	39.902157	129.1	-20.800001	44.44	9 h 41 min
18050	97.41499913558364	50.1	98.507996	37.904514	129.65	-11.950001	43.16	9 h 42 min
18100	115.06999945528806	31.0	94.128006	38.352825	129.6	-29.95	48.48	9 h 44 min
18150	125.8699996381998	19.1	100.303	41.41018	128.6	-38.5	39.56	9 h 46 min
18200	112.4699995111674	38.2	102.173	37.217445	130.3	-53.05	41.78	9 h 47 min
18250	113.78999941572548	31.0	99.30601	37.53091	130.15	-42.850002	43.38	9 h 49 min
18300	114.64499945193529	30.7	105.59402	29.94152	130.7	-10.1	39.38	9 h 50 min
18350	112.6799993801862	31.8	106.997	30.391115	129.25	-21.050001	38.82	9 h 52 min
18400	119.02999966032803	30.2	98.94301	35.110348	129.45	-8.050001	44.44	9 h 53 min
18450	114.21499949246645	33.1	105.675995	30.161531	129.2	1.3499993	39.34	9 h 55 min
18500	125.78999964632094	20.0	93.77001	39.79651	128.75	-25.45	47.58	9 h 57 min
18550	122.83499956205488	22.5	99.958	36.88376	127.95	-24.900002	42.2	9 h 58 min
18600	127.84499970041216	18.1	109.69199	32.71333	129.05	-12.750001	34.16	10 h 0 min
18650	127.90499969236552	17.7	105.934006	33.03139	129.35	3.4999993	37.84	10 h 1 min
18700	124.97999957613646	19.0	99.992004	30.107645	129.15	11.949998	46.3	10 h 3 min
18750	122.85499955751001	22.3	105.26399	28.182407	129.85	33.55	40.54	10 h 4 min
18800	126.33999964594841	18.8	105.52901	30.782263	129.25	7.799999	37.9	10 h 6 min
18850	122.84999954663218	21.5	99.88499	42.812458	128.3	-50.850002	40.24	10 h 7 min
18900	126.16499960720539	17.9	105.90501	37.080532	129.6	-53.45	37.08	10 h 9 min
18950	126.90499968491494	19.3	96.34402	40.888252	130.25	-25.650002	42.76	10 h 10 min
19000	112.96999946944416	32.7	103.91402	33.20387	129.8	-15.450001	41.26	10 h 12 min
19050	127.95499971173703	18.3	98.425995	37.641777	129.25	-37.15	45.68	10 h 13 min
19100	106.77499931380153	40.3	111.173996	32.972267	129.95	-34.600002	32.78	10 h 15 min
19150	128.31499970816077	17.5	104.853	34.37386	129.4	-19.95	38.1	10 h 16 min
19200	124.84499961100519	20.5	97.687996	39.571903	129.7	-13.250001	42.16	10 h 18 min
19250	127.92499972134829	18.7	106.922005	26.770445	130.25	29.3	39.78	10 h 19 min
19300	115.47999947853387	31.4	94.58701	43.753017	129.6	-47.25	44.86	10 h 21 min
19350	112.069999570027	38.8	96.091995	36.24159	129.65	-9.700001	47.38	10 h 22 min
19400	124.16499959789216	21.3	103.689	30.151348	128.5	23.349998	42.5	10 h 24 min
19450	127.89999970048666	18.0	93.443	44.702103	130.05	-15.3	44.28	10 h 25 min
19500	125.03999962955713	20.8	94.439	38.798626	128.9	-34.0	48.44	10 h 27 min
19550	127.14499968066812	18.7	95.798004	38.91233	130.25	-11.800001	45.94	10 h 29 min
19600	123.54499953761697	20.3	105.16899	31.541311	128.75	-2.9500003	39.48	10 h 30 min
19650	117.81999959796667	30.8	104.25	29.30575	129.65	18.25	41.02	10 h 32 min
19700	124.9649996060878	20.1	110.325	22.38069	128.4	44.2	36.56	10 h 33 min
19750	98.98999897837639	41.4	104.827	28.916145	127.85	15.099999	39.8	10 h 35 min
19800	124.30499959290027	20.6	103.094	28.833797	129.0	-0.2500008	43.46	10 h 36 min
19850	125.16499959416687	19.3	105.177	32.91712	131.6	-14.35	38.5	10 h 38 min
19900	111.79499953947962	34.1	103.81199	30.462566	129.8	19.65	41.58	10 h 39 min
19950	108.25999930128455	38.4	105.15701	32.26189	130.25	14.149999	38.86	10 h 41 min
20000	126.61499969661236	19.8	108.79199	25.531446	129.3	17.599998	38.9	10 h 42 min
20050	128.68999973610045	17.8	108.782005	27.710587	129.25	6.5499997	38.34	10 h 44 min
20100	125.10999958850444	19.2	101.785	37.685574	129.25	-37.45	40.06	10 h 45 min
20150	124.73499959968031	20.3	111.63701	22.72306	130.45	60.45	36.64	10 h 47 min
20200	95.63499947078526	38.3	99.382996	31.857012	129.3	5.9499993	44.66	10 h 48 min
20250	126.31999966055155	19.3	106.73399	32.779537	128.7	-40.100002	37.24	10 h 50 min
20300	114.92999950908124	37.3	105.12699	34.513977	131.85	-2.3000002	37.82	10 h 51 min
20350	126.04499962888659	18.9	100.233	34.81603	131.1	8.95	42.64	10 h 53 min
20400	127.03999969810248	19.3	104.16499	30.989918	128.8	17.65	40.4	10 h 54 min
20450	110.07999950423837	38.0	109.41999	29.256336	129.8	-24.5	35.34	10 h 56 min
20500	110.6449995264411	37.2	108.13501	27.182194	128.8	31.349998	38.08	10 h 57 min
20550	117.10999956093728	30.0	113.33399	28.73957	129.4	-6.850001	30.52	10 h 59 min
20600	97.5249992955476	49.3	103.952995	34.857956	129.2	-39.9	39.0	11 h 0 min
20650	127.10999968722463	19.0	100.36398	30.480259	127.75	10.699999	45.98	11 h 2 min
20700	107.53499931395054	37.6	110.198006	24.57393	129.85	31.5	36.58	11 h 3 min
20750	114.5149994481355	31.5	107.895996	25.4879	130.05	38.35	39.34	11 h 5 min
20800	126.45499966703355	19.5	99.711	34.081314	128.15	-20.400002	44.26	11 h 7 min
20850	125.60999965928495	20.8	97.912	37.991306	128.25	-28.900002	44.3	11 h 8 min
20900	127.9499997086823	18.2	109.063995	27.01135	129.8	21.949999	37.32	11 h 10 min
20950	127.77499971240759	18.4	107.301	33.318584	131.0	-12.300001	36.54	11 h 11 min
21000	110.63999946303666	37.0	102.434006	36.58653	128.9	-15.400001	40.0	11 h 13 min
21050	124.21499960497022	21.5	98.015	32.6422	129.95	-6.3500004	46.64	11 h 14 min
21100	125.89499963782728	19.5	100.12499	36.061428	129.4	-17.1	42.16	11 h 16 min
21150	118.8799994993955	27.2	104.722	29.862158	129.75	26.3	40.98	11 h 17 min
21200	125.58999960236251	18.8	105.105995	35.32872	129.2	-45.25	38.26	11 h 19 min
21250	92.63499927073717	58.0	93.48699	40.80297	129.2	-47.55	47.3	11 h 21 min
21300	117.1849995970726	30.3	96.506	39.432884	128.55	-41.15	45.04	11 h 22 min
21350	127.15999967865646	18.6	101.730995	30.153143	130.05	20.899998	43.78	11 h 24 min
21400	127.91499969288706	17.7	108.623	30.292105	128.95	-6.850001	34.98	11 h 25 min
