Episode	TestRet	TestSteps	AverageEpRet	StdEpRet	MaxEpRet	MinEpRet	EpLen	Time
50	-280.00000417232513	100.0	-278.37	11.654231	-248.05	-308.9	100.0	7 min 26 sec
100	-297.30000687763095	100.0	-264.593	18.706707	-197.95001	-305.75	100.0	16 min 7 sec
150	-250.2000082731247	100.0	-291.65802	92.85045	-137.5	-652.95	100.0	24 min 40 sec
200	-335.90000852942467	100.0	-261.999	90.8359	-93.8	-644.2	100.0	33 min 7 sec
250	-535.4000175371766	100.0	-243.35902	93.014565	92.7	-520.2	100.0	41 min 42 sec
300	-733.7000287137926	100.0	-225.27704	84.148056	20.949987	-437.60004	100.0	50 min 16 sec
350	-669.9000271447003	100.0	-177.601	110.17922	181.2	-485.15002	100.0	58 min 57 sec
400	-561.6000210568309	100.0	-57.37501	120.91601	248.04999	-272.85004	100.0	1 h 7 min
450	-19.100018855184317	100.0	44.653984	202.06161	629.89996	-263.7	100.0	1 h 16 min
500	354.59998043626547	100.0	251.644	289.90665	1139.45	-241.35	100.0	1 h 25 min
550	-193.80002227425575	100.0	475.667	317.338	1321.6	-153.85	100.0	1 h 33 min
600	-170.50001261755824	100.0	734.055	322.06232	1408.3	107.649994	100.0	1 h 42 min
650	1286.99999358505	100.0	810.28906	364.3056	1599.95	97.899994	100.0	1 h 51 min
700	1351.399986743927	100.0	1060.7319	375.6653	1605.4	88.149994	100.0	2 h 0 min
750	431.99997890740633	100.0	1098.219	348.55017	1576.6	36.649994	100.0	2 h 8 min
800	1160.3999836146832	100.0	1168.394	354.11777	1592.15	181.79999	100.0	2 h 17 min
850	641.1999812871218	100.0	1108.162	414.17554	1585.55	25.349993	100.0	2 h 25 min
900	921.6699808619917	100.0	1200.715	328.79178	1611.95	324.55	100.0	2 h 34 min
950	1524.289992839843	100.0	1187.0562	326.1722	1549.35	88.299995	100.0	2 h 42 min
1000	1463.2549939338119	100.0	1266.971	276.07388	1599.4	505.85	100.0	2 h 51 min
1050	1196.7149930816145	100.0	1087.381	389.0836	1612.2	16.349998	100.0	2 h 59 min
1100	1456.119995778054	100.0	1112.397	393.54315	1569.85	283.5	100.0	3 h 7 min
1150	1434.9399950385093	100.0	1109.009	319.50214	1526.0	371.05	100.0	3 h 16 min
1200	1330.5999948047101	100.0	1078.829	344.12762	1495.95	258.1	100.0	3 h 24 min
1250	1382.6999898180366	100.0	1052.374	324.72202	1483.45	350.3	100.0	3 h 32 min
1300	1406.9199957951903	100.0	1028.067	403.58517	1470.85	-287.05002	100.0	3 h 41 min
1350	1267.0049955543132	100.0	1030.241	339.96713	1431.3	175.05	100.0	3 h 49 min
1400	1214.9999968335032	100.0	1005.63806	348.71674	1484.7	232.84999	100.0	3 h 57 min
1450	1134.7799932725727	100.0	1068.906	305.2423	1433.85	266.75	100.0	4 h 5 min
1500	1377.9799949623643	100.0	1049.038	331.3971	1456.6	105.2	100.0	4 h 14 min
1550	1201.7749945025892	100.0	922.83704	392.70367	1455.55	91.399994	100.0	4 h 22 min
1600	609.9549957379699	100.0	1052.84	321.5533	1405.95	217.45	100.0	4 h 30 min
1650	1388.0299946896732	100.0	980.04803	339.98734	1331.1	50.449997	100.0	4 h 38 min
1700	1321.2099959403276	100.0	971.457	278.49026	1324.2	170.2	100.0	4 h 46 min
1750	1262.8499952405691	100.0	885.87695	338.9324	1369.5	129.15	100.0	4 h 55 min
1800	1271.0699952378868	100.0	785.8091	323.17563	1372.1	-8.500006	100.0	5 h 3 min
1850	1270.8499968610704	100.0	938.565	316.97058	1389.45	215.45	100.0	5 h 11 min
1900	1345.2999940514565	100.0	814.269	346.23093	1350.8	82.299995	100.0	5 h 19 min
1950	1224.5749967638403	100.0	993.27905	257.52524	1346.8	209.84999	100.0	5 h 27 min
2000	1109.8749969694763	100.0	933.4789	291.3513	1328.95	60.399998	100.0	5 h 35 min
2050	1165.1449955616147	100.0	931.805	312.02795	1326.1	203.75	100.0	5 h 44 min
2100	1251.524995087087	100.0	889.7	318.9871	1309.55	182.09999	100.0	5 h 52 min
2150	1181.3999970097095	100.0	841.87604	323.29596	1311.4	211.3	100.0	6 h 0 min
2200	1118.3999971784651	100.0	842.78204	336.5643	1284.5	194.34999	100.0	6 h 8 min
2250	1237.6899944040924	100.0	873.06	285.06732	1294.95	224.59999	100.0	6 h 16 min
2300	1090.4999959170818	100.0	815.3351	288.77063	1193.85	57.499996	100.0	6 h 24 min
2350	1082.0899952691047	100.0	725.127	304.4422	1236.8	130.9	100.0	6 h 32 min
2400	665.7349974792451	100.0	806.02704	280.43152	1224.75	-6.1500034	100.0	6 h 40 min
2450	968.8399967808276	100.0	775.1149	303.80673	1284.5	42.149998	100.0	6 h 48 min
2500	1059.359995738417	100.0	770.245	303.95172	1278.25	45.899994	100.0	6 h 56 min
2550	992.434996253252	100.0	760.2649	287.7824	1240.85	33.049995	100.0	7 h 4 min
2600	1088.2299970179797	100.0	675.78204	309.44635	1232.35	-12.850003	100.0	7 h 11 min
2650	955.4049964353442	100.0	749.859	250.98418	1196.7	-194.85	100.0	7 h 17 min
2700	716.5049969226122	100.0	770.229	274.72195	1190.8	217.15	100.0	7 h 24 min
2750	842.934996540472	100.0	645.01196	283.98444	1159.75	61.3	100.0	7 h 30 min
2800	830.5699975900352	100.0	629.32904	270.14243	1091.9	134.25	100.0	7 h 36 min
2850	966.0499956607819	100.0	639.23193	251.42088	1142.4	96.75	100.0	7 h 42 min
2900	534.3249984897673	100.0	748.605	228.97554	1101.1	-241.1	100.0	7 h 49 min
2950	815.3599975097925	100.0	650.026	235.76953	1140.55	72.299995	100.0	7 h 55 min
3000	859.3749964985997	100.0	631.817	268.91833	1195.55	-269.80002	100.0	8 h 1 min
3050	948.7699970085174	100.0	696.30493	269.3934	1170.0	-184.75	100.0	8 h 7 min
3100	679.4649974759668	100.0	537.529	242.98051	1046.6	-27.400002	100.0	8 h 14 min
3150	1093.6999942399561	100.0	565.316	254.10072	1039.25	28.399996	100.0	8 h 20 min
3200	624.9149959865957	100.0	649.45	223.99785	1038.6	45.0	100.0	8 h 26 min
3250	702.6099936068058	100.0	571.762	260.2076	1034.55	-50.350002	100.0	8 h 33 min
3300	991.604995566234	100.0	618.63403	234.59294	957.65	-63.450005	100.0	8 h 39 min
3350	894.2099947072566	100.0	568.834	248.36566	962.6	-32.600002	100.0	8 h 45 min
3400	964.749994110316	100.0	510.365	255.04414	1024.95	24.949997	100.0	8 h 51 min
3450	607.4349974930286	100.0	496.69397	211.67923	937.35	11.999998	100.0	8 h 58 min
3500	822.8849963586778	100.0	504.293	207.58002	903.15	7.1499963	100.0	9 h 4 min
3550	544.5999971009791	100.0	478.09796	223.07018	921.45	-8.750004	100.0	9 h 10 min
3600	290.87999546974896	100.0	423.4	236.40912	964.5	-31.750002	100.0	9 h 16 min
3650	184.60999760776758	100.0	388.293	203.38193	890.55	-18.400003	100.0	9 h 22 min
3700	431.66999782212076	100.0	363.822	220.81767	817.75	-142.35	100.0	9 h 28 min
3750	309.36499624811114	100.0	478.388	207.6696	870.5	-10.350003	100.0	9 h 34 min
3800	333.6799965519458	100.0	515.317	183.7327	787.05	9.599996	100.0	9 h 41 min
3850	576.7099960580468	100.0	434.53903	157.15933	800.0	22.099997	100.0	9 h 47 min
3900	309.6149942964315	100.0	425.33102	186.97131	862.25	49.649998	100.0	9 h 53 min
3950	951.1499962620437	100.0	410.71698	221.2378	946.5	-95.9	100.0	9 h 59 min
4000	462.5649968046695	100.0	322.14	225.7778	821.55	-62.100006	100.0	10 h 6 min
4050	314.54999678209424	100.0	361.478	188.16887	751.39996	-54.600002	100.0	10 h 12 min
4100	674.7349950071424	100.0	383.59097	237.3811	958.7	-99.100006	100.0	10 h 18 min
4150	378.89499707892537	100.0	313.178	203.73631	942.15	-89.200005	100.0	10 h 24 min
4200	953.99999602139	100.0	372.515	227.17299	896.4	-34.550003	100.0	10 h 31 min
4250	116.51499729566277	100.0	365.962	195.35495	831.64996	24.999998	100.0	10 h 37 min
4300	770.3999951127917	100.0	373.92297	211.1796	814.0	-122.4	100.0	10 h 43 min
4350	392.12499513998625	100.0	368.25204	187.32686	857.1	-187.45	100.0	10 h 49 min
4400	444.02999468520284	100.0	351.23602	180.06421	896.85	84.85	100.0	10 h 55 min
4450	762.399992171675	100.0	370.80603	186.12244	872.6	20.649996	100.0	11 h 2 min
4500	353.439995270595	100.0	384.86603	187.99971	806.2	-20.250004	100.0	11 h 8 min
4550	269.6049960900098	100.0	367.508	185.64119	778.35	-3.650002	100.0	11 h 14 min
4600	463.3499970342964	100.0	326.772	188.71387	784.55	-151.15001	100.0	11 h 20 min
4650	446.05999678373337	100.0	280.54797	180.72963	844.5	-23.650003	100.0	11 h 26 min
4700	390.29499668776987	100.0	361.93903	184.74269	710.5	-78.15	100.0	11 h 32 min
4750	262.8149965301156	100.0	323.47498	182.147	724.95	-137.75	100.0	11 h 39 min
4800	411.6099966607988	100.0	369.06393	180.75008	776.0	-83.9	100.0	11 h 45 min
4850	318.12499506659805	100.0	364.552	165.29395	768.05	58.049995	100.0	11 h 51 min
4900	131.50499713495373	100.0	341.66296	165.35524	724.5	29.399996	100.0	11 h 57 min
4950	705.4749943990261	100.0	366.31796	215.97466	928.9	-180.8	100.0	12 h 3 min
5000	245.69499442353845	100.0	366.00504	188.74974	795.75	-102.0	100.0	12 h 10 min
5050	311.34999535083773	100.0	367.235	190.60547	763.45	-77.850006	100.0	12 h 16 min
5100	449.9999948263168	100.0	446.918	204.75705	807.95	-38.500004	100.0	12 h 22 min
5150	237.99999657087028	100.0	376.013	173.14986	719.25	-168.6	100.0	12 h 28 min
5200	520.884996227175	100.0	349.06696	193.42642	861.3	-103.350006	100.0	12 h 35 min
5250	345.84999637678266	100.0	362.143	201.20131	835.35	-73.8	100.0	12 h 41 min
5300	363.2499957103282	100.0	334.156	175.60104	722.65	33.749996	100.0	12 h 47 min
5350	294.36999634355305	100.0	348.23203	171.84015	860.85	-36.300003	100.0	12 h 53 min
5400	500.6349963027984	100.0	346.63	178.54796	746.55	-51.550003	100.0	12 h 59 min
5450	416.82499543316663	100.0	293.86502	172.62982	892.85	-186.15001	100.0	13 h 5 min
5500	544.6399941533804	100.0	378.52997	170.49579	772.45	-33.050003	100.0	13 h 12 min
5550	504.9049960702658	100.0	328.05298	170.86633	655.8	1.0999962	100.0	13 h 18 min
5600	385.8099957920611	100.0	333.494	202.92229	763.95	-122.05	100.0	13 h 24 min
5650	324.06499727889894	100.0	368.90802	203.2436	839.3	-18.900003	100.0	13 h 30 min
5700	463.77999560274185	100.0	382.267	206.62509	810.75	-74.15	100.0	13 h 36 min
5750	600.284996214509	100.0	397.98102	193.21956	826.55	-56.4	100.0	13 h 43 min
5800	572.9049947876483	100.0	397.13202	167.2115	728.3	102.299995	100.0	13 h 49 min
5850	206.4499972179532	100.0	412.519	175.46281	808.89996	-26.100002	100.0	13 h 55 min
5900	319.9299955833703	100.0	441.32797	206.11456	923.25	24.949997	100.0	14 h 1 min
5950	340.49499622695146	100.0	373.886	166.57999	774.5	81.299995	100.0	14 h 7 min
6000	868.3699915517121	100.0	381.885	207.1007	874.7	45.999996	100.0	14 h 14 min
6050	335.3049965944141	100.0	369.849	200.26775	830.45	-49.050003	100.0	14 h 20 min
6100	490.94999603703616	100.0	377.60098	212.13666	771.85	-200.7	100.0	14 h 26 min
6150	796.5999930948019	100.0	406.603	196.76569	774.15	-108.50001	100.0	14 h 33 min
6200	326.65499615743755	100.0	429.30402	207.79501	937.9	56.399998	100.0	14 h 39 min
6250	734.0299952987582	100.0	397.11603	182.66939	833.2	-39.250004	100.0	14 h 45 min
6300	656.8499920032918	100.0	354.108	166.83504	707.95	-9.900004	100.0	14 h 52 min
6350	662.6799950327725	100.0	364.35397	199.58401	880.45	-12.800002	100.0	14 h 58 min
6400	1019.7499944642186	100.0	361.921	169.88039	809.45	-72.05	100.0	15 h 5 min
6450	842.8499908223748	100.0	361.897	188.7589	764.2	-40.750004	100.0	15 h 11 min
6500	270.4249955412	100.0	468.833	192.38278	818.85	61.649998	100.0	15 h 17 min
6550	241.98999660126864	100.0	386.83096	188.96371	804.25	28.949997	100.0	15 h 24 min
6600	382.06499649472534	100.0	419.91898	188.18953	784.95	26.449997	100.0	15 h 30 min
6650	348.9699964694679	100.0	390.16797	216.003	800.4	29.799997	100.0	15 h 36 min
6700	504.5699975013733	100.0	323.72998	195.42654	784.8	-67.9	100.0	15 h 42 min
6750	226.9299975939095	100.0	390.465	211.92094	787.6	-78.700005	100.0	15 h 49 min
6800	599.83499558568	100.0	396.22403	167.00227	781.25	91.299995	100.0	15 h 55 min
6850	398.06999676078556	100.0	343.68204	208.07281	795.15	-124.600006	100.0	16 h 1 min
6900	584.6299940451979	100.0	375.36203	193.93695	769.2	-1.2500023	100.0	16 h 7 min
6950	586.1999980852008	100.0	349.287	188.87222	806.9	-195.90001	100.0	16 h 13 min
7000	660.1499930284917	100.0	295.784	163.88983	648.35	16.249998	100.0	16 h 20 min
7050	172.74999588802456	100.0	411.50003	202.20926	836.89996	-129.05	100.0	16 h 26 min
7100	729.6699935790151	100.0	362.17694	189.53789	823.35	-132.6	100.0	16 h 32 min
7150	287.7599964376539	100.0	372.325	184.54259	740.1	-21.000002	100.0	16 h 39 min
7200	722.1999950744212	100.0	369.88602	189.92812	701.4	-218.95	100.0	16 h 45 min
7250	478.18999708034096	100.0	419.75195	181.30437	792.2	50.1	100.0	16 h 51 min
7300	286.464996740222	100.0	357.33603	173.78664	814.95	-18.750004	100.0	16 h 58 min
7350	896.149993635714	100.0	400.36096	191.32571	792.65	-67.0	100.0	17 h 4 min
7400	340.5049968600273	100.0	446.24402	202.61807	789.55	33.549995	100.0	17 h 10 min
7450	643.5499964021146	100.0	363.19003	188.22304	736.0	-17.200003	100.0	17 h 16 min
7500	747.6649940785021	100.0	401.31097	196.58017	822.25	-82.700005	100.0	17 h 23 min
7550	732.909996264428	100.0	422.078	193.55821	770.4	-23.400003	100.0	17 h 29 min
7600	398.27999717593195	100.0	407.578	208.73506	813.35	-7.150003	100.0	17 h 36 min
7650	162.45999566987157	100.0	360.65198	216.68687	888.6	9.649997	100.0	17 h 42 min
7700	868.0749931447208	100.0	386.415	213.08798	789.75	-131.90001	100.0	17 h 48 min
7750	643.3699960324914	100.0	370.715	181.79265	783.89996	-33.000004	100.0	17 h 55 min
7800	858.8999935276806	100.0	364.36102	207.42259	803.5	-148.25	100.0	18 h 1 min
7850	470.8099956840277	100.0	398.04004	194.54608	827.65	-15.050004	100.0	18 h 8 min
7900	576.4499975852668	100.0	295.82202	155.22527	745.95	34.249996	100.0	18 h 14 min
7950	724.8699958164245	100.0	437.359	164.48695	693.1	121.299995	100.0	18 h 20 min
