Episode	TestRet	TestSteps	AverageEpRet	StdEpRet	MaxEpRet	MinEpRet	EpLen	Time
50	-60.00000089406967	80.0	-63.194004	3.4479506	-53.65	-70.05	80.0	1 min 19 sec
100	-60.00000089406967	80.0	-63.683002	4.3446937	-52.600002	-72.1	80.0	3 min 45 sec
150	-85.85000250861049	80.0	-63.910995	4.0325212	-52.65	-71.75	80.0	6 min 28 sec
200	-56.99000112377107	80.0	-60.620007	4.494041	-52.5	-71.6	80.0	9 min 11 sec
250	-63.84000146836043	80.0	-60.444	4.405561	-50.95	-68.3	80.0	11 min 47 sec
300	-63.290001393482086	80.0	-59.401005	6.8274484	-40.100002	-71.35	80.0	13 min 58 sec
350	-64.9600015617907	80.0	-58.828003	4.9691668	-48.95	-68.55	80.0	16 min 31 sec
400	-66.34000162035227	80.0	-56.338	5.916693	-37.45	-65.950005	80.0	19 min 26 sec
450	-68.37000165358185	80.0	-55.056	6.6278253	-39.5	-68.25	80.0	22 min 51 sec
500	-66.99000180773437	80.0	-56.713	4.678588	-43.850002	-66.9	80.0	25 min 43 sec
550	-62.085001464188096	80.0	-53.174004	6.946253	-34.350002	-63.25	80.0	28 min 0 sec
600	-58.12500148303807	80.0	-54.432003	7.9142513	-24.85	-65.55	80.0	30 min 55 sec
650	-70.52000188231469	80.0	-51.520004	7.0415697	-27.85	-62.300003	80.0	34 min 7 sec
700	-63.060001493245366	80.0	-53.218998	8.643599	-28.150002	-65.65	80.0	36 min 21 sec
750	-54.725001846253875	80.0	-49.659	8.4452095	-29.45	-61.75	80.0	38 min 50 sec
800	-54.20500129014253	80.0	-44.271	11.310244	-11.350001	-61.75	80.0	41 min 44 sec
850	-63.28000176846981	80.0	-45.432003	11.251857	-15.800001	-61.300003	80.0	44 min 40 sec
900	-50.580001601949334	80.0	-44.482002	11.467073	4.849999	-60.55	80.0	46 min 42 sec
950	-45.59000197649002	80.0	-41.799	13.959583	-9.450001	-62.5	80.0	49 min 37 sec
1000	-51.720001788064835	80.0	-41.462	13.205549	-8.550001	-61.2	80.0	52 min 13 sec
1050	-45.36000169441104	80.0	-38.105	13.782211	-4.400001	-57.0	80.0	54 min 32 sec
1100	-62.28000209070742	80.0	-36.012	13.203369	-7.5500007	-60.05	80.0	55 min 34 sec
1150	-58.24500188268721	80.0	-38.049	14.354269	-4.450001	-62.300003	80.0	57 min 55 sec
1200	-36.24500176161528	80.0	-33.595997	15.890633	-1.1500013	-59.95	80.0	1 h 0 min 20 sec
1250	-56.33000171892345	80.0	-33.706	14.940661	7.4499993	-63.15	80.0	1 h 3 min 4 sec
1300	-63.13000243753195	80.0	-28.993	15.148191	10.449999	-55.0	80.0	1 h 4 min 56 sec
1350	-71.47500235773623	80.0	-28.026	13.897818	3.4499993	-51.25	80.0	1 h 8 min 17 sec
1400	-32.54500103741884	80.0	-27.591002	15.443871	5.5999994	-56.4	80.0	1 h 10 min 42 sec
1450	-33.79500115886331	80.0	-24.299002	16.752127	11.15	-67.8	80.0	1 h 13 min 24 sec
1500	-43.79000210054219	80.0	-26.095	15.661709	9.199999	-53.45	80.0	1 h 15 min 24 sec
1550	-40.8150017298758	80.0	-30.597998	14.014902	14.399999	-59.350002	80.0	1 h 17 min 10 sec
1600	-14.950000999867916	80.0	-27.420002	16.79282	8.749999	-56.8	80.0	1 h 19 min 51 sec
1650	-39.08000139892101	80.0	-22.873001	12.728371	1.1999991	-44.55	80.0	1 h 22 min 2 sec
1700	-54.96000225022435	80.0	-20.557001	15.052345	19.05	-58.850002	80.0	1 h 24 min 42 sec
1750	-42.01000182591379	80.0	-19.201	15.608284	8.999999	-54.9	80.0	1 h 26 min 30 sec
1800	-23.02500092498958	80.0	-14.962001	15.595854	22.199999	-48.45	80.0	1 h 28 min 26 sec
1850	-32.91000170297921	80.0	-23.41	15.066151	14.199999	-53.15	80.0	1 h 29 min 25 sec
1900	-31.450001081079243	80.0	-18.809002	13.07247	11.9	-47.25	80.0	1 h 32 min 12 sec
1950	-34.68500151745975	80.0	-16.166	16.597956	10.049999	-59.000004	80.0	1 h 35 min 7 sec
2000	-23.81000125706196	80.0	-17.454	17.65254	15.999999	-63.95	80.0	1 h 38 min 17 sec
2050	-46.51000195108354	80.0	-17.525002	15.766491	21.199999	-39.2	80.0	1 h 40 min 43 sec
2100	-37.36000147722662	80.0	-18.189001	12.822805	11.699999	-45.7	80.0	1 h 43 min 3 sec
2150	-23.205001467093826	80.0	-16.786001	15.745232	10.849999	-57.2	80.0	1 h 44 min 55 sec
2200	-54.0400021802634	80.0	-15.430002	17.707327	31.399998	-60.4	80.0	1 h 47 min 29 sec
2250	-54.915002662688494	80.0	-14.771001	14.902286	19.949999	-48.65	80.0	1 h 49 min 54 sec
2300	-43.040001928061244	80.0	-13.740003	16.888845	18.4	-50.45	80.0	1 h 52 min 21 sec
2350	-29.080001164227724	80.0	-19.158003	17.025236	9.149999	-55.800003	80.0	1 h 55 min 4 sec
2400	-32.35500180348754	80.0	-18.557003	14.402027	9.949999	-69.600006	80.0	1 h 57 min 45 sec
2450	-37.88000167272985	80.0	-14.627002	19.33882	42.55	-69.4	80.0	2 h 0 min 9 sec
2500	-46.68500216081738	80.0	-17.151001	17.62572	22.499998	-50.950005	80.0	2 h 2 min 15 sec
2550	-44.47500195279717	80.0	-17.03	15.52716	25.199999	-57.0	80.0	2 h 4 min 17 sec
2600	-35.205001649260524	80.0	-12.287001	15.007915	22.65	-38.2	80.0	2 h 6 min 33 sec
2650	-29.535001327842473	80.0	-24.821003	16.833366	10.499999	-65.700005	80.0	2 h 9 min 17 sec
2700	-13.68500102572143	80.0	-14.109003	17.411097	29.199999	-43.45	80.0	2 h 11 min 46 sec
2750	-30.35000152178109	80.0	-14.366002	13.924728	21.25	-51.15	80.0	2 h 13 min 47 sec
2800	-6.310001143068075	80.0	-14.410003	18.768972	31.15	-55.850002	80.0	2 h 15 min 58 sec
2850	-37.015002293884756	80.0	-11.771	14.696268	15.65	-40.500004	80.0	2 h 18 min 26 sec
2900	-55.64000330902636	80.0	-10.427001	18.177383	41.55	-50.300003	80.0	2 h 20 min 4 sec
2950	-55.41000304892659	80.0	-13.522002	22.379398	47.3	-65.65	80.0	2 h 23 min 7 sec
3000	-2.470001454278827	80.0	-8.448001	19.775604	34.8	-57.250004	80.0	2 h 25 min 37 sec
3050	-36.67000185996294	80.0	-9.717001	18.158497	26.25	-56.750004	80.0	2 h 28 min 55 sec
3100	1.8849989481270313	80.0	-7.2430005	17.706903	24.25	-57.850002	80.0	2 h 31 min 19 sec
3150	-17.395001306012272	80.0	-7.7980013	21.571058	60.449997	-65.75	80.0	2 h 33 min 26 sec
3200	-16.240002146735787	80.0	-2.9900012	19.399397	57.25	-49.800003	80.0	2 h 36 min 57 sec
3250	18.9649988848716	80.0	-4.971001	20.102446	37.6	-70.9	80.0	2 h 39 min 4 sec
3300	5.359998967498541	80.0	-8.368001	20.326904	41.55	-51.250004	80.0	2 h 40 min 49 sec
3350	5.694998778775334	80.0	-6.746001	16.892265	32.5	-39.600002	80.0	2 h 43 min 17 sec
3400	2.08999907001853	80.0	-3.1320014	20.043371	43.55	-45.55	80.0	2 h 45 min 11 sec
3450	-2.130001172795892	80.0	-6.906001	20.246473	35.95	-43.65	80.0	2 h 47 min 55 sec
3500	-12.31000120267272	80.0	-5.9610014	17.581173	34.25	-49.25	80.0	2 h 49 min 59 sec
3550	-4.110001002252102	80.0	-7.4730005	16.042559	36.75	-41.65	80.0	2 h 52 min 20 sec
3600	0.6899985678493976	80.0	-4.708001	18.498177	36.55	-54.9	80.0	2 h 55 min 5 sec
3650	-9.580001518502831	80.0	-4.361001	21.488186	42.0	-74.3	80.0	2 h 58 min 7 sec
3700	-10.380001250654459	80.0	-2.399001	17.18469	38.45	-42.4	80.0	3 h 0 min 25 sec
3750	-2.195000985637307	80.0	-2.1860013	20.357649	52.35	-50.800003	80.0	3 h 3 min 7 sec
3800	0.9299990177154541	80.0	-3.2500014	15.332101	33.2	-44.050003	80.0	3 h 5 min 36 sec
3850	15.714998975768685	80.0	-4.592	20.001762	41.45	-53.65	80.0	3 h 8 min 10 sec
3900	4.504998861625791	80.0	-1.1910009	20.185492	37.399998	-46.0	80.0	3 h 10 min 25 sec
3950	5.55999903306365	80.0	0.25499925	20.979263	52.0	-45.250004	80.0	3 h 13 min 12 sec
4000	-8.875002025812865	80.0	-4.022001	22.268911	44.149998	-61.4	80.0	3 h 15 min 25 sec
4050	-22.620002330467106	80.0	1.0939991	20.240694	33.25	-51.050003	80.0	3 h 17 min 21 sec
4100	15.759999264776706	80.0	6.454999	20.657982	50.55	-33.9	80.0	3 h 19 min 56 sec
4150	-31.605002322047948	80.0	-0.9790011	18.300142	37.899998	-39.300003	80.0	3 h 21 min 59 sec
4200	3.3999986957758663	80.0	-2.9980009	17.261086	34.3	-32.600002	80.0	3 h 24 min 56 sec
4250	1.189999084174633	80.0	-2.142001	18.83101	35.149998	-43.25	80.0	3 h 27 min 20 sec
4300	13.134999042004347	80.0	5.075999	20.846571	53.25	-43.05	80.0	3 h 29 min 54 sec
4350	5.164998489618301	80.0	5.816	20.385956	40.05	-38.9	80.0	3 h 32 min 8 sec
4400	-10.90000119805336	80.0	-2.8570013	20.463264	49.5	-43.350002	80.0	3 h 35 min 5 sec
4450	20.064998791739345	80.0	2.832999	20.865915	48.149998	-46.600002	80.0	3 h 37 min 23 sec
4500	15.814999084174634	80.0	-5.5240016	20.751844	46.05	-40.15	80.0	3 h 39 min 31 sec
4550	-3.180000999569893	80.0	-1.5680013	21.374804	34.85	-72.5	80.0	3 h 42 min 16 sec
4600	7.289998703449965	80.0	1.026999	20.46246	41.8	-60.000004	80.0	3 h 44 min 12 sec
4650	7.74999895170331	80.0	1.5829988	21.209198	52.5	-40.8	80.0	3 h 46 min 45 sec
4700	-9.28500131368637	80.0	5.1419997	20.465973	43.5	-41.800003	80.0	3 h 49 min 12 sec
4750	0.04999871663749218	80.0	-1.616001	22.595388	51.5	-49.850002	80.0	3 h 52 min 0 sec
4800	-9.210001346096396	80.0	3.453999	26.00504	47.149998	-47.850002	80.0	3 h 53 min 35 sec
4850	-9.145001086592675	80.0	-2.3570013	26.635136	57.2	-46.65	80.0	3 h 55 min 51 sec
4900	-51.960003434866664	80.0	-5.791002	21.818544	41.05	-58.15	80.0	3 h 58 min 56 sec
4950	-11.85000119805336	80.0	2.0629992	21.531158	55.75	-42.8	80.0	4 h 1 min 6 sec
5000	16.53999904729426	80.0	-0.77000123	22.602549	68.75	-54.15	80.0	4 h 4 min 11 sec
5050	30.904999028518795	80.0	3.0859993	19.524775	47.55	-53.350002	80.0	4 h 6 min 28 sec
5100	-8.965002331137658	80.0	0.99599886	20.834896	49.3	-39.600002	80.0	4 h 8 min 45 sec
5150	13.959998912364245	80.0	-6.843002	28.077026	71.9	-94.75	80.0	4 h 11 min 18 sec
5200	-4.32500134408474	80.0	5.8409986	23.31398	57.55	-40.95	80.0	4 h 13 min 16 sec
5250	0.33999859243631364	80.0	4.5619984	23.932722	51.55	-62.750004	80.0	4 h 15 min 52 sec
5300	-6.370001075416804	80.0	-2.1440012	21.644217	40.55	-70.8	80.0	4 h 18 min 16 sec
5350	7.544998882338405	80.0	4.1879992	27.496578	59.95	-43.100002	80.0	4 h 21 min 46 sec
5400	0.40999865494668486	80.0	4.662999	22.561674	51.45	-34.95	80.0	4 h 24 min 55 sec
5450	-9.400002380087972	80.0	7.5779986	26.646578	72.75	-47.850002	80.0	4 h 26 min 46 sec
5500	-1.7400009296834469	80.0	1.1049988	19.98038	48.2	-39.0	80.0	4 h 28 min 39 sec
5550	12.309998893737793	80.0	2.7679985	21.882208	46.399998	-44.550003	80.0	4 h 30 min 43 sec
5600	-24.170002113655208	80.0	7.740999	21.954668	60.949997	-48.7	80.0	4 h 32 min 42 sec
5650	15.674998641386628	80.0	-3.4240007	24.563318	66.75	-63.500004	80.0	4 h 35 min 21 sec
5700	9.619999007880688	80.0	5.533999	23.558725	71.95	-31.800001	80.0	4 h 38 min 15 sec
5750	-17.120001631230117	80.0	8.197999	23.220852	59.85	-36.350002	80.0	4 h 40 min 28 sec
5800	-11.680002261698245	80.0	3.588999	17.99868	40.75	-28.400002	80.0	4 h 42 min 35 sec
5850	27.65499901622534	80.0	5.789999	25.371668	72.15	-43.4	80.0	4 h 44 min 26 sec
5900	-1.2200011041015386	80.0	2.7329993	19.541079	45.649998	-42.350002	80.0	4 h 46 min 29 sec
5950	20.709999187663197	80.0	8.782999	21.94054	69.95	-29.800001	80.0	4 h 49 min 20 sec
6000	-1.3150013551115989	80.0	2.7629993	21.444592	54.649998	-45.95	80.0	4 h 51 min 6 sec
6050	-0.9550013866275548	80.0	6.340999	17.138561	48.85	-26.0	80.0	4 h 52 min 34 sec
6100	-9.795002102851868	80.0	15.405998	19.643633	55.649998	-27.6	80.0	4 h 54 min 58 sec
6150	6.089998768642545	80.0	13.8619995	19.733744	44.85	-43.350002	80.0	4 h 57 min 36 sec
6200	34.469999021291734	80.0	4.123999	23.893118	64.35	-48.600002	80.0	4 h 59 min 57 sec
6250	5.369998373091221	80.0	5.1749988	23.5789	52.149998	-49.500004	80.0	5 h 2 min 43 sec
6300	-8.935002173855901	80.0	12.732998	21.602764	71.85	-25.6	80.0	5 h 5 min 0 sec
6350	-9.585002309456467	80.0	8.030999	19.033016	48.5	-36.9	80.0	5 h 8 min 3 sec
6400	35.379999021440746	80.0	8.757998	18.121075	49.05	-29.650002	80.0	5 h 10 min 32 sec
6450	-2.6450015772134066	80.0	2.5209992	20.581963	58.75	-47.100002	80.0	5 h 12 min 46 sec
6500	17.249999089166522	80.0	6.849999	18.628782	55.85	-38.95	80.0	5 h 15 min 12 sec
6550	26.029998963698745	80.0	7.638999	22.512505	72.299995	-41.4	80.0	5 h 17 min 22 sec
6600	4.17499856799841	80.0	6.2889986	24.719831	60.399998	-56.850002	80.0	5 h 19 min 29 sec
6650	2.9299985986202954	80.0	6.1479993	22.73869	51.699997	-50.65	80.0	5 h 21 min 51 sec
6700	16.97499911673367	80.0	2.018999	20.246925	45.899998	-47.2	80.0	5 h 24 min 4 sec
6750	14.794999205693603	80.0	10.652999	22.968592	60.85	-29.550001	80.0	5 h 26 min 31 sec
6800	21.044998655840754	80.0	5.704999	18.597416	40.6	-37.100002	80.0	5 h 28 min 11 sec
6850	7.209998771548271	80.0	9.888998	23.810318	61.7	-35.9	80.0	5 h 30 min 0 sec
6900	-14.975001858174801	80.0	15.680999	21.3613	59.149998	-24.050001	80.0	5 h 31 min 59 sec
6950	27.699998889118433	80.0	8.694999	20.814636	56.5	-35.7	80.0	5 h 34 min 1 sec
7000	9.734998881816864	80.0	8.761998	25.376604	63.399998	-44.65	80.0	5 h 36 min 3 sec
7050	12.434998876601458	80.0	7.8469996	28.10268	58.75	-50.0	80.0	5 h 38 min 51 sec
7100	6.724999212473631	80.0	10.332	28.22161	72.9	-53.95	80.0	5 h 41 min 11 sec
7150	26.174999015033244	80.0	7.091999	21.17121	63.0	-27.850002	80.0	5 h 43 min 1 sec
7200	4.674998945742845	80.0	11.043999	19.089413	53.649998	-23.150002	80.0	5 h 44 min 41 sec
7250	-5.79500133395195	80.0	13.215999	24.902355	64.9	-35.45	80.0	5 h 46 min 44 sec
7300	26.179999136924742	80.0	6.8949995	21.038668	59.75	-33.850002	80.0	5 h 49 min 52 sec
7350	-18.330002477020024	80.0	9.214999	23.159754	51.6	-48.2	80.0	5 h 52 min 9 sec
7400	-17.245002020522954	80.0	10.011998	22.395311	62.1	-40.050003	80.0	5 h 54 min 19 sec
7450	25.344998894631864	80.0	11.148999	22.455404	74.549995	-27.050001	80.0	5 h 56 min 41 sec
7500	-32.07500356584787	80.0	10.563999	24.477541	71.95	-27.5	80.0	5 h 58 min 59 sec
7550	35.38499912731349	80.0	12.801999	22.527187	63.45	-32.350002	80.0	6 h 1 min 56 sec
7600	9.864998652040958	80.0	14.592001	23.926605	84.549995	-37.800003	80.0	6 h 4 min 27 sec
7650	-0.9500018708407879	80.0	19.036	20.389355	55.649998	-20.150002	80.0	6 h 5 min 26 sec
7700	-4.185001324862242	80.0	17.408	26.614725	98.0	-34.55	79.48	6 h 7 min 4 sec
7750	27.474999027699234	80.0	15.128998	18.51177	57.899998	-19.35	80.0	6 h 8 min 50 sec
7800	-5.105001379922032	80.0	10.938	19.284773	56.8	-23.650002	80.0	6 h 10 min 36 sec
7850	10.13999847471714	80.0	16.195	22.976582	65.45	-28.0	80.0	6 h 12 min 57 sec
7900	29.484998996183275	80.0	15.296001	23.128054	64.95	-33.100002	80.0	6 h 15 min 26 sec
7950	9.549998877570033	80.0	18.073997	26.406027	66.4	-36.600002	80.0	6 h 17 min 54 sec
8000	21.634999149292707	80.0	12.354999	20.993685	52.25	-25.250002	80.0	6 h 20 min 22 sec
8050	6.794998652115464	80.0	8.294999	22.077724	59.2	-32.850002	80.0	6 h 22 min 50 sec
8100	-17.27000230588019	80.0	14.974998	21.283365	56.05	-33.45	80.0	6 h 25 min 44 sec
8150	-9.080002189055085	80.0	18.995	25.2918	64.85	-43.800003	80.0	6 h 27 min 32 sec
8200	13.019999207928777	80.0	6.0739985	22.346334	48.75	-51.350002	80.0	6 h 30 min 10 sec
8250	8.894998940825463	80.0	15.879997	22.937922	65.4	-30.7	80.0	6 h 32 min 31 sec
8300	36.41499884836376	80.0	17.778	26.03449	74.549995	-48.3	80.0	6 h 35 min 22 sec
8350	-16.20000268034637	80.0	18.182999	24.48555	68.65	-33.800003	80.0	6 h 36 min 56 sec
8400	6.254998597502708	80.0	17.085999	27.27671	68.95	-48.65	80.0	6 h 39 min 18 sec
8450	22.22999887764454	80.0	16.502	24.540394	84.05	-46.550003	80.0	6 h 42 min 8 sec
8500	-2.4050012797117235	80.0	13.814998	25.470186	76.85	-39.15	80.0	6 h 44 min 23 sec
8550	-4.435001634433865	80.0	15.142998	26.994957	86.7	-43.15	80.0	6 h 47 min 9 sec
8600	-0.06000127717852592	80.0	13.078999	27.00362	58.0	-40.7	80.0	6 h 49 min 30 sec
8650	23.50499886572361	80.0	16.603	21.966766	60.35	-22.900002	80.0	6 h 51 min 13 sec
8700	3.714998212829232	80.0	17.913998	31.681185	75.4	-53.25	80.0	6 h 53 min 25 sec
8750	55.60499909445643	80.0	16.867998	26.195837	67.75	-45.100002	80.0	6 h 55 min 28 sec
8800	-7.390001198276877	80.0	14.18	28.62113	69.549995	-41.9	80.0	6 h 57 min 28 sec
8850	31.104998805373906	80.0	20.943998	29.057896	73.9	-43.8	80.0	7 h 0 min 4 sec
8900	10.55499872006476	80.0	16.699	26.989353	85.25	-38.9	80.0	7 h 3 min 3 sec
8950	23.699998708069323	80.0	20.626	27.089813	78.049995	-39.15	80.0	7 h 5 min 51 sec
9000	-12.650001004710793	80.0	20.327	24.751732	76.95	-21.050001	80.0	7 h 8 min 49 sec
9050	8.544998013228177	80.0	22.029001	27.962408	82.0	-30.0	80.0	7 h 11 min 56 sec
9100	20.609999096393587	77.0	21.038	29.33562	105.9	-43.4	78.56	7 h 14 min 1 sec
9150	28.90499872341752	80.0	19.937	25.228413	87.549995	-27.35	80.0	7 h 16 min 25 sec
9200	-8.845002398639917	80.0	16.407999	27.21392	77.9	-42.300003	80.0	7 h 19 min 28 sec
9250	17.099999284744264	80.0	19.852999	30.14104	93.299995	-27.7	79.64	7 h 21 min 37 sec
9300	1.8149985194206237	80.0	16.432999	27.320944	71.0	-37.7	80.0	7 h 24 min 0 sec
9350	32.084998667985204	80.0	19.779997	27.570206	83.1	-34.2	80.0	7 h 27 min 22 sec
9400	29.369998990371823	80.0	17.789999	25.314642	77.0	-40.9	80.0	7 h 29 min 45 sec
9450	2.0499989658594133	80.0	19.397999	26.084917	87.4	-44.0	80.0	7 h 32 min 23 sec
9500	26.704999049007892	80.0	24.577	25.208096	79.25	-28.350002	80.0	7 h 34 min 25 sec
9550	41.929999000579116	80.0	20.549	25.672504	71.9	-33.600002	80.0	7 h 36 min 48 sec
9600	-15.395002632588149	80.0	26.369997	24.379093	79.2	-33.25	80.0	7 h 39 min 1 sec
9650	25.564998876303434	80.0	24.612	22.077301	65.85	-25.050003	80.0	7 h 41 min 56 sec
9700	40.59999906308949	77.3	23.613003	26.010763	96.15	-57.5	79.5	7 h 43 min 46 sec
9750	43.64999914653599	80.0	20.795998	30.799534	105.35	-39.800003	79.36	7 h 45 min 54 sec
9800	27.444999093934893	80.0	35.176003	27.203268	87.0	-24.000002	80.0	7 h 48 min 46 sec
9850	8.254998882859946	80.0	30.376997	25.881845	83.1	-23.800001	80.0	7 h 51 min 23 sec
9900	20.004998990148305	80.0	29.352999	29.583082	79.049995	-23.150002	80.0	7 h 54 min 2 sec
9950	20.494998567178847	80.0	32.027	28.808743	82.85	-27.150002	80.0	7 h 55 min 46 sec
10000	28.609998448193075	80.0	23.352999	27.698292	74.7	-39.850002	80.0	7 h 57 min 44 sec
10050	-4.640001707524061	80.0	20.644995	31.224878	97.65	-37.800003	79.62	8 h 0 min 7 sec
10100	5.179998929426074	80.0	21.359	30.06419	104.25	-39.7	79.4	8 h 2 min 51 sec
10150	25.20999909825623	80.0	20.408998	26.04304	80.7	-30.5	80.0	8 h 4 min 38 sec
10200	38.37999891862273	80.0	24.35	22.769142	79.25	-18.5	80.0	8 h 5 min 37 sec
10250	-17.755002449825405	80.0	25.787003	31.258741	78.0	-41.75	79.96	8 h 7 min 45 sec
10300	28.979998549818994	80.0	22.896997	23.210508	84.25	-26.35	80.0	8 h 10 min 22 sec
10350	21.539998475089668	80.0	23.577997	29.064844	96.2	-40.45	79.76	8 h 11 min 43 sec
10400	24.594999082386494	80.0	23.450998	25.12182	80.799995	-22.2	80.0	8 h 14 min 56 sec
10450	38.57499867416918	80.0	29.485	26.95537	94.4	-23.900002	79.72	8 h 17 min 27 sec
10500	-12.990001415461302	80.0	26.879997	28.351732	105.549995	-37.350002	79.36	8 h 20 min 14 sec
10550	-8.060002133995294	80.0	23.647	32.683117	83.15	-55.15	80.0	8 h 23 min 15 sec
10600	8.80499899610877	80.0	36.517998	28.42276	95.299995	-29.85	79.74	8 h 25 min 38 sec
10650	15.84499873407185	80.0	31.359997	31.711315	85.299995	-38.25	80.0	8 h 28 min 42 sec
10700	20.699998505413532	80.0	26.706999	24.037016	77.9	-26.150002	80.0	8 h 31 min 19 sec
10750	-3.5000015683472157	80.0	19.144999	35.40834	81.75	-45.5	80.0	8 h 34 min 7 sec
10800	26.96999916024506	80.0	30.594	27.392984	82.1	-20.800001	80.0	8 h 36 min 53 sec
10850	7.35999823063612	80.0	21.935	33.652493	99.95	-44.45	79.56	8 h 39 min 59 sec
10900	18.559998792409896	80.0	31.546997	32.516354	108.1	-27.650002	78.66	8 h 42 min 44 sec
10950	20.194998625293373	80.0	26.922998	33.802856	81.2	-52.2	80.0	8 h 45 min 4 sec
11000	6.394999255239964	80.0	31.553997	31.58149	80.75	-42.05	80.0	8 h 47 min 20 sec
11050	19.664998726546763	76.5	25.286001	29.552612	91.7	-34.100002	79.98	8 h 49 min 31 sec
11100	-1.4450015906244515	80.0	31.803001	31.378483	106.35	-32.7	78.54	8 h 51 min 53 sec
11150	39.08999872989953	80.0	27.712	25.40523	79.9	-14.400002	80.0	8 h 54 min 0 sec
11200	1.0649988032877444	80.0	20.872	31.410694	84.75	-53.300003	79.56	8 h 56 min 59 sec
11250	55.899999115988614	77.8	27.635	31.506674	108.65	-38.300003	78.08	8 h 59 min 12 sec
11300	41.014998809993266	76.6	22.891996	31.915255	103.299995	-23.95	78.36	9 h 1 min 26 sec
11350	29.089998592063786	80.0	22.736998	29.287136	84.9	-40.850002	79.92	9 h 4 min 8 sec
11400	32.50999916642904	80.0	33.437	33.38075	96.15	-41.75	78.46	9 h 6 min 31 sec
11450	47.97499910481274	80.0	28.795	31.32847	104.7	-54.45	79.76	9 h 7 min 28 sec
11500	30.17999906949699	76.8	29.866	32.0245	86.65	-30.300001	79.96	9 h 10 min 10 sec
11550	23.004999133944512	80.0	23.164	36.386387	102.25	-49.850002	79.58	9 h 13 min 6 sec
11600	25.91499862037599	80.0	30.643	34.35453	102.7	-46.7	78.28	9 h 15 min 0 sec
11650	27.599998746067286	80.0	27.307	35.246883	108.9	-36.4	78.92	9 h 17 min 42 sec
11700	39.789999009668826	80.0	24.004	33.85791	97.95	-52.600002	79.62	9 h 20 min 15 sec
11750	25.079998837038875	80.0	27.749998	32.527973	118.25	-37.0	78.76	9 h 22 min 11 sec
11800	33.14499885328114	78.2	23.445	32.453663	102.15	-49.3	79.38	9 h 24 min 56 sec
11850	20.82499875091016	76.1	18.999998	32.378548	97.2	-38.8	79.64	9 h 26 min 49 sec
11900	46.429999108612535	76.0	31.06	38.762188	116.6	-41.3	77.7	9 h 29 min 12 sec
11950	42.56999860554934	77.9	28.703001	33.662262	112.8	-28.300001	78.5	9 h 31 min 41 sec
12000	24.789998791739343	76.3	24.127998	31.25109	97.45	-34.550003	79.5	9 h 34 min 36 sec
12050	3.5899986926466227	80.0	27.942999	31.377926	71.9	-43.850002	80.0	9 h 37 min 29 sec
12100	18.539998691156505	80.0	26.152998	34.18848	109.1	-35.800003	78.26	9 h 39 min 36 sec
12150	28.979998936504124	80.0	27.050999	29.071524	95.299995	-34.25	79.56	9 h 41 min 56 sec
12200	23.079998841509223	80.0	29.789997	33.372574	109.0	-29.900002	79.32	9 h 43 min 39 sec
12250	11.864998971298338	80.0	32.705997	29.797949	97.049995	-24.000002	79.28	9 h 46 min 25 sec
12300	41.10999917127192	80.0	33.794	30.714293	97.7	-40.4	79.3	9 h 48 min 57 sec
12350	16.599998500570656	80.0	34.668995	33.202995	104.95	-21.150002	78.66	9 h 51 min 46 sec
12400	31.839998706802724	80.0	32.905	35.683804	117.25	-47.550003	79.16	9 h 54 min 34 sec
12450	12.404998084530234	80.0	34.649	35.94954	103.7	-51.75	78.68	9 h 56 min 46 sec
12500	16.234998842701316	80.0	32.193	36.00232	117.05	-47.100002	77.92	9 h 59 min 20 sec
12550	23.074998807534577	80.0	33.479	35.344646	104.5	-43.850002	79.24	10 h 2 min 25 sec
12600	19.124998941645025	80.0	26.814001	34.94738	109.75	-38.050003	78.24	10 h 4 min 43 sec
12650	27.14999872781336	80.0	27.469997	34.42094	118.9	-40.0	77.7	10 h 6 min 57 sec
12700	12.814998055249452	75.7	26.41	28.90535	80.5	-29.1	80.0	10 h 9 min 6 sec
12750	6.59499837718904	80.0	34.198997	36.422825	114.45	-49.45	77.16	10 h 11 min 45 sec
12800	21.09499899446964	80.0	19.064	34.716846	90.65	-70.75	79.8	10 h 14 min 14 sec
12850	-3.3000012785196304	77.3	23.134998	32.219463	79.549995	-52.850002	80.0	10 h 16 min 12 sec
12900	51.24499907493591	70.8	25.668001	31.662094	109.2	-47.75	79.28	10 h 19 min 41 sec
12950	36.114999011531474	76.8	28.990995	30.050646	107.15	-37.5	79.38	10 h 22 min 34 sec
13000	30.54499891847372	80.0	25.540998	29.895748	106.0	-32.0	79.3	10 h 25 min 6 sec
13050	28.20499890372157	80.0	31.033	30.208801	85.6	-35.600002	80.0	10 h 27 min 6 sec
13100	27.079998717829586	80.0	31.85	37.597515	108.5	-57.0	78.52	10 h 29 min 41 sec
13150	24.189999159052967	74.9	22.760998	27.055159	74.35	-29.1	80.0	10 h 32 min 6 sec
13200	22.40499852448702	80.0	31.227	32.119453	107.8	-39.75	79.02	10 h 34 min 39 sec
13250	15.93999895490706	80.0	38.095	34.19039	111.75	-42.100002	78.9	10 h 37 min 45 sec
13300	36.714998959749934	80.0	32.109997	33.73154	110.95	-29.45	78.8	10 h 40 min 39 sec
13350	20.02999901250005	80.0	22.154997	36.104008	120.15	-46.2	78.12	10 h 42 min 47 sec
13400	54.809999231621624	80.0	21.418999	29.851019	105.15	-28.550003	79.26	10 h 45 min 23 sec
13450	55.89999917559326	76.2	33.684	31.872007	113.85	-40.100002	78.76	10 h 47 min 21 sec
13500	20.28999874778092	80.0	28.142998	39.65827	111.55	-46.45	77.7	10 h 50 min 34 sec
13550	-8.215001328662037	80.0	26.194002	34.2657	91.049995	-54.15	80.0	10 h 53 min 12 sec
13600	-6.2900020480155945	80.0	23.777	35.163284	84.0	-64.15	80.0	10 h 55 min 12 sec
13650	17.754998636618257	80.0	32.246998	36.224083	103.5	-21.85	77.96	10 h 57 min 39 sec
13700	11.329998607188463	80.0	24.185	32.678677	82.1	-34.25	80.0	10 h 59 min 57 sec
13750	14.114998752996325	80.0	25.587996	33.23022	84.2	-34.600002	79.74	11 h 2 min 22 sec
13800	18.23999891206622	78.3	23.280998	33.322357	104.25	-48.850002	79.4	11 h 5 min 2 sec
13850	23.539998475089668	80.0	31.407997	31.920267	79.5	-41.7	80.0	11 h 8 min 15 sec
13900	3.359998116642237	80.0	33.422	34.12974	92.95	-33.65	80.0	11 h 10 min 29 sec
13950	4.384998257830739	80.0	27.43	33.181213	108.0	-48.15	78.68	11 h 13 min 18 sec
14000	11.74999885521829	80.0	36.021	37.501034	99.5	-43.15	78.58	11 h 15 min 42 sec
14050	6.479998596385121	80.0	34.527996	36.96339	106.5	-34.15	78.56	11 h 17 min 55 sec
14100	22.82499896287918	80.0	37.71	28.726719	98.549995	-31.600002	79.16	11 h 20 min 1 sec
14150	13.789998522400856	80.0	42.166996	33.42153	105.6	-27.800001	79.26	11 h 21 min 12 sec
14200	29.919998652115463	80.0	33.652	31.859262	101.15	-26.7	79.2	11 h 23 min 5 sec
14250	18.49499878883362	80.0	29.538	32.50399	101.0	-19.750002	79.3	11 h 25 min 13 sec
14300	41.67999898009002	80.0	37.772003	35.030674	114.7	-22.050001	77.8	11 h 28 min 0 sec
14350	39.72999867014587	80.0	40.666	31.187206	117.7	-18.650002	78.06	11 h 30 min 17 sec
14400	32.48999919444323	80.0	37.027	37.937756	108.55	-40.2	78.82	11 h 32 min 26 sec
14450	17.329998983070254	80.0	35.097	28.866816	109.0	-18.800001	78.3	11 h 34 min 49 sec
14500	41.294999019429085	72.9	36.738	30.588345	102.5	-22.650002	78.9	11 h 37 min 2 sec
14550	29.579998678714038	80.0	42.281998	32.16439	107.35	-13.300001	78.8	11 h 39 min 52 sec
14600	9.384999007359147	80.0	27.847998	37.085884	106.25	-37.9	78.2	11 h 42 min 5 sec
14650	50.93499904125929	80.0	31.640999	33.314865	96.25	-43.25	79.62	11 h 43 min 52 sec
14700	28.77499923929572	75.7	36.067997	31.474918	95.45	-35.55	79.22	11 h 46 min 52 sec
14750	16.86999881081283	80.0	30.172998	37.27623	102.5	-32.75	78.78	11 h 50 min 6 sec
14800	20.889998483285307	80.0	27.568998	33.883076	114.95	-45.100002	78.64	11 h 52 min 28 sec
14850	25.37499841526151	76.4	31.633999	33.102028	107.15	-46.5	78.44	11 h 55 min 0 sec
14900	-5.605001783370971	80.0	40.684	34.94086	109.3	-32.9	77.64	11 h 57 min 23 sec
14950	12.98499811962247	80.0	38.449997	32.752174	97.5	-50.65	79.34	12 h 0 min 2 sec
15000	50.31999917291105	77.3	31.53	31.55266	90.1	-38.25	80.0	12 h 1 min 34 sec
15050	61.614998983219266	74.8	43.406998	32.80166	110.45	-28.900002	79.18	12 h 3 min 52 sec
15100	20.689998693019152	80.0	32.642998	36.88367	115.45	-48.2	78.02	12 h 6 min 38 sec
15150	15.724998781830072	75.5	35.916	30.85559	104.35	-22.050001	78.92	12 h 9 min 21 sec
15200	4.619998957589269	76.1	32.260998	34.82689	103.299995	-43.5	78.84	12 h 11 min 50 sec
15250	18.694998944178224	80.0	41.431	37.77769	108.65	-31.650002	76.28	12 h 13 min 43 sec
15300	56.599999114498495	75.7	31.674	30.155893	116.0	-31.550001	78.08	12 h 15 min 56 sec
15350	29.979998628795148	70.8	27.315	27.412401	99.5	-26.85	79.34	12 h 18 min 21 sec
15400	16.499998547136784	78.3	30.935	36.149452	110.5	-41.15	78.46	12 h 21 min 18 sec
15450	49.61999895349145	75.2	42.441998	31.805618	106.0	-27.300001	78.2	12 h 23 min 33 sec
15500	8.204998789727687	80.0	33.999996	31.659227	104.25	-36.850002	78.34	12 h 26 min 55 sec
15550	3.2999981213361025	80.0	33.182	32.042824	110.7	-23.150002	78.28	12 h 29 min 10 sec
15600	21.0849988527596	80.0	34.732	32.2679	113.7	-34.250004	78.48	12 h 31 min 45 sec
15650	49.29999886341393	78.1	35.889	32.694546	106.45	-19.900002	79.3	12 h 33 min 46 sec
15700	43.25499900840223	80.0	42.454	26.077938	101.9	-19.95	79.44	12 h 35 min 37 sec
15750	33.209998961165546	80.0	38.381	33.738205	108.15	-40.600002	78.78	12 h 37 min 44 sec
15800	21.44499909505248	80.0	36.878998	33.078114	109.9	-23.95	78.82	12 h 40 min 57 sec
15850	-5.100001807138324	80.0	26.134998	31.745106	90.25	-32.75	80.0	12 h 43 min 55 sec
15900	17.599998882412912	80.0	43.953	35.799007	107.2	-33.100002	78.28	12 h 46 min 46 sec
15950	22.55999831482768	77.2	29.372	27.265158	79.549995	-22.400002	80.0	12 h 49 min 38 sec
16000	27.899999042972922	80.0	35.927998	30.713741	106.4	-20.400002	78.6	12 h 52 min 22 sec
16050	22.364999195188282	80.0	33.121002	34.80477	114.6	-38.7	77.68	12 h 54 min 55 sec
16100	73.33499913401901	71.2	34.03	36.681953	104.2	-35.95	78.74	12 h 57 min 4 sec
16150	46.38499913811684	80.0	35.668995	34.629837	111.85	-48.250004	78.12	12 h 59 min 18 sec
16200	22.584998770058156	77.4	36.840996	37.01236	102.35	-55.45	78.48	13 h 1 min 38 sec
16250	61.23499916940928	77.4	44.945	27.117401	88.65	-14.950001	80.0	13 h 3 min 56 sec
16300	36.77499884702265	80.0	40.954998	36.20956	110.4	-37.15	78.32	13 h 7 min 7 sec
16350	52.239998725429174	80.0	32.443	34.18332	101.15	-34.25	79.12	13 h 9 min 10 sec
16400	24.874998910352588	80.0	38.790997	32.0508	104.2	-34.100002	79.04	13 h 11 min 22 sec
16450	39.324999142810704	80.0	48.713993	32.870068	108.6	-34.8	78.06	13 h 12 min 59 sec
16500	1.0499987613409758	80.0	36.762997	30.530697	119.35	-49.600002	78.96	13 h 15 min 12 sec
16550	37.49499902501702	80.0	41.988003	38.209896	107.1	-41.050003	77.22	13 h 17 min 48 sec
16600	33.12999904900789	80.0	41.715996	33.30441	106.2	-23.050001	77.88	13 h 18 min 34 sec
16650	6.429998616501689	77.4	26.652	28.892706	100.6	-30.550001	79.22	13 h 19 min 51 sec
16700	43.0949990734458	73.7	44.904	37.035133	115.1	-29.050001	76.34	13 h 21 min 28 sec
16750	54.08999904096127	80.0	36.345	33.98498	114.15	-31.95	78.52	13 h 23 min 29 sec
16800	55.06499913819134	80.0	33.383	32.356762	101.7	-35.5	79.6	13 h 25 min 54 sec
16850	21.35499879643321	80.0	39.178	32.267365	106.5	-44.7	78.98	13 h 27 min 35 sec
16900	30.65999910980463	80.0	40.255997	35.07665	112.45	-21.35	77.44	13 h 29 min 33 sec
16950	12.334998342022299	80.0	31.693998	34.32552	108.3	-21.15	78.32	13 h 32 min 20 sec
17000	21.4599988989532	78.6	35.975	37.109207	111.2	-37.4	76.84	13 h 33 min 57 sec
17050	6.909999053180218	80.0	32.843998	32.63035	113.75	-37.25	78.28	13 h 35 min 43 sec
17100	24.794998954981565	80.0	41.343998	32.006927	98.65	-26.150002	79.38	13 h 37 min 41 sec
17150	15.504998699575662	80.0	36.034996	32.399975	109.6	-35.850002	78.2	13 h 38 min 46 sec
17200	41.43499889448285	78.0	30.112	34.80961	102.25	-41.45	78.9	13 h 40 min 57 sec
17250	5.524998462200164	80.0	42.244	34.773148	113.95	-32.75	78.14	13 h 42 min 48 sec
17300	45.449998843297365	77.9	45.398	32.052326	112.0	-19.0	78.12	13 h 44 min 29 sec
17350	64.59499919041991	80.0	37.306	39.299107	109.35	-35.0	76.7	13 h 46 min 17 sec
17400	33.3899991158396	80.0	42.178	38.88664	113.6	-45.15	76.22	13 h 47 min 37 sec
17450	16.3549986820668	80.0	28.108997	31.852966	104.4	-20.25	79.36	13 h 49 min 49 sec
17500	50.77499916888773	80.0	33.177	32.268036	105.1	-24.100002	79.08	13 h 51 min 37 sec
17550	50.75499902591109	78.4	35.812	38.15476	117.95	-45.550003	77.64	13 h 52 min 58 sec
17600	54.40999890305102	77.1	45.560997	34.530964	114.6	-18.4	77.06	13 h 54 min 50 sec
17650	15.994998908415436	80.0	32.008	30.7008	86.549995	-34.9	80.0	13 h 58 min 3 sec
17700	17.024998411908747	80.0	44.201996	32.206566	109.65	-24.85	78.56	13 h 59 min 28 sec
17750	15.68499834984541	78.0	40.416996	33.17352	112.1	-48.250004	78.92	14 h 0 min 48 sec
17800	24.689999021962286	80.0	37.677998	39.77804	111.7	-47.8	78.86	14 h 3 min 17 sec
17850	15.70999867990613	80.0	44.1	34.49173	119.85	-38.65	78.08	14 h 5 min 7 sec
17900	-1.475001623108983	80.0	40.146996	35.08807	113.85	-38.100002	78.34	14 h 7 min 53 sec
17950	10.13999875485897	80.0	43.315	36.818016	101.6	-41.5	78.56	14 h 9 min 32 sec
18000	1.1299988329410553	80.0	39.468998	37.534058	104.55	-30.2	77.46	14 h 12 min 13 sec
18050	49.869999046996234	75.9	46.939995	34.076164	109.6	-40.800003	76.84	14 h 14 min 50 sec
18100	14.72999881207943	80.0	43.233	33.950687	110.1	-28.050001	77.68	14 h 17 min 11 sec
18150	22.169999155402184	80.0	39.556	40.21724	115.7	-24.25	77.04	14 h 18 min 48 sec
18200	45.57499918192625	75.7	44.936005	37.25208	116.85	-33.850002	77.4	14 h 21 min 0 sec
18250	30.869999199733137	76.2	42.059	36.656128	116.4	-38.75	76.9	14 h 22 min 25 sec
18300	23.25999879129231	78.4	49.043	37.924973	109.0	-27.1	74.66	14 h 23 min 44 sec
18350	3.824998327717185	80.0	32.499996	37.42351	109.35	-39.9	78.28	14 h 24 min 57 sec
18400	42.979999019950625	79.0	31.82	37.39715	106.75	-39.3	78.6	14 h 26 min 10 sec
18450	55.5849989335984	78.7	32.579	38.613346	109.55	-49.300003	77.96	14 h 28 min 21 sec
18500	34.43999867588282	79.6	31.682	33.808598	98.95	-29.35	78.8	14 h 30 min 24 sec
18550	63.53499894440174	80.0	36.935	34.570274	103.15	-38.65	79.18	14 h 31 min 50 sec
18600	24.91999871209264	80.0	36.029	37.890976	113.25	-40.2	78.72	14 h 32 min 44 sec
18650	14.844998688995839	80.0	31.855	30.52959	113.8	-26.95	78.4	14 h 34 min 57 sec
18700	37.57999883592129	79.9	35.373	35.46734	113.05	-34.45	78.18	14 h 36 min 50 sec
18750	59.59999918565154	69.5	35.558	31.4575	85.25	-28.100002	80.0	14 h 38 min 13 sec
18800	38.02999924644828	73.8	37.592	35.436127	110.65	-56.45	78.24	14 h 39 min 37 sec
18850	51.39999897442758	78.3	41.538	35.597595	114.95	-33.0	78.68	14 h 41 min 59 sec
18900	34.05499897636473	77.4	35.330997	34.86613	101.45	-38.100002	78.8	14 h 44 min 25 sec
18950	31.65999896079302	72.7	33.462997	35.135395	115.45	-43.600002	78.38	14 h 45 min 52 sec
19000	47.12499877400696	76.9	38.894	37.340553	109.7	-35.0	77.9	14 h 47 min 14 sec
19050	62.2199991568923	80.0	32.378998	27.231646	83.5	-35.100002	80.0	14 h 48 min 46 sec
19100	39.04999891184271	75.5	40.177	38.32257	115.2	-52.2	77.32	14 h 50 min 5 sec
19150	21.47499895580113	80.0	39.598995	36.739	107.25	-47.05	77.96	14 h 52 min 3 sec
19200	15.739998614415526	80.0	38.134	36.84346	116.0	-39.100002	78.06	14 h 53 min 31 sec
19250	33.144999374449256	79.4	42.466	41.040314	117.95	-42.2	77.04	14 h 55 min 35 sec
19300	45.11999909132719	77.6	46.721	29.846113	111.55	-40.05	79.26	14 h 57 min 49 sec
19350	83.43499912545084	71.4	38.736996	38.88064	106.049995	-42.100002	78.24	15 h 0 min 13 sec
19400	65.73999902084469	74.6	44.120995	33.50046	110.4	-51.55	78.44	15 h 1 min 50 sec
19450	54.39499902389944	72.3	50.331	35.787403	111.25	-25.2	76.4	15 h 2 min 42 sec
19500	36.35999840646982	80.0	46.877003	37.584087	108.65	-41.9	77.76	15 h 3 min 53 sec
19550	27.064998767152428	76.6	36.784996	34.766037	109.549995	-53.300003	77.68	15 h 5 min 4 sec
19600	44.579999044165014	76.5	38.78	33.31123	106.65	-51.300003	79.04	15 h 6 min 56 sec
19650	45.619999029487374	78.0	35.653	34.09701	106.75	-43.600002	79.4	15 h 10 min 18 sec
19700	45.109998998045924	71.4	41.843	33.496567	102.35	-24.85	79.16	15 h 13 min 44 sec
19750	23.404999051243067	80.0	42.313004	34.856728	107.299995	-40.45	78.22	15 h 15 min 28 sec
19800	38.94999868273735	80.0	34.4	35.349957	94.55	-45.5	79.72	15 h 17 min 2 sec
19850	47.53499877937138	78.2	32.832996	42.635864	106.05	-41.25	77.4	15 h 18 min 44 sec
19900	32.92499864511192	80.0	46.01699	37.990223	110.4	-26.15	75.72	15 h 20 min 37 sec
19950	37.15999913588166	77.0	41.6	34.790234	113.8	-26.050001	77.34	15 h 23 min 4 sec
20000	58.12499916478991	73.0	41.698997	36.117893	108.9	-47.55	77.74	15 h 24 min 53 sec
20050	33.03499929048121	80.0	40.628998	33.76495	114.5	-34.15	79.1	15 h 26 min 26 sec
20100	46.16999930627644	77.6	42.541	35.206543	106.85	-34.15	77.92	15 h 29 min 4 sec
20150	40.474999140202996	76.4	34.688995	35.40969	103.049995	-38.95	78.7	15 h 30 min 43 sec
20200	6.5549991767853495	77.7	43.392998	41.02177	113.4	-56.15	76.04	15 h 32 min 31 sec
20250	13.404998892918229	80.0	33.277	36.25615	106.15	-37.95	78.72	15 h 34 min 30 sec
20300	46.314999132603404	77.8	30.999998	39.34846	116.05	-57.2	78.48	15 h 35 min 24 sec
20350	54.39499860964715	75.4	36.371998	32.46474	100.799995	-39.2	79.18	15 h 37 min 57 sec
20400	34.63999907188118	73.9	32.957996	42.144894	115.25	-41.65	76.82	15 h 40 min 40 sec
20450	41.91499908901751	67.5	33.226997	36.821297	120.15	-24.300001	77.16	15 h 42 min 39 sec
20500	44.2249989207834	79.4	42.771996	37.189747	111.5	-35.2	77.8	15 h 45 min 54 sec
20550	44.25499928668141	80.0	37.085	35.58627	111.5	-59.75	79.12	15 h 47 min 26 sec
20600	24.709998572990298	75.9	30.345	34.342884	112.8	-35.95	78.2	15 h 48 min 33 sec
20650	43.06499922722578	73.6	40.481003	36.715466	106.85	-48.75	79.48	15 h 50 min 22 sec
20700	37.904998782649635	75.6	31.866	37.40828	115.95	-41.850002	78.1	15 h 52 min 57 sec
20750	37.894999058917165	80.0	39.874996	31.988659	96.6	-26.85	79.38	15 h 54 min 58 sec
20800	69.5199989721179	75.0	35.01	41.32688	109.0	-49.45	78.04	15 h 56 min 47 sec
20850	62.004999089986086	72.2	32.479996	41.46022	107.45	-48.45	78.34	15 h 58 min 24 sec
20900	-0.39500093907117845	80.0	37.915	32.451157	108.0	-12.750002	77.9	16 h 0 min 1 sec
20950	50.30499892644584	77.4	41.562	32.760902	107.45	-45.350002	78.16	16 h 1 min 47 sec
21000	5.2499988954514265	80.0	36.067	40.614075	108.5	-47.350002	77.02	16 h 3 min 25 sec
21050	48.544999001920225	78.0	41.843	33.853252	113.3	-25.95	77.44	16 h 5 min 4 sec
21100	48.229999273270366	80.0	40.762	39.93673	121.2	-28.150002	75.7	16 h 6 min 47 sec
21150	31.829999239370228	72.4	46.198997	34.507267	112.95	-18.100002	76.52	16 h 7 min 59 sec
21200	32.21999871283769	80.0	31.862	34.74179	107.1	-33.25	78.96	16 h 10 min 56 sec
21250	32.5499990709126	78.7	29.764997	34.55085	98.3	-46.0	79.1	16 h 13 min 16 sec
21300	18.389999310299753	80.0	50.556	36.03418	112.8	-21.650002	75.32	16 h 15 min 9 sec
21350	23.354998867586254	80.0	51.799	33.76568	106.5	-25.800001	76.88	16 h 16 min 38 sec
21400	39.659998745843765	80.0	31.531	38.96536	106.4	-46.100002	78.56	16 h 19 min 2 sec
21450	38.544999071210626	80.0	39.261993	34.797226	107.9	-38.600002	78.8	16 h 21 min 7 sec
21500	37.42499878183007	79.0	36.598	40.51169	115.85	-42.4	77.92	16 h 23 min 44 sec
21550	53.59999921023846	78.4	44.53499	32.921047	102.299995	-34.850002	78.0	16 h 25 min 10 sec
21600	49.67499905079603	80.0	45.100998	37.06813	112.3	-48.55	77.2	16 h 26 min 29 sec
21650	34.7299989040941	80.0	44.195004	35.546318	115.5	-46.55	77.62	16 h 28 min 46 sec
21700	46.99499919526279	80.0	42.419	33.061775	114.4	-29.800001	78.54	16 h 31 min 14 sec
21750	33.754998724162576	75.4	47.245995	36.466602	113.0	-41.300003	78.1	16 h 34 min 49 sec
21800	46.62999896220863	78.2	43.828	36.84847	105.6	-26.5	78.5	16 h 37 min 38 sec
21850	16.754998817294837	80.0	33.701	41.16605	112.0	-50.9	77.56	16 h 39 min 31 sec
21900	9.364999172836542	80.0	39.529	40.173576	117.8	-48.95	76.38	16 h 40 min 58 sec
21950	30.114999068900943	80.0	39.931	29.351137	106.549995	-28.000002	78.42	16 h 42 min 54 sec
22000	53.34999885968864	73.1	38.255	37.57768	112.3	-42.25	78.02	16 h 45 min 35 sec
22050	26.749998722597958	80.0	51.107	28.49556	104.65	-9.85	77.44	16 h 47 min 46 sec
22100	24.704998626559973	74.6	43.706997	34.11363	112.1	-19.850002	77.3	16 h 50 min 42 sec
22150	83.81999908909202	70.2	43.91	27.426857	109.25	-10.950001	78.72	16 h 52 min 41 sec
22200	31.144998848065732	77.6	51.920998	37.188232	109.75	-34.5	75.62	16 h 54 min 13 sec
22250	56.01499917022884	73.8	51.014	39.77064	118.25	-35.7	73.94	16 h 55 min 27 sec
22300	61.07499911338091	78.5	53.795	37.730446	120.3	-23.050001	74.46	16 h 57 min 43 sec
22350	35.48999876119196	76.5	39.350998	35.143326	116.2	-36.45	77.78	17 h 0 min 11 sec
22400	47.11999914012849	75.3	38.794994	38.30435	113.3	-34.800003	76.4	17 h 2 min 55 sec
22450	51.184999090433124	80.0	43.24	37.188793	108.4	-37.9	77.38	17 h 5 min 52 sec
22500	45.684998989850286	73.3	39.703	37.659325	111.8	-32.65	78.04	17 h 7 min 28 sec
22550	77.0499991543591	64.4	52.247997	34.03794	107.7	-27.250002	77.3	17 h 10 min 9 sec
22600	57.934998909756544	76.8	44.156002	39.630737	113.8	-47.100002	77.12	17 h 11 min 49 sec
22650	34.84499888643622	77.3	32.998	42.854733	102.5	-72.450005	79.1	17 h 12 min 43 sec
22700	57.49499902427196	80.0	42.151997	30.997341	102.299995	-31.500002	79.08	17 h 14 min 58 sec
22750	49.469999089837074	80.0	43.324005	40.48738	114.05	-37.4	77.3	17 h 16 min 34 sec
22800	38.279998966678974	80.0	40.692	35.96061	106.05	-27.300001	78.82	17 h 17 min 50 sec
22850	19.214998726919294	80.0	44.075005	34.894535	115.0	-20.2	77.18	17 h 20 min 57 sec
22900	70.23499936722219	60.3	48.793	31.9806	112.15	-40.2	78.58	17 h 23 min 54 sec
22950	27.17999919578433	75.6	53.233997	39.97701	114.9	-30.2	75.08	17 h 26 min 6 sec
23000	34.539998828619716	77.9	40.554	34.230362	111.5	-35.65	78.02	17 h 29 min 51 sec
23050	28.74999882467091	80.0	43.956	32.184048	106.3	-13.800001	78.82	17 h 32 min 42 sec
23100	26.34999885223806	78.4	47.652	34.379433	106.2	-25.25	77.58	17 h 34 min 6 sec
23150	43.204998752102256	80.0	30.272999	33.009125	118.65	-62.250004	78.46	17 h 36 min 8 sec
23200	23.439999230578543	78.9	40.742	37.421516	111.0	-35.75	78.2	17 h 38 min 23 sec
23250	44.88499902188778	80.0	34.838	34.796803	99.85	-40.95	79.74	17 h 39 min 52 sec
23300	77.25999928154052	72.3	29.532997	38.635826	103.0	-48.5	78.5	17 h 41 min 19 sec
23350	52.82499863989651	80.0	39.799	34.777897	113.45	-40.55	77.5	17 h 42 min 47 sec
23400	35.87499850541353	78.7	43.218	41.47909	106.35	-46.600002	77.12	17 h 44 min 23 sec
23450	47.28999914899468	72.9	39.995995	43.525284	110.25	-50.25	77.02	17 h 45 min 16 sec
23500	64.79499892853201	75.3	44.003002	36.11435	106.4	-19.800001	79.14	17 h 46 min 26 sec
23550	46.23999893069267	80.0	35.985	38.87232	113.15	-60.100002	77.96	17 h 49 min 42 sec
23600	42.59999915361404	80.0	33.630997	38.635857	104.15	-46.800003	78.62	17 h 52 min 2 sec
23650	24.614998940378428	80.0	47.189	35.40938	114.45	-49.75	77.12	17 h 54 min 5 sec
23700	14.709999000653625	80.0	42.985	36.577896	100.549995	-23.800001	78.54	17 h 55 min 28 sec
23750	-1.340001731738448	80.0	33.432	32.767906	94.45	-38.95	79.86	17 h 58 min 0 sec
23800	15.979999003186823	80.0	44.720997	35.142838	104.25	-28.050001	78.38	18 h 1 min 9 sec
23850	31.969998928904534	70.7	46.942997	37.070637	117.85	-31.85	76.02	18 h 2 min 10 sec
23900	19.304999133571982	80.0	44.952003	36.068844	118.15	-33.2	76.8	18 h 3 min 36 sec
23950	42.12999908775091	80.0	45.730003	42.102806	112.8	-33.2	75.68	18 h 5 min 59 sec
24000	58.09999893568456	71.8	52.818993	34.522675	117.3	-24.050001	75.38	18 h 9 min 13 sec
24050	63.049999156966805	73.6	50.849	33.751583	111.85	-18.6	76.88	18 h 10 min 45 sec
24100	67.17999894581735	62.7	49.157	34.879513	111.65	-25.0	76.66	18 h 13 min 11 sec
24150	47.6849988322705	76.2	41.081	37.27249	109.95	-34.3	78.46	18 h 15 min 8 sec
24200	36.244999065995216	78.8	41.965	34.99985	100.65	-30.95	79.14	18 h 16 min 32 sec
24250	23.889998926594853	77.1	44.026997	38.451923	110.35	-51.0	77.98	18 h 18 min 19 sec
24300	43.319999108091	75.7	37.271	38.673565	109.45	-38.45	77.6	18 h 19 min 59 sec
24350	32.04999911896884	77.2	60.627003	33.256027	110.1	-18.800001	76.42	18 h 20 min 59 sec
24400	2.719999036192894	80.0	50.345	37.787502	108.7	-33.9	77.34	18 h 23 min 16 sec
24450	58.23999925144017	72.6	48.183	41.914604	118.2	-33.75	74.64	18 h 24 min 8 sec
24500	31.979998794198035	77.7	45.739	35.020367	111.7	-17.650002	77.64	18 h 25 min 50 sec
24550	42.099998991936445	80.0	48.889996	36.678585	115.45	-26.85	76.9	18 h 27 min 23 sec
24600	56.759999031201005	76.0	45.86	36.12086	105.799995	-49.600002	78.16	18 h 29 min 51 sec
24650	38.81999855265021	79.6	36.872997	36.40263	103.0	-23.400002	78.6	18 h 32 min 30 sec
24700	52.7299989707768	80.0	41.761	36.259773	107.25	-25.2	76.64	18 h 33 min 26 sec
24750	15.309998891130089	78.0	51.318005	33.21801	118.85	-36.4	76.4	18 h 34 min 43 sec
24800	7.334998369961977	80.0	41.15	38.893234	103.299995	-37.75	78.34	18 h 35 min 54 sec
24850	50.14999867714941	78.5	45.759995	44.65045	116.6	-50.7	74.28	18 h 38 min 32 sec
24900	52.38499913699925	73.5	51.886997	38.19024	105.65	-18.35	76.72	18 h 41 min 44 sec
24950	58.04499889574945	80.0	38.92	33.70256	109.8	-26.2	77.86	18 h 43 min 56 sec
25000	51.37999881543219	65.9	42.095	42.120285	113.3	-29.6	73.96	18 h 45 min 1 sec
25050	51.03999886736274	75.8	47.956	32.539288	105.95	-20.85	77.2	18 h 46 min 47 sec
25100	56.57499893754721	72.9	42.168	33.734528	106.2	-32.850002	77.44	18 h 48 min 30 sec
25150	36.29499905072153	80.0	42.343994	31.455685	108.0	-38.2	77.94	18 h 49 min 26 sec
25200	45.659998911991714	70.9	38.768997	36.185066	115.2	-38.9	78.3	18 h 50 min 21 sec
25250	36.30499880611897	80.0	46.163	35.980293	125.3	-41.3	77.32	18 h 53 min 27 sec
25300	27.50499858930707	80.0	41.262997	38.68789	104.6	-26.250002	77.0	18 h 56 min 6 sec
25350	71.90499914549291	73.2	40.490997	36.774975	105.7	-33.95	77.84	18 h 57 min 51 sec
25400	29.834998547658323	80.0	39.573	36.71078	111.7	-30.150002	77.4	19 h 0 min 50 sec
25450	47.06999868229032	70.8	43.637	39.994194	111.25	-47.850002	77.24	19 h 2 min 49 sec
25500	69.5499990746379	66.0	48.829002	38.43935	108.4	-38.350002	76.42	19 h 5 min 38 sec
25550	9.5199986230582	80.0	38.385	39.291016	109.55	-43.050003	78.04	19 h 8 min 12 sec
25600	49.47999893203378	69.2	37.616997	37.591427	115.3	-40.300003	78.3	19 h 10 min 24 sec
25650	27.369999096542596	80.0	40.319996	39.457474	107.9	-41.45	78.26	19 h 11 min 19 sec
25700	17.804998600110412	80.0	44.984005	41.11745	114.4	-56.4	78.44	19 h 13 min 29 sec
25750	38.904999221116306	76.3	46.552002	42.73395	117.5	-41.0	75.64	19 h 16 min 47 sec
25800	35.05499902851879	78.8	42.901	37.245113	119.85	-19.95	76.18	19 h 17 min 56 sec
25850	36.99999905154109	78.6	41.106003	37.093285	115.5	-33.4	76.96	19 h 20 min 12 sec
25900	25.11999865435064	80.0	48.277	35.78044	109.4	-40.7	77.58	19 h 21 min 53 sec
25950	23.874998974055053	78.0	52.99	38.133602	118.15	-29.1	75.76	19 h 22 min 45 sec
26000	75.35999914370477	64.0	45.241997	34.70946	107.45	-42.95	79.18	19 h 25 min 19 sec
26050	32.264999099448325	77.1	52.059	36.32653	117.35	-21.550001	75.98	19 h 26 min 40 sec
26100	43.699999042227866	76.7	43.242	39.963776	111.85	-39.3	76.34	19 h 29 min 32 sec
26150	4.354998579621315	80.0	44.990997	39.12057	108.45	-29.550001	76.9	19 h 32 min 3 sec
26200	73.35499919429421	77.2	37.328995	38.69709	103.75	-41.800003	78.12	19 h 35 min 12 sec
26250	47.339999149367216	80.0	43.62	35.48133	102.4	-20.500002	78.02	19 h 36 min 48 sec
26300	10.679999348893762	80.0	53.92	38.62276	114.25	-32.45	75.78	19 h 39 min 6 sec
26350	48.08999897055328	77.5	61.412	33.096684	117.15	-19.6	74.96	19 h 41 min 39 sec
26400	36.40499917194247	78.2	36.880997	38.380505	112.75	-51.75	77.24	19 h 43 min 6 sec
26450	64.65499933809042	73.1	41.431	32.115734	109.55	-37.850002	79.18	19 h 46 min 20 sec
26500	40.41499894745648	80.0	56.245	34.006596	110.8	-30.35	76.16	19 h 48 min 33 sec
26550	28.314999037235975	80.0	46.340996	44.114716	118.0	-46.4	74.08	19 h 50 min 55 sec
26600	57.119998804852365	78.7	51.656998	32.97305	108.8	-38.55	78.1	19 h 52 min 52 sec
26650	32.88499893136323	76.0	55.722	34.408573	110.6	-20.900002	77.0	19 h 55 min 55 sec
26700	35.25999870374799	80.0	37.638996	33.137676	111.3	-26.5	78.66	19 h 56 min 49 sec
26750	64.43499888628722	72.1	44.492	36.689075	117.75	-38.95	76.0	19 h 58 min 19 sec
26800	65.72999907881021	74.0	47.566	33.81592	103.799995	-27.800001	77.84	20 h 0 min 6 sec
26850	77.48499905094505	80.0	58.425995	35.47647	113.95	-38.15	75.52	20 h 1 min 41 sec
26900	10.614998796954751	80.0	49.801006	33.889072	112.35	-20.25	76.9	20 h 2 min 37 sec
26950	68.14999888651073	67.7	47.739	38.78603	110.3	-55.45	76.14	20 h 3 min 30 sec
27000	31.514998956024648	77.2	48.174	41.775856	113.55	-28.1	76.72	20 h 4 min 24 sec
27050	69.59999926239252	73.5	54.800995	41.82975	113.85	-42.2	75.76	20 h 5 min 16 sec
27100	69.35499914623797	71.2	42.281998	35.089268	110.55	-32.15	78.1	20 h 7 min 0 sec
27150	22.674998918920757	78.4	49.984997	35.68835	123.15	-21.2	77.08	20 h 9 min 42 sec
27200	63.3699991825968	62.6	43.310997	33.66224	116.95	-36.2	77.16	20 h 11 min 48 sec
27250	50.99499894864857	76.1	50.257004	36.502884	108.7	-24.2	76.48	20 h 14 min 7 sec
27300	23.394999235868454	75.3	44.6	40.02058	109.4	-33.8	76.16	20 h 16 min 50 sec
27350	26.319998528808355	80.0	54.1	37.290962	113.6	-28.300001	75.24	20 h 18 min 5 sec
27400	40.054998779296874	80.0	43.238	40.094593	115.3	-37.2	74.98	20 h 20 min 20 sec
27450	56.81999891027808	74.7	48.009995	39.992676	115.0	-34.55	75.72	20 h 21 min 27 sec
27500	44.354998438060285	76.8	43.922997	32.455498	107.65	-24.050001	78.0	20 h 22 min 37 sec
27550	67.81999919824302	68.3	48.448997	37.056778	115.4	-43.75	76.7	20 h 24 min 22 sec
27600	46.26999908275902	75.0	48.772003	38.290894	113.35	-18.45	75.44	20 h 26 min 22 sec
27650	38.89999895170331	80.0	40.865997	39.880943	106.15	-51.5	78.36	20 h 29 min 29 sec
27700	47.874998608976604	76.3	46.253998	38.917988	109.1	-47.15	78.4	20 h 32 min 41 sec
27750	28.17499923147261	78.3	45.233	41.25517	115.7	-39.0	74.28	20 h 35 min 6 sec
27800	70.29999906793236	60.2	50.564	35.09134	119.95	-20.550001	76.86	20 h 38 min 11 sec
27850	53.554999041184786	77.0	40.739	34.365242	99.799995	-31.800001	79.44	20 h 40 min 49 sec
27900	58.41499908789992	75.8	41.686	30.917765	106.65	-26.150002	78.16	20 h 44 min 41 sec
27950	36.15999894440174	77.0	40.167	33.976574	121.8	-21.5	77.72	20 h 45 min 32 sec
28000	49.669998994097114	79.4	51.241997	38.136513	112.0	-25.150002	76.16	20 h 47 min 6 sec
28050	42.17999882474542	76.2	49.348	35.986164	111.65	-34.100002	77.52	20 h 49 min 18 sec
28100	69.30499916300178	76.4	52.701	41.49443	119.4	-39.050003	75.38	20 h 51 min 2 sec
28150	67.9649990618229	73.2	43.636997	37.965343	105.85	-52.5	77.62	20 h 52 min 41 sec
28200	45.45499899312854	80.0	43.631	36.049606	110.3	-32.05	77.44	20 h 54 min 12 sec
28250	56.65499905496836	76.5	42.566998	37.635075	101.45	-65.4	79.1	20 h 55 min 21 sec
28300	71.20499900318683	76.2	53.947998	31.297848	105.9	-26.100002	77.02	20 h 56 min 7 sec
28350	48.75999882444739	74.3	47.378998	37.251873	120.05	-41.2	77.38	20 h 57 min 57 sec
28400	41.284998938068746	77.1	49.183	38.052765	114.55	-31.300001	76.56	21 h 1 min 47 sec
28450	58.634998955205084	77.5	36.023	37.194878	107.5	-36.7	78.36	21 h 4 min 37 sec
28500	75.46999896876514	72.4	36.947	33.698254	105.9	-28.95	78.46	21 h 7 min 48 sec
28550	60.6199989117682	75.3	46.541996	35.119503	116.05	-42.100002	76.7	21 h 10 min 22 sec
28600	23.1749986756593	77.0	43.968006	37.58645	111.15	-41.2	77.74	21 h 13 min 33 sec
28650	48.19499917030335	74.5	46.389	34.869167	99.35	-32.4	79.32	21 h 15 min 22 sec
28700	36.37499896325171	77.0	52.176006	34.946976	114.55	-18.150002	77.34	21 h 17 min 26 sec
28750	3.8599985271692274	76.3	44.630997	33.15196	103.85	-37.100002	78.14	21 h 19 min 44 sec
28800	23.3199990041554	80.0	43.786	37.97913	113.65	-29.650002	76.1	21 h 22 min 51 sec
28850	53.179999094828965	67.5	44.304996	33.319653	97.15	-27.5	79.14	21 h 24 min 15 sec
28900	66.70499895177781	76.3	47.704	34.35844	119.1	-22.400002	77.0	21 h 25 min 3 sec
28950	23.84999888688326	79.0	50.197	36.539417	108.4	-30.650002	78.24	21 h 27 min 24 sec
29000	26.81999892257154	71.8	54.563	36.17374	114.35	-19.650002	76.14	21 h 30 min 35 sec
29050	41.6349991671741	77.2	50.961002	37.432404	107.95	-32.65	76.9	21 h 32 min 29 sec
29100	27.06499877125025	80.0	38.168	46.166687	119.15	-60.850002	76.16	21 h 33 min 41 sec
29150	80.10999914221466	69.3	44.66	33.817345	102.25	-41.050003	78.38	21 h 34 min 27 sec
29200	58.674998850002886	74.7	48.82	38.727505	118.45	-26.2	76.3	21 h 35 min 36 sec
29250	72.3399990234524	70.1	49.490997	37.87259	113.7	-17.300001	77.04	21 h 36 min 36 sec
29300	38.52999898269773	80.0	57.97	36.585896	112.85	-25.550001	73.94	21 h 37 min 21 sec
29350	33.06499876230955	80.0	46.578	34.55889	113.25	-25.300001	76.7	21 h 38 min 6 sec
29400	29.164999093860388	80.0	43.031002	37.048122	113.05	-38.65	77.52	21 h 39 min 39 sec
29450	58.99999912455678	72.9	44.261997	36.048626	119.35	-43.7	77.7	21 h 42 min 18 sec
29500	16.75499874390662	80.0	51.442997	36.33004	117.1	-22.35	76.46	21 h 44 min 9 sec
29550	51.78499896489084	77.4	46.335007	38.87454	108.65	-35.75	76.98	21 h 47 min 41 sec
29600	79.24999913088978	72.1	57.090996	33.87949	111.85	-18.800001	75.52	21 h 49 min 10 sec
29650	35.75999897941947	80.0	54.558002	43.749336	123.1	-29.95	72.04	21 h 52 min 2 sec
29700	29.05999896749854	76.0	56.140003	36.110535	110.35	-17.900002	74.94	21 h 53 min 19 sec
29750	70.21999919228256	69.5	39.405	39.652767	101.4	-35.15	78.48	21 h 55 min 30 sec
29800	57.204999287799	71.0	50.636993	34.143204	109.95	-14.650001	76.74	21 h 57 min 2 sec
29850	39.954998805746435	75.7	50.993004	40.980816	121.5	-40.250004	75.58	22 h 0 min 22 sec
29900	38.53999891504645	79.9	39.583996	39.67611	115.05	-35.75	76.04	22 h 2 min 15 sec
29950	29.089999148622155	80.0	49.942	38.162395	111.75	-30.850002	76.66	22 h 3 min 52 sec
30000	65.09999885633587	73.7	56.026997	35.36608	112.6	-24.050001	75.86	22 h 6 min 48 sec
30050	33.43999883942306	74.0	49.919994	34.835957	116.75	-27.900002	77.58	22 h 8 min 42 sec
30100	35.70999930389225	79.2	38.861996	33.850483	104.95	-20.95	78.68	22 h 10 min 56 sec
30150	37.39999899119139	76.7	41.799	39.68929	112.4	-46.15	78.14	22 h 13 min 44 sec
30200	47.2449989695102	77.8	50.452003	37.002533	110.2	-33.45	77.26	22 h 14 min 46 sec
30250	72.07499899752437	74.4	51.877003	36.589577	109.85	-46.9	75.9	22 h 16 min 1 sec
30300	70.13499910458923	78.1	43.88	38.963345	113.75	-40.4	76.66	22 h 18 min 8 sec
30350	33.049998964741825	72.2	42.112003	40.471985	108.4	-28.2	77.06	22 h 21 min 21 sec
30400	64.95999896600843	73.0	46.631004	34.945	110.15	-26.85	77.64	22 h 24 min 2 sec
30450	53.83999916799367	79.3	53.465996	32.0484	109.5	-11.700001	77.56	22 h 26 min 4 sec
30500	63.949999027699235	76.8	51.576996	41.63459	115.7	-44.95	75.88	22 h 27 min 26 sec
30550	68.67999894991517	75.9	50.810997	38.59574	104.1	-31.35	76.92	22 h 28 min 57 sec
30600	37.74499908611178	80.0	48.117	38.38875	114.85	-36.7	76.92	22 h 32 min 15 sec
30650	37.39999854229391	72.2	56.808002	36.46639	120.2	-17.550001	74.16	22 h 33 min 59 sec
30700	51.14499903321266	80.0	48.640995	36.129807	112.4	-18.75	76.46	22 h 35 min 49 sec
30750	57.419999124482274	76.3	51.560997	38.297195	120.45	-25.150002	75.14	22 h 38 min 28 sec
30800	31.219998663291335	80.0	52.001	40.006016	112.5	-43.350002	74.72	22 h 41 min 39 sec
30850	63.00499904863536	80.0	54.247	37.7843	112.65	-34.05	76.48	22 h 43 min 11 sec
30900	81.0799991492182	63.5	49.291	35.2216	120.4	-20.050001	74.98	22 h 45 min 36 sec
30950	47.33499903716147	73.1	53.346	43.4761	121.65	-34.350002	74.34	22 h 47 min 39 sec
31000	89.19999930150807	64.4	60.203	34.34413	123.15	-21.800001	75.46	22 h 50 min 33 sec
31050	63.85999895706773	76.6	45.113003	36.204346	113.3	-42.300003	76.84	22 h 52 min 10 sec
31100	17.509998977556826	69.1	52.982	36.238243	111.8	-23.0	76.52	22 h 54 min 37 sec
31150	25.349998895078897	79.1	48.266003	36.715187	108.95	-29.050001	76.4	22 h 57 min 52 sec
31200	55.34499908015132	80.0	48.796997	42.934914	110.3	-29.1	75.2	22 h 59 min 40 sec
31250	43.18999901600182	71.2	47.540997	41.306656	110.5	-30.5	75.72	23 h 1 min 34 sec
31300	56.549999092146756	72.8	55.671	34.95019	111.35	-22.7	76.48	23 h 3 min 4 sec
31350	56.04499893039465	65.4	37.253998	42.692722	111.3	-46.25	76.8	23 h 5 min 3 sec
31400	17.314998815208675	75.9	37.42	35.748135	103.75	-41.75	78.94	23 h 5 min 41 sec
31450	40.03999896384776	69.5	43.47	41.376316	117.45	-55.15	76.4	23 h 6 min 17 sec
31500	72.8899991799146	58.8	42.23	40.325386	101.45	-56.25	78.36	23 h 6 min 55 sec
31550	34.80499912239611	80.0	46.035995	36.610508	111.7	-33.000004	77.16	23 h 7 min 33 sec
31600	50.899999286606906	72.7	45.678	36.858707	114.4	-34.95	77.24	23 h 8 min 10 sec
31650	34.84499914683401	80.0	50.229	40.78904	114.85	-37.7	76.3	23 h 8 min 48 sec
31700	63.274999073147775	80.0	55.241997	37.81214	108.85	-42.100002	74.36	23 h 9 min 25 sec
31750	68.35999909117818	71.8	41.149994	42.41585	106.25	-43.4	77.38	23 h 10 min 3 sec
31800	39.374998952448365	80.0	48.935	41.214348	114.1	-40.45	75.18	23 h 10 min 40 sec
31850	16.514998806640506	80.0	53.245	37.256332	119.1	-40.3	76.26	23 h 11 min 17 sec
31900	26.704998779669403	80.0	52.958004	32.87045	120.3	-18.0	77.76	23 h 11 min 57 sec
31950	50.11999888233841	73.8	42.33	39.6332	114.3	-40.15	76.38	23 h 12 min 35 sec
32000	18.419998697564004	77.1	49.516003	37.95375	124.35	-37.7	76.7	23 h 13 min 16 sec
32050	54.424998784437776	66.0	63.341995	35.78432	118.3	-18.7	71.7	23 h 13 min 53 sec
32100	35.474998420849445	75.1	51.64	40.33138	115.9	-58.600002	75.34	23 h 14 min 31 sec
32150	46.464999080076815	77.0	50.821	36.902054	106.65	-50.0	77.0	23 h 15 min 8 sec
32200	65.87999904751777	80.0	45.620995	40.23036	117.45	-41.3	76.32	23 h 15 min 46 sec
32250	37.2299986705184	77.5	37.233	41.031033	118.85	-35.75	75.82	23 h 16 min 23 sec
32300	32.05999881438911	75.8	52.302998	33.93482	113.4	-40.45	77.5	23 h 17 min 1 sec
32350	56.60999886207283	74.3	48.413998	39.94459	121.55	-39.0	75.86	23 h 17 min 37 sec
32400	42.71999866850674	78.6	37.291	41.214924	104.95	-49.600002	78.6	23 h 18 min 18 sec
32450	47.96499882563948	76.7	47.48	37.248383	114.1	-38.5	78.04	23 h 18 min 58 sec
32500	66.99499907158315	76.5	53.761	32.806408	114.55	-11.600001	76.02	23 h 19 min 34 sec
32550	53.26499896086752	78.5	51.375996	42.66338	117.65	-40.65	75.34	23 h 20 min 11 sec
32600	58.34999909847975	73.0	51.135998	36.844578	109.25	-19.2	76.78	23 h 20 min 49 sec
32650	56.05499880053103	70.2	41.351997	41.755207	109.15	-44.9	78.26	23 h 21 min 29 sec
32700	70.13999901823699	72.8	51.854	37.6242	109.75	-61.600002	75.9	23 h 22 min 8 sec
32750	50.44999884478748	74.0	54.486	35.47719	111.75	-40.55	76.76	23 h 22 min 46 sec
32800	64.10999923348427	72.1	46.18	28.57189	105.549995	-21.650002	79.14	23 h 23 min 24 sec
32850	43.579999069869515	75.9	56.566	31.22812	115.55	-7.800001	77.6	23 h 24 min 2 sec
32900	82.10999926514924	62.3	51.616997	40.01919	116.25	-20.75	74.62	23 h 24 min 38 sec
32950	37.649998649954796	70.0	37.569	42.70626	112.799995	-49.7	77.06	23 h 25 min 15 sec
33000	49.77499914355576	70.2	47.837997	34.601036	121.25	-28.050001	77.44	23 h 25 min 52 sec
33050	46.239998899400234	80.0	54.195995	37.644478	106.75	-44.5	76.66	23 h 26 min 30 sec
33100	21.274998600035907	72.2	50.18199	42.439827	118.5	-41.2	74.4	23 h 27 min 9 sec
33150	39.84999884516001	76.4	42.275	39.858543	109.15	-49.9	77.76	23 h 27 min 56 sec
33200	75.0649990607053	69.4	52.421997	34.93511	115.25	-20.050001	75.9	23 h 28 min 35 sec
33250	26.97999899536371	75.1	44.308	37.874947	115.15	-35.25	76.46	23 h 29 min 13 sec
33300	89.44999927394092	55.2	55.968998	34.558617	120.85	-26.150002	75.7	23 h 29 min 52 sec
33350	80.16499892249703	74.3	61.778996	33.925606	112.65	-41.850002	74.6	23 h 30 min 31 sec
33400	44.5949989400804	79.2	52.071	32.62111	107.95	-27.150002	77.9	23 h 31 min 10 sec
33450	55.494999039918184	78.2	47.768	37.56385	112.85	-43.350002	77.34	23 h 31 min 49 sec
33500	76.03999920040368	56.4	50.811	36.536613	121.2	-40.2	76.24	23 h 32 min 31 sec
33550	47.22499920651317	79.8	50.165	33.82582	102.35	-36.2	78.9	23 h 33 min 18 sec
33600	57.694999096170065	70.1	52.572	38.428802	112.6	-38.4	75.5	23 h 33 min 58 sec
33650	60.6049990773201	68.0	54.468998	38.357616	109.25	-31.400002	75.64	23 h 34 min 37 sec
33700	21.504998893290757	80.0	49.578	31.947147	115.2	-25.2	78.14	23 h 35 min 16 sec
33750	65.00999904982746	71.0	54.973	37.823093	115.95	-29.650002	77.78	23 h 35 min 54 sec
33800	57.73499913662672	78.0	53.052	36.737793	118.3	-21.0	75.22	23 h 36 min 30 sec
33850	62.88499912694097	74.8	51.876	40.372055	112.75	-29.050001	75.6	23 h 37 min 9 sec
33900	37.24499913267791	76.4	62.076	34.127686	112.35	-43.05	75.12	23 h 37 min 47 sec
33950	48.81999927200377	75.4	52.477	34.054287	113.95	-40.0	76.8	23 h 38 min 29 sec
34000	68.24499896988273	74.3	54.586998	40.160145	117.1	-32.15	74.7	23 h 39 min 9 sec
34050	68.52499917335808	72.7	42.51	35.09034	122.4	-26.550001	78.14	23 h 39 min 52 sec
34100	23.86499905884266	70.7	51.855	39.817135	118.95	-18.800001	74.16	23 h 40 min 28 sec
34150	59.8449988938868	74.6	53.543	34.71279	107.7	-14.950001	76.96	23 h 41 min 6 sec
34200	55.98999914824962	80.0	51.835995	37.77103	115.55	-34.95	75.94	23 h 41 min 44 sec
34250	26.70999908298254	77.1	47.93	34.76127	106.55	-24.6	78.94	23 h 42 min 31 sec
34300	33.859999092295766	80.0	59.828995	38.417046	113.0	-37.9	75.86	23 h 43 min 18 sec
34350	20.824998851493	80.0	49.612003	38.41024	110.85	-20.300001	75.4	23 h 43 min 58 sec
34400	28.91499878913164	75.5	40.685	41.522827	113.9	-34.8	77.68	23 h 44 min 37 sec
34450	60.369999116286635	67.6	37.836998	35.249557	107.3	-38.350002	79.3	23 h 45 min 15 sec
34500	64.21499886214733	71.3	53.671	33.557983	113.55	-19.900002	74.68	23 h 45 min 52 sec
34550	74.00999919213355	66.3	51.689995	36.436485	107.95	-41.55	76.82	23 h 46 min 30 sec
34600	23.399998814612626	79.5	52.690994	40.96182	117.75	-36.95	75.84	23 h 47 min 9 sec
34650	37.20499931350351	74.3	38.99	36.043797	111.0	-26.7	77.38	23 h 47 min 48 sec
34700	57.099998984858395	75.9	55.536	37.444244	116.5	-14.750001	74.6	23 h 48 min 25 sec
34750	32.509998665377495	77.8	43.576996	31.513823	105.3	-20.0	78.02	23 h 49 min 5 sec
34800	65.75499907098711	77.5	55.894997	33.61554	115.15	-16.95	74.42	23 h 49 min 41 sec
34850	79.32999932095409	65.8	53.689	35.988335	113.55	-23.2	74.52	23 h 50 min 19 sec
34900	93.8899991940707	61.4	49.365	42.50923	110.9	-29.050001	75.1	23 h 50 min 56 sec
34950	43.224998880177736	79.1	47.424	39.039856	110.05	-17.750002	76.4	23 h 51 min 33 sec
35000	69.12999917678535	73.2	54.83599	34.889854	118.65	-39.55	77.08	23 h 52 min 11 sec
35050	77.51499926410615	70.2	51.686996	41.87925	119.1	-46.800003	74.96	23 h 52 min 48 sec
35100	41.87999903075397	78.6	51.439995	36.199978	110.0	-33.600002	76.42	23 h 53 min 25 sec
35150	38.95499898418784	74.4	54.652	34.59137	114.75	-3.600001	75.72	23 h 54 min 3 sec
35200	74.23499906137586	72.0	57.959	39.674507	113.6	-38.3	74.44	23 h 54 min 41 sec
35250	74.97499912045896	74.9	55.934006	36.926926	109.55	-38.25	75.32	23 h 55 min 19 sec
35300	65.8549992337823	77.3	48.259995	38.08671	109.3	-37.25	77.86	23 h 55 min 56 sec
35350	49.43999889716506	71.6	56.395	34.88267	114.1	-5.900001	76.02	23 h 56 min 32 sec
35400	58.839999058097604	74.7	55.030006	39.643597	118.6	-24.25	74.06	23 h 57 min 11 sec
35450	70.34499918296933	72.0	60.856003	38.217422	112.85	-33.300003	73.22	23 h 57 min 48 sec
35500	47.98999902866781	77.0	51.427	39.931953	115.25	-42.2	73.72	23 h 58 min 27 sec
35550	87.4449992891401	65.2	52.946	38.66185	118.35	-15.800001	75.22	23 h 59 min 5 sec
35600	45.91999884210527	80.0	46.977997	39.384678	113.3	-43.95	74.9	23 h 59 min 42 sec
35650	43.31999893300235	73.6	52.735	35.461903	111.1	-40.350002	75.14	24 h 0 min 20 sec
35700	63.98999917320907	61.9	55.573	39.136055	114.7	-46.45	74.84	24 h 0 min 56 sec
35750	78.57999913990497	70.0	59.572002	37.207977	109.55	-33.600002	74.6	24 h 1 min 31 sec
35800	25.494998701661824	72.6	55.139996	43.02219	116.2	-48.350002	71.88	24 h 2 min 10 sec
35850	84.46499921679496	57.7	40.093	35.376575	115.55	-47.300003	78.76	24 h 2 min 46 sec
35900	30.009998712316154	80.0	50.478004	34.557278	108.7	-31.6	77.26	24 h 3 min 25 sec
35950	34.93999901972711	77.4	42.234997	33.74519	111.6	-18.75	77.7	24 h 4 min 3 sec
36000	72.23499913364648	74.6	43.752	38.11782	104.75	-37.850002	77.68	24 h 4 min 42 sec
36050	53.154999021813275	73.9	58.73	38.48208	122.0	-19.650002	73.4	24 h 5 min 19 sec
36100	37.24499919973314	80.0	54.620007	37.208874	111.5	-31.050001	75.08	24 h 5 min 58 sec
36150	27.74499899111688	80.0	48.489002	35.105183	112.75	-33.15	77.48	24 h 6 min 37 sec
36200	51.21499899029732	72.0	54.37	37.975433	118.25	-55.050003	75.82	24 h 7 min 14 sec
36250	61.69499905705452	70.7	46.936993	36.096733	114.65	-20.050001	76.62	24 h 7 min 55 sec
36300	23.904998932778835	80.0	43.211998	41.440887	116.1	-50.25	76.66	24 h 8 min 41 sec
36350	61.93999904952943	64.9	49.515995	39.048504	107.9	-37.4	76.74	24 h 9 min 24 sec
36400	37.209998947009446	73.4	54.903004	32.507435	114.9	-16.45	76.18	24 h 10 min 3 sec
36450	63.66999899931252	71.4	55.229996	36.66363	115.0	-46.75	76.16	24 h 10 min 40 sec
36500	43.194998770952225	77.2	47.963	38.499763	123.25	-47.65	75.68	24 h 11 min 20 sec
36550	46.32999886162579	80.0	42.024994	36.658916	107.35	-20.85	77.34	24 h 12 min 6 sec
36600	50.999999060854314	73.7	49.551003	34.514366	105.65	-18.400002	75.96	24 h 12 min 46 sec
36650	43.47999928370118	80.0	47.492	34.99856	108.15	-21.000002	76.74	24 h 13 min 24 sec
36700	52.0949989374727	78.8	50.254993	38.983944	108.9	-22.800001	76.12	24 h 14 min 5 sec
36750	46.48499872423709	76.6	49.453995	34.575996	105.55	-34.55	78.18	24 h 14 min 45 sec
36800	45.40999915041029	70.2	45.941	32.259506	104.7	-26.550001	78.18	24 h 15 min 22 sec
36850	46.11999927982688	74.6	51.822002	34.961086	114.1	-18.85	76.34	24 h 16 min 2 sec
36900	70.62499907314778	75.8	48.748	37.337337	118.0	-21.6	76.98	24 h 16 min 49 sec
36950	45.99499912075699	74.6	45.171997	37.482983	109.4	-49.7	76.6	24 h 17 min 29 sec
37000	16.844998606294393	77.7	48.197998	38.9434	118.55	-14.300001	75.26	24 h 18 min 7 sec
37050	47.424998826906084	76.8	51.985004	29.24325	115.15	-4.700001	78.34	24 h 18 min 47 sec
37100	66.3599991414696	73.9	46.034996	35.0994	105.799995	-37.45	78.7	24 h 19 min 25 sec
37150	78.22499896101654	78.4	38.617996	33.61635	107.95	-32.350002	78.58	24 h 20 min 5 sec
37200	15.184998965635895	79.2	42.252	39.85984	118.6	-51.2	77.06	24 h 20 min 43 sec
37250	40.52999885417521	74.8	51.050995	34.28303	108.6	-18.500002	76.98	24 h 21 min 22 sec
37300	36.794999320432545	70.8	40.137	37.305798	103.049995	-24.2	77.42	24 h 22 min 0 sec
37350	52.254998902231456	73.1	52.726997	35.025383	105.75	-43.25	77.48	24 h 22 min 39 sec
37400	50.034998926892875	78.7	37.002	37.58403	103.25	-52.500004	79.0	24 h 23 min 23 sec
37450	41.85499896742404	80.0	38.922	37.635918	110.0	-25.800001	77.48	24 h 24 min 4 sec
37500	57.66499923206866	75.4	49.6	38.81408	113.55	-24.85	76.3	24 h 24 min 44 sec
37550	20.05999884940684	80.0	49.059	40.198082	113.05	-27.75	77.62	24 h 25 min 22 sec
37600	45.589998721703886	80.0	47.674004	33.190243	105.5	-23.500002	78.42	24 h 26 min 2 sec
37650	67.70999901033937	67.5	46.921	39.537766	116.95	-36.2	76.62	24 h 26 min 41 sec
37700	45.90499898828566	76.8	38.405	39.947044	100.0	-47.4	78.72	24 h 27 min 19 sec
37750	-9.610002124682069	80.0	47.636	39.55322	118.55	-26.550001	75.48	24 h 27 min 58 sec
37800	6.069999174028635	80.0	49.031002	40.575344	116.15	-26.300001	74.82	24 h 28 min 37 sec
37850	43.904999035969375	80.0	43.334995	36.498344	114.2	-29.050001	77.22	24 h 29 min 15 sec
37900	59.84999931119383	74.5	53.552998	37.48317	111.75	-40.95	76.76	24 h 29 min 51 sec
37950	13.404998572915792	80.0	61.780006	36.623734	119.15	-39.300003	73.8	24 h 30 min 29 sec
38000	39.60499916411936	80.0	52.43	41.206413	112.15	-40.7	75.5	24 h 31 min 8 sec
38050	19.934998961538078	77.5	50.063	37.765266	113.9	-43.600002	77.28	24 h 31 min 47 sec
38100	61.754998879879714	77.6	56.648994	35.751225	113.05	-30.300001	75.78	24 h 32 min 28 sec
38150	39.19999906420708	79.3	49.075	39.6107	117.3	-28.75	75.18	24 h 33 min 10 sec
38200	28.61499883495271	78.3	47.98	34.420624	119.15	-37.2	76.78	24 h 33 min 50 sec
38250	65.4799991775304	71.9	48.070995	38.482155	115.0	-26.65	76.1	24 h 34 min 34 sec
38300	58.29999890252948	63.9	43.654	39.912033	118.4	-43.5	76.2	24 h 35 min 17 sec
38350	56.75999893210828	78.2	47.660995	39.373306	113.9	-28.45	76.82	24 h 35 min 55 sec
38400	54.70999918021262	75.8	43.698997	39.66561	108.85	-33.5	77.64	24 h 36 min 33 sec
38450	77.2049992531538	63.9	56.098003	44.217983	113.65	-39.050003	73.24	24 h 37 min 8 sec
38500	74.72999937459826	57.5	55.738	36.00272	120.25	-37.3	76.14	24 h 37 min 45 sec
38550	41.19999896101653	80.0	56.724	40.730354	118.75	-25.35	74.04	24 h 38 min 24 sec
38600	32.26499916575849	80.0	42.386993	40.848118	113.25	-51.15	75.58	24 h 39 min 3 sec
38650	32.73999882526696	80.0	59.729	35.63466	107.85	-20.1	74.3	24 h 39 min 41 sec
38700	52.84999901242554	67.6	59.682003	37.873833	112.05	-55.350002	75.04	24 h 40 min 18 sec
38750	59.95499897375703	74.7	55.545	39.20639	113.05	-17.6	73.5	24 h 40 min 55 sec
38800	51.38999911248684	77.0	52.360996	36.03634	116.3	-27.550001	77.08	24 h 41 min 34 sec
38850	30.229998782649638	80.0	46.474	36.63155	112.95	-33.3	77.1	24 h 42 min 11 sec
38900	31.694999131187796	80.0	48.841995	38.046402	117.3	-47.500004	74.68	24 h 42 min 49 sec
38950	54.15499917976558	80.0	49.451	41.430717	120.15	-24.150002	74.9	24 h 43 min 28 sec
39000	78.37499915249646	74.4	59.0	38.86197	113.75	-24.5	73.16	24 h 44 min 4 sec
39050	36.40999920107424	77.1	46.865	38.890812	108.95	-35.15	75.8	24 h 44 min 42 sec
39100	72.53999935761094	65.9	54.744	34.77677	108.0	-41.3	77.08	24 h 45 min 19 sec
39150	60.7099989078939	73.7	48.765	41.062504	115.7	-37.850002	74.62	24 h 45 min 58 sec
39200	80.9349991247058	66.7	50.095	43.072002	116.9	-52.800003	74.84	24 h 46 min 43 sec
39250	42.86999924108386	76.8	57.353004	32.61711	108.7	-19.2	76.74	24 h 47 min 23 sec
39300	55.13499924838543	69.2	56.906002	32.04237	107.2	-21.800001	76.96	24 h 48 min 0 sec
39350	22.95499857030809	80.0	67.728	32.83128	113.3	-4.1000004	71.74	24 h 48 min 38 sec
39400	37.714999144896865	80.0	52.714005	36.835274	116.55	-33.55	76.1	24 h 49 min 15 sec
39450	25.50499888882041	80.0	43.21699	38.17174	116.85	-28.750002	77.44	24 h 49 min 53 sec
39500	76.91499926932156	65.8	53.802	35.399727	110.65	-23.25	76.88	24 h 50 min 29 sec
39550	66.03499923050404	70.9	52.656994	38.29169	116.75	-15.55	75.18	24 h 51 min 6 sec
39600	-2.210001254454255	80.0	55.656998	39.645645	116.25	-30.550001	74.58	24 h 51 min 42 sec
39650	46.309998906031254	79.1	47.765995	36.426193	106.45	-25.1	78.32	24 h 52 min 21 sec
39700	38.96499874070287	76.2	48.059	37.35292	117.1	-23.300001	77.44	24 h 52 min 59 sec
39750	36.39999892413616	80.0	45.183	40.721954	103.9	-43.5	76.1	24 h 53 min 37 sec
39800	60.20499906465411	73.4	62.836002	33.412495	117.45	-18.5	75.3	24 h 54 min 14 sec
39850	62.264999106898905	78.1	53.694	39.413284	114.4	-32.9	76.5	24 h 54 min 52 sec
39900	66.3149989221245	74.4	42.642	38.652325	107.05	-37.9	76.6	24 h 55 min 29 sec
39950	29.304998379945754	78.3	52.322	31.620277	111.0	-7.2500014	76.52	24 h 56 min 8 sec
40000	64.82999899052083	73.7	57.492996	35.037163	113.85	-23.5	75.7	24 h 56 min 47 sec
