Episode	TestRet	TestSteps	AverageEpRet	StdEpRet	MaxEpRet	MinEpRet	EpLen	Time
50	-280.00000417232513	100.0	-277.29202	10.203598	-246.15001	-302.15	100.0	4 min 38 sec
100	-302.1500075943768	100.0	-242.193	75.07896	109.399994	-479.25003	100.0	10 min 55 sec
150	190.49998835101724	100.0	-144.21901	144.9504	515.0	-388.1	100.0	17 min 18 sec
200	33.29999252408743	100.0	154.77399	196.37701	637.9	-245.35	100.0	23 min 42 sec
250	1054.0849936798215	100.0	514.864	231.8536	1114.3	48.199997	100.0	30 min 4 sec
300	976.8649940360337	100.0	651.82007	278.90192	1258.1	156.09999	100.0	36 min 16 sec
350	1048.9199958339334	100.0	687.764	268.5548	1450.75	-48.600002	100.0	42 min 16 sec
400	1079.7349964726716	100.0	617.69403	285.16678	1288.75	53.199997	100.0	47 min 59 sec
450	802.9799943722785	100.0	675.17303	264.78082	1329.15	188.4	100.0	53 min 44 sec
500	625.1649952176958	100.0	592.008	246.09052	1152.25	-56.850002	100.0	59 min 18 sec
550	702.0799955140799	100.0	630.107	255.34158	1275.25	82.799995	100.0	1 h 4 min
600	765.664995174855	100.0	709.774	272.1792	1298.65	-32.750004	100.0	1 h 10 min
650	825.8549967467785	100.0	634.44	212.48772	1237.25	154.24998	100.0	1 h 15 min
700	562.6299973942339	100.0	689.41595	205.12479	1139.8	263.4	100.0	1 h 21 min
750	1065.0449932686984	100.0	624.20703	236.84096	1113.7	121.0	100.0	1 h 26 min
800	460.1149966303259	100.0	585.618	244.71552	1097.35	-49.150005	100.0	1 h 32 min
850	843.9749945599585	100.0	625.05597	266.77017	1173.05	-27.600002	100.0	1 h 37 min
900	648.569996573776	100.0	632.364	226.26419	1125.45	40.699997	100.0	1 h 43 min
950	677.3399955291301	100.0	597.528	239.60309	1056.95	-191.2	100.0	1 h 48 min
1000	667.4149967368692	100.0	557.80804	271.02292	1056.75	54.299995	100.0	1 h 53 min
1050	859.8049954038113	100.0	539.866	236.48871	988.05	-23.750004	100.0	1 h 59 min
1100	272.1749971371144	100.0	482.201	213.82799	965.6	-37.500004	100.0	2 h 4 min
1150	427.1099953427911	100.0	426.60495	220.58243	903.75	-81.25001	100.0	2 h 10 min
1200	448.524996445328	100.0	428.29297	204.99586	790.3	-4.900004	100.0	2 h 15 min
1250	551.7349960196764	100.0	419.74802	217.83308	881.75	-127.25001	100.0	2 h 20 min
1300	555.8899967186153	100.0	429.01	194.61584	861.35	-26.450003	100.0	2 h 25 min
1350	531.2099980626256	100.0	419.785	225.86153	777.25	-206.20001	100.0	2 h 31 min
1400	817.7849961120635	100.0	463.71097	172.61981	810.15	-7.200004	100.0	2 h 36 min
1450	655.9449966780842	100.0	437.488	202.84352	855.8	-178.6	100.0	2 h 42 min
1500	652.8899933315813	100.0	426.742	224.45282	853.95	-232.40001	100.0	2 h 47 min
1550	513.8449978750199	100.0	450.93503	200.27034	837.25	-23.500004	100.0	2 h 52 min
1600	250.40499496757985	100.0	474.145	177.63977	804.15	38.349995	100.0	2 h 57 min
1650	697.7849973026663	100.0	472.53	162.09132	797.5	74.95	100.0	3 h 3 min
1700	649.4049969930202	100.0	459.28296	210.72531	845.45	-128.0	100.0	3 h 8 min
1750	562.7399973828345	100.0	428.175	192.4265	731.9	-46.000004	100.0	3 h 13 min
1800	860.1699955042452	100.0	438.73505	196.70511	796.05	6.649996	100.0	3 h 19 min
1850	714.954995906353	100.0	447.584	233.03517	855.5	-65.700005	100.0	3 h 24 min
1900	487.8799963440746	100.0	463.51297	213.53867	803.9	-60.050003	100.0	3 h 29 min
1950	110.37999529503286	100.0	417.19	215.4671	789.0	-115.4	100.0	3 h 35 min
2000	756.1699967637658	100.0	460.03302	235.53554	915.7	-69.5	100.0	3 h 40 min
2050	565.0849967837333	100.0	529.86896	161.23367	820.35	97.35	100.0	3 h 45 min
2100	763.4799966279418	100.0	422.12802	216.62053	803.55	10.699996	100.0	3 h 51 min
2150	707.9549969103188	100.0	520.32294	221.50049	862.2	-30.100004	100.0	3 h 56 min
2200	746.804995181039	100.0	438.97702	195.95592	824.9	-270.30002	100.0	4 h 1 min
2250	658.8599975075573	100.0	491.79602	218.37402	827.85	-74.600006	100.0	4 h 7 min
2300	771.7649952080101	100.0	506.435	206.03679	826.15	-38.900005	100.0	4 h 12 min
2350	678.4949959114194	100.0	482.84796	182.3269	793.65	52.35	100.0	4 h 17 min
2400	907.7149960078299	100.0	459.344	211.12732	866.0	-178.6	100.0	4 h 23 min
2450	746.8099958918989	100.0	559.432	269.07098	955.4	-186.20001	100.0	4 h 28 min
2500	834.8249967776239	100.0	540.48804	241.00845	955.95	-30.950005	100.0	4 h 33 min
2550	862.2399957712739	100.0	581.468	234.83398	1017.65	15.299997	100.0	4 h 39 min
2600	931.1349964417517	100.0	575.682	245.72691	956.7	-41.200005	100.0	4 h 44 min
2650	621.8149965129793	100.0	489.28696	262.57254	927.9	2.249993	100.0	4 h 49 min
2700	816.9499946288764	100.0	511.833	216.10023	862.1	-37.700005	100.0	4 h 54 min
2750	963.8199945934117	100.0	579.599	246.56017	981.9	-19.400003	100.0	5 h 0 min
2800	858.6849959243089	100.0	534.12604	286.024	944.05	-101.75001	100.0	5 h 5 min
2850	1010.7749953694641	100.0	587.615	276.18115	949.0	-58.300003	100.0	5 h 11 min
2900	823.9149975784123	100.0	589.42694	257.02716	963.25	-107.8	100.0	5 h 16 min
2950	907.5799960076808	100.0	681.437	238.2731	1013.4	-60.100006	100.0	5 h 21 min
3000	794.3999954506755	100.0	607.621	275.98727	1036.05	-90.200005	100.0	5 h 27 min
3050	883.5099967647344	100.0	635.135	288.44864	995.05	-47.050003	100.0	5 h 32 min
3100	1015.0999952368438	100.0	564.93506	350.22757	1008.65	-130.05	100.0	5 h 37 min
3150	786.5499960258603	100.0	584.198	301.56052	1110.4	-116.200005	100.0	5 h 43 min
3200	1027.7299954891205	100.0	549.63007	308.60367	1046.6	-80.55	100.0	5 h 48 min
3250	973.0049955621362	100.0	610.886	317.0603	1049.15	-152.45001	100.0	5 h 53 min
3300	859.2349944606424	100.0	577.158	293.52045	1084.15	-23.250004	100.0	5 h 59 min
3350	905.3149966526777	100.0	641.1	300.92966	1023.8	-8.4000025	100.0	6 h 4 min
3400	969.4299954798073	100.0	592.458	277.40338	1020.6	-203.5	100.0	6 h 9 min
3450	1081.3999951668084	100.0	550.049	265.72583	1032.0	-128.45001	100.0	6 h 14 min
3500	911.1449952077121	100.0	599.45197	333.7242	1073.55	-182.65001	100.0	6 h 20 min
3550	951.6249953642488	100.0	614.143	318.71805	991.2	-79.05	100.0	6 h 25 min
3600	980.084996277839	100.0	650.42896	347.83322	1086.25	-230.20001	100.0	6 h 30 min
3650	959.9849940653891	100.0	629.835	321.26898	1077.4	-88.600006	100.0	6 h 36 min
3700	1021.3249946825206	100.0	644.29	265.12747	1069.2	29.399996	100.0	6 h 41 min
3750	751.0999963935465	100.0	687.36694	290.93878	1090.9	-83.4	100.0	6 h 46 min
3800	962.3699958395213	100.0	562.571	314.1394	1125.25	-195.15001	100.0	6 h 51 min
3850	1138.7499939240515	100.0	635.32996	291.64682	1136.2	-22.800003	100.0	6 h 57 min
3900	934.8299964569509	100.0	583.12	364.0628	1127.8	-224.6	100.0	7 h 2 min
3950	1046.2949965655803	100.0	582.73395	320.70697	1089.1	-257.80002	100.0	7 h 8 min
4000	756.7749973006546	100.0	574.023	333.37527	1167.95	-241.3	100.0	7 h 13 min
4050	1034.6999958783388	100.0	600.39197	375.56943	1169.1	-244.6	100.0	7 h 18 min
4100	924.4749968294054	100.0	632.32104	323.519	1137.95	-6.7500014	100.0	7 h 24 min
4150	1159.7999944649637	100.0	705.37	307.5364	1154.6	-0.20000234	100.0	7 h 29 min
4200	1146.2749949268996	100.0	651.20404	374.89264	1126.5	-111.850006	100.0	7 h 35 min
4250	1015.6899965893477	100.0	714.935	322.87558	1145.25	17.999998	100.0	7 h 40 min
4300	1160.6499937176704	100.0	783.495	308.5687	1289.5	40.399998	100.0	7 h 46 min
4350	1183.1349942859263	100.0	697.3679	333.13278	1138.5	-204.3	100.0	7 h 51 min
4400	1001.0999936722219	100.0	731.34595	287.76285	1111.45	-29.500002	100.0	7 h 57 min
4450	1191.0499952994287	100.0	561.26105	359.30176	1176.35	-136.8	100.0	8 h 2 min
4500	274.7649962279946	100.0	621.99896	326.1841	1158.85	-86.5	100.0	8 h 7 min
4550	1118.4949942488224	100.0	659.742	385.22827	1263.85	-108.3	100.0	8 h 13 min
4600	992.4749957747757	100.0	709.443	343.17038	1150.4	-33.700005	100.0	8 h 18 min
4650	1002.8099959790707	100.0	709.386	322.76147	1155.7	-201.1	100.0	8 h 24 min
4700	334.20999665483833	100.0	780.4409	313.61792	1166.45	-242.5	100.0	8 h 29 min
4750	1171.1499938815832	100.0	606.578	369.0044	1243.85	-174.5	100.0	8 h 34 min
4800	1162.949995316565	100.0	704.826	388.37677	1255.95	-188.6	100.0	8 h 40 min
4850	1230.649993546307	100.0	729.37	333.87405	1161.45	-81.700005	100.0	8 h 46 min
4900	1124.9949935618788	100.0	716.1	306.3281	1213.25	31.299997	100.0	8 h 51 min
4950	238.01499586179852	100.0	792.7139	370.78067	1170.15	-46.700005	100.0	8 h 57 min
5000	1171.4499949410558	100.0	705.919	364.95416	1182.25	-135.20001	100.0	9 h 2 min
5050	1139.3499935045838	100.0	696.438	348.17227	1203.7	-16.700005	100.0	9 h 8 min
5100	1143.3699965432286	100.0	762.39307	356.04706	1231.55	-64.700005	100.0	9 h 13 min
5150	1354.699993956834	100.0	771.183	363.05286	1257.95	116.7	100.0	9 h 19 min
5200	1178.6799947150053	100.0	634.69104	429.08173	1257.4	-100.100006	100.0	9 h 24 min
5250	1172.2999939225615	100.0	673.95306	404.03983	1224.95	-141.15001	100.0	9 h 30 min
5300	1118.7899957455695	100.0	652.79095	343.58087	1236.05	-47.700005	100.0	9 h 35 min
5350	1083.5799957305194	100.0	796.014	287.85516	1231.15	269.8	100.0	9 h 41 min
5400	1289.4999931491911	100.0	643.014	369.70657	1218.8	-217.25	100.0	9 h 46 min
5450	1236.0499938733876	100.0	732.23694	411.67523	1252.2	8.599997	100.0	9 h 52 min
5500	1193.969995560497	100.0	722.62604	368.2041	1252.0	8.299998	100.0	9 h 57 min
5550	778.2599947672337	100.0	734.919	361.24838	1257.9	28.049997	100.0	10 h 3 min
5600	936.1099958591163	100.0	716.68604	390.54788	1236.25	-131.1	100.0	10 h 8 min
5650	1051.8649955730884	100.0	749.92896	382.09012	1231.75	-103.3	100.0	10 h 13 min
5700	317.74999641738833	100.0	696.4459	339.56155	1256.4	-46.550003	100.0	10 h 19 min
5750	1199.1749947294593	100.0	719.70905	413.7714	1306.3	-174.0	100.0	10 h 24 min
5800	1124.7499956399201	100.0	718.78094	359.30765	1243.25	-39.450005	100.0	10 h 30 min
5850	1362.7999939396977	100.0	677.831	381.09796	1372.15	84.45	100.0	10 h 36 min
5900	1442.5499948225915	100.0	769.927	370.19885	1321.45	72.0	100.0	10 h 41 min
5950	1336.3499940857291	100.0	646.668	396.64676	1258.4	-74.350006	100.0	10 h 47 min
6000	1254.7399955485016	100.0	742.95294	414.12903	1342.1	-92.700005	100.0	10 h 53 min
6050	1320.199995815754	100.0	715.27295	384.1157	1308.3	-45.650005	100.0	10 h 58 min
6100	1380.599995084107	100.0	778.091	409.62067	1342.65	-28.500002	100.0	11 h 4 min
6150	1211.2499939352274	100.0	715.258	408.2746	1348.75	-39.300003	100.0	11 h 9 min
6200	672.4349969919771	100.0	702.85205	423.32394	1287.0	-192.25	100.0	11 h 15 min
6250	235.8399957560003	100.0	753.04205	444.67062	1316.55	-162.95001	100.0	11 h 21 min
6300	1299.549995496869	100.0	792.44604	339.30768	1318.75	128.95	100.0	11 h 26 min
6350	1246.8999958150089	100.0	722.60803	356.02533	1267.95	74.299995	100.0	11 h 32 min
6400	1263.5899956680835	100.0	682.512	388.27673	1249.15	-60.800003	100.0	11 h 37 min
6450	1245.2499944455922	100.0	759.24	432.27725	1383.25	-173.85	100.0	11 h 43 min
6500	270.05499634183946	100.0	811.05695	440.83194	1363.5	15.699997	100.0	11 h 49 min
6550	1278.359996112436	100.0	747.259	392.96	1339.3	-34.850002	100.0	11 h 54 min
6600	1466.2999938838184	100.0	829.402	390.58856	1363.9	-15.200004	100.0	12 h 0 min
6650	1393.4999948963523	100.0	711.324	419.95587	1358.85	-62.600002	100.0	12 h 6 min
6700	1417.9999948590994	100.0	886.6809	412.26334	1433.6	-29.800003	100.0	12 h 12 min
6750	1484.9999950379133	100.0	802.229	443.3431	1439.75	-161.35	100.0	12 h 17 min
6800	373.0049959372729	100.0	756.665	376.48245	1410.75	38.35	100.0	12 h 23 min
6850	21.799997320026158	100.0	711.591	443.24258	1363.4	-72.8	100.0	12 h 28 min
6900	1310.1999962031841	100.0	778.03204	409.5918	1332.0	6.099999	100.0	12 h 34 min
6950	1156.2999959923327	100.0	747.56696	416.55157	1284.45	-60.350006	100.0	12 h 40 min
7000	1003.549996951595	100.0	782.31494	417.47327	1370.7	-59.9	100.0	12 h 45 min
7050	1210.2499959170818	100.0	723.116	448.06784	1355.2	-85.0	100.0	12 h 51 min
7100	1243.089995829016	100.0	745.937	385.58167	1439.9	33.549995	100.0	12 h 56 min
7150	1373.229995021224	100.0	797.574	449.80243	1339.55	-204.7	100.0	13 h 2 min
7200	1295.5999952927232	100.0	826.56696	432.9003	1359.8	-30.700003	100.0	13 h 8 min
7250	1410.04999454692	100.0	863.7011	369.79034	1367.2	10.949997	100.0	13 h 13 min
7300	363.2499970726669	100.0	808.118	387.19733	1345.95	49.899998	100.0	13 h 19 min
7350	1290.199995867908	100.0	836.30493	369.05066	1376.75	15.5999975	100.0	13 h 24 min
7400	1435.499994698912	100.0	764.55396	382.74576	1397.85	-184.85	100.0	13 h 30 min
7450	1231.3899957045912	100.0	797.5189	394.47742	1342.55	3.099997	100.0	13 h 36 min
7500	1147.2299961924552	100.0	864.94196	335.628	1265.1	21.949997	100.0	13 h 41 min
7550	1450.9499953985214	100.0	791.18506	381.8626	1344.2	-62.200005	100.0	13 h 47 min
7600	1417.5999959409237	100.0	860.676	376.1513	1429.05	-129.25	100.0	13 h 53 min
7650	598.2049966525286	100.0	944.335	342.34787	1360.7	-24.950003	100.0	13 h 58 min
7700	1268.569994945079	100.0	874.63196	399.9238	1367.1	-27.850004	100.0	14 h 4 min
7750	1302.8999932408333	100.0	850.6749	421.99945	1461.55	86.1	100.0	14 h 10 min
7800	1452.0999954529107	100.0	827.377	415.30066	1471.55	-9.350001	100.0	14 h 16 min
7850	1151.3099959213287	100.0	775.37305	449.92868	1358.0	-149.5	100.0	14 h 21 min
7900	1266.099995661527	100.0	831.049	355.91098	1347.35	65.149994	100.0	14 h 27 min
7950	1214.1499960239976	100.0	920.45	380.95065	1356.0	97.299995	100.0	14 h 33 min
8000	1348.8999953903258	100.0	880.53796	410.83444	1435.7	-75.90001	100.0	14 h 38 min
8050	1329.9999961704016	100.0	900.497	348.51663	1387.15	312.19998	100.0	14 h 44 min
8100	1157.6999947093427	100.0	761.1101	415.97348	1487.35	30.799997	100.0	14 h 50 min
8150	1266.4499940387905	100.0	789.59	374.4203	1317.25	9.499997	100.0	14 h 55 min
8200	1282.799994468689	100.0	856.8251	368.74524	1287.55	-69.950005	100.0	15 h 1 min
8250	1155.7499957159162	100.0	941.6141	392.63052	1353.5	-23.700003	100.0	15 h 7 min
8300	1456.789995700866	100.0	1016.345	379.17175	1490.95	130.34999	100.0	15 h 13 min
8350	1395.1499958597124	100.0	1014.05096	385.3917	1523.45	31.449999	100.0	15 h 19 min
8400	1454.8499959819019	100.0	735.5111	396.7457	1473.3	-45.000004	100.0	15 h 25 min
8450	1375.7499960064888	100.0	870.839	440.35468	1492.25	39.949997	100.0	15 h 30 min
8500	1273.5499961040914	100.0	817.289	409.90103	1358.75	-39.150005	100.0	15 h 36 min
8550	1307.1999950036407	100.0	847.73596	437.29565	1484.7	-31.400003	100.0	15 h 42 min
8600	1314.509995292127	100.0	846.2351	431.4811	1382.75	-98.4	100.0	15 h 48 min
8650	937.9699979536235	100.0	878.60803	401.2747	1385.05	-164.3	100.0	15 h 53 min
8700	1339.0499945953488	100.0	819.771	422.79584	1395.45	-91.75001	100.0	15 h 59 min
8750	1263.4599956594407	100.0	842.35	412.1377	1381.65	18.649998	100.0	16 h 5 min
8800	1355.1999953910708	100.0	870.91907	392.3997	1399.5	-53.300003	100.0	16 h 11 min
8850	1423.9999960958958	100.0	755.289	434.98105	1422.6	-103.65	100.0	16 h 16 min
8900	1323.9149956036358	100.0	768.50995	384.08893	1345.8	-108.65	100.0	16 h 22 min
8950	584.7349970202893	100.0	728.317	407.9409	1458.6	-182.75	100.0	16 h 28 min
9000	1267.8499952703714	100.0	870.09906	431.09958	1400.65	-9.550004	100.0	16 h 33 min
9050	1600.7999960184097	100.0	804.818	447.39383	1434.65	64.99999	100.0	16 h 39 min
9100	1481.199995674193	100.0	919.00195	379.12845	1460.75	45.1	100.0	16 h 45 min
9150	1195.0499959252775	100.0	749.39594	437.94244	1386.6	-17.800005	100.0	16 h 51 min
9200	1322.7399962414056	100.0	791.264	419.73322	1369.7	-35.950005	100.0	16 h 57 min
9250	1392.9499955400825	100.0	905.44806	427.65564	1446.8	67.75	100.0	17 h 2 min
9300	1369.0999953262508	100.0	880.634	420.6081	1437.15	-59.050003	100.0	17 h 8 min
9350	1224.6049938503652	100.0	742.18695	458.12015	1387.3	-109.50001	100.0	17 h 14 min
9400	1351.8499961532652	100.0	799.803	443.54852	1435.15	-187.1	100.0	17 h 20 min
9450	1258.7999954409897	100.0	879.1311	385.89056	1402.35	40.549995	100.0	17 h 25 min
9500	1405.4499952420592	100.0	871.604	354.02487	1374.55	85.5	100.0	17 h 31 min
9550	989.9349972456694	100.0	819.04	405.28076	1329.95	-165.40001	100.0	17 h 37 min
9600	1220.8399950131775	100.0	836.1101	304.29727	1464.55	157.25	100.0	17 h 42 min
9650	1322.5999964252114	100.0	1024.124	299.3758	1331.1	173.8	100.0	17 h 48 min
9700	1259.8999958746135	100.0	945.80804	372.64172	1381.9	190.84999	100.0	17 h 54 min
9750	1344.0499961525202	100.0	897.533	434.72134	1422.8	26.199997	100.0	18 h 0 min
9800	1302.049995481968	100.0	939.068	412.43036	1385.4	3.8499968	100.0	18 h 6 min
9850	1247.4999949969351	100.0	882.108	397.11688	1363.55	-27.400002	100.0	18 h 11 min
9900	855.0849965069443	100.0	887.065	399.85886	1454.2	-58.550003	100.0	18 h 17 min
9950	1425.6999958232045	100.0	1017.678	288.7271	1415.9	299.85	100.0	18 h 23 min
10000	1374.7499958239496	100.0	844.37	414.62006	1379.85	16.349997	100.0	18 h 28 min
10050	1436.749995533377	100.0	782.1	427.2307	1437.7	31.949997	100.0	18 h 34 min
10100	1262.1249956015497	100.0	967.28204	380.04465	1501.4	-25.750004	100.0	18 h 40 min
10150	1419.7499958910048	100.0	848.83905	462.12375	1460.0	-45.500004	100.0	18 h 46 min
10200	1479.1499956995249	100.0	856.79407	458.23593	1469.55	-87.700005	100.0	18 h 52 min
10250	1376.099995907396	100.0	878.8489	381.15793	1419.35	-14.300003	100.0	18 h 58 min
10300	1318.2399947676809	100.0	858.9511	388.21075	1421.75	-49.15	100.0	19 h 3 min
10350	1433.8249957803637	100.0	878.288	404.0963	1459.15	42.499996	100.0	19 h 9 min
10400	1440.2999954335392	100.0	867.88696	407.635	1410.8	7.7499967	100.0	19 h 15 min
10450	1118.2199963018297	100.0	888.655	452.9794	1503.45	-205.85	100.0	19 h 21 min
10500	1458.5499959141016	100.0	937.233	454.47064	1520.55	11.3499975	100.0	19 h 27 min
10550	929.159996579215	100.0	953.06805	437.4783	1475.45	65.2	100.0	19 h 32 min
10600	1301.7999951764941	100.0	870.348	432.06967	1525.7	-162.55	100.0	19 h 38 min
10650	1381.899994648993	100.0	962.05096	422.6362	1580.55	96.0	100.0	19 h 44 min
10700	990.4499960660935	100.0	943.08295	396.5478	1422.05	-23.100002	100.0	19 h 49 min
10750	1318.9949958037585	100.0	760.50305	411.01245	1419.4	-13.6500025	100.0	19 h 55 min
10800	1471.829995906353	100.0	882.9631	376.1684	1421.35	-92.450005	100.0	20 h 1 min
10850	1392.2599959380925	100.0	789.53796	426.04623	1423.25	-6.1500015	100.0	20 h 7 min
10900	1059.6999959666282	100.0	899.1	409.33932	1464.85	32.999996	100.0	20 h 12 min
10950	1305.154995771125	100.0	867.0281	398.66916	1559.45	171.15	100.0	20 h 18 min
11000	1220.7649944599718	100.0	935.3159	394.592	1457.9	178.95	100.0	20 h 24 min
11050	1147.9599960394203	100.0	990.173	393.26132	1465.65	-49.450005	100.0	20 h 30 min
11100	918.3249965041875	100.0	848.80005	399.07526	1506.7	-59.350002	100.0	20 h 35 min
11150	727.8799967300147	100.0	874.30994	407.9155	1525.2	-64.55	100.0	20 h 41 min
11200	1598.2999952360988	100.0	871.695	473.7032	1534.7	-31.000004	100.0	20 h 47 min
11250	1387.0999937653542	100.0	893.06506	391.39636	1439.3	-80.40001	100.0	20 h 53 min
11300	1358.6499959789217	100.0	903.32104	444.12274	1506.7	-201.95	100.0	20 h 58 min
11350	1306.9499953016639	100.0	922.8671	406.98727	1414.6	-24.850004	100.0	21 h 4 min
11400	1341.4149960167706	100.0	867.72797	437.70132	1411.25	-22.800003	100.0	21 h 10 min
11450	1356.849994737655	100.0	789.03204	434.19244	1539.8	-113.4	100.0	21 h 16 min
11500	647.0299962207675	100.0	744.932	423.43085	1435.9	-107.00001	100.0	21 h 22 min
11550	959.5749968782068	100.0	871.48206	437.61365	1478.6	-177.45	100.0	21 h 28 min
11600	1173.484996118769	100.0	913.42694	364.70828	1540.45	151.4	100.0	21 h 34 min
11650	1461.4999950379133	100.0	935.78107	425.69934	1552.15	31.199995	100.0	21 h 40 min
11700	1482.2999953702092	100.0	895.4991	455.5463	1416.35	-263.15	100.0	21 h 46 min
11750	1470.7499941922724	100.0	982.541	467.08328	1649.35	-161.3	100.0	21 h 52 min
11800	1595.1999955773354	100.0	761.37604	447.0669	1528.9	33.749996	100.0	21 h 59 min
11850	1306.6499951444566	100.0	992.10693	427.8652	1485.5	-126.9	100.0	22 h 5 min
11900	1383.149996086955	100.0	851.75305	441.40976	1486.4	37.649998	100.0	22 h 11 min
11950	268.6549973476678	100.0	977.0121	433.59042	1525.65	-68.4	100.0	22 h 17 min
12000	1462.3499956391752	100.0	903.74493	453.73764	1479.7	-90.50001	100.0	22 h 23 min
12050	1436.7149961665273	100.0	782.5059	451.71674	1451.75	-97.65	100.0	22 h 29 min
12100	1489.3249960657208	100.0	897.7489	389.2633	1513.85	127.549995	100.0	22 h 36 min
12150	1475.5449959423393	100.0	724.548	408.08237	1466.7	-70.55	100.0	22 h 42 min
12200	1277.8499960638583	100.0	952.861	435.21292	1599.45	-9.300001	100.0	22 h 48 min
12250	1446.8499948829412	100.0	882.2639	489.75903	1487.9	-179.0	100.0	22 h 54 min
12300	959.9449963528663	100.0	923.5709	408.89987	1472.55	38.749996	100.0	23 h 0 min
12350	1205.3799955300988	100.0	811.05304	460.86627	1519.8	-66.05	100.0	23 h 6 min
12400	1441.9199962291866	100.0	743.349	412.48703	1401.1	-42.700005	100.0	23 h 12 min
12450	768.764996868372	100.0	914.346	449.2884	1503.85	-60.750004	100.0	23 h 18 min
12500	1472.2299963206053	100.0	777.77295	508.48157	1594.4	-152.65001	100.0	23 h 24 min
12550	1478.7999956272542	100.0	726.069	396.88254	1459.5	-98.05	100.0	23 h 30 min
12600	1263.8749964106828	100.0	810.658	395.68942	1393.7	-124.65	100.0	23 h 36 min
12650	1418.2499960176647	100.0	847.452	412.30972	1487.65	-43.400005	100.0	23 h 42 min
12700	1500.6749959114939	100.0	810.829	497.94232	1427.0	-117.65001	100.0	23 h 49 min
12750	1453.0449956782163	100.0	767.08307	455.61908	1581.95	-72.450005	100.0	23 h 55 min
12800	1385.2499951310456	100.0	795.323	449.344	1517.45	3.049997	100.0	24 h 1 min
12850	1135.9499955140054	100.0	772.58	366.06915	1448.8	135.8	100.0	24 h 7 min
12900	1443.6499952562153	100.0	749.11	441.52078	1492.6	-94.100006	100.0	24 h 13 min
12950	1451.4999958351254	100.0	801.9649	486.0997	1485.85	-157.65001	100.0	24 h 18 min
13000	1516.809995806217	100.0	912.70905	396.88263	1468.25	3.249997	100.0	24 h 24 min
13050	1007.3299956049771	100.0	832.426	445.41867	1476.85	-92.950005	100.0	24 h 30 min
13100	1111.9699966918677	100.0	762.272	458.7326	1451.95	-65.4	100.0	24 h 35 min
13150	1344.3999957032502	100.0	736.351	367.26703	1435.2	72.899994	100.0	24 h 41 min
13200	1095.5499966412783	100.0	706.66797	405.3836	1506.2	19.899998	100.0	24 h 47 min
13250	1397.729994545877	100.0	978.7049	414.56662	1557.5	55.399998	100.0	24 h 53 min
13300	1461.0999954938889	100.0	743.856	491.56726	1504.9	-21.500002	100.0	24 h 58 min
13350	1379.0999961793423	100.0	913.373	419.76157	1442.5	40.899998	100.0	25 h 4 min
13400	1435.0999958589673	100.0	918.44006	394.14578	1483.45	86.799995	100.0	25 h 10 min
13450	1440.6999959982932	100.0	734.3821	452.4889	1463.0	11.949998	100.0	25 h 16 min
13500	1417.4149947963656	100.0	853.654	534.5577	1483.05	-175.90001	100.0	25 h 21 min
13550	1313.4899956136942	100.0	832.08704	470.57928	1460.35	-79.8	100.0	25 h 27 min
13600	1383.3549964796753	100.0	767.06195	453.7236	1457.0	35.249996	100.0	25 h 33 min
13650	1292.8899957403542	100.0	801.063	441.35095	1416.35	-195.35	100.0	25 h 38 min
13700	1151.4799969788642	100.0	715.00604	385.01404	1396.65	-23.400003	100.0	25 h 44 min
13750	1394.4499961584806	100.0	646.626	341.55286	1216.4	-160.70001	100.0	25 h 50 min
13800	1340.3499962203205	100.0	676.28705	413.62598	1348.4	-135.15001	100.0	25 h 56 min
13850	1115.4899956893175	100.0	736.81	438.996	1411.3	-244.3	100.0	26 h 1 min
13900	1404.949995893985	100.0	763.257	430.6699	1397.3	-142.6	100.0	26 h 7 min
13950	1222.7999966740608	100.0	756.035	388.23657	1315.9	42.449997	100.0	26 h 12 min
14000	1201.899995919317	100.0	836.911	353.68073	1324.75	18.599997	100.0	26 h 18 min
14050	1184.2999967731535	100.0	790.7399	364.87732	1234.05	-38.15	100.0	26 h 24 min
14100	1312.94999627769	100.0	731.80304	362.62823	1279.15	0.09999613	100.0	26 h 29 min
14150	297.0399969018996	100.0	687.33704	367.63358	1322.15	-106.950005	100.0	26 h 35 min
14200	1203.9699962116779	100.0	873.174	289.8123	1258.25	200.65	100.0	26 h 40 min
14250	1241.9299961835145	100.0	752.27594	388.8751	1362.5	-184.8	100.0	26 h 46 min
14300	755.3049965329468	100.0	736.05505	385.2666	1370.3	-83.25	100.0	26 h 51 min
14350	1213.8999961651862	100.0	615.462	397.39297	1240.3	-60.300003	100.0	26 h 56 min
14400	1147.2899961024523	100.0	892.466	328.51123	1402.05	187.59999	100.0	27 h 2 min
14450	1023.8499951064587	100.0	785.14	314.20798	1288.9	124.049995	100.0	27 h 8 min
14500	917.5199967067689	100.0	616.692	369.5323	1211.85	-201.90001	100.0	27 h 13 min
14550	1470.7499954365194	100.0	561.29694	300.0813	1191.6	13.299997	100.0	27 h 18 min
14600	1304.1199961051345	100.0	713.016	367.7361	1296.3	-263.0	100.0	27 h 24 min
14650	1217.3499967046082	100.0	678.296	352.8439	1321.65	26.849997	100.0	27 h 30 min
14700	1106.099995650351	100.0	653.592	356.93045	1324.4	-54.750004	100.0	27 h 35 min
14750	1321.1499956957996	100.0	811.5281	346.08313	1301.15	-107.450005	100.0	27 h 41 min
14800	1237.7249957416207	100.0	731.911	400.99948	1300.1	-137.0	100.0	27 h 46 min
14850	1244.369995841384	100.0	785.748	433.82147	1380.9	-269.65	100.0	27 h 52 min
14900	992.3899967033416	100.0	770.649	325.66608	1255.6	-28.400002	100.0	27 h 58 min
14950	1271.649996344	100.0	750.78595	382.90308	1420.6	22.149996	100.0	28 h 3 min
15000	1345.2499958202243	100.0	785.8469	376.28592	1337.5	11.049996	100.0	28 h 9 min
15050	1317.2599958073347	100.0	691.3689	400.8397	1319.8	-78.25	100.0	28 h 14 min
15100	1371.5999956056476	100.0	723.62805	443.16385	1274.8	-171.95	100.0	28 h 20 min
15150	1281.5099954877048	100.0	703.281	433.97968	1336.3	-83.25	100.0	28 h 26 min
15200	1331.0949953962117	100.0	699.766	430.30612	1338.4	-128.40001	100.0	28 h 31 min
15250	1252.7499962113798	100.0	699.152	389.53375	1413.85	-107.5	100.0	28 h 37 min
15300	1287.0999957323074	100.0	596.083	413.75317	1311.2	-225.25	100.0	28 h 43 min
15350	1328.5499955415726	100.0	753.3259	409.65884	1354.2	-76.25	100.0	28 h 49 min
15400	747.2199974600226	100.0	751.997	457.98975	1409.95	-102.25	100.0	28 h 54 min
15450	1196.0299961362034	100.0	649.849	404.04532	1342.6	-214.05	100.0	29 h 0 min
15500	1370.849995777756	100.0	665.431	374.0003	1285.75	-3.250002	100.0	29 h 5 min
15550	1267.7499960139394	100.0	894.848	365.5084	1419.0	45.499996	100.0	29 h 11 min
15600	1300.1249961163849	100.0	770.04706	390.25717	1345.45	-51.15	100.0	29 h 17 min
15650	574.3349963609129	100.0	788.914	410.25818	1423.45	-118.100006	100.0	29 h 22 min
15700	1190.7499962449074	100.0	721.78	371.389	1329.8	-50.050003	100.0	29 h 28 min
15750	1241.4999966323376	100.0	798.71594	380.48734	1334.9	-110.25	100.0	29 h 34 min
15800	1299.099996164441	100.0	739.002	397.0684	1347.55	-27.550003	100.0	29 h 39 min
15850	1202.0649959236384	100.0	803.29193	438.55313	1351.75	99.899994	100.0	29 h 45 min
15900	1206.284994598478	100.0	809.8809	410.54105	1328.5	17.8	100.0	29 h 50 min
15950	1260.8799962885678	100.0	738.22406	351.85214	1227.95	-42.800007	100.0	29 h 56 min
16000	1110.749996753782	100.0	821.15906	356.43228	1259.25	69.299995	100.0	30 h 2 min
16050	964.1499967411161	100.0	630.86005	318.6407	1188.45	-49.700005	100.0	30 h 7 min
16100	1213.129996144399	100.0	702.68805	372.83936	1317.8	-12.800002	100.0	30 h 13 min
16150	1261.4499965645373	100.0	706.99097	395.62335	1231.45	-41.45	100.0	30 h 18 min
16200	1105.8049972567708	100.0	692.224	409.86432	1256.25	-82.00001	100.0	30 h 24 min
16250	1189.149996932596	100.0	703.34705	394.89288	1306.85	23.999996	100.0	30 h 29 min
16300	1146.1899969995022	100.0	772.454	386.09082	1223.0	-123.65	100.0	30 h 35 min
16350	1176.8999968901276	100.0	711.96295	358.77087	1289.35	81.35	100.0	30 h 40 min
16400	1338.599995687604	100.0	669.22595	407.46902	1281.05	-198.75	100.0	30 h 46 min
16450	1124.6499957069755	100.0	795.544	405.0673	1346.3	33.1	100.0	30 h 52 min
16500	1162.879995746538	100.0	756.779	362.60675	1295.55	-15.9000025	100.0	30 h 57 min
16550	1133.5499969497323	100.0	739.527	372.5405	1315.65	0.69999695	100.0	31 h 3 min
16600	1301.59999614954	100.0	751.5989	426.11896	1323.35	-22.050003	100.0	31 h 9 min
16650	1119.6449970535934	100.0	655.9941	403.9963	1327.3	-117.25	100.0	31 h 14 min
16700	1196.1899970263244	100.0	738.185	355.49857	1330.8	-34.7	100.0	31 h 20 min
16750	1225.4649967513978	100.0	700.0039	327.76825	1247.55	8.149997	100.0	31 h 25 min
16800	1121.9499971531332	100.0	684.173	415.13794	1254.1	-35.050003	100.0	31 h 31 min
16850	838.2699972838163	100.0	670.845	379.51382	1326.85	-33.300003	100.0	31 h 36 min
16900	1072.019996939972	100.0	727.56604	380.8283	1322.2	11.449997	100.0	31 h 42 min
16950	1248.8749948557465	100.0	742.668	344.4428	1331.9	-86.05	100.0	31 h 48 min
17000	1170.5499960295856	100.0	632.11597	407.47797	1338.85	-147.75	100.0	31 h 53 min
17050	1247.8999964743853	100.0	817.35803	339.9566	1325.05	192.45	100.0	31 h 59 min
17100	1023.6349973063916	100.0	826.731	377.23703	1369.65	37.949997	100.0	32 h 5 min
17150	1244.3499964401126	100.0	766.264	406.1528	1341.35	-132.90001	100.0	32 h 10 min
17200	1327.2999959290028	100.0	833.2999	384.65793	1346.15	-90.950005	100.0	32 h 16 min
17250	1202.7899964004755	100.0	758.563	383.56622	1295.15	-66.700005	100.0	32 h 22 min
17300	1101.3949965670704	100.0	794.81195	397.5486	1316.9	-91.05	100.0	32 h 27 min
17350	1145.804996613413	100.0	745.291	363.71976	1163.65	1.0999984	100.0	32 h 33 min
17400	1175.5149963390081	100.0	791.391	339.93008	1209.3	-80.5	100.0	32 h 38 min
17450	516.4799974452704	100.0	718.31195	348.19824	1270.7	-30.350004	100.0	32 h 44 min
17500	1372.7499963641167	100.0	708.947	397.9189	1234.15	23.399996	100.0	32 h 50 min
17550	1241.1699965141713	100.0	707.8519	340.45242	1174.6	-29.200005	100.0	32 h 55 min
17600	1197.139997063577	100.0	741.29706	358.68567	1301.2	-40.750004	100.0	33 h 1 min
17650	1244.7999963015318	100.0	638.69006	313.51175	1173.8	80.299995	100.0	33 h 6 min
17700	278.42999771088364	100.0	756.7749	347.6336	1269.85	43.149998	100.0	33 h 12 min
17750	1263.3299956925214	100.0	746.62604	375.9943	1232.65	-99.450005	100.0	33 h 17 min
17800	1123.2099966831506	100.0	678.09	376.1804	1238.25	53.85	100.0	33 h 23 min
17850	1028.1949969165028	100.0	653.96796	395.58383	1164.8	-67.200005	100.0	33 h 28 min
17900	1207.4599969133735	100.0	656.02203	353.1562	1095.6	-129.5	100.0	33 h 34 min
17950	1304.3499959222972	100.0	696.13	388.0952	1307.5	-18.250002	100.0	33 h 39 min
18000	1101.0699967198075	100.0	708.92	388.98257	1365.7	-86.700005	100.0	33 h 45 min
18050	1100.894996919483	100.0	754.935	330.3153	1216.9	-28.800003	100.0	33 h 50 min
18100	87.32999769113958	100.0	776.19196	354.5113	1260.25	-18.750002	100.0	33 h 56 min
18150	1230.2399964421988	100.0	768.25604	386.7251	1267.9	5.6999965	100.0	34 h 1 min
18200	1139.6499965190887	100.0	779.05	353.75354	1354.65	-42.550003	100.0	34 h 7 min
18250	1222.3499963674694	100.0	778.15204	354.73364	1315.75	-75.25	100.0	34 h 13 min
18300	1164.049996316433	100.0	620.402	421.2725	1408.5	-107.700005	100.0	34 h 18 min
18350	1227.5399960599839	100.0	725.298	364.7305	1332.2	-13.150002	100.0	34 h 24 min
18400	70.09999733939767	100.0	624.478	388.25687	1318.25	89.0	100.0	34 h 29 min
18450	1141.6799963720143	100.0	667.479	412.62894	1235.3	-10.600001	100.0	34 h 35 min
18500	1287.9999963715672	100.0	622.27	394.8497	1277.35	-88.850006	100.0	34 h 41 min
18550	1175.094996208325	100.0	671.497	352.1889	1177.15	-140.8	100.0	34 h 46 min
18600	1305.6499961018562	100.0	710.742	347.75064	1205.8	-54.350002	100.0	34 h 52 min
18650	1161.8399968355893	100.0	668.089	348.22617	1164.95	131.95	100.0	34 h 57 min
18700	881.3849962923675	100.0	730.38794	359.57318	1294.15	-25.150003	100.0	35 h 3 min
18750	973.554996778816	100.0	671.1309	378.2223	1227.2	13.199998	100.0	35 h 8 min
18800	1148.5449967924505	100.0	643.5861	373.37897	1173.0	-26.050003	100.0	35 h 14 min
18850	1190.604996246472	100.0	742.35095	325.21082	1269.4	-162.55	100.0	35 h 19 min
