Epoch	AverageEpRet	StdEpRet	MaxEpRet	MinEpRet	EpLen	EpNum	TrainIter	LossPi	LossV	DeltaLossPi	DeltaLossV	Entropy	KL	ClipFrac	StopIter	Time
0	-164.20625	4.8760524	-150.6	-174.7	100.0	24.0	0.0	-1.8253922e-07	5.811305	-0.006912863	-4.5925303	3.4812737	0.014762947	0.075312495	49.0	14.688536882400513
1	-160.08125	7.89914	-142.05	-169.75	100.0	48.0	0.0	-4.773028e-09	1.1999593	-0.0044047656	-0.06372009	3.4586544	0.013705724	0.047750004	49.0	29.789105653762817
2	-158.325	5.4515104	-149.45	-168.2	100.0	72.0	0.0	-1.8626451e-09	1.0989866	-0.004985733	-0.021642655	3.434643	0.014344802	0.0709375	49.0	49.089905738830566
3	-154.60834	4.480389	-143.05	-161.35	100.0	96.0	0.0	-1.071021e-08	0.9910464	-0.0038216182	-0.021545209	3.4143248	0.013563611	0.0531	49.0	68.73696184158325
4	-152.82292	3.940521	-142.85	-157.75	100.0	120.0	0.0	6.9849193e-10	0.9142437	-0.004499124	-0.016552083	3.396563	0.013365696	0.032937504	49.0	91.18222618103027
5	-151.38959	3.8657687	-144.8	-157.2	100.0	144.0	0.0	-2.0954758e-08	0.79112244	-0.0052902782	-0.025899254	3.3615725	0.015030879	0.090475	44.0	115.82590889930725
6	-148.20418	3.9860938	-139.8	-154.90001	100.0	168.0	0.0	-1.5366822e-08	0.63898784	-0.004751533	-0.03796745	3.3138285	0.015006	0.079025	28.0	134.8890380859375
7	-145.25835	3.8657322	-131.65001	-150.65001	100.0	192.0	0.0	2.689194e-08	0.5818562	-0.00641857	-0.04809386	3.2752361	0.014328318	0.10705	49.0	159.3410255908966
8	-141.9146	3.4184098	-134.95	-148.40001	100.0	216.0	0.0	-1.3969839e-08	0.6123754	-0.0037128278	-0.07167721	3.1986299	0.016023789	0.3691	9.0	179.60628390312195
9	-137.054	3.3133948	-128.3	-142.0	100.0	241.0	0.0	-1.4901161e-08	0.6297983	-0.0036645774	-0.07386382	3.0978022	0.013187621	0.067525	49.0	201.96161675453186
10	-135.164	3.9930084	-129.5	-142.35	100.0	266.0	0.0	-1.0244548e-08	0.5574135	-0.0040994845	-0.069903985	3.010033	0.015577661	0.15426251	24.0	222.67100358009338
11	-135.77501	4.0589914	-129.55	-143.40001	100.0	290.0	0.0	0.0	0.44523272	-0.004251466	-0.03861319	2.9701297	0.010577649	0.0905625	49.0	242.9647877216339
12	-135.51668	4.818445	-127.700005	-145.5	100.0	314.0	0.0	-5.2386895e-09	0.43585894	-0.0038623924	-0.019881181	2.855565	0.010201808	0.049075	49.0	265.6892831325531
13	-137.00835	3.9312491	-130.55	-143.85	100.0	338.0	0.0	2.3283064e-10	0.3824523	-0.0032786867	-0.012957722	2.7744133	0.01093412	0.0473	49.0	287.58575344085693
14	-136.71877	3.4868155	-130.65001	-144.25	100.0	362.0	0.0	-2.7939677e-09	0.35869443	-0.0037235604	-0.012319833	2.6963751	0.011911136	0.053925	49.0	307.13995695114136
15	-139.14583	3.758322	-131.45	-145.5	100.0	386.0	0.0	-1.0128133e-08	0.3065573	-0.0037326564	-0.0074720345	2.6675167	0.012339567	0.056325	49.0	328.5688636302948
16	-138.89375	3.5356314	-132.25	-144.2	100.0	410.0	0.0	1.0477379e-09	0.30871063	-0.0031730272	-0.007422991	2.6062663	0.011486928	0.0462625	49.0	349.9123818874359
17	-139.90834	3.6024785	-132.5	-145.0	100.0	434.0	0.0	-4.656613e-09	0.317103	-0.0031839954	-0.013045855	2.6249862	0.011835957	0.044375002	49.0	373.10708451271057
18	-140.7375	2.6729836	-132.8	-144.3	100.0	458.0	0.0	1.3038516e-08	0.29979938	-0.0032055578	-0.006080512	2.5823054	0.0083756205	0.0399625	49.0	396.4750680923462
19	-140.94585	3.144504	-133.8	-144.90001	100.0	482.0	0.0	-1.2805685e-08	0.30060965	-0.0036529244	-0.008205004	2.5169852	0.009855598	0.0185	49.0	419.74861884117126
20	-140.91249	2.9749038	-133.15001	-145.95	100.0	506.0	0.0	3.259629e-09	0.31228116	-0.003295226	-0.007502869	2.509084	0.010807114	0.066337496	49.0	441.27846121788025
21	-142.17708	2.517479	-137.45	-145.45	100.0	530.0	0.0	0.0	0.33710116	-0.0031464454	-0.009082012	2.4946358	0.011502548	0.0397875	49.0	463.09027099609375
22	-141.30418	2.9978101	-135.45	-145.35	100.0	554.0	0.0	-8.8475645e-09	0.36219305	-0.003052538	-0.006372452	2.4980435	0.009517172	0.0224625	49.0	483.34104204177856
23	-141.17917	2.300811	-137.45	-145.2	100.0	578.0	0.0	3.0267984e-09	0.38781387	-0.0026459938	-0.005604185	2.4775944	0.008824572	0.053425	49.0	507.0391798019409
24	-142.32918	1.8038677	-138.65001	-145.45	100.0	602.0	0.0	9.313226e-10	0.36886463	-0.00234721	-0.0052017495	2.4033475	0.008360435	0.024375	49.0	528.7156341075897
25	-141.4771	2.6760502	-134.85	-145.95	100.0	626.0	0.0	-4.656613e-09	0.3795532	-0.0030799326	-0.0031111985	2.4228454	0.008628111	0.03365	49.0	552.1975710391998
26	-141.49376	2.7990081	-136.0	-145.65001	100.0	650.0	0.0	1.1641532e-09	0.3974716	-0.0026212626	-0.0036921054	2.4175959	0.009157937	0.056050003	49.0	577.1283917427063
27	-143.61458	1.6358906	-139.65001	-145.65001	100.0	674.0	0.0	-7.683411e-09	0.37777513	-0.0030814726	-0.008927468	2.395022	0.0080887005	0.044125002	49.0	599.8003997802734
28	-141.74168	2.5709772	-135.65001	-145.8	100.0	698.0	0.0	-1.21071935e-08	0.3980534	-0.0028057247	-0.0074187107	2.369452	0.010003617	0.0379875	49.0	627.2889952659607
29	-142.22084	2.753516	-135.65001	-145.65001	100.0	722.0	0.0	-9.313226e-10	0.40528122	-0.0022591103	-0.00403776	2.2896533	0.010130832	0.0349875	49.0	648.0488386154175
30	-141.84999	2.3596425	-138.0	-145.5	100.0	746.0	0.0	-3.7252903e-09	0.40010625	-0.0031198296	-0.0044267178	2.2883863	0.0073644416	0.0381	49.0	670.1948297023773
31	-142.57085	2.7207515	-133.7	-145.55	100.0	770.0	0.0	3.7252903e-09	0.39219892	-0.0025844858	-0.0046187937	2.2590241	0.009773792	0.0390125	49.0	690.6388731002808
32	-142.37917	2.09826	-138.45	-145.55	100.0	794.0	0.0	3.7252903e-09	0.4211007	-0.0019695861	-0.006137956	2.2754402	0.0074745533	0.0255625	49.0	712.0439822673798
33	-141.99583	2.5016627	-137.7	-145.2	100.0	818.0	0.0	6.519258e-09	0.42182305	-0.002524477	-0.005202707	2.2472692	0.007132049	0.0274125	49.0	735.665290594101
34	-142.55833	2.008247	-138.75	-145.6	100.0	842.0	0.0	-1.4202669e-08	0.4162866	-0.0026022822	-0.0043800175	2.244908	0.008844074	0.051574998	49.0	757.5183107852936
35	-143.38542	1.6745946	-139.8	-145.7	100.0	866.0	0.0	-1.5832484e-08	0.4112411	-0.0027835337	-0.0059646517	2.2202783	0.0099665485	0.029424999	49.0	778.8235814571381
36	-143.42293	2.1411622	-136.8	-145.55	100.0	890.0	0.0	3.0267984e-09	0.39612064	-0.0032719218	-0.0043012425	2.253675	0.010408242	0.0518375	49.0	799.167578458786
37	-143.07918	2.0499961	-138.35	-145.35	100.0	914.0	0.0	-5.820766e-09	0.39449555	-0.0027650786	-0.0055332817	2.2001476	0.0089572165	0.022837501	49.0	823.3422820568085
38	-143.61876	1.5260098	-139.65001	-145.1	100.0	938.0	0.0	6.519258e-09	0.39732695	-0.002710611	-0.00302599	2.2346306	0.009582844	0.0290875	49.0	846.0751464366913
39	-143.825	1.5305897	-139.6	-145.1	100.0	962.0	0.0	1.3853423e-08	0.38496137	-0.0025882602	-0.004477307	2.2137313	0.013507289	0.044437498	49.0	872.6845636367798
40	-144.14168	1.4720052	-139.90001	-145.5	100.0	986.0	0.0	3.7252903e-09	0.40801585	-0.002191869	-0.0044413023	2.2332354	0.007495489	0.020275	49.0	896.1968870162964
41	-143.76668	1.8944352	-138.15001	-145.55	100.0	1010.0	0.0	8.381903e-09	0.3930335	-0.0013082115	-0.0036402717	2.1831903	0.0053656795	0.0458375	49.0	920.6168174743652
42	-143.89375	1.56147	-139.7	-145.5	100.0	1034.0	0.0	-5.2386895e-09	0.39347816	-0.0020911829	-0.003240738	2.177358	0.006807994	0.0155875	49.0	946.1168284416199
43	-143.71667	1.8853967	-138.95	-145.2	100.0	1058.0	0.0	1.0244548e-08	0.3789732	-0.0023165666	-0.0063683167	2.1787455	0.008299434	0.0178875	49.0	969.3216981887817
44	-144.2271	1.2266983	-141.7	-145.55	100.0	1082.0	0.0	1.3853423e-08	0.3859388	-0.0025029734	-0.004476242	2.1491723	0.009330757	0.018225	49.0	991.1512835025787
45	-144.24167	1.4697403	-139.5	-145.5	100.0	1106.0	0.0	-1.071021e-08	0.39408556	-0.0026445503	-0.004163578	2.1421466	0.008606774	0.0355125	49.0	1014.4074020385742
46	-144.2	1.3859409	-139.7	-145.35	100.0	1130.0	0.0	6.7520887e-09	0.38689038	-0.0028222054	-0.0042169653	2.1740983	0.009592882	0.033475	49.0	1037.8446707725525
47	-144.33125	1.4039981	-140.0	-145.35	100.0	1154.0	0.0	1.6298145e-09	0.39836627	-0.0020657813	-0.0062540434	2.1190052	0.0062232693	0.01565	49.0	1060.176439523697
48	-144.21875	1.1918823	-141.90001	-145.2	100.0	1178.0	0.0	1.1175871e-08	0.38368762	-0.003160406	-0.0063602813	2.1478627	0.00957757	0.0394	49.0	1084.41042470932
49	-144.39792	1.0336483	-141.65001	-145.3	100.0	1202.0	0.0	-4.656613e-09	0.3788652	-0.0023046548	-0.004447948	2.1624272	0.008841876	0.0276375	49.0	1110.5158796310425
50	-144.80833	0.6632728	-142.2	-145.35	100.0	1226.0	0.0	-1.1641532e-08	0.37556797	-0.0029918987	-0.0036485195	2.1928678	0.010457904	0.027375	49.0	1135.6179752349854
51	-144.40834	1.2448776	-141.1	-145.1	100.0	1250.0	0.0	-1.8626451e-09	0.34860784	-0.0030372639	-0.005084388	2.1661658	0.00918215	0.0396625	49.0	1159.210037469864
52	-144.52292	1.1264782	-140.7	-145.5	100.0	1274.0	0.0	8.614734e-09	0.37017182	-0.0027060288	-0.008293536	2.1373415	0.008183658	0.0300125	49.0	1181.4491260051727
53	-144.72708	0.9679204	-141.5	-145.40001	100.0	1298.0	0.0	2.7939677e-09	0.37110412	-0.0025444361	-0.008388441	2.1230674	0.008566424	0.01735	49.0	1206.667075395584
54	-144.6125	1.07046	-141.05	-145.5	100.0	1322.0	0.0	-9.313226e-09	0.37410954	-0.0021574204	-0.0036957562	2.0955684	0.007475021	0.028125	49.0	1229.9634623527527
55	-144.39792	1.0214833	-141.85	-145.1	100.0	1346.0	0.0	4.656613e-09	0.36834067	-0.0027010106	-0.0034174472	2.0664077	0.009007571	0.036987502	49.0	1252.714347600937
56	-144.83751	0.5672011	-142.40001	-145.1	100.0	1370.0	0.0	1.816079e-08	0.3666046	-0.0024504252	-0.0035288446	2.0530577	0.011216136	0.022212502	49.0	1274.3365166187286
57	-144.43541	1.1826406	-141.0	-145.40001	100.0	1394.0	0.0	4.656613e-10	0.39185244	-0.0025836518	-0.0042632706	2.0760727	0.010683473	0.066225	49.0	1299.7735478878021
58	-144.66667	0.9207863	-141.85	-145.40001	100.0	1418.0	0.0	-2.0489097e-08	0.4036327	-0.0022104834	-0.006347835	2.0769851	0.0066649243	0.0187875	49.0	1321.7507185935974
59	-144.70625	0.8838007	-141.65001	-145.2	100.0	1442.0	0.0	-1.1175871e-08	0.38330066	-0.0025581662	-0.0039823204	2.0434573	0.00770389	0.029537499	49.0	1347.0082199573517
60	-144.96251	0.4000643	-143.15001	-145.65001	100.0	1466.0	0.0	1.816079e-08	0.38835782	-0.002468586	-0.004107263	2.0636647	0.00645958	0.024225	49.0	1370.3466589450836
61	-144.7271	0.7686538	-142.05	-145.25	100.0	1490.0	0.0	3.4924597e-09	0.36623007	-0.0024865866	-0.007957514	2.046595	0.007652746	0.032325	49.0	1394.4585754871368
62	-144.53333	1.0971237	-140.75	-145.1	100.0	1514.0	0.0	7.916242e-09	0.38023633	-0.00215548	-0.0042885803	2.02375	0.0068016257	0.011925001	49.0	1419.2006924152374
63	-144.84999	0.6196436	-142.0	-145.15001	100.0	1538.0	0.0	3.7252903e-09	0.3673946	-0.0026099784	-0.0067087	2.0267143	0.006996679	0.025875	49.0	1441.5644071102142
64	-144.79167	0.6706122	-142.55	-145.1	100.0	1562.0	0.0	-1.8626451e-09	0.34916732	-0.0022231094	-0.004734054	2.0279012	0.0054001613	0.0191	49.0	1465.0753014087677
65	-144.7375	0.57540596	-143.0	-145.2	100.0	1586.0	0.0	2.7939677e-09	0.35038552	-0.0022688764	-0.009041786	2.0325952	0.0071872217	0.023200002	49.0	1487.4963994026184
66	-144.78958	0.6650474	-141.95	-145.5	100.0	1610.0	0.0	-7.450581e-09	0.3208787	-0.0023069824	-0.0061869062	2.0284324	0.006162031	0.016125001	49.0	1508.2479276657104
67	-144.85417	0.47956547	-142.7	-145.0	100.0	1634.0	0.0	0.0	0.36067635	-0.0022821627	-0.0140015595	2.040244	0.006950262	0.0145625	49.0	1532.6446604728699
68	-144.57085	1.0376173	-140.7	-145.1	100.0	1658.0	0.0	7.450581e-09	0.35924113	-0.0022205154	-0.0023954622	2.0647125	0.006265304	0.019049998	49.0	1554.9323658943176
69	-144.88542	0.47268528	-142.65001	-145.1	100.0	1682.0	0.0	-3.7252903e-09	0.3504147	-0.0024780447	-0.0029586293	2.0466146	0.008180922	0.01955	49.0	1576.8924338817596
70	-144.46667	1.0306412	-141.85	-145.0	100.0	1706.0	0.0	2.7939677e-09	0.3512987	-0.002573532	-0.005177375	2.0334337	0.0076379105	0.0219875	49.0	1599.8745455741882
71	-144.90001	0.31457654	-143.7	-145.0	100.0	1730.0	0.0	-9.313226e-09	0.3684526	-0.002524247	-0.0034558848	2.038332	0.007546994	0.0305375	49.0	1622.6356086730957
72	-144.79167	0.7781729	-142.15001	-145.35	100.0	1754.0	0.0	-3.259629e-09	0.36399218	-0.0026810588	-0.006030742	2.0240874	0.008275403	0.036975	49.0	1646.4815831184387
73	-144.8125	0.69270754	-141.75	-145.40001	100.0	1778.0	0.0	7.450581e-09	0.3596592	-0.0025483891	-0.0054110326	1.9788468	0.0057499316	0.024375	49.0	1667.0767726898193
74	-144.7375	0.7125738	-142.45	-145.1	100.0	1802.0	0.0	2.3283064e-09	0.3569031	-0.0025525102	-0.00364241	1.9694148	0.0070422543	0.02125	49.0	1692.4310898780823
75	-144.76666	0.77870834	-141.90001	-145.0	100.0	1826.0	0.0	-1.0011718e-08	0.37352633	-0.002572362	-0.009771042	1.9652991	0.0063337283	0.023775	49.0	1715.884382724762
76	-144.90208	0.38930288	-143.15001	-145.15001	100.0	1850.0	0.0	1.0244548e-08	0.3593543	-0.0022661947	-0.0025886148	1.9654317	0.0058641788	0.021625001	49.0	1740.6963157653809
77	-144.40417	1.3832995	-139.40001	-145.2	100.0	1874.0	0.0	-9.313226e-09	0.35547408	-0.0021078456	-0.0046650805	1.946016	0.0072957375	0.021812499	49.0	1767.398921251297
78	-144.7896	0.45207188	-143.5	-145.0	100.0	1898.0	0.0	5.5879354e-09	0.35458016	-0.002396468	-0.003388133	1.9050244	0.0055252854	0.0099125	49.0	1787.3895208835602
79	-144.875	0.4493029	-142.90001	-145.0	100.0	1922.0	0.0	1.2805685e-08	0.36132115	-0.0022726576	-0.0023412742	1.8895687	0.0055605713	0.0223375	49.0	1808.5752792358398
80	-144.89166	0.51954657	-142.40001	-145.0	100.0	1946.0	0.0	-9.313226e-09	0.34664512	-0.0020075566	-0.0057884976	1.904655	0.0069957464	0.0297875	49.0	1829.0066363811493
81	-144.87708	0.379685	-143.6	-145.0	100.0	1970.0	0.0	-3.7252903e-09	0.36798704	-0.0025686694	-0.0025332496	1.9135059	0.006879145	0.019475	49.0	1851.6627621650696
82	-145.00417	0.01998385	-145.0	-145.1	100.0	1994.0	0.0	-5.5879354e-09	0.3960474	-0.0020633908	-0.010099422	1.8918667	0.0049058087	0.0122625	49.0	1872.6497054100037
83	-144.47084	1.0258031	-142.1	-145.1	100.0	2018.0	0.0	-1.0244548e-08	0.37353283	-0.002253913	-0.005176995	1.9020526	0.0071501015	0.0236375	49.0	1895.2162709236145
84	-145.0	0.0	-145.0	-145.0	100.0	2042.0	0.0	1.0244548e-08	0.36023924	-0.0026670326	-0.00342137	1.9361715	0.005571536	0.0225625	49.0	1920.4659643173218
85	-144.97499	0.17911646	-144.15001	-145.25	100.0	2066.0	0.0	9.313226e-10	0.35179442	-0.003073142	-0.006360449	1.9241827	0.009013529	0.0231125	49.0	1941.6281764507294
86	-144.86458	0.4788175	-142.8	-145.0	100.0	2090.0	0.0	9.313226e-09	0.3922112	-0.0022909052	-0.012724027	1.9100461	0.0068455953	0.0252375	49.0	1964.4281301498413
87	-144.87917	0.49852175	-142.55	-145.1	100.0	2114.0	0.0	6.9849193e-10	0.3603046	-0.0028131239	-0.0048311166	1.9027532	0.0061956225	0.0237	49.0	1988.173996925354
88	-144.89792	0.48957387	-142.55	-145.0	100.0	2138.0	0.0	0.0	0.38230556	-0.0026397496	-0.0048827715	1.8638574	0.0064113336	0.025162501	49.0	2012.8245978355408
89	-145.0	0.0	-145.0	-145.0	100.0	2162.0	0.0	1.8626451e-09	0.36374313	-0.002151831	-0.007063456	1.8634841	0.0066729374	0.018625	49.0	2038.0884053707123
90	-144.81042	0.6291477	-142.65001	-145.0	100.0	2186.0	0.0	8.381903e-09	0.38222706	-0.0029076987	-0.0059478693	1.849267	0.009269223	0.025525	49.0	2061.8192048072815
91	-145.01666	0.079932354	-145.0	-145.40001	100.0	2210.0	0.0	-1.0011718e-08	0.38306016	-0.0021642481	-0.0045028254	1.8122717	0.00491534	0.017775001	49.0	2085.244074344635
92	-144.97499	0.11989396	-144.40001	-145.0	100.0	2234.0	0.0	7.450581e-09	0.38307118	-0.002384631	-0.0045299456	1.7854593	0.005357989	0.0306	49.0	2106.817747116089
93	-144.86458	0.6494355	-141.75	-145.0	100.0	2258.0	0.0	-6.0535967e-09	0.38087392	-0.002647229	-0.0034146048	1.7933941	0.0076689916	0.0296125	49.0	2130.6385357379913
94	-144.85625	0.71053344	-141.45	-145.1	100.0	2282.0	0.0	-9.313226e-10	0.3706472	-0.0026215976	-0.0040790886	1.8312505	0.009334018	0.024349999	49.0	2155.6950776576996
95	-144.87083	0.61945975	-141.90001	-145.0	100.0	2306.0	0.0	-9.313226e-10	0.38636857	-0.0024202098	-0.005458381	1.830964	0.007200771	0.0192	49.0	2178.200747489929
96	-145.00417	0.01998385	-145.0	-145.1	100.0	2330.0	0.0	1.8626451e-09	0.3747117	-0.0027750304	-0.0037248395	1.8418384	0.0068008127	0.0327625	49.0	2204.583170890808
97	-144.90416	0.4596011	-142.7	-145.0	100.0	2354.0	0.0	8.381903e-09	0.37423998	-0.0015727107	-0.005276598	1.8453833	0.006038292	0.032525	49.0	2224.226612329483
98	-145.0	0.0	-145.0	-145.0	100.0	2378.0	0.0	1.8626451e-09	0.37860397	-0.0024560103	-0.005963221	1.8400654	0.007875103	0.0203875	49.0	2247.3068652153015
99	-145.0	0.0	-145.0	-145.0	100.0	2402.0	0.0	-1.8626451e-09	0.38264424	-0.0024863088	-0.003940314	1.8337784	0.008340791	0.031675	49.0	2268.999731063843
100	-144.8875	0.37562412	-143.5	-145.0	100.0	2426.0	0.0	9.313226e-09	0.38432086	-0.0027695585	-0.005391348	1.8279585	0.0065609226	0.022599999	49.0	2291.037323951721
101	-145.0	0.0	-145.0	-145.0	100.0	2450.0	0.0	8.381903e-09	0.3802228	-0.0027165723	-0.005858794	1.8047881	0.006854795	0.023525	49.0	2312.864814043045
102	-145.0	0.0	-145.0	-145.0	100.0	2474.0	0.0	1.071021e-08	0.3664133	-0.0027534184	-0.0042687505	1.801522	0.005885735	0.0268625	49.0	2333.4790840148926
103	-144.97084	0.22403441	-143.95	-145.35	100.0	2498.0	0.0	-2.7939677e-09	0.37696427	-0.0021103295	-0.004340835	1.7776465	0.0069966437	0.0177375	49.0	2355.250832557678
104	-144.95	0.23979096	-143.8	-145.0	100.0	2522.0	0.0	-8.8475645e-09	0.38697308	-0.0025102575	-0.008593865	1.7822723	0.0068705874	0.025037501	49.0	2374.867632627487
105	-145.00833	0.027640227	-145.0	-145.1	100.0	2546.0	0.0	-9.313226e-10	0.38298994	-0.0022644384	-0.00761177	1.7916992	0.0054810173	0.0186	49.0	2398.919441461563
106	-144.93541	0.2800579	-143.6	-145.0	100.0	2570.0	0.0	3.7252903e-09	0.36928555	-0.0026276787	-0.00337236	1.7847304	0.007156816	0.019762501	49.0	2423.3083035945892
107	-144.92291	0.29720107	-143.55	-145.0	100.0	2594.0	0.0	-9.313226e-09	0.38239527	-0.0025560346	-0.0053796656	1.7914586	0.0065348065	0.022062501	49.0	2447.125339269638
108	-144.77501	0.8321652	-141.75	-145.5	100.0	2618.0	0.0	1.8626451e-09	0.37685695	-0.00311173	-0.0038196445	1.7817141	0.0077517265	0.035087503	49.0	2468.0289413928986
109	-144.51875	1.1697401	-140.55	-145.0	100.0	2642.0	0.0	-3.7252903e-09	0.3825135	-0.0029134937	-0.0042442083	1.7637362	0.0065307226	0.023975	49.0	2488.523651123047
110	-145.0	0.0	-145.0	-145.0	100.0	2666.0	0.0	-1.3969839e-09	0.35909513	-0.0027220612	-0.007444255	1.7540634	0.007430516	0.029312499	49.0	2513.118264913559
111	-144.92915	0.46028036	-142.75	-145.35	100.0	2690.0	0.0	-5.5879354e-09	0.37586617	-0.0022340363	-0.004433587	1.7279358	0.0053468286	0.019975	49.0	2532.947711467743
112	-144.90208	0.512039	-142.45	-145.1	100.0	2714.0	0.0	-4.1909516e-09	0.35500848	-0.0026592216	-0.0106404945	1.7098376	0.0049716765	0.0187875	49.0	2555.1595525741577
113	-145.0	0.0	-145.0	-145.0	100.0	2738.0	0.0	-7.916242e-09	0.36860105	-0.0028758012	-0.0065559633	1.6993865	0.0070765624	0.030912498	49.0	2582.239154100418
114	-145.0	0.0	-145.0	-145.0	100.0	2762.0	0.0	4.656613e-09	0.35980225	-0.002232701	-0.0055251494	1.6817435	0.0055546807	0.0202375	49.0	2607.9984152317047
115	-144.8875	0.5607387	-142.2	-145.1	100.0	2786.0	0.0	1.21071935e-08	0.3514048	-0.002453569	-0.0041540787	1.6854095	0.0045618447	0.0172375	49.0	2629.1690328121185
116	-144.825	0.61660904	-142.3	-145.1	100.0	2810.0	0.0	1.3969839e-09	0.38522783	-0.0023687577	-0.0046696365	1.6958659	0.006770548	0.0236125	49.0	2647.879264831543
117	-144.675	0.8765452	-141.75	-145.0	100.0	2834.0	0.0	4.656613e-09	0.37140512	-0.0020674213	-0.009062897	1.7001885	0.0040743547	0.0145	49.0	2671.9194543361664
118	-144.90208	0.49084893	-142.55	-145.1	100.0	2858.0	0.0	-9.313226e-10	0.3872199	-0.0023327803	-0.006552562	1.6734352	0.0058719786	0.02015	49.0	2694.341640472412
119	-145.00833	0.027640227	-145.0	-145.1	100.0	2882.0	0.0	1.7695129e-08	0.37443668	-0.0024479588	-0.0067356825	1.6668174	0.005517016	0.0208375	49.0	2717.551990509033
120	-145.0	0.0	-145.0	-145.0	100.0	2906.0	0.0	-1.1175871e-08	0.37919068	-0.002652065	-0.008567415	1.6230986	0.006803337	0.021537501	49.0	2739.495812892914
121	-144.99792	0.05098914	-144.8	-145.15001	100.0	2930.0	0.0	-7.450581e-09	0.38448107	-0.0021546213	-0.0047937073	1.6243278	0.005986211	0.0137625	49.0	2761.459895849228
122	-145.0	0.0	-145.0	-145.0	100.0	2954.0	0.0	9.313226e-10	0.3823767	-0.0026018026	-0.010313142	1.5822512	0.006421283	0.0176625	49.0	2782.72705745697
123	-144.87708	0.3710851	-143.25	-145.1	100.0	2978.0	0.0	-1.1175871e-08	0.39214772	-0.0026694746	-0.007035084	1.5828086	0.006146781	0.0247375	49.0	2802.6053171157837
124	-145.0	0.0	-145.0	-145.0	100.0	3002.0	0.0	-1.3969839e-08	0.39269698	-0.002387853	-0.004753206	1.5731049	0.0052809007	0.026425	49.0	2826.873329639435
125	-145.0	0.0	-145.0	-145.0	100.0	3026.0	0.0	3.259629e-09	0.38384753	-0.0022830763	-0.0060058124	1.5615237	0.0057732705	0.012675	49.0	2848.609680891037
126	-144.90208	0.40683642	-143.1	-145.1	100.0	3050.0	0.0	8.8475645e-09	0.39443827	-0.0024253712	-0.004264854	1.5360985	0.005912369	0.027199998	49.0	2869.5842339992523
127	-144.87709	0.589487	-142.05	-145.0	100.0	3074.0	0.0	-1.21071935e-08	0.3930441	-0.002456639	-0.0035923533	1.518775	0.004980026	0.02045	49.0	2890.0568799972534
128	-145.00417	0.01998385	-145.0	-145.1	100.0	3098.0	0.0	-1.3038516e-08	0.39420372	-0.0022413551	-0.0044411793	1.4974821	0.005335279	0.019125	49.0	2912.773711204529
129	-144.97292	0.12988588	-144.35	-145.0	100.0	3122.0	0.0	6.519258e-09	0.40807205	-0.0024170536	-0.004224159	1.4693235	0.00454644	0.019299999	49.0	2938.8986303806305
130	-144.79375	0.72389454	-141.55	-145.1	100.0	3146.0	0.0	2.3283064e-09	0.39436087	-0.002596817	-0.008230928	1.4556745	0.004670636	0.022462498	49.0	2961.476062297821
131	-144.97499	0.11989396	-144.40001	-145.0	100.0	3170.0	0.0	-4.947651e-09	0.388075	-0.002338387	-0.00575009	1.4656594	0.0035308073	0.02535	49.0	2983.0520918369293
132	-144.9875	0.059948504	-144.7	-145.0	100.0	3194.0	0.0	1.5133992e-09	0.38164002	-0.0024359436	-0.006823819	1.4351134	0.0061354893	0.0181875	49.0	3006.6162741184235
133	-145.0	0.0	-145.0	-145.0	100.0	3218.0	0.0	1.3504177e-08	0.38207582	-0.0024797511	-0.0061971843	1.4622049	0.004252869	0.0094625	49.0	3030.5147457122803
134	-144.825	0.63014495	-142.05	-145.0	100.0	3242.0	0.0	5.5879354e-09	0.40768653	-0.0024114922	-0.0059547424	1.4355832	0.003959018	0.022462498	49.0	3050.3872163295746
135	-145.0	0.0	-145.0	-145.0	100.0	3266.0	0.0	-2.2118911e-09	0.3803575	-0.0026777834	-0.00545574	1.4685171	0.0048756795	0.028425	49.0	3070.930237054825
136	-144.77501	0.7462397	-142.3	-145.0	100.0	3290.0	0.0	-1.8626451e-09	0.38979703	-0.002415368	-0.0070626736	1.4641037	0.0055701565	0.0226875	49.0	3091.2271523475647
137	-144.89792	0.48957384	-142.55	-145.0	100.0	3314.0	0.0	-3.7252903e-09	0.3870591	-0.0021930723	-0.0038461685	1.4164231	0.006247413	0.025975	49.0	3109.9503524303436
138	-145.0	0.0	-145.0	-145.0	100.0	3338.0	0.0	-6.0535967e-09	0.38618806	-0.0022809894	-0.0021335632	1.4043772	0.004904354	0.019112501	49.0	3133.065996170044
139	-145.0	0.0	-145.0	-145.0	100.0	3362.0	0.0	-8.614734e-09	0.38236248	-0.002023464	-0.010200027	1.3554922	0.0036609014	0.0159	49.0	3157.1152868270874
140	-144.89375	0.5095577	-142.45	-145.0	100.0	3386.0	0.0	4.656613e-10	0.38806945	-0.0024490568	-0.0070890523	1.3822634	0.0040118564	0.0213	49.0	3181.2614200115204
141	-145.0	0.0	-145.0	-145.0	100.0	3410.0	0.0	-4.1909516e-09	0.3967436	-0.00271234	-0.0042773224	1.3724525	0.004414512	0.0259125	49.0	3205.709480524063
142	-144.8625	0.65942746	-141.7	-145.0	100.0	3434.0	0.0	-8.265488e-09	0.3780496	-0.0019511471	-0.008561362	1.3746809	0.0038465208	0.0152	49.0	3229.372998714447
143	-144.96042	0.18983439	-144.05	-145.0	100.0	3458.0	0.0	-5.5879354e-09	0.38748866	-0.0020323684	-0.007787958	1.3696461	0.0046139546	0.014725001	49.0	3252.6579422950745
144	-144.60834	1.1581831	-139.95	-145.0	100.0	3482.0	0.0	-3.4924597e-09	0.37717977	-0.002444737	-0.007605929	1.3486689	0.004981875	0.022237498	49.0	3277.539407014847
145	-144.87291	0.44323158	-143.0	-145.0	100.0	3506.0	0.0	-8.381903e-09	0.3882172	-0.0020994167	-0.007135004	1.3568618	0.0038157627	0.0207375	49.0	3299.523186445236
146	-144.8875	0.53953046	-142.3	-145.0	100.0	3530.0	0.0	2.7939677e-09	0.36749253	-0.0020174119	-0.0057977885	1.3418939	0.0038062541	0.0156625	49.0	3321.69669508934
147	-144.90208	0.46958998	-142.65001	-145.0	100.0	3554.0	0.0	-1.0244548e-08	0.38661006	-0.001979764	-0.00966895	1.3086929	0.0040576747	0.0161625	49.0	3343.234396457672
148	-144.83333	0.6681239	-141.7	-145.0	100.0	3578.0	0.0	8.381903e-09	0.38750625	-0.002256229	-0.0051662847	1.3230186	0.0049777767	0.015887499	49.0	3364.6414136886597
149	-144.98958	0.07356714	-144.65001	-145.1	100.0	3602.0	0.0	5.122274e-09	0.38708076	-0.002057771	-0.008435316	1.2957598	0.0040098606	0.020237502	49.0	3385.908217906952
150	-145.00417	0.01998385	-145.0	-145.1	100.0	3626.0	0.0	9.313226e-10	0.38204813	-0.0023954131	-0.0035781488	1.2940998	0.004848564	0.0139125	49.0	3409.5761663913727
151	-144.86458	0.5083628	-142.55	-145.0	100.0	3650.0	0.0	1.0244548e-08	0.3720252	-0.0018666333	-0.008693963	1.3056896	0.0035616588	0.01105	49.0	3429.8088552951813
152	-144.925	0.23183966	-144.05	-145.1	100.0	3674.0	0.0	-9.313226e-10	0.3791596	-0.0021745488	-0.003082361	1.298621	0.0046820915	0.0203	49.0	3453.1616797447205
153	-144.96666	0.2841887	-143.65001	-145.35	100.0	3698.0	0.0	1.3969839e-09	0.3838817	-0.0018924281	-0.008445993	1.2794106	0.004004294	0.0113375	49.0	3476.6275963783264
154	-144.90001	0.39475578	-143.1	-145.1	100.0	3722.0	0.0	-1.8626451e-09	0.3724615	-0.0019963393	-0.0052285753	1.2965201	0.0031248205	0.0163625	49.0	3499.980986595154
155	-144.89583	0.49956578	-142.5	-145.0	100.0	3746.0	0.0	-1.1641532e-08	0.3826697	-0.0019028757	-0.0063173696	1.2729912	0.0029156383	0.0190625	49.0	3522.4168894290924
156	-144.58958	1.2410487	-140.05	-145.0	100.0	3770.0	0.0	-4.0745363e-09	0.37708858	-0.0021204296	-0.0054906085	1.2709485	0.0031602962	0.0133875	49.0	3545.3647797107697
157	-145.00417	0.01998385	-145.0	-145.1	100.0	3794.0	0.0	-3.7252903e-09	0.39154416	-0.0022136038	-0.010558784	1.2647511	0.003007695	0.01525	49.0	3567.338057279587
158	-144.99583	0.10984619	-144.5	-145.1	100.0	3818.0	0.0	6.8102963e-09	0.39192623	-0.002384058	-0.008679088	1.2769628	0.004277634	0.0299625	49.0	3589.1104040145874
159	-144.46875	1.2467295	-139.55	-145.1	100.0	3842.0	0.0	3.8999133e-09	0.3958557	-0.002001573	-0.0122219175	1.2577453	0.004020726	0.016449999	49.0	3610.9003744125366
160	-144.84999	0.54619884	-142.5	-145.1	100.0	3866.0	0.0	-2.3283064e-09	0.39565668	-0.0026203273	-0.010255039	1.2827079	0.00476045	0.0273125	49.0	3633.323586702347
161	-144.375	1.0908697	-141.05	-145.0	100.0	3890.0	0.0	4.656613e-10	0.4103627	-0.0019550985	-0.006009929	1.2475833	0.00343063	0.0165	49.0	3659.3281905651093
162	-144.63335	0.8100475	-142.40001	-145.1	100.0	3914.0	0.0	-2.7939677e-09	0.3905373	-0.0019893579	-0.0055124313	1.2358695	0.0039199516	0.0142	49.0	3682.4279000759125
163	-144.58125	1.0133284	-141.85	-145.40001	100.0	3938.0	0.0	-5.2386895e-10	0.3828808	-0.0020473907	-0.005340006	1.2553651	0.0040918486	0.0128875	49.0	3709.7796297073364
164	-144.6646	0.6952932	-142.90001	-145.0	100.0	3962.0	0.0	-4.1909516e-09	0.38498878	-0.0022013355	-0.0056125335	1.2594748	0.0036253913	0.017299999	49.0	3731.690107822418
165	-144.76875	0.5810933	-142.8	-145.1	100.0	3986.0	0.0	0.0	0.38340807	-0.002439002	-0.0070470124	1.2565315	0.005230534	0.022875	49.0	3754.77450466156
166	-145.01459	0.069940425	-145.0	-145.35	100.0	4010.0	0.0	1.2805685e-08	0.3772941	-0.0023863781	-0.012244642	1.2024872	0.0031011533	0.0219	49.0	3777.4072666168213
167	-144.85625	0.47616166	-142.65001	-145.0	100.0	4034.0	0.0	-9.313226e-10	0.3942067	-0.0021556225	-0.009750992	1.2051408	0.0033004046	0.016775	49.0	3797.975442171097
168	-144.60625	1.1760899	-140.55	-145.1	100.0	4058.0	0.0	8.8475645e-09	0.37683228	-0.0023246913	-0.004898723	1.214261	0.0037265797	0.0192625	49.0	3817.9727399349213
169	-144.67291	0.79738736	-142.05	-145.1	100.0	4082.0	0.0	-9.313226e-10	0.3764254	-0.0019650753	-0.009859938	1.195909	0.002734359	0.0183625	49.0	3840.688312768936
170	-144.79791	0.96915585	-140.15001	-145.0	100.0	4106.0	0.0	2.7939677e-09	0.37837037	-0.0021554725	-0.0069554485	1.184638	0.0036928272	0.0179375	49.0	3863.8174448013306
171	-144.8875	0.53953046	-142.3	-145.0	100.0	4130.0	0.0	-1.3271347e-08	0.3724265	-0.002362434	-0.005406715	1.2282629	0.004235442	0.01355	49.0	3886.4333765506744
172	-144.94583	0.2813338	-143.6	-145.1	100.0	4154.0	0.0	-1.8626451e-09	0.37401402	-0.0023122423	-0.005192265	1.245653	0.003482779	0.016525	49.0	3908.3144109249115
173	-144.71667	0.8124896	-141.45	-145.0	100.0	4178.0	0.0	-1.1641532e-09	0.37497696	-0.0018526344	-0.006870065	1.2628968	0.0038418162	0.0115249995	49.0	3930.9680576324463
174	-143.58333	1.696422	-139.25	-145.1	100.0	4202.0	0.0	2.3283064e-09	0.3986727	-0.002499578	-0.019415043	1.2681217	0.0040938035	0.016675001	49.0	3950.4205224514008
175	-144.42293	1.0562274	-142.1	-146.1	100.0	4226.0	0.0	5.820766e-09	0.39153236	-0.002322122	-0.010614682	1.2326847	0.0036782883	0.018	49.0	3975.6475892066956
176	-144.05417	1.3749156	-141.45	-145.3	100.0	4250.0	0.0	9.313226e-10	0.39609396	-0.002158727	-0.009454396	1.2345171	0.0037057209	0.0136375	49.0	3994.0609862804413
177	-144.17084	0.94603264	-142.55	-145.1	100.0	4274.0	0.0	1.0593794e-08	0.38260728	-0.0023319717	-0.016122319	1.2061028	0.0045009986	0.014324999	49.0	4014.613486766815
178	-144.05626	1.2673213	-140.90001	-145.1	100.0	4298.0	0.0	3.958121e-09	0.3783865	-0.002263349	-0.008350447	1.1832677	0.0034209536	0.025024999	49.0	4039.0476684570312
179	-144.10417	1.321766	-140.0	-145.2	100.0	4322.0	0.0	1.9790605e-09	0.3812992	-0.0024575223	-0.006881222	1.1702971	0.003736597	0.0190375	49.0	4062.4232087135315
180	-144.35417	1.3465946	-139.7	-145.45	100.0	4346.0	0.0	-4.656613e-09	0.39481196	-0.0022621397	-0.006947223	1.1687508	0.0035647983	0.014575001	49.0	4084.5048961639404
181	-141.33334	3.504599	-130.35	-145.25	100.0	4370.0	0.0	4.1909516e-09	0.4416985	-0.0023651633	-0.034744386	1.1600019	0.004260133	0.0124625	49.0	4106.148382902145
182	-141.59375	2.847232	-135.90001	-145.2	100.0	4394.0	0.0	-1.0244548e-08	0.4283597	-0.0024749357	-0.013862435	1.1612792	0.0043210853	0.019175	49.0	4125.34886097908
183	-142.42293	2.520456	-134.90001	-145.75	100.0	4418.0	0.0	-1.8626451e-09	0.4262699	-0.0021059	-0.008403808	1.1924607	0.003272307	0.014162499	49.0	4148.224739551544
184	-142.5396	2.1761951	-138.25	-145.55	100.0	4442.0	0.0	2.3283064e-10	0.4249732	-0.002165705	-0.009822596	1.1927676	0.0035245852	0.0150500005	49.0	4170.353920221329
185	-142.19376	2.2693763	-135.25	-145.45	100.0	4466.0	0.0	9.313226e-10	0.37901974	-0.0025443593	-0.010849312	1.2186401	0.002961264	0.0167875	49.0	4192.798696756363
186	-142.48958	2.3788097	-137.40001	-145.0	100.0	4490.0	0.0	0.0	0.40315473	-0.0021196185	-0.008856747	1.2201984	0.00342514	0.0150125	49.0	4212.66974401474
187	-142.74792	2.224928	-136.05	-145.55	100.0	4514.0	0.0	-6.519258e-09	0.4070836	-0.002435247	-0.005187005	1.2073624	0.003909171	0.0168	49.0	4235.582816839218
188	-142.70625	2.1118371	-137.85	-145.1	100.0	4538.0	0.0	-4.656613e-10	0.39494255	-0.0025400002	-0.007464636	1.2282631	0.0039887354	0.0204875	49.0	4257.470452785492
189	-142.27501	2.6857646	-135.0	-145.65001	100.0	4562.0	0.0	-3.7252903e-09	0.39849925	-0.0023905053	-0.013184119	1.2198172	0.004265273	0.017075	49.0	4281.407239437103
190	-141.5375	2.5475576	-136.35	-145.3	100.0	4586.0	0.0	-7.450581e-09	0.4011613	-0.0026012533	-0.0075252242	1.2138118	0.0044932324	0.019125	49.0	4303.390090227127
191	-142.13124	2.3063684	-136.25	-145.2	100.0	4610.0	0.0	6.9849193e-10	0.39093128	-0.002570271	-0.008048218	1.1956668	0.0043532327	0.017324999	49.0	4323.806681871414
192	-142.8521	2.1830072	-138.05	-145.1	100.0	4634.0	0.0	-7.450581e-09	0.41069752	-0.0024110791	-0.018803984	1.2170733	0.004683781	0.019275	49.0	4345.856882095337
193	-143.01666	2.0259066	-139.15001	-145.7	100.0	4658.0	0.0	4.656613e-09	0.40345916	-0.0022881974	-0.00789598	1.2327509	0.0032435171	0.015400001	49.0	4366.577629804611
194	-142.45833	2.0256507	-138.65001	-145.1	100.0	4682.0	0.0	1.8626451e-09	0.4143943	-0.002728784	-0.009280164	1.2221061	0.0052740155	0.025875002	49.0	4388.226665973663
195	-143.23334	1.7604848	-139.75	-145.1	100.0	4706.0	0.0	9.778887e-09	0.38073277	-0.0041457657	-0.008908097	1.2337434	0.014144085	0.0273625	49.0	4409.293731927872
196	-142.97292	1.9211524	-138.35	-145.7	100.0	4730.0	0.0	-1.8626451e-09	0.51489043	-0.002675577	-0.066026665	1.262577	0.004167201	0.013925	49.0	4433.828420877457
197	-143.64168	1.7057905	-138.95	-145.3	100.0	4754.0	0.0	-6.0535967e-09	0.42472255	-0.0024672998	-0.012869611	1.2462	0.004642615	0.0142	49.0	4457.239151239395
198	-143.33751	1.6578873	-138.8	-145.1	100.0	4778.0	0.0	-1.3969839e-09	0.42855608	-0.0028385269	-0.014580589	1.2692553	0.003441757	0.0246875	49.0	4477.1299159526825
199	-144.35417	1.0980952	-140.65001	-145.5	100.0	4802.0	0.0	4.656613e-10	0.40988988	-0.0024525234	-0.016521495	1.2409122	0.0023728653	0.0136125	49.0	4499.481349229813
200	-144.26457	1.4739748	-140.2	-145.6	100.0	4826.0	0.0	-6.4028427e-09	0.42130938	-0.0026249117	-0.0103353225	1.2190996	0.0042628893	0.0185875	49.0	4519.314942121506
201	-143.77501	1.2990373	-141.45	-145.2	100.0	4850.0	0.0	-1.094304e-08	0.38332075	-0.0023725813	-0.009257976	1.2016991	0.0059428746	0.017112501	49.0	4544.628454208374
202	-144.28125	1.1792312	-140.55	-145.1	100.0	4874.0	0.0	3.0267984e-09	0.37999284	-0.0022471969	-0.0057633556	1.1953433	0.0028849891	0.0175625	49.0	4565.678949594498
203	-144.20418	1.2377669	-140.45	-145.15001	100.0	4898.0	0.0	2.3283064e-10	0.3985915	-0.0025879694	-0.013506018	1.1637349	0.0034010643	0.0188375	49.0	4585.66846370697
204	-143.71458	2.3539617	-134.05	-145.5	100.0	4922.0	0.0	-4.1909516e-09	0.40427992	-0.002704873	-0.0067127943	1.1257937	0.003956057	0.0196	49.0	4605.04030585289
205	-144.57916	0.8428514	-142.2	-145.35	100.0	4946.0	0.0	-9.138603e-09	0.38193482	-0.0022635728	-0.008991048	1.118608	0.002949683	0.013824999	49.0	4625.753787755966
206	-144.66042	1.3635871	-138.3	-145.2	100.0	4970.0	0.0	3.7252903e-09	0.38268432	-0.0022449447	-0.0054171905	1.0988255	0.00249924	0.017412499	49.0	4645.672966718674
207	-144.30833	0.9992346	-141.95	-145.0	100.0	4994.0	0.0	9.313226e-10	0.36259174	-0.002225483	-0.0067706183	1.1040761	0.0027510943	0.0145875	49.0	4667.889418125153
208	-144.99583	0.045453	-144.8	-145.1	100.0	5018.0	0.0	-5.820766e-09	0.3809635	-0.0021127828	-0.007762283	1.1257904	0.0027991747	0.0142	49.0	4693.716607570648
209	-144.36458	1.1824625	-141.15001	-145.1	100.0	5042.0	0.0	7.450581e-09	0.37846982	-0.002822147	-0.011134427	1.1529562	0.0041732755	0.024275001	49.0	4717.332215547562
210	-144.7896	0.59001637	-142.8	-145.35	100.0	5066.0	0.0	-9.313226e-10	0.3834021	-0.002937748	-0.0060594566	1.11549	0.0040560868	0.0196	49.0	4742.006721496582
211	-144.57292	0.93830127	-141.65001	-145.1	100.0	5090.0	0.0	1.8626451e-09	0.37028074	-0.00256563	-0.008261353	1.127356	0.0033882966	0.0173	49.0	4761.590448617935
212	-144.71458	0.71886396	-142.3	-145.0	100.0	5114.0	0.0	-9.778887e-09	0.40202543	-0.002604166	-0.0081107505	1.092741	0.0034562266	0.01905	49.0	4785.041681289673
213	-144.53334	1.098357	-140.45	-145.05	100.0	5138.0	0.0	1.8626451e-09	0.37069207	-0.0023549024	-0.0071841106	1.0797625	0.004242442	0.017812502	49.0	4805.8858988285065
214	-144.33542	1.1106927	-141.65001	-145.2	100.0	5162.0	0.0	-1.6298145e-09	0.37818158	-0.0021684335	-0.007245317	1.0848384	0.0024830569	0.014925	49.0	4829.880941390991
215	-143.87917	1.596539	-140.0	-145.1	100.0	5186.0	0.0	-6.6356733e-09	0.3717579	-0.0023090194	-0.005863931	1.083808	0.0035129657	0.018075	49.0	4853.2706570625305
216	-144.625	0.83003473	-142.25	-145.1	100.0	5210.0	0.0	-5.820766e-09	0.3766167	-0.0040196385	-0.009571176	1.0771514	0.015938608	0.016175	48.0	4877.651349067688
217	-124.06719	5.380966	-113.85	-136.35	100.0	5242.0	0.0	-2.3283064e-09	0.8677662	-0.0018594882	-0.4055321	0.92526543	0.0031209874	0.0110625	49.0	4897.310062170029
218	-124.935486	4.8592305	-115.700005	-138.2	100.0	5273.0	0.0	-9.313226e-09	0.47613373	-0.0022896102	-0.029568303	0.9331623	0.002604647	0.0192125	49.0	4919.379135847092
219	-126.61876	3.829587	-117.200005	-134.2	100.0	5305.0	0.0	-2.3283064e-10	0.41651988	-0.0024697906	-0.012295507	0.9340425	0.0028460426	0.0169875	49.0	4941.773936510086
220	-127.685486	4.7792263	-118.5	-138.95	100.0	5336.0	0.0	-7.450581e-09	0.4386471	-0.0019793366	-0.009040631	0.95356196	0.0022672308	0.010325	49.0	4966.080760955811
221	-126.58387	4.6558046	-116.6	-136.3	100.0	5367.0	0.0	3.7252903e-09	0.4233045	-0.0020022346	-0.008204345	0.9493702	0.0030276892	0.014125001	49.0	4989.782770395279
222	-127.95157	4.697632	-116.75	-136.05	100.0	5399.0	0.0	-7.916242e-09	0.41510516	-0.0021837072	-0.009261191	0.95547557	0.0034248843	0.014924999	49.0	5012.607657670975
223	-128.14032	4.697536	-119.200005	-138.8	100.0	5430.0	0.0	1.071021e-08	0.40599704	-0.0021685455	-0.008947484	0.9695765	0.0028130664	0.018687502	49.0	5033.740660667419
224	-127.15162	4.729481	-117.5	-136.8	100.0	5461.0	0.0	6.519258e-09	0.3950374	-0.0022105274	-0.007844247	0.9422543	0.0027646115	0.01485	49.0	5058.061509132385
225	-125.9375	5.1429877	-117.05	-137.40001	100.0	5493.0	0.0	-1.8626451e-09	0.40459883	-0.0022953937	-0.013349429	0.9002141	0.002658511	0.01565	49.0	5078.390730381012
