Episode	TestRet	TestSteps	AverageEpRet	StdEpRet	MaxEpRet	MinEpRet	EpLen	Time
50	-108.00000160932541	80.0	-94.77801	5.7639756	-75.9	-104.1	80.0	2 min 11 sec
100	-149.10000428184867	80.0	-94.10201	7.787657	-66.15	-109.25	80.0	5 min 39 sec
150	-116.70000206306577	80.0	-86.927	7.69448	-67.9	-101.35	80.0	9 min 24 sec
200	-122.05000379309058	80.0	-85.66601	8.631613	-56.5	-101.4	80.0	11 min 50 sec
250	-134.90000393614173	80.0	-85.344	8.621518	-59.15	-100.700005	80.0	14 min 46 sec
300	-152.70000394061208	80.0	-78.884	14.378426	-32.600002	-102.25	80.0	17 min 32 sec
350	-152.40000660717487	80.0	-77.245	13.237338	-38.0	-100.15	80.0	19 min 57 sec
400	-154.8500078804791	80.0	-72.505005	13.459421	-41.5	-96.8	80.0	23 min 15 sec
450	-62.99500416480005	80.0	-69.479996	13.910154	-20.7	-95.8	80.0	25 min 40 sec
500	-208.30000950023532	80.0	-56.767002	21.880028	25.35	-92.15	80.0	29 min 22 sec
550	-124.35000414401293	80.0	-52.97	21.849598	3.4999993	-86.9	80.0	31 min 58 sec
600	-201.90000927820802	80.0	-41.177006	29.949999	47.149998	-94.15	80.0	35 min 29 sec
650	-158.20000848025083	80.0	-43.712	27.120346	42.8	-88.65	80.0	37 min 59 sec
700	-103.90000357478857	80.0	-33.001	29.098265	42.149998	-85.450005	80.0	39 min 45 sec
750	-146.05000814050436	80.0	-39.264	26.86133	46.399998	-76.9	80.0	41 min 40 sec
800	-50.9000019133091	80.0	-36.213	31.134619	81.3	-89.950005	80.0	43 min 25 sec
850	-72.02000444084406	80.0	-27.306002	42.941372	103.45	-85.35	80.0	47 min 7 sec
900	-144.1000067256391	80.0	-24.484001	37.756992	63.25	-96.5	80.0	50 min 8 sec
950	-13.800004702061415	80.0	-23.519	32.96559	62.8	-90.6	80.0	53 min 11 sec
1000	-105.50000589713454	80.0	-29.257002	30.952011	44.649998	-84.4	80.0	55 min 6 sec
1050	-19.79000234641135	80.0	-13.468001	35.82295	72.1	-86.85	80.0	59 min 1 sec
1100	-89.70000236108899	80.0	-22.956001	35.355408	61.55	-91.3	80.0	1 h 2 min 45 sec
1150	-36.90000268444419	80.0	-5.3220005	36.261646	104.1	-83.6	80.0	1 h 5 min 43 sec
1200	-51.97500371523201	80.0	-4.410001	37.615986	88.299995	-94.6	80.0	1 h 8 min 9 sec
1250	-82.25000312924385	80.0	-3.3730004	41.54637	99.5	-74.5	80.0	1 h 11 min 20 sec
1300	-62.36000333949924	80.0	1.3299991	42.023087	96.1	-93.200005	80.0	1 h 15 min 15 sec
1350	-64.03000650405883	80.0	4.2579985	44.725414	121.5	-91.75	80.0	1 h 19 min 16 sec
1400	-52.19000184945762	80.0	0.34799942	44.646507	142.55	-72.1	80.0	1 h 21 min 25 sec
1450	-172.9000081382692	80.0	5.0849986	37.81006	95.5	-63.050003	80.0	1 h 25 min 10 sec
1500	-172.60001063346863	80.0	7.2719975	46.42469	138.4	-72.4	80.0	1 h 28 min 17 sec
1550	0.6199981309473515	80.0	15.829998	40.968697	118.75	-48.7	80.0	1 h 31 min 23 sec
1600	-124.60000788420439	80.0	29.715996	53.835613	146.7	-69.8	80.0	1 h 35 min 30 sec
1650	11.99999629445374	80.0	7.6869984	41.261433	107.9	-74.200005	80.0	1 h 38 min 25 sec
1700	17.77999888062477	80.0	42.913998	50.637352	169.55	-43.75	80.0	1 h 41 min 20 sec
1750	-24.880002316087484	80.0	36.076996	54.09407	177.8	-77.3	80.0	1 h 44 min 26 sec
1800	-6.750002337247134	80.0	40.135998	47.641994	156.34999	-43.65	80.0	1 h 49 min 9 sec
1850	-75.35000343993306	80.0	36.257	53.718582	181.5	-82.35	80.0	1 h 51 min 1 sec
1900	-98.55000627636909	80.0	45.141003	46.77425	151.0	-76.35	80.0	1 h 54 min 49 sec
1950	-25.06000213213265	80.0	36.835	52.590073	170.9	-66.6	80.0	1 h 59 min 28 sec
2000	-128.38000784702598	80.0	44.475998	49.099995	189.45	-58.850002	80.0	2 h 1 min 41 sec
2050	-6.1500060223042965	80.0	67.231995	51.582504	178.65	-45.0	80.0	2 h 5 min 4 sec
2100	99.14999719671906	80.0	46.804	42.02031	140.1	-47.550003	80.0	2 h 8 min 3 sec
2150	28.024997616186738	80.0	63.468	56.055294	175.1	-59.000004	80.0	2 h 11 min 41 sec
2200	-42.10000680014491	80.0	67.723	44.787495	159.84999	-28.950003	80.0	2 h 14 min 44 sec
2250	45.15999812111259	80.0	59.377003	62.115803	197.15	-44.350002	80.0	2 h 18 min 58 sec
2300	-0.02000304460525513	80.0	48.774	38.345703	130.45	-45.25	80.0	2 h 22 min 27 sec
2350	40.14999932050705	80.0	45.589	54.10031	195.55	-44.100002	80.0	2 h 24 min 41 sec
2400	-31.26500297561288	80.0	55.139	51.012012	170.09999	-60.4	80.0	2 h 28 min 26 sec
2450	-82.9600030452013	80.0	50.070004	46.222836	170.65	-55.100002	80.0	2 h 32 min 6 sec
2500	110.6899957895279	80.0	60.363003	53.76974	159.9	-75.9	80.0	2 h 35 min 13 sec
2550	46.504996778815986	80.0	57.435997	53.660328	187.9	-58.450005	80.0	2 h 38 min 9 sec
2600	54.289998785406354	80.0	44.710995	53.992706	149.9	-78.1	80.0	2 h 41 min 46 sec
2650	-133.3000084720552	80.0	43.498993	45.145145	146.7	-41.9	80.0	2 h 45 min 39 sec
2700	56.374998678267005	80.0	36.240997	45.911507	144.9	-60.300003	80.0	2 h 48 min 17 sec
2750	19.799994429573417	80.0	51.328995	49.393314	156.7	-33.65	80.0	2 h 51 min 35 sec
2800	-3.210001667588949	80.0	36.905	51.45759	171.0	-60.600002	80.0	2 h 54 min 37 sec
2850	131.16499785073103	80.0	49.207996	48.414745	145.4	-32.0	80.0	2 h 56 min 46 sec
2900	69.44999833032489	80.0	46.62	48.52895	143.55	-79.9	80.0	2 h 59 min 41 sec
2950	-71.37000551372766	80.0	33.736996	39.161747	116.1	-53.75	80.0	3 h 3 min 59 sec
3000	-55.52500342912972	80.0	41.769997	47.51427	146.75	-60.850002	80.0	3 h 6 min 52 sec
3050	47.17499819211662	80.0	40.420998	47.231934	138.5	-62.800003	80.0	3 h 11 min 27 sec
3100	93.66499863378704	80.0	49.477997	52.17912	160.34999	-39.45	80.0	3 h 15 min 22 sec
3150	9.01999929063022	80.0	54.529003	53.170044	178.55	-43.95	80.0	3 h 18 min 12 sec
3200	41.8399976592511	80.0	62.421997	53.52904	206.9	-60.300003	80.0	3 h 21 min 50 sec
3250	-74.71000418253243	80.0	46.791996	57.065586	259.3	-66.25	80.0	3 h 25 min 39 sec
3300	-7.710000863298774	80.0	62.456005	40.065704	159.25	-6.1500015	80.0	3 h 28 min 47 sec
3350	17.944998807832597	80.0	57.744995	46.68516	148.59999	-31.600002	80.0	3 h 31 min 15 sec
3400	11.664998454600573	80.0	55.778996	49.414253	222.75	-21.500002	80.0	3 h 35 min 48 sec
3450	30.239995592460037	80.0	60.982998	50.07096	181.5	-47.9	80.0	3 h 38 min 27 sec
3500	2.4549985747784375	80.0	60.330997	54.307068	209.25	-33.9	80.0	3 h 41 min 14 sec
3550	-18.05500221848488	80.0	78.952995	50.196213	190.95	-20.550001	80.0	3 h 44 min 5 sec
3600	81.199996034801	80.0	76.431	50.078747	198.85	-16.900002	80.0	3 h 46 min 55 sec
3650	-13.900002769008278	80.0	61.146	48.760105	190.4	-52.95	80.0	3 h 48 min 50 sec
3700	61.67499724812806	80.0	74.911	48.205605	195.25	-15.600001	80.0	3 h 51 min 42 sec
3750	-90.33500903956592	80.0	71.988	49.377773	191.8	-10.400001	80.0	3 h 54 min 49 sec
3800	64.38499792255462	80.0	85.44499	57.456654	209.95	-30.85	80.0	3 h 58 min 16 sec
3850	174.94499782845378	80.0	65.998	41.705555	164.34999	-19.85	80.0	4 h 1 min 31 sec
3900	-108.50000595524907	80.0	64.186	45.930595	153.7	-25.45	80.0	4 h 4 min 17 sec
3950	4.739992986246944	80.0	65.81999	49.96302	178.2	-37.600002	80.0	4 h 6 min 58 sec
4000	157.49499792456626	80.0	89.493	50.533005	173.4	-40.4	80.0	4 h 9 min 45 sec
4050	94.37999514937401	80.0	86.594	48.910755	210.0	-31.250002	80.0	4 h 13 min 35 sec
4100	152.51499772034586	80.0	75.31699	45.08972	176.65	-32.000004	80.0	4 h 18 min 7 sec
4150	-26.155003976449372	80.0	102.5	65.32968	237.34999	-19.950003	80.0	4 h 19 min 50 sec
4200	52.374997074902055	80.0	94.217995	50.775253	233.1	-29.400002	80.0	4 h 21 min 40 sec
4250	93.45499588623643	80.0	60.038994	49.592922	203.59999	-58.7	80.0	4 h 24 min 44 sec
4300	16.06999754458666	80.0	92.851	54.113636	231.3	-45.7	80.0	4 h 27 min 59 sec
4350	8.209994366019965	80.0	95.42599	63.003296	220.4	-46.0	80.0	4 h 31 min 39 sec
4400	7.144995383545757	80.0	104.61199	55.518074	258.05	4.449999	80.0	4 h 34 min 17 sec
4450	56.164996669441464	80.0	96.40898	60.58585	202.55	-49.050003	80.0	4 h 36 min 16 sec
4500	23.82499776147306	80.0	90.73799	59.463055	213.65	-13.850002	80.0	4 h 39 min 14 sec
4550	68.79499655142426	80.0	80.326996	46.031685	186.25	-26.550001	80.0	4 h 42 min 23 sec
4600	12.149998362362386	80.0	100.787	48.334827	213.84999	16.55	80.0	4 h 45 min 14 sec
4650	15.844999202713371	80.0	90.804	51.24125	196.65	-4.400001	80.0	4 h 46 min 45 sec
4700	-27.985004360601305	80.0	90.51	54.08894	218.45	-32.850002	80.0	4 h 48 min 2 sec
4750	163.93499785959722	80.0	78.094	54.62988	205.3	-34.300003	80.0	4 h 49 min 21 sec
4800	8.724995364248752	80.0	91.103004	59.875477	213.75	-27.050001	80.0	4 h 50 min 40 sec
4850	38.49999723248184	80.0	92.763	54.508	227.0	-26.400002	80.0	4 h 51 min 57 sec
4900	12.929997424036264	80.0	87.323006	50.65623	233.7	-70.9	80.0	4 h 53 min 15 sec
4950	-3.3800033792853355	80.0	83.47999	54.806435	208.09999	-67.85	80.0	4 h 54 min 33 sec
5000	85.75499772578478	80.0	83.735	38.14557	197.8	2.7999992	80.0	4 h 55 min 51 sec
5050	61.58999866135419	80.0	88.921	45.130444	197.9	-13.800001	80.0	4 h 57 min 7 sec
5100	98.29999773167074	80.0	102.881	51.669632	204.45	-37.45	80.0	4 h 58 min 23 sec
5150	27.184997341409325	80.0	105.899	51.960094	207.8	8.249998	80.0	4 h 59 min 36 sec
5200	44.4849983882159	80.0	85.27901	58.975414	204.0	-33.4	80.0	5 h 0 min 52 sec
5250	147.57499819621444	80.0	71.571	50.674892	181.5	-36.2	80.0	5 h 2 min 10 sec
5300	109.88999808318913	80.0	90.649994	52.047157	198.65	-15.5	80.0	5 h 3 min 30 sec
5350	201.6299979902804	80.0	82.935	57.186375	218.0	-30.900002	80.0	5 h 4 min 50 sec
5400	18.004997584223748	80.0	92.741	56.528927	254.25	-24.1	80.0	5 h 6 min 7 sec
5450	65.13499862588942	80.0	74.76599	38.453777	151.1	13.049997	80.0	5 h 7 min 26 sec
5500	95.84499754570425	80.0	78.692	57.938305	220.95	-86.200005	80.0	5 h 8 min 42 sec
5550	97.1299974836409	80.0	104.22099	48.7265	234.59999	-4.2500014	80.0	5 h 10 min 0 sec
5600	161.90999782010914	80.0	105.69999	52.540104	211.65	-0.100000754	80.0	5 h 11 min 19 sec
5650	182.25499714128674	80.0	83.97099	59.72449	251.45	-39.750004	80.0	5 h 12 min 36 sec
5700	63.789996567368505	80.0	106.694	46.315334	234.65	-8.000001	80.0	5 h 13 min 55 sec
5750	63.784999242052436	80.0	92.684006	50.89526	208.7	-4.750002	80.0	5 h 15 min 10 sec
5800	99.92999850660563	80.0	90.34301	53.985157	192.0	-10.750001	80.0	5 h 16 min 26 sec
5850	86.39999754279852	80.0	89.72999	49.052628	185.0	-44.2	80.0	5 h 17 min 44 sec
5900	130.93499884456395	80.0	83.607	65.66629	213.25	-60.250004	80.0	5 h 19 min 2 sec
5950	98.44999862015247	80.0	93.601	53.654533	219.15	-7.150001	80.0	5 h 20 min 19 sec
6000	60.159997874498366	80.0	87.966995	57.263344	215.25	-55.45	80.0	5 h 21 min 36 sec
6050	142.19999701045452	80.0	111.046	53.280277	212.34999	-11.600001	80.0	5 h 22 min 52 sec
6100	121.57999696843326	80.0	101.83401	60.254898	221.09999	-23.95	80.0	5 h 24 min 9 sec
6150	17.869994573295116	80.0	103.612	60.972496	219.34999	-85.450005	80.0	5 h 25 min 27 sec
6200	151.0649967055768	80.0	88.937996	44.015797	194.4	0.24999842	80.0	5 h 26 min 44 sec
6250	39.92499709613621	80.0	97.237	52.430214	221.2	1.7499992	80.0	5 h 28 min 4 sec
6300	-33.06500104926526	80.0	86.553	53.6894	246.55	-23.400002	80.0	5 h 29 min 21 sec
6350	62.01999904885888	80.0	102.822	48.404186	194.8	2.9999993	80.0	5 h 30 min 40 sec
6400	33.34999820664525	80.0	99.632996	44.71459	198.4	24.849998	80.0	5 h 31 min 56 sec
6450	60.93999752104283	80.0	87.372	53.022114	229.8	-15.600001	80.0	5 h 33 min 14 sec
6500	10.589997796714306	80.0	92.87799	52.64558	198.2	-28.300001	80.0	5 h 34 min 28 sec
6550	7.529999561607838	80.0	78.298	51.389217	212.34999	-32.45	80.0	5 h 35 min 44 sec
6600	144.5949976552278	80.0	87.36701	52.389713	211.3	-39.800003	80.0	5 h 37 min 2 sec
6650	104.48499744087458	80.0	90.402	51.080837	202.25	-35.4	80.0	5 h 38 min 19 sec
6700	103.60999839864671	80.0	97.161995	57.114193	248.3	-3.700001	80.0	5 h 39 min 36 sec
6750	47.28999745287001	80.0	115.40099	53.346855	228.5	-8.950002	80.0	5 h 40 min 53 sec
6800	28.22999757118523	80.0	86.26	47.293526	179.55	-16.6	80.0	5 h 42 min 12 sec
6850	118.72999706789851	80.0	102.77599	59.94855	267.0	-46.4	80.0	5 h 43 min 28 sec
6900	-3.930002857372165	80.0	88.03	48.769875	202.75	-10.550002	80.0	5 h 44 min 43 sec
6950	200.0249985717237	80.0	102.268	54.758083	214.25	-28.1	80.0	5 h 45 min 59 sec
7000	83.95999694876373	80.0	99.254	45.913906	182.2	-10.350001	80.0	5 h 47 min 14 sec
7050	79.76999834887684	80.0	96.662	45.69922	189.4	-14.900002	80.0	5 h 48 min 30 sec
7100	112.72999723292887	80.0	104.467995	45.622112	205.05	-13.900002	80.0	5 h 49 min 45 sec
7150	72.39999842122197	80.0	88.35299	64.229004	206.84999	-99.700005	80.0	5 h 51 min 2 sec
7200	-44.81000715643167	80.0	105.66901	63.18507	232.9	-18.800001	80.0	5 h 52 min 21 sec
7250	223.06999830640854	80.0	96.808	47.8704	184.5	-28.25	80.0	5 h 53 min 40 sec
7300	88.01999801583588	80.0	100.903	52.708675	238.95	-5.6000013	80.0	5 h 54 min 58 sec
7350	116.89999804906547	80.0	101.79999	60.507782	259.19998	-32.15	80.0	5 h 56 min 15 sec
7400	155.79999734088778	80.0	103.96799	53.060307	199.8	-16.000002	80.0	5 h 57 min 31 sec
7450	61.11999781541526	80.0	111.241	53.838596	296.19998	-20.4	80.0	5 h 58 min 50 sec
7500	45.45499690920114	80.0	108.60999	57.064236	236.09999	-22.150002	80.0	6 h 0 min 9 sec
7550	120.39499829746782	80.0	83.97399	61.41798	238.4	-37.25	80.0	6 h 1 min 27 sec
7600	97.10999885499477	80.0	116.43699	48.877228	259.2	-0.85000104	80.0	6 h 2 min 46 sec
7650	29.88999782949686	80.0	106.062004	39.99416	186.09999	30.199999	80.0	6 h 4 min 2 sec
7700	95.04999751225114	80.0	120.893	50.397465	242.6	21.8	80.0	6 h 5 min 19 sec
7750	151.70999758243562	80.0	112.565	50.787285	251.3	-15.400002	80.0	6 h 6 min 36 sec
7800	100.69499790519475	80.0	112.375	51.106445	228.8	-16.0	80.0	6 h 7 min 55 sec
7850	45.739997666701676	80.0	101.16999	52.996735	207.55	-32.100002	80.0	6 h 9 min 12 sec
7900	135.09999760389329	80.0	98.92499	56.13743	225.05	-8.050002	80.0	6 h 10 min 28 sec
7950	89.60499538332223	80.0	117.54599	49.116306	234.34999	-23.45	80.0	6 h 11 min 46 sec
8000	124.37999635748565	80.0	97.11301	63.519382	240.84999	-74.950005	80.0	6 h 13 min 2 sec
8050	133.92499804273248	80.0	106.46801	54.366165	231.05	-40.850002	80.0	6 h 14 min 16 sec
8100	-2.5150012630969285	80.0	108.82199	52.97662	219.9	-27.6	80.0	6 h 15 min 35 sec
8150	54.53499715700745	80.0	92.902	61.422306	248.95	-29.650002	80.0	6 h 16 min 53 sec
8200	71.9999922811985	80.0	107.06	49.420235	228.0	-12.450003	80.0	6 h 18 min 14 sec
8250	72.24999577775597	80.0	94.162994	56.243534	197.84999	-13.200001	80.0	6 h 19 min 34 sec
8300	46.644997869431975	80.0	98.91699	61.935753	276.6	-26.600002	80.0	6 h 20 min 53 sec
8350	7.7499967336654665	80.0	114.62399	71.7009	264.25	-9.100002	80.0	6 h 22 min 11 sec
8400	17.864998356997965	80.0	117.71	51.2675	219.5	0.74999946	80.0	6 h 23 min 28 sec
8450	32.04999582096934	80.0	134.71898	67.23666	310.85	-9.750002	80.0	6 h 24 min 46 sec
8500	-16.900006460398437	80.0	103.282005	70.07376	302.65	-16.6	80.0	6 h 26 min 5 sec
8550	118.83999808132648	80.0	105.38501	52.768784	231.9	22.749998	80.0	6 h 27 min 22 sec
8600	103.01999424099922	80.0	98.88399	58.381664	209.8	-24.550001	80.0	6 h 28 min 41 sec
8650	123.6999973282218	80.0	78.255	63.99547	283.2	-30.45	80.0	6 h 30 min 1 sec
8700	71.99499772153794	80.0	84.45	57.206833	196.6	-34.2	80.0	6 h 31 min 21 sec
8750	107.44999490007758	80.0	106.373	63.52425	259.9	-31.050001	80.0	6 h 32 min 40 sec
8800	64.06999886706471	80.0	111.27001	65.43383	288.35	-25.35	80.0	6 h 33 min 58 sec
8850	-13.895004572346807	80.0	100.92599	59.397476	254.45	-31.650002	80.0	6 h 36 min 16 sec
8900	46.474998366832736	80.0	106.751	53.249237	234.65	18.099998	80.0	6 h 41 min 5 sec
8950	81.12499503828585	80.0	131.61798	61.232635	257.1	15.299996	80.0	6 h 44 min 18 sec
9000	78.39499869048595	80.0	113.211006	58.7025	278.4	3.6999996	80.0	6 h 47 min 13 sec
9050	142.6349979557097	80.0	117.17899	52.030273	221.65	19.8	80.0	6 h 48 min 54 sec
9100	173.7549968536943	80.0	109.686005	59.28737	234.4	-32.2	80.0	6 h 51 min 56 sec
9150	98.14499738998711	80.0	124.342995	52.74484	236.65	1.6999981	80.0	6 h 54 min 26 sec
9200	162.54499853104352	80.0	132.74998	64.34025	258.05	-13.650002	80.0	6 h 56 min 19 sec
9250	161.76499607786536	80.0	118.777985	63.064373	263.0	-7.9000006	80.0	6 h 59 min 52 sec
9300	15.529997904598712	80.0	127.076996	66.74732	308.7	0.9999981	80.0	7 h 2 min 34 sec
9350	137.7249976914376	80.0	116.781006	56.720318	243.2	12.7	80.0	7 h 5 min 33 sec
9400	60.47999787591398	80.0	128.769	65.73188	293.35	19.85	80.0	7 h 7 min 18 sec
9450	88.3399951286614	80.0	132.41699	55.720295	250.34999	21.049997	80.0	7 h 9 min 54 sec
9500	131.4149981148541	80.0	111.565	63.808956	239.15	-34.9	80.0	7 h 12 min 57 sec
9550	95.21999778039753	80.0	124.884	60.336056	248.5	-11.950001	80.0	7 h 15 min 57 sec
9600	13.44999762363732	80.0	128.069	53.2338	264.9	5.6999974	80.0	7 h 19 min 20 sec
9650	200.45999743416905	80.0	115.98399	71.154236	312.1	-29.9	80.0	7 h 23 min 21 sec
9700	131.53999681062996	80.0	147.282	53.553665	264.25	46.3	80.0	7 h 26 min 58 sec
9750	181.54999638721347	80.0	125.442	63.83221	257.45	-35.2	80.0	7 h 29 min 10 sec
9800	54.92999765574932	80.0	116.61	65.40102	274.55	-74.85	80.0	7 h 33 min 37 sec
9850	-51.84000432267785	80.0	134.75699	65.10415	275.95	-12.050001	80.0	7 h 36 min 26 sec
9900	135.88999594897032	80.0	118.548996	65.50273	240.15	-54.600002	80.0	7 h 39 min 56 sec
9950	148.58499784618616	80.0	126.717995	53.771687	220.3	-34.550003	80.0	7 h 43 min 26 sec
10000	141.62499707005918	80.0	144.775	58.234165	262.6	6.8999987	80.0	7 h 45 min 14 sec
10050	105.65999723933638	80.0	131.577	62.999847	255.34999	27.849998	80.0	7 h 48 min 25 sec
10100	76.17999768443406	80.0	141.614	62.273884	257.65	-30.150002	80.0	7 h 51 min 18 sec
10150	116.05499822124838	80.0	150.21301	62.054176	277.85	33.1	80.0	7 h 53 min 56 sec
10200	160.78999782055615	80.0	128.606	56.33767	231.05	1.5499989	80.0	7 h 57 min 22 sec
10250	191.30999589115382	80.0	108.21	63.916157	270.0	-30.2	80.0	7 h 59 min 44 sec
10300	161.26499758735298	80.0	109.746	62.38493	241.5	-31.850004	80.0	8 h 2 min 58 sec
10350	133.27999642677605	80.0	128.60101	53.6354	244.25	31.85	80.0	8 h 6 min 37 sec
10400	106.61499773450196	80.0	121.093994	70.59449	330.3	-24.7	80.0	8 h 10 min 23 sec
10450	149.6899979673326	80.0	152.504	61.347286	261.55	-18.85	80.0	8 h 13 min 47 sec
10500	-11.750003796815871	80.0	138.665	58.81946	260.8	17.75	80.0	8 h 16 min 26 sec
10550	220.12499824874104	80.0	128.777	64.0645	279.3	-4.550001	80.0	8 h 20 min 5 sec
10600	193.22999896667898	80.0	133.474	68.97326	299.5	2.9999995	80.0	8 h 22 min 35 sec
10650	63.61499824747443	80.0	128.343	63.253933	247.3	-58.15	80.0	8 h 26 min 23 sec
10700	46.50499804355204	80.0	108.88299	66.50671	279.1	-38.7	80.0	8 h 28 min 56 sec
10750	66.10999221503735	80.0	114.69	56.371494	264.2	7.499999	80.0	8 h 31 min 58 sec
10800	108.80499855205417	80.0	137.533	59.553696	248.85	2.5999985	80.0	8 h 34 min 53 sec
10850	132.78999831303955	80.0	141.694	61.234097	290.2	20.849998	80.0	8 h 37 min 34 sec
10900	249.84999730959535	80.0	142.94	66.83782	295.69998	-31.7	80.0	8 h 40 min 53 sec
10950	168.96499788947403	80.0	154.465	61.578102	288.35	7.7499995	80.0	8 h 44 min 18 sec
11000	90.57999851778149	80.0	149.32599	60.83305	275.55	46.1	80.0	8 h 48 min 26 sec
11050	163.10999871976674	80.0	144.625	60.762447	276.4	13.55	80.0	8 h 51 min 13 sec
11100	286.749996567145	80.0	136.05	58.635494	282.0	3.999999	80.0	8 h 54 min 56 sec
11150	9.724997278302908	80.0	133.596	60.50268	256.85	-11.500001	80.0	8 h 56 min 41 sec
11200	43.43499817997217	80.0	143.69801	62.208076	271.85	-39.75	80.0	8 h 59 min 29 sec
11250	155.32999804094433	80.0	117.232	70.56054	293.8	-29.650002	80.0	9 h 1 min 6 sec
11300	254.37999807707965	80.0	141.93001	66.09355	280.2	3.3499994	80.0	9 h 3 min 55 sec
11350	124.95999658852816	80.0	144.048	67.02005	275.45	9.049999	80.0	9 h 5 min 44 sec
11400	125.39999825060367	80.0	151.004	68.90557	289.9	-27.1	80.0	9 h 8 min 16 sec
11450	138.48999690338968	80.0	151.584	70.65846	278.4	-4.7000012	80.0	9 h 11 min 29 sec
11500	183.8999983575195	80.0	125.452995	59.708797	238.55	-6.5000005	80.0	9 h 14 min 55 sec
11550	205.64999823570253	80.0	129.17398	63.698174	286.45	-4.8000016	80.0	9 h 17 min 47 sec
11600	122.82499724850058	80.0	134.392	54.86818	253.84999	33.8	80.0	9 h 21 min 23 sec
11650	151.6199975747615	80.0	121.25799	64.709465	280.55	-31.1	80.0	9 h 25 min 18 sec
11700	211.83999684676527	80.0	141.319	65.59307	290.65	5.699999	80.0	9 h 28 min 59 sec
11750	141.9549986962229	80.0	131.33202	59.61788	243.55	-31.800001	80.0	9 h 31 min 58 sec
11800	131.84999728240072	80.0	122.789	62.54038	309.45	7.9499984	80.0	9 h 35 min 12 sec
11850	91.94999842531979	80.0	123.22101	69.657745	297.6	-35.0	80.0	9 h 38 min 27 sec
11900	194.44499762542546	80.0	140.054	61.54477	265.35	-8.850002	80.0	9 h 40 min 33 sec
11950	184.91499786637723	80.0	125.915	54.24773	232.0	10.599999	80.0	9 h 43 min 7 sec
12000	140.96499753519893	80.0	139.68298	63.558514	254.15	-1.7500017	80.0	9 h 45 min 33 sec
12050	108.61999792344868	80.0	134.724	63.606087	262.4	15.149999	80.0	9 h 48 min 24 sec
12100	178.40499837398528	80.0	132.816	63.34208	237.65	-39.75	80.0	9 h 51 min 37 sec
12150	151.94499766081572	80.0	112.375	60.15664	272.0	-20.25	80.0	9 h 54 min 31 sec
12200	74.20499699562788	80.0	122.31899	69.93098	253.65	-17.85	80.0	9 h 58 min 6 sec
12250	132.38499839119612	80.0	120.81999	59.378918	241.09999	-18.150002	80.0	10 h 1 min 19 sec
12300	153.34999949112535	80.0	123.311005	53.095737	263.3	20.099998	80.0	10 h 4 min 47 sec
12350	-3.4350005641579626	80.0	134.961	58.58434	264.75	-4.500001	80.0	10 h 7 min 16 sec
12400	90.02999855354429	80.0	128.268	50.704105	289.35	-5.900001	80.0	10 h 10 min 0 sec
12450	119.43499789163471	80.0	128.409	68.15431	246.55	-8.650002	80.0	10 h 12 min 39 sec
12500	130.88999835178257	80.0	150.51501	81.38915	308.1	-44.100002	80.0	10 h 15 min 26 sec
12550	58.864997343346474	80.0	129.05101	62.67148	269.85	-2.5500014	80.0	10 h 18 min 13 sec
12600	229.66499784737826	80.0	135.982	61.736027	268.55	6.1999993	80.0	10 h 20 min 22 sec
12650	81.07999855652452	80.0	134.88701	65.24429	293.44998	10.499999	80.0	10 h 22 min 41 sec
12700	74.31999902278184	80.0	113.87301	62.029705	260.85	9.099998	80.0	10 h 25 min 31 sec
12750	178.3799979880452	80.0	137.25499	58.96327	254.3	-60.75	80.0	10 h 28 min 54 sec
12800	142.50499734841287	80.0	116.39299	67.39576	274.85	-30.6	80.0	10 h 32 min 18 sec
12850	183.28499888367952	80.0	141.696	56.284077	273.65	-10.3	80.0	10 h 35 min 8 sec
12900	143.50999733768404	80.0	157.871	70.217804	293.2	-2.0500004	80.0	10 h 38 min 50 sec
12950	232.10999712347984	80.0	148.62799	59.546432	302.05	17.3	80.0	10 h 41 min 50 sec
13000	94.79499888457357	80.0	135.42099	58.467453	261.55	22.6	80.0	10 h 45 min 25 sec
13050	99.54499858170747	80.0	170.242	63.865154	301.4	34.95	80.0	10 h 47 min 41 sec
13100	57.34999549910426	80.0	136.688	78.3767	286.9	-3.400001	80.0	10 h 52 min 2 sec
13150	208.20999767556788	80.0	156.767	65.386604	283.65	-38.25	80.0	10 h 54 min 56 sec
13200	239.95999833755195	80.0	148.437	63.668648	272.05	-7.550002	80.0	10 h 57 min 49 sec
13250	91.60499805361033	80.0	165.986	69.28595	320.6	1.2499989	80.0	11 h 0 min 29 sec
13300	158.79999783970416	80.0	147.252	63.546772	281.05	-22.800001	80.0	11 h 3 min 18 sec
13350	240.16999799460172	80.0	167.919	61.267754	305.75	36.85	80.0	11 h 4 min 59 sec
13400	95.94499770626426	80.0	146.683	62.363205	268.4	-17.800001	80.0	11 h 8 min 8 sec
13450	50.504998889937994	80.0	161.148	73.0295	323.6	4.7999983	80.0	11 h 10 min 30 sec
13500	116.59999677464366	80.0	133.19199	68.14601	264.7	-67.5	80.0	11 h 14 min 5 sec
13550	122.20499789081514	80.0	157.144	71.35033	303.5	-1.0500009	80.0	11 h 15 min 40 sec
13600	199.2599970791489	80.0	157.6	68.684685	296.0	8.75	80.0	11 h 17 min 26 sec
13650	221.7349990785122	80.0	154.944	70.858505	292.2	34.2	80.0	11 h 19 min 57 sec
13700	53.06999645493924	80.0	148.47101	74.32663	337.95	-11.300001	80.0	11 h 23 min 9 sec
13750	198.34499853923916	80.0	155.106	66.774956	310.6	22.25	80.0	11 h 26 min 49 sec
13800	191.81999709047378	80.0	151.084	62.3172	334.75	50.699997	80.0	11 h 30 min 1 sec
13850	166.52499838396906	80.0	147.589	66.23232	300.45	-32.9	80.0	11 h 33 min 14 sec
13900	160.91499790512026	80.0	145.99501	65.61742	268.25	-32.8	80.0	11 h 36 min 10 sec
13950	198.99499852843581	80.0	150.57399	75.69446	282.25	-7.000001	80.0	11 h 38 min 57 sec
14000	165.91999848484994	80.0	166.292	73.763626	311.1	-8.750001	80.0	11 h 41 min 31 sec
14050	166.79499727226795	80.0	160.85901	68.97843	330.55	-10.800002	80.0	11 h 43 min 27 sec
14100	54.63999905027449	80.0	153.823	68.93417	292.1	29.099997	80.0	11 h 46 min 6 sec
14150	76.82999789044261	80.0	156.327	56.700787	265.8	35.55	80.0	11 h 48 min 13 sec
14200	218.04999797046185	80.0	165.968	68.19106	335.8	21.5	80.0	11 h 50 min 18 sec
14250	57.179995552822945	80.0	137.486	58.699932	274.05	-46.65	80.0	11 h 53 min 5 sec
14300	236.94999783411623	80.0	160.327	75.063934	321.0	-2.500001	80.0	11 h 55 min 38 sec
14350	236.61999831646682	80.0	174.519	67.3258	332.0	35.0	80.0	11 h 59 min 21 sec
14400	33.54999738149345	80.0	160.053	73.63266	327.55	-14.000001	80.0	12 h 1 min 39 sec
14450	206.9899986244738	80.0	160.763	58.844475	293.0	24.65	80.0	12 h 3 min 28 sec
14500	122.33999748118222	80.0	157.061	74.56936	299.85	-29.800001	80.0	12 h 6 min 22 sec
14550	144.64999885819853	80.0	174.056	69.74791	296.45	0.8999993	80.0	12 h 9 min 55 sec
14600	86.42999734990299	80.0	166.465	91.97154	361.05	-51.800003	80.0	12 h 13 min 44 sec
14650	219.79499848783016	80.0	166.996	63.212154	329.7	43.899998	80.0	12 h 16 min 16 sec
14700	101.61999766677619	80.0	165.649	88.35462	371.45	-50.3	80.0	12 h 19 min 14 sec
14750	158.9899973306805	80.0	160.344	63.862133	306.8	28.35	80.0	12 h 22 min 50 sec
14800	142.87499885633588	80.0	157.41101	92.77078	342.45	-50.75	80.0	12 h 26 min 10 sec
14850	128.2499979004264	80.0	149.04102	65.130714	378.35	39.3	80.0	12 h 29 min 14 sec
14900	224.79499700516462	80.0	148.922	72.54754	318.75	-42.65	80.0	12 h 33 min 20 sec
14950	279.95999783612785	80.0	151.896	78.93245	331.0	-12.800002	80.0	12 h 36 min 12 sec
15000	271.1149968478829	80.0	150.605	76.564865	311.75	-11.350001	80.0	12 h 38 min 57 sec
15050	185.5299985550344	80.0	158.849	62.204865	294.35	33.649998	80.0	12 h 42 min 44 sec
15100	172.184998100996	80.0	155.615	70.32484	283.2	-7.900002	80.0	12 h 45 min 57 sec
15150	251.79499789439143	80.0	154.39601	70.410576	314.0	22.499998	80.0	12 h 49 min 45 sec
15200	165.54999768324197	80.0	160.32599	61.29787	292.35	38.899998	80.0	12 h 52 min 29 sec
15250	241.3249985024333	80.0	172.125	80.36696	307.15	4.3499994	80.0	12 h 54 min 9 sec
15300	219.73999843373895	80.0	169.711	68.42759	310.7	39.649998	80.0	12 h 58 min 1 sec
15350	143.51999739706517	80.0	175.11398	71.934654	344.0	6.2499986	80.0	13 h 1 min 45 sec
15400	220.54999716952443	80.0	171.756	70.60223	295.35	0.79999906	80.0	13 h 3 min 22 sec
15450	163.1999960936606	80.0	162.79399	66.859955	333.9	-7.250001	80.0	13 h 7 min 31 sec
15500	75.93499883860349	80.0	179.16	76.648315	374.75	-54.95	80.0	13 h 10 min 16 sec
15550	140.08999782390893	80.0	161.205	66.25302	329.85	39.5	80.0	13 h 13 min 33 sec
15600	198.87999702505766	80.0	171.18	71.877716	341.8	43.5	80.0	13 h 16 min 49 sec
15650	312.3799982510507	80.0	164.17398	63.03186	288.6	30.949999	80.0	13 h 19 min 46 sec
15700	192.65499810948967	80.0	164.12401	63.652256	312.9	48.45	80.0	13 h 23 min 35 sec
15750	246.1349974628538	80.0	167.13602	71.32068	302.9	34.55	80.0	13 h 27 min 17 sec
15800	145.36499679982663	80.0	154.152	80.68835	306.35	-9.650002	80.0	13 h 29 min 22 sec
15850	260.7299979712814	80.0	172.92801	87.301506	348.1	-39.75	80.0	13 h 31 min 54 sec
15900	174.4049975093454	80.0	158.90302	76.36604	335.05	-36.9	80.0	13 h 35 min 1 sec
15950	218.734998017177	80.0	181.22601	66.7873	291.9	-14.950001	80.0	13 h 37 min 38 sec
16000	137.88999884314836	80.0	177.161	70.03546	329.35	19.599998	80.0	13 h 40 min 41 sec
16050	137.21499817073345	80.0	167.61	71.16807	345.95	23.249998	80.0	13 h 44 min 15 sec
16100	140.56499860063195	80.0	179.727	72.17833	319.45	-8.500002	80.0	13 h 46 min 44 sec
16150	126.4049988463521	80.0	179.05699	72.60747	345.75	45.75	80.0	13 h 48 min 49 sec
16200	294.2249982178211	80.0	175.695	68.6506	356.45	34.149998	80.0	13 h 52 min 49 sec
16250	193.30499731637536	80.0	170.01	75.174835	335.6	-12.05	80.0	13 h 55 min 36 sec
16300	265.5549988724291	80.0	171.384	54.23042	301.3	29.199999	80.0	13 h 57 min 58 sec
16350	173.3349979802966	80.0	199.31	73.87267	343.35	14.699999	80.0	14 h 1 min 2 sec
16400	283.8099976807833	80.0	180.593	69.184456	348.5	-22.2	80.0	14 h 3 min 38 sec
16450	194.9099986951798	80.0	179.39099	63.20555	322.05	-4.200001	80.0	14 h 6 min 7 sec
16500	262.55999695584177	80.0	178.107	76.56281	345.05	2.1999989	80.0	14 h 9 min 10 sec
16550	175.22999754361808	80.0	159.20099	83.131905	348.5	-64.200005	80.0	14 h 13 min 14 sec
16600	250.59999748691916	80.0	182.29399	72.88908	337.45	5.8999968	80.0	14 h 15 min 31 sec
16650	186.75999762304127	80.0	154.588	67.543175	296.4	-2.600003	80.0	14 h 20 min 0 sec
16700	19.364995669946076	80.0	159.034	80.27334	306.85	-39.350002	80.0	14 h 24 min 11 sec
16750	268.0549978788942	80.0	158.754	94.541115	316.25	1.4499993	80.0	14 h 27 min 9 sec
16800	152.8349971074611	80.0	167.776	76.825584	303.9	-3.7000008	80.0	14 h 30 min 29 sec
16850	179.30499823242425	80.0	169.572	71.68962	309.85	50.0	80.0	14 h 34 min 28 sec
16900	196.7549966149032	80.0	167.263	75.99617	326.15	-17.300003	80.0	14 h 37 min 46 sec
16950	163.63999857380986	80.0	175.855	62.413494	307.9	31.849998	80.0	14 h 41 min 35 sec
17000	342.6999974977225	80.0	153.046	91.18393	324.7	-67.15	80.0	14 h 44 min 37 sec
17050	141.95999863334	80.0	145.84	80.82762	316.75	-14.650001	80.0	14 h 46 min 21 sec
17100	48.73499874062836	80.0	166.806	76.49565	334.2	26.799997	80.0	14 h 49 min 16 sec
17150	121.06999850682914	80.0	158.992	65.79797	277.35	-9.650002	80.0	14 h 51 min 20 sec
17200	241.30999773070215	80.0	166.236	65.75994	282.7	18.849998	80.0	14 h 53 min 32 sec
17250	108.37499790377915	80.0	161.381	77.482544	305.15	-32.600002	80.0	14 h 55 min 37 sec
17300	229.01499848887323	80.0	167.578	72.88243	308.7	7.95	80.0	14 h 57 min 34 sec
17350	179.1549968149513	80.0	174.79599	71.646454	332.15	19.9	80.0	14 h 59 min 40 sec
17400	150.91499752067028	80.0	178.372	67.58842	318.25	36.25	80.0	15 h 2 min 9 sec
17450	66.5849981572479	80.0	174.24998	55.944008	277.75	42.6	80.0	15 h 5 min 15 sec
17500	212.78999751843511	80.0	165.666	79.10493	339.1	6.549999	80.0	15 h 7 min 46 sec
17550	193.20999960526825	80.0	178.57199	70.31889	349.45	24.5	80.0	15 h 10 min 37 sec
17600	176.66999851241707	80.0	192.21	66.17004	315.95	26.949999	80.0	15 h 14 min 55 sec
17650	192.4099979132414	80.0	194.809	59.721825	314.3	48.6	80.0	15 h 19 min 2 sec
17700	259.5749972451478	80.0	185.96199	77.67588	307.95	9.5	80.0	15 h 21 min 48 sec
17750	228.1449980456382	80.0	181.35101	68.58139	305.6	39.45	80.0	15 h 23 min 33 sec
17800	294.9849990133196	80.0	191.229	71.05541	342.35	16.15	80.0	15 h 26 min 22 sec
17850	296.6049987990409	80.0	178.07901	84.41488	353.25	32.399998	80.0	15 h 29 min 11 sec
17900	167.34499763660133	80.0	206.196	70.68324	349.3	33.5	80.0	15 h 31 min 37 sec
17950	180.0799983330071	80.0	179.349	84.77079	323.25	-0.6500014	80.0	15 h 34 min 20 sec
18000	215.35999876484274	80.0	178.20099	84.38977	340.05	9.65	80.0	15 h 36 min 36 sec
18050	192.13999703489245	80.0	173.664	68.91073	317.65	51.399998	80.0	15 h 41 min 3 sec
18100	298.6699987668544	80.0	194.16597	70.18997	326.45	23.15	80.0	15 h 43 min 8 sec
18150	202.40999900102616	80.0	157.185	72.711945	330.0	-18.150002	80.0	15 h 46 min 18 sec
18200	146.04499878920615	80.0	178.34398	71.61227	325.75	6.3499985	80.0	15 h 48 min 19 sec
18250	289.58999873511493	80.0	181.354	85.553604	341.2	17.799997	80.0	15 h 51 min 25 sec
18300	294.44499674402175	80.0	182.55801	77.91448	343.1	-5.550002	80.0	15 h 53 min 32 sec
18350	170.2249970421195	80.0	173.71602	72.2069	323.7	5.8499994	80.0	15 h 56 min 13 sec
18400	284.34999734163284	80.0	176.95401	62.45248	313.45	45.1	80.0	15 h 58 min 20 sec
18450	69.82499808818102	80.0	188.28	63.00171	315.85	46.149998	80.0	16 h 1 min 53 sec
18500	198.98499731905758	80.0	169.20099	84.42275	361.85	2.2999988	80.0	16 h 6 min 28 sec
18550	269.4949983343482	80.0	168.14299	71.465645	321.15	13.649999	80.0	16 h 10 min 4 sec
18600	216.1499983455986	80.0	175.04903	72.7432	352.35	28.15	80.0	16 h 13 min 50 sec
18650	205.6849967304617	80.0	196.101	81.67795	335.15	11.2	80.0	16 h 16 min 19 sec
18700	236.91999889239668	80.0	168.526	69.77348	315.05	2.7999992	80.0	16 h 18 min 59 sec
18750	320.579998485744	80.0	175.367	78.018745	328.8	5.999999	80.0	16 h 21 min 5 sec
18800	232.6499985717237	80.0	181.81801	78.76284	330.25	-18.350002	80.0	16 h 24 min 17 sec
18850	256.35499821566043	80.0	190.395	88.33921	330.65	-24.150002	80.0	16 h 27 min 48 sec
18900	265.2099971935153	80.0	198.81601	61.333385	332.3	51.199997	80.0	16 h 31 min 39 sec
18950	234.61499805264174	80.0	191.429	65.05291	381.4	58.0	80.0	16 h 35 min 20 sec
19000	111.47999893464149	80.0	189.381	67.706436	337.9	13.849999	80.0	16 h 39 min 17 sec
19050	218.284997099638	80.0	204.98398	70.35428	345.1	27.449999	80.0	16 h 41 min 5 sec
19100	272.09999782554803	80.0	186.08002	87.334145	386.65	-20.400002	80.0	16 h 44 min 31 sec
19150	175.30499894991516	80.0	159.657	74.59224	300.55	0.59999824	80.0	16 h 46 min 6 sec
19200	306.14999780133365	80.0	181.834	76.38004	322.55	2.0999992	80.0	16 h 47 min 41 sec
19250	202.72999824434518	80.0	175.47801	77.89098	349.8	-31.35	80.0	16 h 49 min 48 sec
19300	289.94499820768834	80.0	175.04799	74.10334	318.2	-3.2000015	80.0	16 h 51 min 31 sec
19350	245.61499838419257	80.0	185.214	64.12618	334.4	55.05	80.0	16 h 54 min 7 sec
19400	197.4599989682436	80.0	195.633	75.574265	349.95	2.7999988	80.0	16 h 57 min 0 sec
19450	310.70499780215323	80.0	195.327	78.844154	342.05	7.399999	80.0	16 h 59 min 42 sec
19500	276.3349966097623	80.0	196.205	63.989326	329.15	27.449999	80.0	17 h 2 min 37 sec
19550	200.4299984358251	80.0	198.36801	68.298584	301.15	-22.15	80.0	17 h 5 min 7 sec
19600	219.2649988897145	80.0	197.71	75.347946	336.1	-41.15	80.0	17 h 8 min 23 sec
19650	260.14499854892495	80.0	196.42299	68.759796	328.7	37.2	80.0	17 h 10 min 6 sec
19700	257.80499836429954	80.0	201.95502	77.71351	361.2	24.999998	80.0	17 h 11 min 45 sec
19750	280.5199987538159	80.0	203.87201	82.34199	352.45	-10.6	80.0	17 h 14 min 59 sec
19800	283.7699981730431	80.0	177.71901	80.75542	340.45	-33.5	80.0	17 h 19 min 43 sec
19850	330.3499974310398	80.0	197.61201	67.013275	313.15	-32.05	80.0	17 h 21 min 31 sec
19900	278.94999895617366	80.0	178.48401	70.94654	317.6	3.7499988	80.0	17 h 23 min 46 sec
19950	222.51499844379723	80.0	167.98003	77.76405	324.2	-32.600002	80.0	17 h 27 min 19 sec
20000	272.16499779596927	80.0	163.307	74.67878	283.65	-21.400002	80.0	17 h 29 min 27 sec
20050	152.9849976737052	80.0	186.605	71.99028	362.45	-10.550001	80.0	17 h 32 min 43 sec
20100	249.81499803736807	80.0	180.01799	91.60823	330.85	-68.0	80.0	17 h 36 min 14 sec
20150	160.26999810859562	80.0	171.571	78.95948	341.55	-0.65000135	80.0	17 h 39 min 12 sec
20200	130.94999775364994	80.0	167.89702	79.3566	334.75	-0.55000126	80.0	17 h 42 min 43 sec
20250	175.2799977146089	80.0	181.977	87.004974	348.35	-57.100002	80.0	17 h 45 min 8 sec
20300	112.57999808490277	80.0	167.803	79.33521	335.35	7.2499995	80.0	17 h 47 min 39 sec
20350	236.84999826923013	80.0	181.25699	67.88953	304.5	17.599998	80.0	17 h 50 min 50 sec
20400	119.01499810032547	80.0	198.777	54.35125	290.9	69.0	80.0	17 h 53 min 17 sec
20450	146.46999747492373	80.0	178.04301	66.167145	299.45	18.4	80.0	17 h 54 min 59 sec
20500	204.49999854601919	80.0	179.42	67.276855	342.2	41.05	80.0	17 h 58 min 2 sec
20550	186.46999883800746	80.0	194.966	73.445335	337.7	-27.650002	80.0	18 h 0 min 15 sec
20600	258.47999797314407	80.0	170.929	79.60003	307.15	-26.150002	80.0	18 h 3 min 57 sec
20650	181.11999874822794	80.0	188.226	78.64185	323.25	25.25	80.0	18 h 8 min 7 sec
20700	165.25999822504818	80.0	181.04898	79.43407	336.5	-7.700002	80.0	18 h 11 min 13 sec
20750	294.7199984945357	80.0	170.68599	66.131195	345.2	0.3499992	80.0	18 h 14 min 50 sec
20800	264.9349981609732	80.0	172.73997	83.59601	323.6	-91.55	80.0	18 h 17 min 28 sec
20850	257.4699977774173	80.0	181.86102	73.832794	307.0	16.8	80.0	18 h 20 min 5 sec
20900	270.07999796904625	80.0	183.04002	67.4751	312.7	7.3999987	80.0	18 h 21 min 49 sec
20950	268.1049986246973	80.0	178.73799	79.62713	341.75	8.449999	80.0	18 h 24 min 48 sec
21000	170.9499984588474	80.0	189.96898	74.127365	352.8	-15.8	80.0	18 h 27 min 44 sec
21050	192.2299984358251	80.0	169.95401	82.44378	346.25	-20.85	80.0	18 h 30 min 29 sec
21100	254.0099977593869	80.0	181.208	76.161964	352.7	10.349998	80.0	18 h 33 min 2 sec
21150	169.76499884836375	80.0	181.72598	82.45603	399.35	-6.4500017	80.0	18 h 35 min 40 sec
21200	154.88499916866422	80.0	179.85799	73.24374	326.65	18.199999	80.0	18 h 40 min 8 sec
21250	251.359997818619	80.0	192.44403	78.56141	345.2	-50.55	80.0	18 h 43 min 26 sec
21300	206.2849977955222	80.0	189.036	65.79932	304.8	28.499998	80.0	18 h 47 min 46 sec
21350	230.9199968032539	80.0	190.889	69.6731	318.0	4.0499983	80.0	18 h 51 min 10 sec
21400	267.6349979031831	80.0	197.205	77.309395	344.7	0.79999864	80.0	18 h 54 min 16 sec
21450	213.9349981803447	80.0	175.92297	68.44896	305.3	32.649998	80.0	18 h 57 min 12 sec
21500	252.18499800413846	80.0	187.754	60.313087	322.65	8.049999	80.0	19 h 0 min 6 sec
21550	238.21999824792147	80.0	196.91602	70.09822	317.85	6.6499987	80.0	19 h 4 min 3 sec
21600	234.7799971021712	80.0	188.59	89.8771	366.1	-15.6	80.0	19 h 7 min 22 sec
21650	237.07499837689102	80.0	197.601	81.900215	324.05	-35.75	80.0	19 h 9 min 32 sec
21700	303.96999855712056	80.0	197.148	77.676956	327.9	-48.65	80.0	19 h 13 min 28 sec
21750	215.92499859258533	80.0	199.886	70.47603	372.05	33.149998	80.0	19 h 16 min 10 sec
21800	259.76499686576426	80.0	213.167	66.48192	318.65	-28.6	80.0	19 h 19 min 18 sec
21850	224.1049978747964	80.0	197.583	59.523083	323.55	50.95	80.0	19 h 23 min 6 sec
21900	211.12499768771232	80.0	199.96799	73.113045	315.85	8.399999	80.0	19 h 26 min 55 sec
21950	246.41499905847013	80.0	199.84299	68.04629	378.85	-9.050001	80.0	19 h 28 min 59 sec
22000	211.779998100549	80.0	178.66798	72.16945	331.65	46.75	80.0	19 h 32 min 15 sec
22050	256.3649981986731	80.0	191.943	72.56461	329.65	12.349999	80.0	19 h 36 min 24 sec
22100	215.07999765500426	80.0	169.474	88.52774	313.5	-50.55	80.0	19 h 41 min 12 sec
22150	48.77999844402075	80.0	166.371	82.26011	348.9	-31.950003	80.0	19 h 44 min 0 sec
22200	259.48999807275834	80.0	186.04	77.36517	341.4	23.4	80.0	19 h 47 min 58 sec
22250	250.2749981109053	80.0	166.407	88.871826	315.5	-47.300003	80.0	19 h 49 min 57 sec
22300	229.05999862775207	80.0	170.50099	74.92081	320.95	-15.050001	80.0	19 h 53 min 29 sec
22350	189.5749987591058	80.0	183.97002	87.4318	309.35	-76.15	80.0	19 h 57 min 7 sec
22400	276.2149981047958	80.0	195.68903	78.13517	338.5	-41.300003	80.0	19 h 59 min 57 sec
22450	236.12499789074064	80.0	195.274	67.57632	326.25	28.649998	80.0	20 h 4 min 5 sec
22500	256.9549978081137	80.0	181.688	69.93319	325.05	20.199999	80.0	20 h 7 min 35 sec
22550	164.92999806664884	80.0	182.89801	82.55283	330.45	-44.100002	80.0	20 h 10 min 39 sec
22600	272.0199986219406	80.0	190.351	65.334854	318.6	-42.7	80.0	20 h 12 min 48 sec
22650	302.01999894864855	80.0	203.741	60.552986	311.85	80.75	80.0	20 h 16 min 41 sec
22700	306.73499871008096	80.0	205.438	70.93638	338.85	22.349998	80.0	20 h 19 min 8 sec
22750	276.3249974038452	80.0	226.15599	62.05541	346.7	40.75	80.0	20 h 21 min 48 sec
22800	170.62499784976245	80.0	194.738	69.458374	330.8	3.099999	80.0	20 h 24 min 50 sec
22850	247.6299983881414	80.0	214.792	59.33347	345.0	89.75	80.0	20 h 27 min 51 sec
22900	304.3499987699091	80.0	214.532	59.192112	317.2	70.4	80.0	20 h 31 min 3 sec
22950	225.0349981814623	80.0	187.369	84.26257	399.85	8.149999	80.0	20 h 34 min 4 sec
23000	224.2999988887459	80.0	198.13199	80.72028	323.2	-7.400001	80.0	20 h 38 min 7 sec
23050	17.0899959821254	80.0	193.99298	76.39272	328.3	-27.900002	80.0	20 h 39 min 55 sec
23100	172.40499766916037	80.0	194.475	79.3152	325.95	-36.050003	80.0	20 h 41 min 31 sec
23150	220.51999744474887	80.0	204.733	76.52723	366.3	20.65	80.0	20 h 43 min 16 sec
23200	261.41999834254386	80.0	191.01	62.74191	344.1	66.35	80.0	20 h 46 min 11 sec
23250	123.94499883875251	80.0	209.37701	68.89019	346.6	-27.400002	80.0	20 h 49 min 4 sec
23300	281.84999906644225	80.0	186.67197	75.39992	300.85	2.299999	80.0	20 h 51 min 0 sec
23350	333.80499884672463	80.0	197.83801	55.415123	311.3	87.95	80.0	20 h 54 min 51 sec
23400	231.21499859131873	80.0	168.76599	72.22473	340.55	5.3499985	80.0	20 h 57 min 36 sec
23450	256.38499809093776	80.0	177.96701	72.566605	321.7	-5.0000014	80.0	20 h 59 min 49 sec
23500	176.72999754250048	80.0	201.74199	74.963585	376.9	23.550001	80.0	21 h 2 min 36 sec
23550	235.26999780461193	80.0	178.95499	74.63559	316.4	7.1999993	80.0	21 h 4 min 17 sec
23600	281.1349982827902	80.0	188.71198	67.10888	350.25	9.399999	80.0	21 h 7 min 5 sec
23650	237.5099976450205	80.0	226.06099	66.44094	359.2	2.8499992	80.0	21 h 10 min 39 sec
23700	290.07999769337476	80.0	178.45801	69.88469	301.15	48.7	80.0	21 h 12 min 59 sec
23750	240.1999985244125	80.0	168.365	76.31042	341.25	-1.1000011	80.0	21 h 16 min 37 sec
23800	117.87999894209206	80.0	179.9	57.87573	277.5	63.149998	80.0	21 h 19 min 40 sec
23850	300.19499835334716	80.0	191.85301	78.278946	321.0	-0.7500007	80.0	21 h 22 min 25 sec
23900	73.7799977608025	80.0	189.489	77.04739	335.75	-1.5000013	80.0	21 h 25 min 26 sec
23950	243.88499783687294	80.0	221.28702	69.6679	351.5	3.1999996	80.0	21 h 29 min 28 sec
24000	225.49999593906105	80.0	198.152	82.91709	393.8	3.3999984	80.0	21 h 32 min 12 sec
24050	295.9249984040856	80.0	205.56102	76.94967	342.65	26.4	80.0	21 h 36 min 7 sec
24100	232.92499695830048	80.0	200.75699	68.33056	363.4	20.899998	80.0	21 h 37 min 54 sec
24150	257.2499985359609	80.0	206.84898	77.18787	373.15	66.85	80.0	21 h 41 min 53 sec
24200	274.6399982243776	80.0	204.527	77.074814	336.75	12.9	80.0	21 h 44 min 24 sec
24250	245.15499798692764	80.0	221.047	73.19952	403.6	9.449999	80.0	21 h 48 min 34 sec
24300	195.79499805495144	80.0	213.74597	63.883064	362.0	67.45	80.0	21 h 50 min 53 sec
24350	181.94999827630818	80.0	203.88202	82.355576	393.7	-31.5	80.0	21 h 54 min 30 sec
24400	4.589997625350952	80.0	193.63701	81.41811	333.4	-22.25	80.0	21 h 56 min 11 sec
24450	227.9099974580109	80.0	182.69797	77.528725	310.4	-14.6	80.0	22 h 0 min 29 sec
24500	206.53999860771	80.0	222.864	53.416283	366.8	86.0	80.0	22 h 4 min 56 sec
24550	223.67999911606313	80.0	228.003	67.97416	374.8	31.249998	80.0	22 h 8 min 3 sec
24600	245.9449979491532	80.0	221.979	69.51924	351.85	0.39999926	80.0	22 h 10 min 48 sec
24650	362.68499794118105	80.0	203.381	74.17187	385.25	4.199999	80.0	22 h 13 min 24 sec
24700	316.5549979534	80.0	195.91498	90.76654	324.6	-65.8	80.0	22 h 17 min 35 sec
24750	283.7549986846745	80.0	209.68298	70.43596	358.7	67.85	80.0	22 h 19 min 58 sec
24800	271.1649981353432	80.0	207.70299	82.569214	358.45	-40.4	80.0	22 h 21 min 59 sec
24850	194.77499863021075	80.0	196.89099	82.2005	336.8	22.149998	80.0	22 h 26 min 33 sec
24900	304.1399981919676	80.0	219.11699	60.61332	346.25	73.1	80.0	22 h 29 min 34 sec
24950	347.4299982290715	80.0	221.19197	85.36432	370.5	-3.6000016	80.0	22 h 31 min 14 sec
25000	282.6399971295148	80.0	216.90701	72.271324	338.7	8.599998	80.0	22 h 34 min 42 sec
25050	218.50999770611526	80.0	203.112	76.04539	352.8	51.85	80.0	22 h 37 min 44 sec
25100	265.32999928854406	80.0	224.003	71.04835	394.0	46.1	80.0	22 h 41 min 5 sec
25150	248.1799980826676	80.0	208.14302	73.95002	353.2	29.699999	80.0	22 h 43 min 46 sec
25200	252.62999854758382	80.0	231.61699	80.13712	364.7	-1.5000007	80.0	22 h 45 min 25 sec
25250	353.16999844498935	80.0	174.593	88.212906	322.25	-42.4	80.0	22 h 47 min 53 sec
25300	319.7249984547496	80.0	214.229	63.966022	340.5	65.7	80.0	22 h 50 min 24 sec
25350	291.05499824397265	80.0	220.465	72.119125	351.45	68.1	80.0	22 h 53 min 20 sec
25400	261.84499876610937	80.0	228.11699	73.9579	367.05	87.8	80.0	22 h 57 min 44 sec
25450	285.5899982433766	80.0	193.94	75.57033	366.2	20.65	80.0	23 h 1 min 39 sec
25500	280.81499826386573	80.0	219.036	71.59998	361.5	21.749998	80.0	23 h 3 min 35 sec
25550	238.74499887637793	80.0	215.29102	65.42177	335.15	73.95	80.0	23 h 6 min 46 sec
25600	263.93999913446606	80.0	213.413	76.912964	357.2	3.3499994	80.0	23 h 11 min 2 sec
25650	269.36999829672277	80.0	203.33801	72.73456	361.6	29.05	80.0	23 h 14 min 4 sec
25700	202.97499774731696	80.0	227.19	79.180016	363.1	60.149998	80.0	23 h 15 min 56 sec
25750	310.0349986329675	80.0	216.97398	70.43104	374.2	69.0	80.0	23 h 19 min 42 sec
25800	317.8249983023852	80.0	200.96799	66.05142	317.2	6.1499996	80.0	23 h 22 min 33 sec
25850	280.39999818988144	80.0	219.994	73.19112	358.95	54.199997	80.0	23 h 25 min 9 sec
25900	251.94999845847488	80.0	232.99098	76.58148	402.8	10.65	80.0	23 h 29 min 39 sec
25950	193.01499864533542	80.0	211.771	86.66971	376.95	-5.550001	80.0	23 h 32 min 57 sec
26000	310.889998331666	80.0	216.834	84.52431	361.05	52.399998	80.0	23 h 36 min 40 sec
26050	225.99499755837024	80.0	230.87498	81.53048	366.5	36.649998	80.0	23 h 40 min 36 sec
26100	314.41499851234255	80.0	202.38799	83.284874	337.35	-8.150002	80.0	23 h 42 min 44 sec
26150	302.4349987473339	80.0	204.99101	93.79937	353.6	0.7999997	80.0	23 h 45 min 38 sec
26200	232.01499837338923	80.0	219.20403	71.349266	357.45	38.3	80.0	23 h 47 min 55 sec
26250	261.2599977951497	80.0	202.15297	71.30088	332.45	-13.050001	80.0	23 h 49 min 39 sec
26300	192.86999842450024	80.0	214.505	88.733925	358.0	-2.4000008	80.0	23 h 52 min 55 sec
26350	133.4699982777238	80.0	163.86699	90.116295	323.35	-38.25	80.0	23 h 56 min 33 sec
26400	50.11499874889851	80.0	190.822	82.00127	348.55	7.4999995	80.0	24 h 1 min 12 sec
26450	243.81499851681292	80.0	206.099	77.73139	372.9	-4.4500012	80.0	24 h 3 min 12 sec
26500	48.57499865628779	80.0	240.328	59.876163	357.95	76.75	80.0	24 h 6 min 45 sec
26550	253.89999888017775	80.0	192.47198	98.292	332.9	-68.4	80.0	24 h 9 min 11 sec
26600	327.21999823004006	80.0	214.04897	86.02764	373.85	-47.65	80.0	24 h 12 min 43 sec
26650	349.3699982050806	80.0	217.172	68.21285	359.95	79.15	80.0	24 h 15 min 45 sec
26700	306.5249984648079	80.0	207.644	61.27986	344.8	86.85	80.0	24 h 17 min 59 sec
26750	293.6149977173656	80.0	206.283	81.22218	380.35	-8.600001	80.0	24 h 20 min 9 sec
26800	222.43999753333628	80.0	224.18102	76.36853	361.05	40.149998	80.0	24 h 22 min 40 sec
26850	280.4799991443753	80.0	210.639	74.11892	322.55	12.799999	80.0	24 h 26 min 23 sec
26900	154.36999884434044	80.0	187.155	87.894905	386.1	-20.45	80.0	24 h 30 min 26 sec
26950	107.15999857336283	80.0	203.36299	72.29487	347.9	15.499998	80.0	24 h 32 min 59 sec
27000	212.96499707326294	80.0	208.56001	78.03056	339.1	43.25	80.0	24 h 37 min 39 sec
27050	276.4199984725565	80.0	209.898	80.44263	369.45	-5.900002	80.0	24 h 42 min 11 sec
27100	265.8999984994531	80.0	197.58	73.50212	309.8	-32.25	80.0	24 h 46 min 14 sec
27150	160.8849991925061	80.0	200.987	70.15211	328.75	-1.0500015	80.0	24 h 48 min 28 sec
27200	265.4149984527379	80.0	205.595	61.65187	303.6	-23.850002	80.0	24 h 52 min 4 sec
27250	266.55999784953895	80.0	213.119	86.52703	384.0	45.0	80.0	24 h 55 min 13 sec
27300	292.94499851427975	80.0	189.29599	82.574265	328.15	-19.7	80.0	24 h 57 min 35 sec
27350	217.1149974923581	80.0	204.535	77.98693	357.7	40.75	80.0	24 h 59 min 17 sec
27400	187.6449992388487	80.0	194.91998	83.994804	345.1	22.349998	80.0	25 h 2 min 36 sec
27450	299.8349986001849	80.0	206.72798	90.883484	411.05	34.149998	80.0	25 h 5 min 57 sec
27500	180.74999842606485	80.0	202.45299	81.32535	326.15	2.6499987	80.0	25 h 9 min 36 sec
27550	287.42499826997516	80.0	193.53398	96.4584	386.5	-32.95	80.0	25 h 13 min 14 sec
27600	306.34999857917427	80.0	187.46301	78.59145	358.8	2.449999	80.0	25 h 17 min 13 sec
27650	270.14499812684954	80.0	207.982	73.80668	355.2	70.7	80.0	25 h 20 min 20 sec
27700	187.55499813333154	80.0	200.68002	73.08155	350.85	-22.200003	80.0	25 h 22 min 53 sec
27750	248.84499896354973	80.0	212.286	70.57818	325.4	10.349999	80.0	25 h 26 min 57 sec
27800	296.94499888382853	80.0	245.10901	74.405426	362.6	24.849998	80.0	25 h 29 min 32 sec
27850	304.61999765746293	80.0	228.19202	66.21533	352.75	42.0	80.0	25 h 33 min 20 sec
27900	278.3249983530492	80.0	197.18301	80.20039	350.65	45.3	80.0	25 h 35 min 50 sec
27950	307.69999803006647	80.0	215.63998	74.357475	349.95	2.399998	80.0	25 h 38 min 9 sec
28000	306.5949980743229	80.0	236.15799	84.04266	382.1	54.0	80.0	25 h 40 min 42 sec
28050	255.8449990607798	80.0	233.025	81.32572	398.25	10.799999	80.0	25 h 43 min 45 sec
28100	235.02499907277524	80.0	203.623	71.39677	321.85	37.55	80.0	25 h 47 min 42 sec
28150	273.6449987035245	80.0	222.49901	75.97253	405.4	52.8	80.0	25 h 50 min 27 sec
28200	285.49499847963455	80.0	218.48	74.4491	363.15	-3.250001	80.0	25 h 54 min 42 sec
28250	310.0149980355054	80.0	217.606	77.00047	352.6	11.499999	80.0	25 h 58 min 25 sec
28300	266.14499849490824	80.0	203.12401	75.92323	398.2	8.599999	80.0	26 h 0 min 29 sec
28350	329.4699983410537	80.0	205.851	73.24921	334.1	-18.5	80.0	26 h 4 min 31 sec
28400	275.36999886706474	80.0	217.53497	64.31343	324.25	54.55	80.0	26 h 7 min 10 sec
28450	80.0849984370172	80.0	215.415	73.92921	399.4	8.699999	80.0	26 h 9 min 43 sec
28500	284.22999848611653	80.0	210.521	74.274345	347.1	-20.300001	80.0	26 h 11 min 22 sec
28550	243.4049987141043	80.0	224.57903	81.459465	404.0	32.85	80.0	26 h 13 min 32 sec
28600	226.47999815754594	80.0	203.81697	86.67857	374.9	41.25	80.0	26 h 15 min 55 sec
28650	264.16999836564065	80.0	187.96199	77.57761	332.3	30.749998	80.0	26 h 19 min 42 sec
28700	76.45499895773828	80.0	179.12701	93.33884	367.55	-18.2	80.0	26 h 22 min 28 sec
28750	94.78499837890267	80.0	184.065	92.94244	401.1	0.99999857	80.0	26 h 26 min 31 sec
28800	199.63499874658882	80.0	170.184	94.9586	334.2	-43.050003	80.0	26 h 31 min 34 sec
28850	51.489999026805165	80.0	203.871	84.70306	359.5	-28.400002	80.0	26 h 33 min 21 sec
28900	297.67499818317594	80.0	188.545	93.47815	417.45	-2.850001	80.0	26 h 37 min 0 sec
28950	277.6099978711456	80.0	215.7	76.909966	372.9	3.2999976	80.0	26 h 41 min 34 sec
29000	296.0749989196658	80.0	218.73997	79.07146	402.5	52.85	80.0	26 h 45 min 5 sec
29050	237.93999889716505	80.0	201.02402	92.06798	417.9	-4.4500012	80.0	26 h 46 min 43 sec
29100	269.2299984615296	80.0	191.764	79.791115	330.2	1.9999967	80.0	26 h 48 min 24 sec
29150	319.03999860323967	80.0	236.724	78.45796	393.9	9.2	80.0	26 h 50 min 52 sec
29200	310.6599985342473	80.0	189.419	95.59052	363.6	-71.8	80.0	26 h 53 min 46 sec
29250	211.39999889805912	80.0	205.226	85.78003	386.1	-8.650001	80.0	26 h 55 min 25 sec
29300	183.0449988294393	80.0	194.07602	83.228386	377.9	13.049999	80.0	26 h 57 min 3 sec
29350	210.23499886840582	80.0	214.173	74.8112	319.0	-34.05	80.0	26 h 59 min 11 sec
29400	170.0299985613674	80.0	216.38998	77.60165	379.15	30.65	80.0	27 h 0 min 49 sec
29450	341.0099979184568	80.0	201.62201	91.40109	361.2	39.95	80.0	27 h 3 min 35 sec
29500	243.74999853782356	80.0	226.17099	92.67152	354.15	-30.6	80.0	27 h 6 min 2 sec
29550	272.70499864555893	80.0	212.43	84.77249	362.55	-25.0	80.0	27 h 9 min 4 sec
29600	220.1999980032444	80.0	201.372	86.71981	403.9	43.05	80.0	27 h 11 min 55 sec
29650	364.9849980972707	80.0	230.07199	81.94963	379.6	-82.200005	80.0	27 h 13 min 37 sec
29700	212.65999880507587	80.0	184.378	91.2438	378.3	-49.55	80.0	27 h 15 min 38 sec
29750	218.74999843165278	80.0	206.77301	77.251755	364.45	-37.600002	80.0	27 h 18 min 17 sec
29800	113.68499677814543	80.0	200.34102	93.46425	369.45	-30.250002	80.0	27 h 21 min 18 sec
29850	186.4499991927296	80.0	212.73701	88.655464	391.35	15.099998	80.0	27 h 22 min 59 sec
29900	234.10999901667236	80.0	193.899	92.78104	395.65	-6.8000016	80.0	27 h 25 min 23 sec
29950	247.31499879658222	80.0	179.515	78.78322	359.65	-28.6	80.0	27 h 27 min 3 sec
30000	256.39999850615857	80.0	210.41	83.14479	335.9	-6.8000016	80.0	27 h 28 min 46 sec
30050	358.70499815568326	80.0	192.47202	80.12386	390.5	15.049999	80.0	27 h 30 min 43 sec
30100	128.70999839305878	80.0	201.786	80.56695	378.15	14.849998	80.0	27 h 34 min 16 sec
30150	37.31499872580171	80.0	180.81699	79.24217	329.8	-38.25	80.0	27 h 36 min 18 sec
30200	271.82999837324024	80.0	166.238	98.315834	337.7	-79.5	80.0	27 h 39 min 42 sec
30250	319.4499978657812	80.0	186.80098	85.39398	363.65	-1.1500014	80.0	27 h 42 min 53 sec
30300	306.6399983216077	80.0	228.386	71.61519	358.3	24.65	80.0	27 h 46 min 23 sec
30350	221.73499873802066	80.0	203.70598	97.95931	392.05	-26.300001	80.0	27 h 48 min 22 sec
30400	249.06499807983636	80.0	190.41199	98.47243	362.65	-40.800003	80.0	27 h 50 min 30 sec
30450	369.52999788932505	80.0	224.21	86.673355	383.8	9.599999	80.0	27 h 52 min 44 sec
30500	289.04499860070644	80.0	179.75102	97.70656	375.5	-25.35	80.0	27 h 54 min 58 sec
30550	294.8799992449582	80.0	200.03201	83.42604	360.75	-23.650002	80.0	27 h 58 min 22 sec
30600	124.79999837465584	80.0	181.275	80.98595	354.85	-39.75	80.0	28 h 1 min 23 sec
30650	103.95499853380025	80.0	196.20903	75.54722	351.6	25.75	80.0	28 h 4 min 28 sec
30700	246.8499988246709	80.0	168.50899	87.25769	340.05	-22.75	80.0	28 h 6 min 13 sec
30750	165.56499784588814	80.0	197.341	93.5073	350.95	-50.25	80.0	28 h 8 min 34 sec
30800	295.3549981158227	80.0	196.77199	67.587875	310.25	24.0	80.0	28 h 11 min 7 sec
30850	330.3099981836975	80.0	203.62401	74.94438	348.15	4.6999993	80.0	28 h 13 min 13 sec
30900	235.0599982738495	80.0	207.58098	73.50395	353.3	58.8	80.0	28 h 16 min 28 sec
30950	333.31999761089685	80.0	206.88701	72.11962	331.6	61.649998	80.0	28 h 19 min 52 sec
31000	264.78999778702854	80.0	193.90898	92.0526	371.15	-10.2	80.0	28 h 23 min 18 sec
31050	318.31999869123104	80.0	186.62401	80.4558	333.95	34.649998	80.0	28 h 24 min 34 sec
31100	206.3849980931729	80.0	218.013	60.029335	353.15	46.6	80.0	28 h 25 min 51 sec
31150	295.66499847210946	80.0	215.24301	72.81976	364.45	49.149998	80.0	28 h 27 min 7 sec
31200	292.0499981816858	80.0	213.88503	89.2115	373.0	-46.350002	80.0	28 h 28 min 21 sec
31250	270.6949977952987	80.0	219.14702	75.79085	398.75	47.3	80.0	28 h 29 min 40 sec
31300	346.3349968865514	80.0	206.32597	82.97321	357.75	25.299997	80.0	28 h 30 min 56 sec
31350	315.80999816134573	80.0	232.89702	83.93352	363.95	-3.150001	80.0	28 h 32 min 11 sec
31400	189.32499778419734	80.0	227.95801	77.070404	392.6	1.449999	80.0	28 h 33 min 26 sec
31450	259.08499841354785	80.0	228.93199	62.314026	357.35	23.5	80.0	28 h 34 min 43 sec
31500	240.29999745190145	80.0	229.19601	100.1771	398.6	1.2499985	80.0	28 h 35 min 59 sec
31550	285.5249978605658	80.0	228.68399	84.800705	416.3	-13.800001	80.0	28 h 37 min 14 sec
31600	259.3199986256659	80.0	235.825	53.71808	353.0	86.4	80.0	28 h 38 min 30 sec
31650	229.5699987079948	80.0	217.519	69.12538	347.9	91.2	80.0	28 h 39 min 46 sec
31700	263.0099982276559	80.0	208.40799	86.62907	403.05	-54.800003	80.0	28 h 41 min 3 sec
31750	239.05499869287013	80.0	223.96597	72.6608	386.25	79.6	80.0	28 h 42 min 20 sec
31800	352.5499977521598	80.0	238.28801	77.9929	408.05	81.45	80.0	28 h 43 min 35 sec
31850	203.12999873012305	80.0	214.473	81.22474	352.55	-35.15	80.0	28 h 44 min 50 sec
31900	315.0199980854988	80.0	228.35498	68.06297	374.15	72.7	80.0	28 h 46 min 4 sec
31950	299.2299982149154	80.0	223.441	78.77909	423.5	1.7499992	80.0	28 h 47 min 22 sec
32000	189.5099984806031	80.0	207.34998	90.59179	376.25	-31.800001	80.0	28 h 48 min 38 sec
32050	276.33999793976545	80.0	207.05602	88.93541	398.2	9.599999	80.0	28 h 49 min 52 sec
32100	402.0549984972924	80.0	207.28299	69.5086	372.55	55.05	80.0	28 h 51 min 6 sec
32150	357.08999773412944	80.0	201.367	93.307076	391.35	-89.6	80.0	28 h 52 min 21 sec
32200	325.8649986375123	80.0	195.532	84.476524	340.4	-70.25	80.0	28 h 53 min 40 sec
32250	395.7499983727932	80.0	199.31702	94.556046	395.25	60.649998	80.0	28 h 54 min 55 sec
32300	280.26499840170146	80.0	216.79602	95.8129	419.9	-57.300003	80.0	28 h 56 min 9 sec
32350	252.25999859273435	80.0	222.23401	82.69794	386.95	57.3	80.0	28 h 57 min 24 sec
32400	349.6949986372143	80.0	229.42801	80.870476	363.55	0.24999875	80.0	28 h 58 min 40 sec
32450	390.21999786421657	80.0	215.38301	84.46677	360.65	32.85	80.0	28 h 59 min 56 sec
32500	246.5499991375953	80.0	211.943	65.7079	336.85	48.85	80.0	29 h 1 min 11 sec
32550	279.9899988628924	80.0	237.97	85.27327	437.65	-27.95	80.0	29 h 2 min 26 sec
32600	290.31499825306236	80.0	233.00699	76.21566	388.55	25.55	80.0	29 h 3 min 41 sec
32650	257.8399987820536	80.0	203.78	79.147354	378.9	49.55	80.0	29 h 4 min 57 sec
32700	174.79999777302146	80.0	192.84698	88.89741	368.55	-52.7	80.0	29 h 6 min 12 sec
32750	357.31999804638326	80.0	218.86798	79.01366	338.15	23.249998	80.0	29 h 7 min 27 sec
32800	337.6099988248199	80.0	250.36502	81.132416	415.35	75.049995	80.0	29 h 8 min 44 sec
32850	373.2199987240136	80.0	218.839	81.56677	428.15	52.0	80.0	29 h 10 min 1 sec
32900	287.65499822385607	80.0	222.042	79.702644	383.75	12.199999	80.0	29 h 11 min 15 sec
32950	124.51499810814857	80.0	212.154	77.23282	359.5	50.25	80.0	29 h 12 min 32 sec
33000	325.05499850697817	80.0	233.71701	90.761765	377.85	-4.500001	80.0	29 h 13 min 50 sec
33050	339.70999838896097	80.0	229.52701	92.480156	411.7	21.3	80.0	29 h 15 min 5 sec
33100	338.09999831691385	80.0	239.30197	83.18565	390.9	-4.800001	80.0	29 h 16 min 20 sec
33150	370.17499814368784	80.0	207.637	74.20426	322.7	-31.350002	80.0	29 h 17 min 35 sec
33200	282.35999823883174	80.0	220.61299	77.05205	361.45	12.399999	80.0	29 h 18 min 51 sec
33250	227.28499807529153	80.0	214.51599	69.915955	407.05	63.399998	80.0	29 h 20 min 6 sec
33300	166.8049994148314	80.0	210.742	77.71542	372.0	70.65	80.0	29 h 21 min 22 sec
33350	333.62499848753214	80.0	211.22798	81.369606	400.95	-47.0	80.0	29 h 22 min 37 sec
33400	229.05999834872782	80.0	209.67697	76.12863	352.9	12.699998	80.0	29 h 23 min 51 sec
33450	214.7999987408519	80.0	203.83798	84.68006	349.7	33.95	80.0	29 h 25 min 9 sec
33500	132.39499906599522	80.0	212.98701	89.60043	375.85	-72.75	80.0	29 h 26 min 24 sec
33550	166.78499860167503	80.0	200.49503	79.88807	398.25	18.55	80.0	29 h 27 min 42 sec
33600	288.7199974473566	80.0	234.367	80.06678	380.7	71.049995	80.0	29 h 28 min 58 sec
33650	294.5799983475357	80.0	248.28099	73.810196	398.95	36.05	80.0	29 h 30 min 13 sec
33700	330.0699982721359	80.0	234.58202	75.880135	369.7	23.199999	80.0	29 h 31 min 32 sec
33750	340.38999877758323	80.0	237.66798	83.00515	387.6	39.399998	80.0	29 h 32 min 47 sec
33800	201.5649986691773	80.0	215.518	86.841225	372.15	-39.05	80.0	29 h 34 min 3 sec
33850	263.29499900490043	80.0	202.79	87.71316	384.2	-7.55	80.0	29 h 35 min 18 sec
33900	291.1649980738759	80.0	212.593	96.450935	376.25	5.3499994	80.0	29 h 36 min 34 sec
33950	330.804998537153	80.0	224.39398	84.20783	418.75	42.399998	80.0	29 h 37 min 50 sec
34000	337.92999831363556	80.0	245.035	89.36317	395.7	-16.6	80.0	29 h 39 min 6 sec
34050	313.0749976489693	80.0	242.241	76.85127	361.45	47.35	80.0	29 h 40 min 20 sec
34100	220.00999865345656	80.0	223.051	83.87459	371.45	67.7	80.0	29 h 41 min 36 sec
34150	310.33499835208056	80.0	234.346	82.467514	400.65	51.399998	80.0	29 h 42 min 51 sec
34200	294.0149983495474	80.0	207.67499	77.74928	374.2	-23.75	80.0	29 h 44 min 6 sec
34250	324.1999980077147	80.0	240.095	91.2547	408.1	34.8	80.0	29 h 45 min 23 sec
34300	33.119998280331494	80.0	209.119	81.076256	348.1	41.449997	80.0	29 h 46 min 41 sec
34350	290.9549981482327	80.0	225.27002	94.12108	372.85	24.15	80.0	29 h 47 min 57 sec
34400	275.004998344183	80.0	200.018	79.68563	350.7	8.849998	80.0	29 h 49 min 13 sec
34450	253.80999903529883	80.0	224.015	75.261795	359.55	1.6499994	80.0	29 h 50 min 30 sec
34500	329.1499990206212	80.0	231.88498	74.779854	377.45	18.749998	80.0	29 h 51 min 45 sec
34550	355.2449990216643	80.0	226.41899	75.28988	391.7	74.15	80.0	29 h 53 min 3 sec
34600	378.25999899357555	80.0	224.105	87.793106	396.35	56.6	80.0	29 h 54 min 18 sec
34650	296.604998832196	80.0	208.92702	78.80793	336.4	24.0	80.0	29 h 55 min 36 sec
34700	208.09499723650515	80.0	227.01202	71.304054	386.25	22.199999	80.0	29 h 56 min 50 sec
34750	353.53499842770395	80.0	229.51701	72.55049	410.2	41.899998	80.0	29 h 58 min 7 sec
34800	254.38499839007855	80.0	222.634	76.84394	422.35	77.55	80.0	29 h 59 min 23 sec
34850	321.96499837487937	80.0	222.98398	63.55546	411.95	82.15	80.0	30 h 0 min 36 sec
34900	311.9249971147627	80.0	228.06898	84.26061	368.3	13.249999	80.0	30 h 1 min 51 sec
34950	171.34999703504144	80.0	222.774	87.80695	366.7	-44.8	80.0	30 h 3 min 8 sec
35000	281.6499988686293	80.0	217.404	64.49581	334.45	79.799995	80.0	30 h 4 min 23 sec
35050	255.03999762684106	80.0	224.923	70.52058	362.85	17.699999	80.0	30 h 5 min 38 sec
35100	370.7999986473471	80.0	227.858	97.39656	402.4	33.15	80.0	30 h 6 min 53 sec
35150	311.6199990913272	80.0	196.83199	68.89896	315.15	19.9	80.0	30 h 8 min 7 sec
35200	278.264999320358	80.0	226.92201	85.175735	384.9	-6.4	80.0	30 h 9 min 22 sec
35250	348.99499815776943	80.0	230.991	76.13187	402.9	40.25	80.0	30 h 10 min 38 sec
35300	262.4399989333004	80.0	262.62698	80.330154	387.2	65.35	80.0	30 h 11 min 57 sec
35350	342.42999800443647	80.0	247.14604	70.67327	391.45	75.95	80.0	30 h 13 min 14 sec
35400	360.19999827072024	80.0	227.71701	85.777565	367.25	20.05	80.0	30 h 14 min 30 sec
35450	251.07999678999187	80.0	227.20398	92.517204	387.35	-11.150001	80.0	30 h 15 min 46 sec
35500	310.82999892048537	80.0	238.39098	73.39775	395.55	62.899998	80.0	30 h 17 min 3 sec
35550	325.184998806566	80.0	237.85901	75.74022	377.25	14.199999	80.0	30 h 18 min 15 sec
35600	225.219998691231	80.0	221.812	77.47064	379.9	46.35	80.0	30 h 19 min 30 sec
35650	339.09999873936175	80.0	232.02802	79.71294	367.85	-2.0000005	80.0	30 h 20 min 44 sec
35700	256.6599979579449	80.0	214.917	99.56714	373.3	-24.300001	80.0	30 h 22 min 2 sec
35750	321.54999908916653	80.0	232.17201	85.3923	413.25	-9.250001	80.0	30 h 23 min 17 sec
35800	390.52499834001065	80.0	212.17899	83.54367	398.5	26.35	80.0	30 h 24 min 33 sec
35850	262.21999879442154	80.0	212.655	91.17268	372.35	-60.550003	80.0	30 h 25 min 48 sec
35900	329.53499807864426	80.0	237.605	84.33476	382.55	69.8	80.0	30 h 27 min 4 sec
35950	301.974998478964	80.0	201.505	83.39608	407.1	29.849998	80.0	30 h 28 min 19 sec
36000	285.78499879315495	80.0	220.841	78.63127	432.45	35.3	80.0	30 h 29 min 36 sec
36050	292.54999873563645	80.0	241.00299	80.74631	398.65	1.8999991	80.0	30 h 30 min 52 sec
36100	319.94499881975355	80.0	221.22601	93.0047	413.5	18.55	80.0	30 h 32 min 6 sec
36150	320.2099990133196	80.0	239.237	75.76964	406.1	47.45	80.0	30 h 33 min 22 sec
36200	288.40999867618086	80.0	218.96	79.71894	361.55	-5.650002	80.0	30 h 34 min 37 sec
36250	344.589998537302	80.0	237.39699	68.87513	368.35	53.75	80.0	30 h 35 min 54 sec
36300	318.72999882996083	80.0	233.24503	81.7251	370.5	-28.200003	80.0	30 h 37 min 9 sec
36350	301.5749981954694	80.0	230.642	69.79521	357.85	63.149998	80.0	30 h 38 min 26 sec
36400	149.74499820023775	80.0	247.44601	77.05947	403.45	78.9	80.0	30 h 39 min 42 sec
36450	290.62999808453026	80.0	254.611	74.66424	460.15	71.4	80.0	30 h 40 min 57 sec
36500	344.14499753043054	80.0	265.409	82.2536	407.4	76.85	80.0	30 h 42 min 12 sec
36550	347.6599983330816	80.0	245.61798	97.52905	429.55	-3.5000007	80.0	30 h 43 min 29 sec
36600	309.73999842777846	80.0	236.199	87.77397	384.35	-31.2	80.0	30 h 44 min 43 sec
36650	292.88999898321924	80.0	245.02101	73.08506	365.7	-14.200001	80.0	30 h 45 min 58 sec
36700	346.5049988169223	80.0	248.051	80.45436	457.9	54.55	80.0	30 h 47 min 15 sec
36750	299.93499809131026	80.0	226.71399	102.75441	388.75	-73.700005	80.0	30 h 48 min 32 sec
36800	318.4349988013506	80.0	242.59	89.66421	402.6	-24.350002	80.0	30 h 49 min 47 sec
36850	321.9049987655133	80.0	227.738	97.18917	390.3	25.5	80.0	30 h 51 min 2 sec
36900	401.39999851696194	80.0	268.285	72.159546	410.65	106.9	80.0	30 h 52 min 15 sec
36950	252.1149987824261	80.0	244.47398	70.202644	392.2	75.6	80.0	30 h 53 min 29 sec
37000	312.1049983795732	80.0	237.52002	96.67206	397.55	-19.900002	80.0	30 h 54 min 45 sec
37050	374.2499982818961	80.0	222.247	81.82249	373.45	63.1	80.0	30 h 56 min 2 sec
37100	335.3549982190132	80.0	220.39	97.79239	385.7	-33.4	80.0	30 h 57 min 18 sec
37150	249.82999823465943	80.0	217.304	88.951645	374.45	2.799999	80.0	30 h 58 min 37 sec
37200	319.60999850407245	80.0	240.627	74.30784	377.0	42.05	80.0	30 h 59 min 50 sec
37250	152.45999825298787	80.0	239.74701	85.66518	398.4	53.699997	80.0	31 h 1 min 7 sec
37300	272.80999888516965	80.0	251.572	70.643684	408.7	79.7	80.0	31 h 2 min 21 sec
37350	293.0899980481714	80.0	220.34201	86.17811	377.0	31.9	80.0	31 h 3 min 36 sec
37400	257.1799988023937	80.0	219.339	85.80711	384.35	40.2	80.0	31 h 4 min 52 sec
37450	310.4749983839691	80.0	232.81401	63.629395	342.4	43.5	80.0	31 h 6 min 9 sec
37500	372.2349981997162	80.0	230.09698	91.86666	381.1	-36.8	80.0	31 h 7 min 23 sec
37550	289.85499869398774	80.0	215.49503	83.63525	373.45	21.15	80.0	31 h 8 min 40 sec
37600	301.2399985354394	80.0	212.285	91.93139	429.35	-15.250001	80.0	31 h 9 min 55 sec
37650	302.3599977076054	80.0	221.65298	92.77595	403.4	10.8499975	80.0	31 h 11 min 10 sec
37700	206.83499880321324	80.0	232.44798	86.62818	370.85	-6.6000004	80.0	31 h 12 min 29 sec
37750	313.9049987573177	80.0	229.81	85.999016	413.1	40.5	80.0	31 h 13 min 43 sec
37800	251.19499908722938	80.0	229.92099	76.30556	365.8	69.65	80.0	31 h 14 min 59 sec
37850	311.4999985001981	80.0	241.20401	74.05509	388.85	35.899998	80.0	31 h 16 min 16 sec
37900	318.5149985097349	80.0	228.35	79.00758	372.8	-41.9	80.0	31 h 17 min 33 sec
37950	284.09499874264003	80.0	237.23398	88.46734	379.55	42.3	80.0	31 h 18 min 51 sec
38000	366.2499989978969	80.0	225.14702	93.77866	411.95	-5.550002	80.0	31 h 20 min 9 sec
38050	350.2899981182069	80.0	229.86801	95.064186	397.3	-7.100001	80.0	31 h 21 min 26 sec
38100	260.29999835193155	80.0	211.07501	86.59977	381.7	-26.45	80.0	31 h 22 min 41 sec
38150	265.91999811157586	80.0	248.527	79.24618	378.25	30.699999	80.0	31 h 23 min 56 sec
38200	345.124998241663	80.0	224.795	78.53343	395.3	45.05	80.0	31 h 25 min 12 sec
38250	377.56499871760604	80.0	227.14	98.90816	387.05	-25.250002	80.0	31 h 26 min 28 sec
38300	-5.025000781193375	80.0	209.673	109.00409	404.25	-37.15	80.0	31 h 27 min 45 sec
38350	418.3599980056286	80.0	206.20801	96.07607	381.05	-34.350002	80.0	31 h 29 min 2 sec
38400	368.8999981738627	80.0	217.958	98.35845	410.0	6.999999	80.0	31 h 30 min 18 sec
38450	322.2849987447262	80.0	215.88701	97.95566	411.25	15.749999	80.0	31 h 31 min 34 sec
38500	107.65999877005815	80.0	221.71298	96.49878	383.05	-57.75	80.0	31 h 32 min 52 sec
38550	280.3499991346151	80.0	232.58899	96.81202	408.5	-43.25	80.0	31 h 34 min 9 sec
38600	398.02499856390057	80.0	210.50299	108.98532	413.65	-54.5	80.0	31 h 35 min 25 sec
38650	259.06999849788843	80.0	213.80798	84.393974	394.85	49.149998	80.0	31 h 36 min 40 sec
38700	376.94999840930103	80.0	217.074	97.70384	377.5	-31.050001	80.0	31 h 37 min 56 sec
38750	190.15999801568688	80.0	223.974	103.193535	372.85	-42.600002	80.0	31 h 39 min 11 sec
38800	93.84499923437834	80.0	215.21101	96.18476	440.8	-49.75	80.0	31 h 40 min 28 sec
38850	344.1299987655133	80.0	235.306	81.09357	386.0	71.5	80.0	31 h 41 min 43 sec
38900	251.10999889485538	80.0	209.01701	91.88873	364.1	-3.2000012	80.0	31 h 42 min 58 sec
38950	390.6049987353384	80.0	216.057	90.969376	387.05	39.399998	80.0	31 h 44 min 15 sec
39000	343.9299985848367	80.0	201.44997	97.820114	391.0	-6.65	80.0	31 h 45 min 30 sec
39050	86.82999856509268	80.0	222.112	102.16775	404.5	-54.5	80.0	31 h 46 min 46 sec
39100	272.3449982676655	80.0	223.06801	86.06341	365.95	2.999999	80.0	31 h 48 min 4 sec
39150	236.53999904990195	80.0	228.94101	85.60672	435.7	39.8	80.0	31 h 49 min 19 sec
39200	319.46499839909376	80.0	218.05202	96.49492	391.55	25.55	80.0	31 h 50 min 34 sec
39250	355.43499845005573	80.0	234.038	73.61944	424.3	84.9	80.0	31 h 51 min 50 sec
39300	266.50999804325403	80.0	214.366	82.60338	377.65	46.1	80.0	31 h 53 min 5 sec
39350	356.9999989248812	80.0	234.696	88.57126	408.15	21.199999	80.0	31 h 54 min 21 sec
39400	296.0849988795817	80.0	228.145	74.41385	376.55	46.8	80.0	31 h 55 min 36 sec
39450	314.6599974859506	80.0	217.87	84.25784	405.6	-23.9	80.0	31 h 56 min 52 sec
39500	266.4249987792224	80.0	220.84401	78.3831	367.5	30.349998	80.0	31 h 58 min 8 sec
39550	261.9999981466681	80.0	244.01799	73.010506	378.65	77.25	80.0	31 h 59 min 24 sec
39600	96.1099987436086	80.0	200.551	115.77071	417.15	-81.35	80.0	32 h 0 min 41 sec
39650	97.81999668329954	80.0	217.392	88.922424	369.6	-7.150001	80.0	32 h 1 min 59 sec
39700	277.32499803975224	80.0	212.81499	82.29654	369.25	29.599998	80.0	32 h 3 min 16 sec
39750	235.70999862365426	80.0	210.24002	93.65438	411.5	-3.750001	80.0	32 h 4 min 32 sec
39800	289.98499853424727	80.0	203.788	96.43607	425.25	-22.150002	80.0	32 h 5 min 46 sec
39850	66.23499769791961	80.0	231.995	74.54698	398.1	56.55	80.0	32 h 7 min 2 sec
39900	324.3649990323931	80.0	220.748	95.14162	386.4	1.3999996	80.0	32 h 8 min 19 sec
39950	252.75999774970114	80.0	211.84198	73.24004	354.05	32.399998	80.0	32 h 9 min 35 sec
40000	311.17499797306954	80.0	225.85399	84.03226	394.6	58.55	80.0	32 h 10 min 48 sec
