Epoch	AverageEpRet	StdEpRet	MaxEpRet	MinEpRet	EpLen	TotalEnvInteracts	LossPi	LossV	DeltaLossPi	DeltaLossV	Entropy	KL	ClipFrac	StopIter	Time
0	-455.23126	13.665264	-434.80002	-471.30002	120.0	120000	-2.0489097e-08	4.9510045	-0.003968956	-3.7868166	3.4905477	0.012221395	0.033916667	49.0	33.55403733253479
1	-463.27502	21.929459	-419.35	-485.4	120.0	240000	-1.1641532e-08	1.3360715	-0.003709557	-0.21127822	3.479362	0.012048393	0.028441668	49.0	70.8703682422638
2	-479.46875	17.191591	-457.9	-503.55002	120.0	360000	1.1641532e-08	1.172863	-0.0035481593	-0.012562439	3.466014	0.011804409	0.030566666	49.0	102.13271927833557
3	-465.93127	15.919406	-433.7	-483.55002	120.0	480000	5.355105e-09	1.1220953	-0.0037694238	-0.016360804	3.4546728	0.012931002	0.040983334	49.0	136.02402901649475
4	-477.28125	16.82831	-449.75	-499.35	120.0	600000	-1.816079e-08	1.0803747	-0.003559059	-0.011298016	3.4324255	0.013157405	0.031766668	49.0	169.14921069145203
5	-466.46252	9.01335	-452.45	-477.55002	120.0	720000	8.614734e-09	1.0784726	-0.0037093968	-0.0059681684	3.4194088	0.011641137	0.034841668	49.0	203.68643450737
6	-472.09375	14.239526	-448.4	-492.35	120.0	840000	-7.916242e-09	1.0488969	-0.0029140087	-0.008343726	3.399895	0.010417329	0.021216666	49.0	239.33699750900269
7	-479.53125	15.669179	-452.15	-503.4	120.0	960000	-1.8626451e-09	1.0105052	-0.0032912747	-0.0030924454	3.3676832	0.011814056	0.026266668	49.0	275.17024970054626
8	-461.84375	17.238932	-429.2	-484.1	120.0	1080000	2.3283064e-10	0.9913999	-0.0038391831	-0.009292603	3.3401003	0.013337156	0.0346	49.0	308.8533980846405
9	-461.46875	19.79705	-421.5	-483.30002	120.0	1200000	9.313226e-09	0.9681747	-0.0034111189	-0.0054503307	3.2859101	0.012823437	0.03395	49.0	344.90454483032227
10	-453.56876	14.086827	-417.6	-464.5	120.0	1320000	-2.7939677e-09	0.9208099	-0.003127374	-0.00522843	3.244658	0.012125931	0.029166667	49.0	379.56704783439636
11	-466.60626	14.614727	-442.85	-488.30002	120.0	1440000	9.662472e-09	0.8639399	-0.003279148	-0.0050684437	3.2411942	0.01517167	0.052141666	43.0	413.9060068130493
12	-454.6875	13.053968	-431.85	-477.95	120.0	1560000	-6.9849193e-09	0.8463495	-0.0030718609	-0.006214261	3.1630044	0.012723027	0.054066665	49.0	447.56481647491455
13	-435.4375	4.0429544	-428.85	-442.05002	120.0	1680000	-2.7939677e-09	0.93666834	-0.003336898	-0.0064778775	3.1152096	0.010196492	0.037	49.0	479.75617599487305
14	-435.21875	5.7998323	-429.25	-444.9	120.0	1800000	7.508788e-09	0.9224678	-0.0030750192	-0.004471153	3.0763795	0.010541279	0.030041667	49.0	510.2721390724182
15	-440.39374	10.204731	-421.6	-457.95	120.0	1920000	-8.381903e-09	0.900623	-0.0034730972	-0.0036665425	3.0689664	0.010868843	0.040083334	49.0	544.4330558776855
16	-422.36667	15.441322	-387.7	-446.05002	120.0	2040000	1.3038516e-08	0.9549016	-0.0032126291	-0.0026508868	3.0270035	0.011017955	0.026875	49.0	580.1132497787476
17	-432.49448	15.958456	-409.05002	-460.5	120.0	2160000	-5.5879354e-09	0.9348899	-0.0032788324	-0.0024397597	3.0151074	0.010367855	0.024033334	49.0	613.9206118583679
18	-413.43497	12.973551	-388.25	-431.65	120.0	2280000	-3.7252903e-09	0.9431237	-0.0033864123	-0.0033057183	2.9816504	0.012473369	0.03675	49.0	648.914666891098
19	-415.215	12.838755	-384.75	-429.15	120.0	2400000	2.7939677e-09	0.9298732	-0.0028908034	-0.0032684207	2.9334774	0.007828181	0.035833333	49.0	683.5017626285553
20	-429.16876	13.509236	-405.65	-455.95	120.0	2520000	-6.7520887e-09	0.88802135	-0.0027827276	-0.0062499866	2.863388	0.010214571	0.036616668	49.0	718.2772810459137
21	-419.65002	10.20814	-403.55002	-438.30002	120.0	2640000	7.799827e-09	0.9491608	-0.0028471067	-0.0075185373	2.838123	0.009983387	0.02145	49.0	748.5382285118103
22	-417.76	9.906	-407.05002	-438.6	120.0	2760000	-3.7252903e-09	0.93550485	-0.0028185847	-0.0058602393	2.815262	0.008766992	0.021475	49.0	783.8753480911255
23	-413.74503	10.86951	-396.30002	-427.30002	120.0	2880000	0.0	0.9197855	-0.0027083724	-0.0021626577	2.78558	0.008742543	0.026258335	49.0	818.1735792160034
24	-433.1375	16.105503	-401.95	-448.2	120.0	3000000	-6.868504e-09	0.85115635	-0.002937004	-0.007464789	2.694269	0.009507595	0.031083334	49.0	853.515055179596
25	-425.03333	18.370262	-400.45	-467.75	120.0	3120000	-9.313226e-09	0.9124605	-0.0028776373	-0.003621854	2.6380048	0.008812547	0.030125	49.0	890.9794299602509
26	-412.2611	17.53558	-386.6	-438.0	120.0	3240000	-1.8626451e-09	0.99433374	-0.0031773308	-0.0042007416	2.5773802	0.0092321895	0.030375	49.0	924.4824318885803
27	-410.40457	13.718671	-385.7	-434.75	120.0	3360000	1.8626451e-09	0.9742851	-0.0025295038	-0.0077345297	2.5508947	0.008794534	0.02	49.0	959.5492851734161
28	-400.3731	10.783348	-382.05002	-419.25	120.0	3480000	5.5879354e-09	0.8879489	-0.0029798793	-0.025104731	2.5174675	0.009450155	0.026816666	49.0	993.4679245948792
29	-405.89447	8.799732	-392.7	-420.05002	120.0	3600000	-3.7252903e-09	0.99685735	-0.003364086	-0.029437974	2.4927187	0.008586946	0.034616664	49.0	1027.0384051799774
30	-418.66876	14.459989	-395.25	-437.30002	120.0	3720000	7.566996e-09	0.9824332	-0.002542877	-0.007630594	2.4159641	0.0063467934	0.017941665	49.0	1061.2759237289429
31	-401.57727	26.478619	-362.2	-451.35	120.0	3840000	0.0	0.95965815	-0.0031407042	-0.017259069	2.3911753	0.008096157	0.024716666	49.0	1093.948724269867
32	-389.50385	24.383743	-355.6	-446.25	120.0	3960000	3.7252903e-09	0.93736774	-0.0031705312	-0.017401665	2.2765236	0.0073488075	0.041925	49.0	1128.4894285202026
33	-385.4533	16.588846	-353.85	-409.7	120.0	4080000	-1.21071935e-08	0.9227556	-0.0026210006	-0.008046344	2.233658	0.0072360267	0.017191667	49.0	1163.1493499279022
34	-383.69287	26.105446	-327.15	-418.1	120.0	4200000	-9.313226e-09	1.3429321	-0.0035571028	-0.014164999	2.187991	0.007923894	0.023825001	49.0	1196.8828737735748
35	-367.8125	25.788895	-309.5	-404.65	120.0	4320000	1.9092113e-08	1.1375046	-0.002997755	-0.016347773	2.1190338	0.005693912	0.021083333	49.0	1229.9368481636047
36	-360.85	33.895298	-298.45	-414.35	120.0	4440000	9.313226e-09	1.0340294	-0.0037582763	-0.004800692	2.0894804	0.006024759	0.026716666	49.0	1266.003668308258
37	-347.73438	21.087868	-319.7	-381.35	120.0	4560000	-8.381903e-09	1.9446702	-0.0032644165	-0.037531637	2.087912	0.0057722502	0.017883334	49.0	1300.4914891719818
38	-346.90314	33.643234	-283.30002	-400.95	120.0	4680000	3.7252903e-09	1.824125	-0.0035317102	-0.031650573	2.0051432	0.004033293	0.022775	49.0	1333.3555529117584
39	-335.19376	34.6936	-282.6	-399.65	120.0	4800000	9.778887e-09	1.9475228	-0.0033881224	-0.021736048	1.9984164	0.005539838	0.025558334	49.0	1363.3144657611847
40	-315.375	35.291035	-237.1	-372.95	120.0	4920000	-8.614734e-09	2.2619863	-0.0029649155	-0.023579076	1.9641433	0.0049976744	0.022033334	49.0	1391.1555876731873
41	-321.4969	39.61408	-262.0	-408.30002	120.0	5040000	-4.656613e-09	1.746345	-0.003581638	-0.02485004	1.9262362	0.0057440787	0.024783334	49.0	1424.2739493846893
42	-287.0125	45.99081	-228.35	-398.30002	120.0	5160000	2.7939677e-09	3.0293303	-0.0036507403	-0.08382261	1.8681377	0.004761682	0.023041667	49.0	1458.030372619629
43	-306.0094	36.040134	-223.0	-372.7	120.0	5280000	5.122274e-09	2.960576	-0.003339271	-0.042533964	1.8639457	0.0045231506	0.023341667	49.0	1490.0988276004791
44	-297.225	38.19881	-232.65001	-376.65	120.0	5400000	-1.3038516e-08	2.8047643	-0.0034750123	-0.027419776	1.8044078	0.005288667	0.022691665	49.0	1522.8450179100037
45	-264.52814	36.118053	-210.7	-315.15	120.0	5520000	-6.7520887e-09	3.141777	-0.0032831195	-0.047489837	1.7976637	0.004456652	0.018275	49.0	1555.4870266914368
46	-293.39374	34.448284	-223.40001	-361.95	120.0	5640000	-8.381903e-09	2.7001407	-0.0033212244	-0.04196185	1.771625	0.00460965	0.019758333	49.0	1588.1966924667358
47	-277.81668	40.14746	-213.0	-372.25	120.0	5760000	-4.656613e-09	2.9783633	-0.0031369273	-0.04570782	1.7684563	0.0041324245	0.019316668	49.0	1622.630301475525
48	-283.34375	56.94064	-202.75	-370.35	120.0	5880000	1.1641532e-08	3.0892541	-0.0034607002	-0.052900344	1.7189113	0.0055443356	0.026475001	49.0	1656.6010234355927
49	-284.8375	45.393574	-168.8	-368.75	120.0	6000000	-9.080395e-09	3.109695	-0.002819338	-0.035092473	1.73662	0.0031063906	0.015566667	49.0	1686.7470071315765
50	-267.95624	52.76791	-173.15001	-360.25	120.0	6120000	-2.7939677e-09	4.346492	-0.0029778546	-0.071994126	1.6962607	0.0033816993	0.017108334	49.0	1720.9621846675873
51	-267.75	53.18087	-182.2	-362.55002	120.0	6240000	3.7252903e-09	3.5269454	-0.0032427022	-0.04110022	1.6829112	0.0041728867	0.018533334	49.0	1753.6675794124603
52	-258.35938	49.09236	-183.6	-368.1	120.0	6360000	1.3038516e-08	4.1559944	-0.0031629428	-0.06957944	1.6416649	0.0037478344	0.0179	49.0	1785.1134476661682
53	-242.22813	56.814518	-119.3	-353.35	120.0	6480000	1.3969839e-08	3.996663	-0.003544047	-0.038289994	1.6194047	0.0053665848	0.023591667	49.0	1820.3734350204468
54	-244.00626	67.68212	-110.05	-364.55002	120.0	6600000	-2.7939677e-09	3.6622138	-0.0034915018	-0.068371505	1.5831249	0.0025605906	0.013975	49.0	1855.905044555664
55	-231.21875	46.19094	-126.600006	-295.15	120.0	6720000	1.3969839e-08	3.5700648	-0.003077596	-0.06110248	1.5817084	0.0044737794	0.020541668	49.0	1889.7217283248901
56	-244.33125	63.155212	-82.65	-357.45	120.0	6840000	-9.313226e-10	2.8281863	-0.002954932	-0.0799669	1.5263579	0.0031662316	0.01535	49.0	1924.0960609912872
57	-252.23126	67.85465	-86.200005	-402.7	120.0	6960000	4.656613e-10	2.819357	-0.0032255673	-0.0383386	1.5217296	0.0032273955	0.018491667	49.0	1957.204627275467
58	-215.74689	70.98576	-88.850006	-350.80002	120.0	7080000	-2.7939677e-09	4.3968906	-0.0029453463	-0.16360891	1.5154796	0.003479407	0.015725	49.0	1990.6351759433746
59	-206.725	75.84967	-62.350006	-298.95	120.0	7200000	-1.8626451e-09	4.862465	-0.0035550976	-0.052045524	1.4787343	0.0037935488	0.0219	49.0	2024.25950217247
60	-220.62814	68.750565	-111.700005	-334.45	120.0	7320000	-5.5879354e-09	3.7140417	-0.0031293714	-0.094709486	1.4417689	0.0033794106	0.015416667	49.0	2056.7634510993958
61	-221.25626	66.89748	-112.9	-338.5	120.0	7440000	-4.656613e-10	5.435685	-0.0033459393	-0.12123802	1.4726858	0.0029278044	0.016466666	49.0	2089.0584421157837
62	-209.14688	85.31518	-65.450005	-395.95	120.0	7560000	-9.313226e-10	4.983849	-0.0033712338	-0.066994965	1.4720387	0.004022083	0.019425001	49.0	2122.6240174770355
63	-171.07187	78.8165	-19.950005	-333.95	120.0	7680000	5.5879354e-09	5.119789	-0.0032571496	-0.061663598	1.4311216	0.004272408	0.017458335	49.0	2155.5311691761017
64	-137.22813	72.61371	-34.600002	-265.6	120.0	7800000	0.0	4.153345	-0.0032448992	-0.08041412	1.3747494	0.0039083753	0.023633333	49.0	2187.6562643051147
65	-157.9875	118.56831	44.149998	-390.9	120.0	7920000	3.7252903e-09	6.101894	-0.0033582528	-0.09789169	1.3667498	0.0047104014	0.018625	49.0	2218.723977804184
66	-151.9875	90.83882	87.35	-267.30002	120.0	8040000	1.1175871e-08	8.554585	-0.0031789197	-0.20720947	1.4125652	0.0035529437	0.014783333	49.0	2251.1247866153717
67	-140.76877	120.62392	48.349995	-358.25	120.0	8160000	-3.0267984e-09	5.5175	-0.0029704864	-0.13467401	1.3844423	0.0034036636	0.017891666	49.0	2283.64887714386
68	-90.71876	82.03492	72.25	-211.70001	120.0	8280000	-5.5879354e-09	8.473831	-0.0031217257	-0.21753657	1.4204185	0.0033656734	0.015249999	49.0	2317.456491947174
69	-89.387505	112.24948	180.65	-236.6	120.0	8400000	0.0	6.6361732	-0.003516343	-0.09142959	1.3583598	0.0042328923	0.017508334	49.0	2348.4958930015564
70	-97.3125	104.99141	150.7	-330.05002	120.0	8520000	-5.5879354e-09	6.6087985	-0.00298983	-0.0559932	1.3682126	0.003478538	0.016908333	49.0	2382.1754899024963
71	-57.421875	129.69402	171.84999	-252.75	120.0	8640000	5.5879354e-09	5.6211205	-0.0029873045	-0.09828803	1.3290902	0.0032323548	0.015741667	49.0	2416.8260481357574
72	-1.471879	78.23387	100.75	-155.7	120.0	8760000	-2.3283064e-09	5.956918	-0.0039277137	-0.07091671	1.3541257	0.0045967763	0.025408333	49.0	2450.2822091579437
73	6.6781216	127.415436	146.2	-263.85	120.0	8880000	1.3969839e-09	7.3887196	-0.0033034333	-0.08682084	1.3502908	0.003211473	0.01735	49.0	2484.557042360306
74	35.931248	96.11324	214.55	-113.450005	120.0	9000000	3.7252903e-09	8.14361	-0.0033031243	-0.16282874	1.3397236	0.004982412	0.021808334	49.0	2522.2518525123596
75	-25.75938	132.08519	195.59999	-276.1	120.0	9120000	-4.656613e-09	9.179933	-0.0028303917	-0.10359171	1.3152798	0.0031628085	0.014308333	49.0	2556.0658202171326
76	-29.675003	106.76047	246.45	-189.0	120.0	9240000	6.868504e-09	12.075899	-0.003125884	-0.29395407	1.3010119	0.0038303002	0.021283334	49.0	2590.0584032535553
77	10.8156185	100.756996	201.45	-183.65001	120.0	9360000	-7.450581e-09	7.838803	-0.0031201781	-0.25600237	1.3234726	0.0032522287	0.016058333	49.0	2623.1628124713898
78	28.05312	155.22754	251.34999	-295.9	120.0	9480000	-1.8626451e-09	10.2679615	-0.0030500242	-0.1421473	1.3401036	0.0041987593	0.018166667	49.0	2650.720426797867
79	0.63749504	114.50709	163.29999	-260.30002	120.0	9600000	8.8475645e-09	6.4564557	-0.0032176285	-0.1624437	1.3481835	0.0035324115	0.016466666	49.0	2684.209533214569
80	46.337498	123.77816	201.5	-269.1	120.0	9720000	-2.7939677e-09	6.813158	-0.003354587	-0.087850034	1.3158381	0.003467328	0.019108333	49.0	2718.444378376007
81	144.9625	108.99466	344.25	-29.600004	120.0	9840000	-1.8626451e-09	8.782159	-0.003807307	-0.20348841	1.3202372	0.0041051502	0.023133334	49.0	2751.186181783676
82	109.12813	88.57064	284.69998	-47.450005	120.0	9960000	-4.1909516e-09	9.386223	-0.0033591317	-0.24179322	1.3100479	0.0047441693	0.023333333	49.0	2783.969624519348
83	80.0	150.51048	290.65	-150.05	120.0	10080000	3.259629e-09	9.267602	-0.003271096	-0.23959899	1.2980263	0.003983713	0.022058334	49.0	2818.788151741028
84	168.41248	121.797165	292.9	-187.85	120.0	10200000	-8.8475645e-09	9.02991	-0.0035319189	-0.13526583	1.3159897	0.0034656005	0.025116667	49.0	2855.801050186157
85	167.04999	179.68257	571.3	-180.70001	120.0	10320000	7.450581e-09	10.46957	-0.0037559858	-0.2505898	1.3037887	0.0050828867	0.029991668	49.0	2889.3080911636353
86	177.32187	199.01077	459.75	-279.05002	120.0	10440000	1.1175871e-08	10.942395	-0.0036712121	-0.17068636	1.348944	0.0041927043	0.026608333	49.0	2920.743982553482
87	203.3625	151.43796	489.0	-152.8	120.0	10560000	-5.5879354e-09	9.134613	-0.003653735	-0.165748	1.3349648	0.0046019633	0.024566667	49.0	2951.787048816681
88	181.33124	176.15431	456.15	-314.9	120.0	10680000	7.450581e-09	10.4985285	-0.003819073	-0.17051512	1.2998322	0.0045170644	0.029150002	49.0	2985.1905245780945
89	230.14374	194.2982	541.65	-117.700005	120.0	10800000	-9.313226e-09	14.547585	-0.0037274426	-0.33537287	1.327827	0.005143758	0.034358334	49.0	3015.7616596221924
90	199.50626	142.45885	487.25	-122.05	120.0	10920000	-1.8626451e-09	14.516554	-0.0038504852	-0.30462778	1.3285325	0.0046414854	0.02665	49.0	3048.8546290397644
91	243.6875	170.05588	511.8	-166.05	120.0	11040000	4.656613e-09	10.094054	-0.0042001326	-0.1935848	1.3192188	0.0049759373	0.028816666	49.0	3081.640660047531
92	280.69687	136.56738	506.75	-24.550003	120.0	11160000	5.5879354e-09	11.543555	-0.0038653694	-0.36993456	1.3085961	0.004406869	0.026708333	49.0	3116.1575376987457
93	288.8	255.30203	656.35	-181.6	120.0	11280000	-7.450581e-09	17.38779	-0.0039266264	-0.24581933	1.2969674	0.0043477393	0.023333333	49.0	3150.688983440399
94	375.6812	156.72025	717.05	99.85	120.0	11400000	-5.5879354e-09	17.119162	-0.0040735397	-0.3601979	1.3045005	0.004644921	0.02775	49.0	3183.987584590912
95	330.67813	181.77876	660.7	-33.250004	120.0	11520000	-2.7939677e-09	16.319891	-0.003968668	-0.3965603	1.2718211	0.003888181	0.029724998	49.0	3218.439318418503
96	333.64062	183.03134	796.6	-13.500005	120.0	11640000	9.313226e-09	18.666164	-0.0035198475	-0.3255986	1.2826939	0.0049848435	0.02125	49.0	3250.8882100582123
97	434.92667	199.42163	862.75	-81.05	120.0	11760000	4.656613e-09	26.898445	-0.0038285798	-0.761075	1.2207828	0.004344824	0.018058334	49.0	3280.5061469078064
98	394.38	293.98035	992.25	-141.85	120.0	11880000	3.7252903e-09	21.033367	-0.0033199587	-0.40392935	1.2404797	0.0037081633	0.01455	49.0	3313.429457426071
99	494.66562	223.70471	955.8	64.049995	120.0	12000000	-4.656613e-09	23.761559	-0.003801577	-0.41269803	1.220221	0.0045079896	0.020866666	49.0	3346.140424489975
100	502.13666	253.0692	973.2	-3.4000053	120.0	12120000	-1.1175871e-08	33.238228	-0.003523493	-0.9508194	1.2074666	0.004402403	0.022816665	49.0	3376.664916038513
101	560.3692	234.15462	953.65	139.65	120.0	12240000	4.656613e-09	38.161987	-0.0034568007	-0.9504273	1.1673727	0.0045049144	0.020691667	49.0	3409.9383883476257
102	566.32	267.4177	1006.64996	56.349995	120.0	12360000	9.313226e-10	25.769035	-0.0033524418	-0.9423156	1.1310778	0.0030087084	0.015458334	49.0	3445.372784137726
103	366.175	266.49527	941.8	-45.800007	120.0	12480000	1.1175871e-08	41.152534	-0.003362212	-1.5359735	1.0943189	0.0030098204	0.01595	49.0	3478.8592491149902
104	638.86816	226.97575	1029.0	347.19998	120.0	12600000	-1.8626451e-09	39.718044	-0.0034733878	-1.3750932	1.1283426	0.003932311	0.025991667	49.0	3513.844558238983
105	664.84686	173.86467	1073.4	380.85	120.0	12720000	6.519258e-09	32.329098	-0.0036426391	-0.8847331	1.1141808	0.004678034	0.021499999	49.0	3547.0796933174133
106	542.4133	152.25351	833.5	285.19998	120.0	12840000	1.8626451e-09	24.759071	-0.00324407	-1.2269607	1.0626701	0.0034365694	0.017683335	49.0	3580.3821086883545
107	580.49286	275.77292	866.2	-53.650005	120.0	12960000	0.0	43.9152	-0.0032855514	-1.0969675	1.06703	0.0033434262	0.012233334	49.0	3611.0594716072083
108	651.9154	291.84103	1087.1	38.699997	120.0	13080000	4.656613e-09	43.275093	-0.0032707322	-0.7575331	1.0504426	0.0040812944	0.016725	49.0	3644.224509239197
109	497.9923	278.81927	952.2	-91.55	120.0	13200000	-7.450581e-09	34.5699	-0.0035126046	-1.1192135	1.0008385	0.0039735925	0.026225	49.0	3677.016863822937
110	716.36365	344.15134	1276.9	-73.40001	120.0	13320000	-1.0244548e-08	46.368767	-0.0037267227	-1.2595899	1.0197182	0.017191706	0.0199	45.0	3709.9172644615173
111	509.59616	272.6542	765.7	2.0999954	120.0	13440000	-4.656613e-09	38.352386	-0.0033505901	-0.64755106	1.0738757	0.0029362808	0.019233333	49.0	3743.985038757324
112	587.20496	295.70535	1086.3	135.7	120.0	13560000	1.8626451e-09	48.181175	-0.0032813144	-0.44442272	1.059274	0.002881065	0.01935	49.0	3775.387631177902
113	669.4884	281.9352	1059.0	123.99999	120.0	13680000	-1.1175871e-08	53.190468	-0.0031467492	-0.8703294	1.0515528	0.0025506383	0.013808333	49.0	3807.899789094925
114	787.995	265.94827	1193.1	374.19998	120.0	13800000	5.5879354e-09	51.320763	-0.0032372503	-0.67352796	1.0413558	0.002734498	0.018575002	49.0	3840.148452758789
115	760.2959	230.52817	1120.75	234.5	120.0	13920000	2.7939677e-09	56.033585	-0.003554386	-0.8453541	1.1014087	0.0032839347	0.023166668	49.0	3874.3019087314606
116	572.39	228.51147	1098.85	172.9	120.0	14040000	2.3283064e-09	42.96694	-0.0033517876	-1.5521212	1.0521102	0.0029757135	0.0244	49.0	3907.5840470790863
117	833.63635	305.28986	1509.4	415.5	120.0	14160000	-4.656613e-09	66.66385	-0.003503094	-2.2003438	1.0578673	0.0030733668	0.026433334	49.0	3940.159719467163
118	570.3	218.75262	1038.95	119.09999	120.0	14280000	0.0	47.68367	-0.0035389052	-1.8896377	1.0417798	0.003111886	0.021041665	49.0	3970.9660379886627
119	764.42773	287.33704	1245.4	255.25	120.0	14400000	-1.1175871e-08	53.717255	-0.0036488364	-0.46990013	1.0647395	0.00330803	0.024483332	49.0	4006.268593788147
120	774.92505	209.14886	1150.3	362.0	120.0	14520000	-1.6298145e-09	54.71602	-0.0034475822	-0.61424685	1.0615079	0.0031184768	0.020966668	49.0	4039.310111761093
121	834.5333	349.23502	1556.35	314.4	120.0	14640000	1.1175871e-08	63.6636	-0.0035030737	-0.75374794	1.0636218	0.0029499903	0.025333334	49.0	4075.089841365814
122	938.03125	212.87334	1195.4	548.85	120.0	14760000	-7.450581e-09	44.333717	-0.004013598	-1.0398667	1.0765162	0.004171446	0.031525	49.0	4108.558475732803
123	852.1555	162.64738	1181.8	609.89996	120.0	14880000	-8.381903e-09	37.670185	-0.003604949	-0.60500145	1.0819583	0.003565324	0.02545	49.0	4142.311753988266
124	793.1056	346.07605	1511.35	300.94998	120.0	15000000	-2.7939677e-09	38.96804	-0.0035287656	-0.8096249	1.0292238	0.0037205848	0.025275	49.0	4176.104200839996
125	727.5563	138.52512	891.89996	449.65	120.0	15120000	1.8626451e-09	32.59305	-0.0035945019	-0.9725218	1.0016015	0.0031578974	0.021033332	49.0	4211.473416090012
126	636.6625	316.16757	1085.45	134.2	120.0	15240000	7.450581e-09	62.72424	-0.0033293634	-2.4917474	1.000595	0.0037842463	0.025008334	49.0	4245.187754154205
127	791.05	203.81618	1111.95	496.44998	120.0	15360000	1.8626451e-08	47.84019	-0.0034133284	-0.50890183	0.99519104	0.0037256696	0.027466666	49.0	4278.604222774506
128	767.76996	343.51477	1551.05	326.94998	120.0	15480000	5.5879354e-09	46.682358	-0.0031816475	-0.48120666	1.0379	0.0032611992	0.021575	49.0	4313.658975362778
129	793.33887	178.79764	1136.75	508.8	120.0	15600000	2.7939677e-09	57.260704	-0.0029211715	-0.94045734	1.0096433	0.0032703	0.021525	49.0	4343.73242855072
130	914.1	409.36325	1538.55	138.09999	120.0	15720000	-1.3038516e-08	59.40817	-0.0032244106	-0.8734727	1.0053487	0.002618528	0.018308334	49.0	4378.815658330917
131	885.5333	299.4128	1315.75	428.55	120.0	15840000	1.0244548e-08	73.312004	-0.0029527494	-1.2838585	1.0105368	0.002679919	0.018791668	49.0	4410.687366962433
132	994.2056	344.24655	1503.9	349.85	120.0	15960000	5.5879354e-09	56.55554	-0.0030837378	-0.69616866	1.0273976	0.0026217916	0.018183334	49.0	4442.168773651123
133	744.625	406.3422	1154.9	16.799994	120.0	16080000	-1.8626451e-09	55.13217	-0.002982195	-0.6542077	1.0120927	0.0031087548	0.020574998	49.0	4477.238782644272
134	1148.5188	311.22586	1561.55	772.4	120.0	16200000	-3.259629e-09	72.24811	-0.0032662218	-2.4564843	1.026721	0.0033258058	0.0175	49.0	4512.062074184418
135	861.7063	379.13986	1282.55	188.25	120.0	16320000	7.450581e-09	47.35328	-0.0030153021	-2.4404156	1.006784	0.0031886508	0.020541668	49.0	4546.3138201236725
136	800.8125	288.19955	1288.55	324.94998	120.0	16440000	-7.450581e-09	51.029945	-0.0028908737	-0.5727496	0.956131	0.0029493065	0.014941667	49.0	4579.838319540024
137	880.21875	397.9243	1166.4	-131.95001	120.0	16560000	7.450581e-09	54.889816	-0.0031475737	-0.50615525	0.97853655	0.0028912192	0.020391665	49.0	4613.384906768799
138	871.3375	446.66776	1551.3	193.65	120.0	16680000	9.313226e-10	55.564003	-0.0031196019	-0.4559965	0.96165204	0.0026202733	0.021258332	49.0	4648.439240455627
139	1097.6687	382.3167	1720.2	611.39996	120.0	16800000	-9.313226e-10	66.14074	-0.0027600795	-0.6768241	0.9400741	0.0024929913	0.016125001	49.0	4680.599917650223
140	833.875	290.51868	1381.15	410.1	120.0	16920000	-5.5879354e-09	55.08239	-0.002912192	-0.75392675	0.9305387	0.0023223506	0.015483333	49.0	4713.842423200607
141	980.6	207.74687	1299.7	606.0	120.0	17040000	-2.4214387e-08	60.716507	-0.0028773989	-0.9480543	0.9596721	0.0019389978	0.012383333	49.0	4747.110105514526
142	973.58124	279.0563	1466.15	574.7	120.0	17160000	9.313226e-10	70.7077	-0.002919238	-0.79710865	0.92906386	0.0032125216	0.019616667	49.0	4778.461864233017
143	1043.6313	285.61258	1700.75	726.85	120.0	17280000	-2.0489097e-08	62.86626	-0.0033639856	-0.6568229	0.95482695	0.0031895614	0.022058332	49.0	4811.358242988586
144	1074.5938	340.54797	1655.8	657.3	120.0	17400000	2.3283064e-09	60.147495	-0.0032058316	-0.92956257	0.94682586	0.002793231	0.016408334	49.0	4844.153220176697
145	1149.2937	413.53882	1721.95	572.3	120.0	17520000	-3.7252903e-09	61.05293	-0.0030214298	-0.5942955	0.9755376	0.0026440115	0.016416665	49.0	4881.433265447617
146	1162.3375	296.00555	1586.5	778.95	120.0	17640000	-4.656613e-09	52.645763	-0.0030755755	-0.6573496	0.9301424	0.002737464	0.015891667	49.0	4915.689248323441
147	866.1937	318.73505	1332.7	300.69998	120.0	17760000	-1.4901161e-08	48.866535	-0.002947843	-0.7995589	0.93558764	0.0026932915	0.016908333	49.0	4949.237718343735
148	1039.0563	459.83203	1811.5	120.84999	120.0	17880000	3.259629e-09	73.337494	-0.003150515	-2.1093144	0.92764235	0.0028471188	0.017091665	49.0	4981.779792547226
149	1078.9875	310.6816	1552.6	624.9	120.0	18000000	5.5879354e-09	54.062355	-0.003059125	-1.3080113	0.9450192	0.002417451	0.011825001	49.0	5016.301071643829
150	983.6563	420.88986	1749.5	415.5	120.0	18120000	5.5879354e-09	48.31386	-0.0046143113	-0.944767	0.96767354	0.015354209	0.023941666	48.0	5050.284532785416
151	1066.4375	409.25	1795.35	256.15	120.0	18240000	-1.8626451e-09	53.05758	-0.0031990458	-0.6225321	0.9529233	0.0031455639	0.020575002	49.0	5086.4665994644165
152	1196.7563	291.51138	1812.6	898.45	120.0	18360000	7.450581e-09	65.33502	-0.003228492	-1.05404	0.96817076	0.0032996943	0.017433334	49.0	5122.0882396698
153	1347.4875	312.17786	1788.95	707.39996	120.0	18480000	0.0	61.81913	-0.0033258265	-0.92137885	1.0011607	0.0027469709	0.013883334	49.0	5158.945428848267
154	1164.0	450.4684	1759.4	289.19998	120.0	18600000	-2.7939677e-09	61.24344	-0.0030667633	-1.2611709	0.93891263	0.0030717135	0.0195	49.0	5189.664169073105
155	1230.8375	412.30795	1820.1	630.8	120.0	18720000	-1.3969839e-08	76.60399	-0.0035355298	-1.7028303	0.97192264	0.0038572617	0.023058333	49.0	5222.863429784775
156	940.1313	254.70917	1276.3	443.9	120.0	18840000	-8.381903e-09	46.766636	-0.0031694188	-4.7131386	0.92541605	0.002604777	0.014591666	49.0	5259.122733592987
157	1181.3	376.57266	1755.25	607.2	120.0	18960000	-1.3969839e-08	68.81719	-0.0033191855	-2.0115316	0.9935148	0.0026127382	0.015458334	49.0	5292.676996231079
158	1131.6562	205.14012	1518.7	830.7	120.0	19080000	3.7252903e-09	49.238434	-0.0032534646	-0.89582705	0.9542432	0.002591914	0.015891667	49.0	5329.787173032761
159	1127.3938	252.89774	1473.25	722.55	120.0	19200000	-3.7252903e-09	60.2493	-0.0033485407	-0.9208381	0.9761127	0.0030970331	0.016683333	49.0	5364.757506132126
160	986.16876	390.91998	1760.25	219.79999	120.0	19320000	3.7252903e-09	49.949913	-0.0033698562	-0.8883774	0.99063474	0.0027866492	0.0152	49.0	5401.004359483719
161	1173.5938	546.4447	1787.1	120.09999	120.0	19440000	9.313226e-09	55.500214	-0.0031665745	-0.5393319	0.95736253	0.0029973015	0.017308332	49.0	5435.463008642197
162	1356.6313	323.48407	1797.05	950.8	120.0	19560000	1.1175871e-08	66.410965	-0.0034839031	-1.266288	0.97885984	0.0039832424	0.02435	49.0	5470.252140522003
163	1178.4812	365.2785	1846.6	800.35	120.0	19680000	3.7252903e-09	69.7805	-0.0033082333	-0.85465336	0.93490577	0.00317334	0.02015	49.0	5503.41370177269
164	985.39374	260.0605	1544.2	651.95	120.0	19800000	-9.313226e-09	68.57173	-0.0029450695	-1.3154085	0.87121224	0.0031082218	0.015816666	49.0	5533.881484746933
165	1124.9437	170.33525	1486.55	849.45	120.0	19920000	1.21071935e-08	48.433308	-0.0031560701	-0.6963742	0.8837583	0.002658707	0.015741667	49.0	5566.149266242981
166	1131.3812	485.51752	1836.8	382.85	120.0	20040000	1.6763806e-08	64.68135	-0.0033843669	-1.3191619	0.9121994	0.0026553113	0.017858334	49.0	5598.783043861389
167	1207.2188	331.98618	1646.4	644.25	120.0	20160000	1.8626451e-09	54.876427	-0.0033061956	-0.7315004	0.9373578	0.0033091318	0.019841667	49.0	5632.7284824848175
168	1369.3	211.36746	1764.35	1063.15	120.0	20280000	-3.7252903e-09	73.556145	-0.0031836678	-1.3814058	0.9233408	0.002439071	0.015633333	49.0	5666.786979198456
169	1241.1813	409.39844	1766.3	492.9	120.0	20400000	-5.5879354e-09	56.09308	-0.0034007048	-1.6172245	0.90493894	0.003149875	0.019524999	49.0	5701.11087346077
170	1465.2812	290.65268	1831.45	1037.5	120.0	20520000	5.5879354e-09	52.87491	-0.0033855934	-0.769459	0.94463825	0.003413472	0.017425	49.0	5736.8162751197815
171	1325.2687	350.94162	2017.45	767.95	114.375	20640000	0.0	55.156784	-0.0035100337	-0.47725844	0.93765384	0.0030872475	0.020316668	49.0	5773.111541509628
172	1222.0125	257.50446	1599.2	834.0	120.0	20760000	0.0	53.29394	-0.0031970039	-0.69815874	0.88542753	0.0030575418	0.015408333	49.0	5806.6616294384
173	1120.2937	351.28885	1540.15	456.94998	120.0	20880000	7.450581e-09	52.730858	-0.0034088213	-0.6899035	0.828427	0.0022800416	0.014658334	49.0	5840.338491439819
174	1303.8876	317.1448	1821.7	972.55	120.0	21000000	1.8626451e-09	68.27666	-0.0030738846	-0.8558018	0.8216619	0.0029184166	0.018525	49.0	5872.670744180679
175	1061.7	565.1164	1652.3	-267.75	120.0	21120000	-4.656613e-09	56.03088	-0.0032636551	-1.0385983	0.86028516	0.0027057026	0.018541668	49.0	5903.932725906372
176	1201.8813	146.76868	1447.15	1010.25	120.0	21240000	0.0	69.00203	-0.0030816356	-1.7179642	0.8153391	0.002617302	0.014525	49.0	5937.233084440231
177	1252.55	427.3913	1751.35	622.0	120.0	21360000	-2.7008355e-08	55.439987	-0.0032725804	-1.1155567	0.83821213	0.0031991259	0.017816667	49.0	5971.002638101578
178	1601.8687	285.31473	1855.05	944.85	120.0	21480000	-7.450581e-09	74.36761	-0.003419609	-2.6376219	0.8850316	0.0027511278	0.014233333	49.0	6006.08073425293
179	1490.875	347.60934	1892.3	832.45	120.0	21600000	-1.9092113e-08	64.7444	-0.0033632712	-0.964314	0.96540725	0.002611377	0.015525	49.0	6041.552845954895
180	1239.525	313.9276	1752.75	897.6	120.0	21720000	1.1175871e-08	51.52372	-0.0033531487	-1.7876408	0.94118476	0.0025382808	0.017508334	49.0	6078.6080667972565
181	1411.4062	242.69695	1806.95	1071.9	120.0	21840000	-1.8626451e-09	59.736835	-0.0035628949	-1.2571115	0.9028834	0.002882992	0.017941667	49.0	6114.4127378463745
182	1087.975	433.61426	1752.85	647.1	120.0	21960000	9.313226e-09	78.131905	-0.0031577386	-3.112009	0.7638801	0.0023969512	0.017175	49.0	6145.6314380168915
183	1329.0	413.4846	1859.7	617.2	120.0	22080000	6.519258e-09	48.767628	-0.0035154491	-1.1926463	0.8162738	0.002760023	0.017508334	49.0	6178.729450464249
184	1415.0	338.18314	1863.8	872.2	120.0	22200000	-1.3969839e-08	99.9662	-0.003138477	-4.9262137	0.82697356	0.0025976007	0.01735	49.0	6213.226782798767
185	1221.15	210.9935	1662.05	978.6	120.0	22320000	-8.381903e-09	69.970436	-0.0032054344	-2.791384	0.8130852	0.0023227283	0.016308334	49.0	6245.612013578415
186	1110.3438	339.94843	1793.5	604.0	120.0	22440000	-1.5832484e-08	58.46144	-0.0032896362	-1.7079237	0.8258988	0.002279922	0.014616666	49.0	6278.483426809311
187	924.175	417.01056	1534.3	281.65	120.0	22560000	-1.8626451e-08	59.983627	-0.0028031578	-1.6431682	0.7710351	0.0023913	0.012308333	49.0	6313.103067398071
188	1288.2124	352.72192	1811.35	920.14996	120.0	22680000	-3.0733645e-08	45.393288	-0.0032113425	-1.1166008	0.8165914	0.0032412815	0.015508333	49.0	6348.363654136658
189	1144.05	265.8637	1733.7	873.95	120.0	22800000	-3.7252903e-09	43.084034	-0.0030055074	-1.1352129	0.7661251	0.002509642	0.013841667	49.0	6382.286361455917
190	1162.1062	469.92712	1849.7	429.19998	120.0	22920000	-7.450581e-09	66.774605	-0.0029876963	-1.6339614	0.75396895	0.002009379	0.016616667	49.0	6412.305225849152
191	959.4563	545.23224	1678.05	-82.45001	120.0	23040000	-6.9849193e-09	62.209	-0.003077622	-1.1297569	0.7350082	0.0020908203	0.014783333	49.0	6443.761464834213
192	940.9875	490.94482	1348.2	-231.15001	120.0	23160000	-3.7252903e-09	55.32944	-0.0028699385	-0.70156384	0.7231992	0.0018034657	0.013183334	49.0	6477.468916416168
193	1326.5249	366.3234	1820.35	614.6	120.0	23280000	9.313226e-09	95.73993	-0.0030817436	-5.689602	0.7612077	0.0024775495	0.016208334	49.0	6511.264857769012
194	1138.9875	250.74855	1400.0	632.89996	120.0	23400000	-2.7939677e-09	51.101498	-0.0031162668	-2.2988617	0.7375109	0.0023065563	0.014166666	49.0	6543.896074771881
195	1265.45	297.3443	1736.1	809.8	120.0	23520000	1.3969839e-08	76.1799	-0.003228955	-1.2126889	0.7441743	0.0020565486	0.015691666	49.0	6575.44393992424
196	1235.5312	284.37112	1822.15	881.14996	120.0	23640000	-3.7252903e-09	61.951927	-0.0032886406	-1.0242994	0.73738116	0.0029930412	0.015808333	49.0	6609.219846010208
197	1202.0563	170.52328	1549.5	978.45	120.0	23760000	5.5879354e-09	62.171196	-0.0030665677	-1.0761654	0.7191783	0.0021289075	0.0140333325	49.0	6643.604256153107
198	1022.31244	307.5187	1454.5	555.25	120.0	23880000	7.450581e-09	52.364876	-0.003116663	-0.5861373	0.7186769	0.002428811	0.018658333	49.0	6678.644111633301
199	1203.2063	353.63602	1822.75	828.25	120.0	24000000	-7.450581e-09	61.027573	-0.003436352	-0.9161968	0.7779749	0.0026747037	0.016958334	49.0	6712.20756816864
200	1045.5938	256.97754	1479.6	620.55	120.0	24120000	-6.9849193e-09	58.295128	-0.003235945	-0.48492694	0.7354603	0.0025422652	0.015425	49.0	6744.618558883667
201	1007.88745	263.97107	1403.05	564.1	120.0	24240000	-1.8626451e-08	54.10324	-0.003155541	-1.2222939	0.72111917	0.0022927	0.0153416665	49.0	6774.773245334625
202	1487.275	202.45555	1693.7	1105.5	120.0	24360000	1.3969839e-08	75.904	-0.0033050575	-3.889782	0.7592995	0.0026983914	0.019625	49.0	6811.609946489334
203	1418.0249	326.1383	1872.75	877.1	120.0	24480000	1.8626451e-09	73.27081	-0.0035045296	-0.915468	0.74806905	0.0024238783	0.015733333	49.0	6845.826876163483
204	1318.0	338.81448	1698.1	680.2	120.0	24600000	1.1175871e-08	72.039185	-0.0030824183	-1.315378	0.70853436	0.0021096126	0.017191667	49.0	6879.611376285553
205	1370.6063	347.71133	1811.0	807.39996	120.0	24720000	1.21071935e-08	65.03473	-0.0031728963	-0.7420242	0.7136755	0.0027540533	0.018241666	49.0	6912.172956705093
206	1197.8063	284.92456	1853.2	861.45	120.0	24840000	1.0244548e-08	54.516212	-0.0034170335	-0.55603933	0.7329895	0.002709955	0.020291667	49.0	6946.0145473480225
207	1213.375	258.40332	1735.45	859.7	120.0	24960000	1.8626451e-09	82.23393	-0.0032498166	-1.7109914	0.7348869	0.0021074521	0.012375	49.0	6980.881331443787
208	1382.4813	344.81277	1872.75	890.6	120.0	25080000	-1.7695129e-08	59.14415	-0.0030985842	-1.1554375	0.7332461	0.0021181805	0.017583333	49.0	7014.6921808719635
209	1336.45	246.91547	1763.15	960.95	120.0	25200000	1.8626451e-09	79.99886	-0.0032315268	-1.1864734	0.7123513	0.002188433	0.017741667	49.0	7048.669281959534
210	1403.9277	367.00507	2102.95	839.35	113.22222	25320000	7.450581e-09	67.0039	-0.0039397264	-0.91347694	0.71807456	0.0072568147	0.021291666	49.0	7081.599178552628
211	1280.7375	360.16232	1872.65	797.05	120.0	25440000	0.0	63.054848	-0.0031986954	-0.87662196	0.71502626	0.0022445177	0.015925	49.0	7112.156258583069
212	1239.9875	172.5295	1598.85	1030.2	120.0	25560000	-6.2864274e-09	56.039623	-0.0029899334	-0.8283267	0.7034829	0.0023545087	0.019675	49.0	7144.436568021774
213	1235.225	391.32007	1796.1	600.3	120.0	25680000	7.450581e-09	73.77143	-0.0030976073	-2.2835793	0.74011064	0.0022505631	0.014325	49.0	7176.573743343353
214	1244.2812	380.93918	1861.5	475.8	120.0	25800000	5.5879354e-09	68.59583	-0.00297641	-0.9143405	0.6901639	0.0022775978	0.0148249995	49.0	7210.767460823059
215	1285.2374	421.38782	1861.4	637.0	120.0	25920000	-2.3283064e-09	90.444336	-0.002798032	-1.5071077	0.70823014	0.0022622738	0.01455	49.0	7243.912420988083
216	1453.4812	271.0277	1857.95	1030.7	120.0	26040000	6.9849193e-09	49.078407	-0.0035139455	-3.2740824	0.7991077	0.004328456	0.020983335	49.0	7277.693238973618
217	1340.8313	342.74216	1811.25	714.39996	120.0	26160000	1.1175871e-08	73.994385	-0.0031896082	-2.665419	0.7075887	0.0025150813	0.015841667	49.0	7310.053581953049
218	1240.475	344.96347	1807.35	681.14996	120.0	26280000	-1.6763806e-08	74.74925	-0.0031333785	-0.91743326	0.6928895	0.0020125292	0.015766665	49.0	7344.223294258118
219	1086.3223	406.50293	2081.7	516.55	113.666664	26400000	-5.5879354e-09	51.56105	-0.003055395	-1.594533	0.6916955	0.0021652433	0.016483333	49.0	7376.7376482486725
220	1271.5437	421.81708	1862.35	638.0	120.0	26520000	-3.7252903e-09	55.70324	-0.0030494074	-1.1229715	0.7022059	0.0025059609	0.017375	49.0	7407.834535121918
221	1390.0125	370.95193	1828.6	789.05	120.0	26640000	-1.21071935e-08	59.59974	-0.003292555	-1.0204041	0.7780118	0.0030764826	0.0217	49.0	7440.311337471008
222	1047.6062	252.05582	1450.3	511.4	120.0	26760000	2.7939677e-09	49.395958	-0.0031762016	-1.778121	0.719957	0.0030410774	0.014133333	49.0	7474.33892416954
223	1335.55	204.95264	1602.45	938.3	120.0	26880000	-7.450581e-09	51.853523	-0.0032344116	-0.72632885	0.68843985	0.0023198482	0.016366668	49.0	7508.594095945358
224	1361.9937	353.16647	1866.85	846.25	120.0	27000000	-5.5879354e-09	87.90333	-0.0030388287	-2.9619365	0.7076968	0.0024544103	0.017133333	49.0	7539.486712217331
225	1424.2251	328.77637	1830.1	1000.1	120.0	27120000	1.1175871e-08	51.756252	-0.0033655574	-1.8770216	0.74486583	0.0025625788	0.018508334	49.0	7574.068315982819
226	1113.4062	302.72617	1637.6	635.05	120.0	27240000	2.7939677e-09	47.67815	-0.0033301036	-1.8451335	0.7325666	0.0025164708	0.016666668	49.0	7607.717104434967
227	1137.6937	296.46036	1532.3	741.35	120.0	27360000	-9.313226e-10	55.376015	-0.0030760088	-1.8337727	0.6596736	0.002435978	0.014966667	49.0	7642.359782218933
228	1324.9062	311.08392	1878.4	767.35	120.0	27480000	-1.071021e-08	54.875664	-0.0032158033	-1.2558916	0.68424904	0.0024089091	0.017491667	49.0	7676.046024560928
229	1309.6375	356.37317	1848.6	811.0	120.0	27600000	-9.313226e-09	64.09983	-0.0034742663	-1.5134876	0.7086062	0.0021464536	0.016666666	49.0	7708.941520690918
230	1339.4875	617.3336	1849.6	-190.90001	120.0	27720000	-3.7252903e-09	77.99544	-0.0032626414	-1.0269608	0.6836221	0.007814184	0.020183334	49.0	7739.91054725647
231	1278.3875	387.09274	1815.35	452.05	120.0	27840000	-7.450581e-09	64.189186	-0.0033409516	-1.1621888	0.707524	0.0023134188	0.019308332	49.0	7773.523899078369
232	1113.6062	311.75623	1548.15	656.8	120.0	27960000	1.8626451e-09	51.479767	-0.002947901	-1.826129	0.6801383	0.0022282226	0.015241667	49.0	7803.812901496887
233	1239.4875	342.7857	1554.4	671.64996	120.0	28080000	-1.4901161e-08	67.916595	-0.0031088365	-1.8447325	0.69024014	0.002475596	0.016816666	49.0	7834.240546941757
234	1484.0	323.583	1826.75	990.39996	120.0	28200000	9.313226e-10	79.70374	-0.0034597276	-1.5429997	0.7351401	0.009692669	0.022799999	49.0	7867.7226622104645
235	1337.3063	306.52786	1735.05	933.2	120.0	28320000	-1.8626451e-09	77.66573	-0.00316249	-1.0057192	0.7033224	0.002283032	0.015608333	49.0	7901.309272289276
236	1223.5562	280.57227	1737.85	763.14996	120.0	28440000	-1.1175871e-08	80.96223	-0.0031836918	-2.0371976	0.6801467	0.002351566	0.019033331	49.0	7934.282683372498
237	1439.8374	334.116	1854.4	880.6	120.0	28560000	1.1175871e-08	65.85387	-0.0038067212	-1.8983259	0.75223875	0.015330063	0.031216666	49.0	7968.771954298019
238	1113.7438	150.16121	1490.45	973.14996	120.0	28680000	-1.8626451e-09	81.00102	-0.0030077326	-2.683835	0.66787577	0.00252247	0.0148083335	49.0	8003.363846063614
239	1093.2125	294.69156	1719.5	796.7	120.0	28800000	-9.313226e-09	51.982376	-0.0029928165	-1.5528874	0.65842366	0.0019218173	0.015666667	49.0	8034.015599727631
240	1051.475	380.10413	1495.55	399.55	120.0	28920000	-6.519258e-09	74.755455	-0.0029485244	-1.254988	0.6394134	0.0022332354	0.014141667	49.0	8066.497831583023
241	1077.6625	395.5111	1708.35	368.3	120.0	29040000	-7.450581e-09	90.143906	-0.0028361247	-1.9871197	0.6251794	0.0022693123	0.015275	49.0	8099.713123083115
242	1113.8945	224.41866	1474.15	783.14996	120.0	29160000	7.450581e-09	90.436005	-0.0027396602	-1.3627567	0.6363625	0.0018341114	0.013325	49.0	8134.090747833252
243	1182.1687	261.85883	1601.0	833.95	120.0	29280000	2.7939677e-09	60.62153	-0.002910016	-0.9103322	0.658512	0.0021743944	0.0128833335	49.0	8166.387383699417
244	1259.1001	319.9792	1859.6	684.39996	120.0	29400000	1.4901161e-08	67.150665	-0.0031549456	-0.7747514	0.6610496	0.0022256055	0.016666666	49.0	8196.196440696716
245	1420.3	356.69446	1895.35	823.25	120.0	29520000	-2.7939677e-09	81.60739	-0.0031147744	-1.9973314	0.65833306	0.0023415787	0.014633333	49.0	8230.389950275421
246	1225.8688	366.3308	1853.35	478.05	120.0	29640000	1.1175871e-08	51.403923	-0.003237672	-3.5551467	0.6510492	0.0022349167	0.014450001	49.0	8263.3945043087
247	1027.4563	481.8301	1744.65	8.84999	120.0	29760000	1.4901161e-08	50.211212	-0.0030015612	-1.3755517	0.62131745	0.0020371194	0.014741668	49.0	8295.86587882042
248	1172.4249	273.16147	1700.2	780.2	120.0	29880000	1.4901161e-08	62.534386	-0.00305103	-1.507369	0.6572485	0.0027587598	0.015333334	49.0	8326.14524269104
249	1339.9375	248.03479	1800.1	1033.65	120.0	30000000	3.7252903e-09	64.06146	-0.0032788964	-1.0527549	0.6608799	0.0023668492	0.020008333	49.0	8359.280572891235
250	1072.1062	361.12305	1594.15	344.05	120.0	30120000	3.7252903e-09	75.461105	-0.0028069157	-0.9934218	0.63136256	0.0019256196	0.014358332	49.0	8394.113110303879
251	1092.8	217.63931	1420.1	785.89996	120.0	30240000	7.450581e-09	60.38085	-0.0032070107	-1.1280668	0.65536237	0.0019535697	0.015383333	49.0	8427.922298908234
252	1351.7812	352.92297	1867.15	906.6	120.0	30360000	9.313226e-10	72.68881	-0.0030471769	-1.0948758	0.63125086	0.0020781038	0.0147916665	49.0	8460.001965045929
253	1413.8625	313.26147	1841.25	869.35	120.0	30480000	-4.656613e-09	64.92287	-0.0030282591	-0.7773304	0.64239854	0.0063909073	0.019116666	49.0	8491.326903104782
254	1117.7438	221.3245	1338.0	719.7	120.0	30600000	2.3283064e-09	71.48579	-0.0030664238	-1.8436286	0.6334604	0.0021256171	0.015991667	49.0	8526.146043777466
255	1397.1625	336.87405	1884.45	896.2	120.0	30720000	5.5879354e-09	56.243893	-0.0030978862	-0.7194705	0.66940045	0.0021670596	0.01565	49.0	8561.518765687943
256	1272.2001	232.07912	1704.4	992.39996	120.0	30840000	9.313226e-10	44.154266	-0.002886923	-0.7745149	0.6316155	0.0022592237	0.016025	49.0	8598.0192425251
257	1389.175	293.5584	1835.5	895.2	120.0	30960000	-7.450581e-09	80.23685	-0.0028720726	-2.717211	0.62530315	0.0026285546	0.0139833335	49.0	8629.988690376282
258	1428.8125	319.547	1794.2	859.85	120.0	31080000	6.519258e-09	86.894264	-0.0030046965	-1.1121173	0.6407131	0.0021290877	0.017341668	49.0	8665.93751502037
259	1247.9938	233.74515	1690.15	880.89996	120.0	31200000	5.5879354e-09	50.427242	-0.0033211429	-2.5456264	0.63335073	0.0022432753	0.016816668	49.0	8698.952351093292
260	1567.1938	240.67268	1872.9	1213.7	120.0	31320000	-9.313226e-09	94.98571	-0.0033218851	-4.3845587	0.62645125	0.00928705	0.018525	49.0	8732.356398820877
261	1319.225	229.31708	1602.5	963.45	120.0	31440000	-4.656613e-09	73.0614	-0.0028790934	-2.0945086	0.6190966	0.0018188276	0.014641667	49.0	8764.86054778099
262	1289.65	260.05585	1761.0	980.3	120.0	31560000	1.1175871e-08	46.008327	-0.004333429	-1.8982544	0.67371166	0.014513844	0.030158333	49.0	8798.802396297455
263	1358.975	190.40004	1818.65	1144.75	120.0	31680000	0.0	61.40739	-0.0032654605	-0.73813725	0.65719163	0.002414192	0.016933333	49.0	8835.332936763763
264	1444.1687	372.71225	1888.75	807.6	120.0	31800000	0.0	97.249405	-0.0031028413	-3.1999822	0.6631315	0.002299008	0.015525	49.0	8868.642316818237
265	1352.4125	346.12653	1851.1	793.1	120.0	31920000	5.5879354e-09	64.01393	-0.0033772956	-1.4530673	0.6896565	0.0024626446	0.0167	49.0	8902.345569372177
266	1116.8125	297.80002	1462.0	513.6	120.0	32040000	2.3283064e-09	54.935917	-0.0032216185	-2.07314	0.63041687	0.0021900916	0.017258333	49.0	8938.100057125092
267	1342.9062	395.07904	1892.85	821.35	120.0	32160000	-5.5879354e-09	80.14889	-0.0032389811	-3.0999632	0.6591439	0.002415583	0.015408333	49.0	8972.660523414612
268	1378.925	230.47523	1812.3	1148.15	120.0	32280000	-9.313226e-10	65.18553	-0.0031535977	-1.5257156	0.65135056	0.001857101	0.014725	49.0	9002.994604587555
269	1242.8187	283.4957	1861.3	981.45	120.0	32400000	1.3038516e-08	58.874104	-0.0029118266	-1.140496	0.62348145	0.0021828553	0.013558334	49.0	9033.18704199791
270	1221.4688	304.09207	1880.6	791.64996	120.0	32520000	9.313226e-09	62.984158	-0.0031615444	-1.0358973	0.60795283	0.002356246	0.016183333	49.0	9065.472299575806
271	1597.0687	217.97809	1861.3	1224.6	120.0	32640000	3.7252903e-09	67.185555	-0.0033211922	-1.18153	0.6583206	0.0023749284	0.020333335	49.0	9102.317048072815
272	1440.6001	222.43802	1743.7	1026.35	120.0	32760000	6.0535967e-09	64.56545	-0.0033225478	-0.7239094	0.66638535	0.0023426432	0.019283332	49.0	9136.323281288147
273	1492.8875	442.38507	1906.2	580.14996	120.0	32880000	5.5879354e-09	71.466995	-0.0032678118	-0.7555337	0.6434261	0.0024939761	0.017825	49.0	9170.268368959427
274	1428.0188	254.06987	1891.85	1031.05	120.0	33000000	-1.8626451e-09	44.80907	-0.0034772265	-1.4780662	0.68949115	0.0025154627	0.019091666	49.0	9204.792826414108
275	1499.025	292.78052	1862.0	1080.55	120.0	33120000	3.7252903e-09	74.06911	-0.0033991584	-1.2971239	0.6589978	0.0020336742	0.017099999	49.0	9240.01052904129
276	1623.1376	250.06075	1865.85	1172.25	120.0	33240000	-7.450581e-09	66.60992	-0.0034245506	-0.6620853	0.6649256	0.0024942253	0.016616667	49.0	9273.688393115997
277	1425.2188	236.19466	1855.0	1091.6	120.0	33360000	-2.7939677e-09	63.665367	-0.0030281395	-0.71215534	0.61412895	0.0018007269	0.014508333	49.0	9305.96003484726
278	1269.4625	375.23456	1844.05	607.55	120.0	33480000	5.5879354e-09	38.07477	-0.0032218057	-2.061153	0.6279229	0.002468023	0.018283334	49.0	9339.65036034584
279	1208.7625	476.3956	1817.8	452.44998	120.0	33600000	5.5879354e-09	43.130753	-0.0032794948	-0.74734616	0.62054825	0.0024694921	0.015574999	49.0	9374.27310347557
280	1575.3438	205.33652	1801.55	1162.85	120.0	33720000	0.0	55.676277	-0.00350543	-2.0443034	0.69099736	0.0027631817	0.01985	49.0	9407.661291599274
281	1248.575	457.68628	1849.1	361.35	120.0	33840000	9.313226e-10	57.613716	-0.0032652617	-1.421305	0.6353911	0.0024273004	0.017433334	49.0	9442.641218423843
282	1574.6001	270.0778	1883.4	1127.95	120.0	33960000	3.7252903e-09	71.7426	-0.003224497	-2.002571	0.61055285	0.0024996973	0.017191667	49.0	9476.347660064697
283	1215.1626	338.69955	1793.85	783.0	120.0	34080000	-1.1175871e-08	52.5736	-0.0033405353	-2.6559036	0.6284161	0.0019846563	0.016375	49.0	9511.377360105515
284	1555.4221	347.42404	2133.15	862.1	112.55556	34200000	-2.7939677e-09	57.821808	-0.0032547647	-1.5689805	0.6571952	0.0023057614	0.020541666	49.0	9546.265316009521
285	1775.5334	188.54233	2120.0	1365.85	112.77778	34320000	9.313226e-09	62.163296	-0.003978296	-2.316494	0.72571754	0.016721264	0.03025	25.0	9578.923204183578
286	1379.0437	323.9432	1852.9	742.2	120.0	34440000	0.0	62.1037	-0.0032493356	-4.1872535	0.6091442	0.0018302503	0.0156	49.0	9612.001048088074
287	1744.6188	206.52287	1891.9	1256.45	120.0	34560000	-1.1641532e-08	65.1021	-0.0032738498	-2.7999477	0.6968695	0.0024057506	0.016858332	49.0	9648.172675132751
288	1424.175	133.48665	1600.5	1182.9	120.0	34680000	7.683411e-09	59.04866	-0.004312138	-3.1677105	0.62282836	0.01878797	0.0378	45.0	9684.22299170494
289	1458.3667	456.5718	2132.5	659.35	112.666664	34800000	3.7252903e-09	59.158287	-0.0035321242	-1.1543078	0.7040797	0.0025543123	0.018925	49.0	9718.33867430687
290	1536.0111	327.47083	2131.0	1071.45	112.666664	34920000	3.7252903e-09	67.2963	-0.0035418682	-0.6638324	0.6777771	0.0020860517	0.022783333	49.0	9748.373932123184
291	1685.0278	302.75192	2119.9	1055.2	107.333336	35040000	-2.7939677e-09	57.688637	-0.0037482986	-0.9230447	0.7652736	0.0028867733	0.021599999	49.0	9781.338307857513
292	1602.7833	361.1955	2117.05	1069.75	108.55556	35160000	4.656613e-10	67.45682	-0.003687168	-0.63187265	0.7226087	0.0024328623	0.018766668	49.0	9816.028455495834
293	1645.2812	218.90707	1854.4	1199.7	120.0	35280000	0.0	71.80952	-0.0034101978	-0.6100154	0.680115	0.002222376	0.015999999	49.0	9849.33983373642
294	1570.25	377.91876	2121.8	709.6	112.888885	35400000	-1.1175871e-08	54.855206	-0.003625124	-0.6722505	0.7084019	0.002615288	0.021566667	49.0	9881.97156572342
295	1493.4438	295.1205	1866.2	1108.85	120.0	35520000	5.5879354e-09	46.13228	-0.003905026	-1.0043478	0.7900585	0.002732485	0.024933333	49.0	9916.366980314255
296	1639.0875	163.50487	1857.1	1344.3	120.0	35640000	3.7252903e-09	55.93156	-0.0037468853	-1.0384555	0.7268038	0.0026670177	0.018983332	49.0	9952.487894296646
297	1577.2699	413.93735	2144.7	750.25	106.4	35760000	-3.7252903e-09	82.16904	-0.0030186954	-1.9195356	0.651621	0.002258814	0.018058334	49.0	9988.786007165909
298	1663.95	250.74945	1916.4	1101.9	117.625	35880000	-4.1909516e-09	72.93876	-0.0036028107	-1.4310002	0.7416925	0.0032873433	0.021633333	49.0	10022.40240907669
299	1614.4445	251.02719	2129.75	1369.8	112.77778	36000000	7.450581e-09	58.52893	-0.003289349	-1.0559635	0.6839151	0.0021853452	0.017658334	49.0	10055.264811038971
300	1663.2375	287.58148	2140.55	1083.5	111.625	36120000	-7.450581e-09	48.24858	-0.0037656277	-1.2517033	0.7597817	0.0022362182	0.021191666	49.0	10092.811016082764
301	1608.65	407.13107	2144.2	800.3	105.44444	36240000	-1.071021e-08	54.160473	-0.0037349993	-0.85972166	0.73718125	0.002840662	0.022783335	49.0	10126.779511928558
302	1394.1188	464.25696	1997.75	766.75	115.875	36360000	-7.450581e-09	46.330788	-0.003735565	-0.95191455	0.721432	0.0029862658	0.020591665	49.0	10161.245416641235
303	1635.5	239.74329	1864.6	1284.4	120.0	36480000	5.5879354e-09	48.182922	-0.0035608418	-0.69180894	0.67804956	0.0025481097	0.017416667	49.0	10194.585963010788
304	1716.4801	277.22595	2148.45	1229.6	106.4	36600000	3.7252903e-09	48.11278	-0.003983333	-0.8195045	0.7269702	0.0029117449	0.023708334	49.0	10230.889493703842
305	1765.765	337.85825	2145.15	892.25	107.3	36720000	-2.7939677e-09	55.125492	-0.0040617576	-0.9288657	0.7447592	0.0033883012	0.020975001	49.0	10266.015978813171
306	1555.875	280.7001	1829.0	1024.7	120.0	36840000	-4.656613e-09	45.98915	-0.0034195753	-1.8650093	0.70562816	0.0023617353	0.017608333	49.0	10303.745243787766
307	1464.1063	391.6826	2061.6	856.5	113.5	36960000	3.7252903e-09	37.963978	-0.0034923078	-1.2401745	0.6855798	0.0023836342	0.017466668	49.0	10338.749117851257
308	1699.7777	236.83685	2124.65	1246.4	112.888885	37080000	6.0535967e-09	52.684235	-0.0039276173	-2.6861894	0.7641798	0.0036938912	0.026091669	49.0	10373.603273391724
309	1664.8501	299.16992	2135.7	1100.65	111.75	37200000	-1.8626451e-09	36.643993	-0.0034286277	-1.5249007	0.71696764	0.0025804103	0.016883334	49.0	10407.070883750916
310	1683.4126	246.96648	1888.75	1213.6	119.625	37320000	-1.8626451e-09	37.284	-0.0041004075	-1.8401787	0.8201306	0.004023655	0.030508332	49.0	10444.158484458923
311	1675.7876	235.52846	1900.4	1108.55	120.0	37440000	0.0	43.23941	-0.0035421425	-1.298188	0.7228273	0.002532637	0.018883334	49.0	10477.920585632324
312	1682.2	305.30225	2153.1	1253.0	104.77778	37560000	5.5879354e-09	48.858826	-0.003251984	-0.86097145	0.6617848	0.0023774132	0.016775	49.0	10508.678907632828
313	1566.2188	340.75983	1851.7	907.64996	120.0	37680000	0.0	45.27414	-0.0035544862	-0.9312029	0.74163705	0.0031328462	0.020308334	49.0	10540.217168569565
314	1695.8438	288.1667	2106.3	1070.2	112.5	37800000	1.3969839e-08	34.448906	-0.0039047687	-1.392586	0.7253321	0.0032664342	0.0222	49.0	10578.653009414673
315	1692.8834	308.4259	2142.35	1006.55	112.44444	37920000	-5.5879354e-09	72.97918	-0.003401924	-3.596988	0.63317984	0.0028553733	0.019725	49.0	10612.983073472977
316	1722.2556	246.75052	2130.35	1179.3	112.77778	38040000	-9.313226e-10	43.122192	-0.0034784812	-1.1033392	0.6786264	0.002272136	0.0194	49.0	10647.128895998001
317	1685.5667	258.89386	2114.6	1268.15	113.111115	38160000	6.519258e-09	55.637333	-0.0035054628	-0.7275653	0.659832	0.0036344982	0.018883333	49.0	10680.931500911713
318	1826.4187	47.80425	1888.4	1725.65	120.0	38280000	-5.5879354e-09	58.902073	-0.0036723658	-1.6621857	0.6789017	0.0025169784	0.016866665	49.0	10715.525060415268
319	1623.0	215.62381	1838.8	1246.5	120.0	38400000	9.313226e-10	51.127876	-0.0031749348	-1.2911603	0.59225965	0.0020373326	0.013041667	49.0	10750.106066942215
320	1808.905	251.06627	2140.35	1177.2	107.5	38520000	1.1175871e-08	56.18801	-0.0032657562	-0.96016407	0.65410936	0.0021866623	0.014866667	49.0	10787.670370817184
321	1628.325	348.9896	2098.4	856.65	113.0	38640000	1.1175871e-08	48.778133	-0.0035609961	-1.1195927	0.6448431	0.002517742	0.020958332	49.0	10822.73533153534
322	1711.9313	270.85165	1894.05	1002.14996	120.0	38760000	-4.656613e-09	40.382114	-0.0038776272	-1.1336508	0.7693547	0.0032976954	0.024158332	49.0	10855.650725364685
323	1831.5062	105.7633	2026.35	1668.35	115.0	38880000	1.1175871e-08	50.812103	-0.0037439826	-0.75464916	0.6789127	0.0026976054	0.020908333	49.0	10889.459980010986
324	1672.2562	311.1101	2077.8	1147.8	113.25	39000000	1.8626451e-09	41.91725	-0.003444308	-0.67260575	0.70118177	0.0026449445	0.021116666	49.0	10927.169381380081
325	1755.2563	119.33503	1858.4	1496.55	120.0	39120000	-1.8626451e-09	38.865772	-0.003681766	-0.49846745	0.65901834	0.0024696724	0.017808333	49.0	10962.3830575943
326	1635.6062	311.84756	1830.5	883.5	120.0	39240000	-3.7252903e-09	29.679333	-0.0039838534	-1.0174124	0.71363276	0.002535475	0.021683333	49.0	10994.51359462738
327	1821.1687	134.25014	2081.2	1586.15	113.125	39360000	-5.5879354e-09	42.996513	-0.0039749816	-1.3232696	0.726236	0.0031182524	0.022083335	49.0	11030.747647285461
328	1832.2136	333.86273	2169.4	1165.05	89.36364	39480000	1.1175871e-08	48.341965	-0.0036828308	-0.95792985	0.71367425	0.002936423	0.019558333	49.0	11065.626255273819
329	1936.8949	192.57037	2173.95	1601.45	92.2	39600000	-2.142042e-08	38.347527	-0.003657439	-0.94772553	0.7434899	0.002557588	0.020075	49.0	11100.454305410385
330	1812.6375	54.171375	1881.85	1711.75	120.0	39720000	-3.7252903e-09	43.595673	-0.0035452098	-0.6109512	0.6860071	0.0029916712	0.021433335	49.0	11138.280698776245
331	1833.0499	226.30606	2156.7	1426.95	100.111115	39840000	0.0	34.069546	-0.0038082942	-1.1914711	0.6789849	0.0025204287	0.019341666	49.0	11174.651552677155
332	1853.4612	123.57342	2166.05	1721.8	112.111115	39960000	1.8626451e-09	45.630524	-0.0036800804	-1.0215526	0.6498958	0.0028890173	0.020608334	49.0	11207.51502251625
333	1680.0188	170.60657	1835.9	1425.15	120.0	40080000	-9.313226e-10	43.671505	-0.0033709202	-0.77430916	0.6605917	0.001765367	0.014033334	49.0	11244.42837524414
334	1862.2051	176.20844	2172.8	1576.8	105.7	40200000	-7.450581e-09	46.94265	-0.003687789	-1.054172	0.6461628	0.0026466001	0.020316668	49.0	11279.701292514801
335	1682.8334	255.03232	2170.1	1200.8	112.0	40320000	3.7252903e-09	46.262817	-0.003219049	-2.864116	0.5930621	0.0021575247	0.015633333	49.0	11316.091956615448
336	1818.6907	262.543	2164.95	1243.5	100.72727	40440000	4.656613e-09	49.76339	-0.0032639508	-1.1306162	0.5774267	0.0021184543	0.015966665	49.0	11351.368255376816
337	1722.2611	306.89813	2129.0	1191.15	102.44444	40560000	3.7252903e-09	52.01004	-0.003397605	-0.5479374	0.59931487	0.002643685	0.0185	49.0	11388.413720846176
338	1728.4801	382.69614	2175.2	760.6	105.9	40680000	-1.8626451e-08	40.04087	-0.003476156	-1.0657625	0.639125	0.0027865963	0.021616668	49.0	11423.706980466843
339	1786.765	257.45602	2175.45	1402.55	100.6	40800000	1.071021e-08	33.055916	-0.0036929324	-0.6704824	0.7193117	0.0026656436	0.021141667	49.0	11457.860182285309
340	1877.6772	268.15753	2174.85	1307.85	94.27273	40920000	-5.5879354e-09	41.41812	-0.0035312166	-0.5962851	0.6816911	0.0026511082	0.019141667	49.0	11493.253311395645
341	1930.82	189.38768	2170.9	1609.1	93.0	41040000	6.0535967e-09	37.39889	-0.0036624186	-0.3835392	0.7147714	0.0030088967	0.017308334	49.0	11525.530527114868
342	1870.9773	217.71783	2165.4	1519.6	96.09091	41160000	1.8626451e-09	34.545464	-0.003541383	-0.3567133	0.6581526	0.0033238728	0.016975	49.0	11558.634100914001
343	1885.7048	237.84065	2176.55	1435.95	94.3	41280000	1.4901161e-08	33.922516	-0.0039932663	-0.60791516	0.6090653	0.01682586	0.035416666	45.0	11592.23340344429
344	1799.8418	385.9864	2181.7	1172.75	85.75	41400000	1.8626451e-09	78.89426	-0.003411317	-3.5579946	0.59345603	0.0021333233	0.017	49.0	11627.437771081924
345	1770.2944	258.0721	2169.55	1253.95	108.44444	41520000	-1.1175871e-08	44.56543	-0.0035938297	-1.0015271	0.6542861	0.0027534724	0.019299999	49.0	11662.387169837952
346	1925.0958	274.6432	2181.2	1255.1	84.833336	41640000	2.2351742e-08	32.20376	-0.0034360746	-1.554764	0.62918556	0.0024630595	0.017083334	49.0	11697.511750936508
347	1843.6199	183.01247	2163.95	1552.05	105.8	41760000	9.313226e-09	37.878548	-0.0041329763	-0.81299305	0.71744543	0.012850347	0.027658332	49.0	11736.471840143204
348	1275.5874	502.57373	1864.75	353.05	120.0	41880000	2.7939677e-09	54.88218	-0.00302205	-12.81992	0.5564289	0.0015878251	0.014616666	49.0	11770.314974784851
349	1248.7625	459.05252	1875.6	511.75	120.0	42000000	-3.7252903e-09	66.30379	-0.002797367	-2.0655198	0.51270956	0.0019278744	0.015983334	49.0	11805.406051635742
350	1444.8833	407.37643	2126.05	877.6	113.111115	42120000	2.7939677e-09	53.468414	-0.0032136333	-1.7571931	0.55320716	0.002080971	0.016191667	49.0	11837.106764793396
351	1249.455	558.9544	2172.5	487.69998	112.7	42240000	-2.0489097e-08	59.773594	-0.002925987	-1.1975029	0.5212288	0.0016910806	0.0136	49.0	11872.583465337753
352	1597.3062	289.432	1920.05	1113.1	120.0	42360000	2.3283064e-09	65.792145	-0.0028476748	-1.9264371	0.5422534	0.0021916372	0.015816666	49.0	11906.492918491364
353	1543.475	379.9277	1870.4	578.75	120.0	42480000	9.313226e-10	68.53532	-0.0031344201	-1.14006	0.5191438	0.0022015877	0.017808333	49.0	11937.68982219696
354	1311.6375	492.01685	1852.1	373.55	120.0	42600000	1.8626451e-09	55.159824	-0.0030272175	-1.8003392	0.53749764	0.0017366793	0.01605	49.0	11969.513844490051
355	1485.3812	438.2866	1889.45	800.45	120.0	42720000	-3.7252903e-09	70.20737	-0.0030737335	-2.0506623	0.55388445	0.0027885842	0.019683335	49.0	12003.995698928833
356	1398.8625	351.58267	1894.1	780.2	120.0	42840000	1.1175871e-08	57.703808	-0.0029199603	-1.5119634	0.53263044	0.0017341634	0.015516667	49.0	12038.907978773117
357	1555.3063	195.22646	1828.25	1150.25	120.0	42960000	0.0	54.276108	-0.0032287668	-1.2264946	0.51608956	0.0019882077	0.01515	49.0	12074.165462255478
358	1475.2812	577.776	2085.75	104.29999	113.25	43080000	0.0	61.55719	-0.0031842133	-1.1751282	0.53450924	0.0019543052	0.017658334	49.0	12109.584157466888
359	1578.7374	395.28616	2012.9	845.55	115.75	43200000	-1.21071935e-08	60.318283	-0.0033049937	-1.2542846	0.55717707	0.0021454857	0.015891667	49.0	12141.927572011948
360	1646.15	200.09137	1846.4	1379.0	120.0	43320000	3.7252903e-09	46.060783	-0.0031320583	-1.0760128	0.55812293	0.0024185355	0.017333332	49.0	12177.416716814041
361	1711.1722	336.2477	2165.95	1102.5	112.0	43440000	3.7252903e-09	50.397297	-0.0033340391	-1.2423291	0.56701183	0.0025929883	0.019658335	49.0	12212.864458322525
362	1395.0167	451.5077	2085.1	689.3	113.77778	43560000	5.5879354e-09	61.896893	-0.0033939797	-1.7482007	0.5387661	0.0024563237	0.020958334	49.0	12246.039115905762
363	1646.6062	305.34247	1888.9	1052.1	120.0	43680000	3.7252903e-09	51.494644	-0.003446499	-0.9456482	0.54977345	0.002877674	0.017524999	49.0	12281.174625396729
364	1832.2834	224.59067	2130.6	1253.5	109.333336	43800000	-5.5879354e-09	46.149002	-0.0033921525	-1.6669838	0.5959968	0.0022988848	0.0145333335	49.0	12316.468382358551
365	1356.3063	475.95966	1858.95	406.05	120.0	43920000	1.4901161e-08	54.58529	-0.003148194	-5.4545894	0.5071503	0.0022326137	0.019825	49.0	12350.777868270874
366	1828.9563	170.07672	2170.1	1508.95	110.875	44040000	-8.381903e-09	42.316116	-0.0035186356	-4.1074142	0.6046666	0.0030667423	0.0219	49.0	12385.118431806564
367	1824.7688	49.23552	1893.4	1734.3	120.0	44160000	-1.3038516e-08	39.554577	-0.0034051202	-0.5718231	0.5861207	0.0025650756	0.019641668	49.0	12419.206148147583
368	1794.9102	347.98547	2174.6	986.5	97.3	44280000	-9.313226e-09	39.52877	-0.0035129178	-0.49343872	0.5865279	0.0023877146	0.0169	49.0	12454.310318231583
369	1765.135	349.60458	2178.75	1067.65	98.4	44400000	-4.656613e-09	35.799164	-0.003393123	-0.67911744	0.5792458	0.0021712515	0.01705	49.0	12486.702025175095
370	1787.1199	295.21622	2174.25	1117.6	105.4	44520000	-1.3038516e-08	36.264404	-0.0033641488	-0.39008594	0.5565676	0.002520273	0.016458333	49.0	12517.671593904495
371	1921.2041	207.5633	2178.8	1577.85	90.666664	44640000	2.514571e-08	40.928276	-0.003771533	-1.1396399	0.5840961	0.003134333	0.02025	49.0	12552.133330583572
372	1819.75	265.6238	2174.8	1190.1	105.111115	44760000	7.450581e-09	41.364075	-0.003460949	-0.40762377	0.5714444	0.002402998	0.017591666	49.0	12586.101984500885
373	1893.8125	137.90504	2118.15	1721.5	102.25	44880000	-6.0535967e-09	45.746338	-0.0035579926	-1.080529	0.60955983	0.0025347532	0.018566668	49.0	12622.449035644531
374	1932.6044	188.3637	2173.8	1599.4	94.0	45000000	-4.656613e-09	37.554073	-0.003368103	-0.9474714	0.59367716	0.0022555182	0.018058334	49.0	12657.59111237526
375	1724.8833	284.61295	2186.85	1304.3	106.888885	45120000	-3.7252903e-09	41.50578	-0.0036461602	-1.415261	0.5587036	0.0024442326	0.0194	49.0	12693.381957530975
376	1772.4773	399.3536	2176.05	739.95	93.63636	45240000	1.8626451e-09	50.277164	-0.0034004194	-0.6040344	0.53398496	0.002543733	0.015675	49.0	12728.345497846603
377	1858.4501	194.80386	2180.1	1521.65	103.666664	45360000	-1.1175871e-08	36.880756	-0.0037298964	-1.3383446	0.5956132	0.0025809363	0.018083334	49.0	12767.876306295395
378	1687.8889	308.91406	2180.0	1104.0	111.77778	45480000	1.8626451e-09	45.31966	-0.0032955802	-1.7579823	0.5307756	0.0024994002	0.019074999	49.0	12805.672202825546
379	1905.4875	132.88481	2150.75	1754.65	101.75	45600000	9.778887e-09	29.527798	-0.0037134166	-1.6253669	0.62456787	0.0027433364	0.019808333	49.0	12839.445490121841
380	1683.45	608.9379	2186.75	224.24998	95.8	45720000	3.7252903e-09	40.286488	-0.003493066	-2.0923328	0.5850587	0.002258759	0.018441666	49.0	12872.573758363724
381	1904.7001	195.85379	2181.6	1522.0	98.0	45840000	9.080395e-09	29.518673	-0.0037407298	-1.0507619	0.6285606	0.016807372	0.033041663	39.0	12909.549665689468
382	1811.6301	311.39227	2181.2	1190.5	98.2	45960000	-1.1175871e-08	31.315495	-0.0035687818	-0.47185516	0.6379489	0.0022691134	0.019433333	49.0	12944.8133456707
383	1967.1549	159.80585	2175.2	1809.3	91.8	46080000	-3.7252903e-09	35.18034	-0.0038508647	-0.558944	0.59621227	0.0028191125	0.025116667	49.0	12979.333098173141
384	1939.4799	169.64244	2179.95	1630.65	94.1	46200000	1.1641532e-08	39.141106	-0.0036717893	-0.79761267	0.59718937	0.0027470854	0.017825	49.0	13014.0533721447
385	1760.5388	218.94823	2170.0	1350.1	112.0	46320000	5.5879354e-09	33.51792	-0.0034369754	-1.5769107	0.58970994	0.0022751796	0.01715	49.0	13048.26095032692
386	2040.1654	148.1427	2187.85	1813.35	77.38461	46440000	1.1175871e-08	36.35167	-0.0035078486	-0.7526622	0.5725925	0.0023813648	0.017366666	49.0	13083.366307497025
387	1938.9563	150.85965	2166.85	1818.45	96.5	46560000	9.313226e-09	33.449165	-0.0036591622	-0.4909277	0.5679544	0.0023806582	0.018141666	49.0	13121.229560613632
388	1756.2611	492.96823	2182.8	689.89996	86.77778	46680000	0.0	37.448784	-0.0034746444	-1.5352972	0.5849191	0.0022351393	0.017083334	49.0	13154.484989881516
389	1740.55	501.82358	2178.05	423.85	96.4	46800000	-3.7252903e-09	35.495483	-0.0034818947	-0.6697099	0.5799361	0.0023295474	0.019266667	49.0	13186.719621658325
390	1942.7699	239.89813	2186.75	1558.05	83.9	46920000	1.8626451e-09	30.526817	-0.0036792958	-0.8961153	0.611181	0.002625827	0.0196	49.0	13219.983831882477
391	1958.47	179.53038	2183.7	1792.15	90.9	47040000	-7.450581e-09	26.858429	-0.0038788693	-0.6923382	0.6648637	0.0030445377	0.02355	49.0	13257.5977435112
392	1953.7279	159.88722	2177.45	1743.15	92.666664	47160000	0.0	32.00434	-0.003591755	-0.54117155	0.5860771	0.0022032107	0.018358333	49.0	13295.430770874023
393	1786.0667	391.28397	2185.55	1075.35	96.77778	47280000	-5.5879354e-09	37.831642	-0.0034085046	-1.4700329	0.57882565	0.002351656	0.01805	49.0	13331.47443652153
394	2055.059	152.88852	2181.6	1696.95	71.90909	47400000	-3.7252903e-09	38.18596	-0.0036304246	-1.6910901	0.58563817	0.003632045	0.019125	49.0	13366.861645460129
395	2020.4893	267.29837	2183.9	1166.65	69.85714	47520000	-1.8626451e-09	33.64634	-0.004486084	-0.5769112	0.60515296	0.008612601	0.02505	49.0	13402.556341409683
396	1781.5449	411.40958	2177.2	681.75	99.2	47640000	7.916242e-09	39.04696	-0.0035356598	-1.7860155	0.58075625	0.0019991533	0.015925001	49.0	13439.531559944153
397	1899.57	198.9761	2189.95	1610.9	97.7	47760000	4.656613e-10	31.87571	-0.0036870113	-0.4383459	0.589963	0.0027151615	0.020433333	49.0	13474.220563411713
398	1848.0272	425.11676	2188.45	791.0	86.72727	47880000	5.5879354e-09	40.9423	-0.0035255696	-1.2639978	0.54207355	0.0023430092	0.016833331	49.0	13507.574273109436
399	1988.4148	178.73042	2189.65	1792.55	84.7	48000000	1.8626451e-09	25.18412	-0.0040398547	-1.292258	0.684355	0.0035656954	0.025158335	49.0	13540.408983945847
400	1816.0221	226.56122	2177.85	1501.5	104.0	48120000	3.259629e-09	38.011024	-0.0035608346	-1.6448777	0.5697956	0.0027401512	0.019183334	49.0	13575.002969503403
401	1884.875	335.38522	2182.75	1215.9	83.25	48240000	-3.7252903e-09	33.286423	-0.0037205494	-1.34007	0.6185988	0.00244128	0.017441668	49.0	13610.267565250397
402	1872.427	386.40686	2183.8	956.75	81.76923	48360000	1.1175871e-08	37.159874	-0.0038371528	-0.7513974	0.5869819	0.0031995806	0.021891667	49.0	13645.331434488297
403	1958.5385	221.01419	2186.85	1509.65	85.30769	48480000	0.0	40.12862	-0.003826903	-0.9731667	0.576862	0.0029619941	0.019458333	49.0	13680.784978866577
404	2057.7136	147.9511	2183.0	1800.45	71.545456	48600000	0.0	36.2453	-0.0037254523	-0.6927798	0.59010583	0.002253371	0.0161	49.0	13715.859155654907
405	2013.3102	190.96881	2182.8	1687.05	77.5	48720000	2.7939677e-09	28.497152	-0.003974988	-0.42830658	0.6421448	0.010954566	0.026316667	49.0	13750.677458047867
406	1892.5625	149.7151	2175.5	1797.65	103.0	48840000	-1.6298145e-09	22.511917	-0.003920238	-0.3780942	0.69303197	0.0026859306	0.021108333	49.0	13784.482583999634
407	1792.2056	295.3228	2189.35	1136.5	103.55556	48960000	9.313226e-10	32.470154	-0.0039861165	-1.0697508	0.57764393	0.002337221	0.020100001	49.0	13817.385233402252
408	1820.4	401.15283	2188.95	784.4	92.1	49080000	5.5879354e-09	26.957996	-0.0037265727	-0.41146874	0.68462986	0.0027145476	0.020725	49.0	13848.870017766953
409	1985.3801	194.81796	2193.1	1728.05	83.4	49200000	-1.3038516e-08	24.932732	-0.004257394	-0.7821615	0.70082295	0.0033701996	0.026175	49.0	13884.82341003418
410	1990.3458	226.55962	2183.9	1499.55	78.333336	49320000	3.7252903e-09	27.660345	-0.003930551	-0.3038442	0.64662516	0.0030287511	0.022016667	49.0	13920.213737010956
411	1902.2937	163.06894	2184.4	1793.95	101.5	49440000	1.3504177e-08	22.236984	-0.0041890386	-0.3160212	0.75627047	0.0029661935	0.025791667	49.0	13955.788856506348
412	1950.1727	186.075	2177.55	1717.3	89.72727	49560000	3.7252903e-09	24.791286	-0.0037112662	-0.35727906	0.62376904	0.0029442078	0.022824999	49.0	13991.155902385712
413	1999.5	162.96614	2186.55	1799.55	85.888885	49680000	-9.313226e-10	28.817142	-0.0038373028	-0.32535362	0.6601577	0.0026564868	0.022791667	49.0	14027.121851921082
414	1911.2333	169.8825	2188.35	1680.85	98.333336	49800000	3.7252903e-09	25.855581	-0.0035676674	-0.3467927	0.5823187	0.0023794987	0.016983334	49.0	14061.468843221664
415	2003.8319	195.73785	2186.45	1603.5	78.454544	49920000	-1.8626451e-09	25.489943	-0.004049579	-0.29185367	0.636253	0.003029125	0.021833334	49.0	14094.911067008972
416	1975.7949	215.07285	2189.25	1556.25	81.4	50040000	8.381903e-09	24.89833	-0.00420192	-0.3579502	0.71045446	0.0028301037	0.021908334	49.0	14130.849302530289
417	2109.5266	167.0041	2184.1	1497.85	56.4	50160000	7.450581e-09	35.175365	-0.0038447387	-0.99301434	0.6255002	0.0026907807	0.019608334	49.0	14166.062586545944
418	2025.6909	159.35689	2189.45	1801.65	78.181816	50280000	1.3969839e-08	26.662567	-0.0038660897	-0.42736053	0.6439009	0.0027632047	0.019316666	49.0	14201.71438217163
419	2019.6364	162.80818	2185.1	1805.55	78.545456	50400000	-2.7939677e-09	24.961044	-0.0041477312	-0.29980588	0.61890566	0.0028175279	0.022149999	49.0	14236.038272857666
420	1987.8319	216.89452	2186.55	1555.5	80.545456	50520000	3.7252903e-09	28.211567	-0.003968096	-0.49014664	0.6201855	0.0030968408	0.022658333	49.0	14272.962195634842
421	2106.6626	124.8655	2188.45	1805.7	61.25	50640000	-1.8626451e-09	31.440529	-0.0039641494	-1.0621767	0.6038476	0.0028996791	0.021858335	49.0	14308.790841817856
422	1996.8458	306.91162	2188.45	1235.4	68.083336	50760000	-7.683411e-09	37.653656	-0.0038290538	-1.5153601	0.6265395	0.0028510897	0.020791667	49.0	14344.380487203598
423	2118.1313	164.09439	2194.5	1503.15	55.0625	50880000	3.7252903e-09	31.731472	-0.0038724463	-0.8970711	0.6173802	0.0026051118	0.019483333	49.0	14380.354314804077
424	1981.4651	227.65721	2189.25	1489.6	79.9	51000000	1.3969839e-09	29.706123	-0.0035404789	-0.78409696	0.6461558	0.002564139	0.018041667	49.0	14413.788609266281
425	2146.5532	104.687325	2199.25	1752.95	52.6875	51120000	-3.7252903e-09	31.350178	-0.003927456	-0.67306256	0.58116484	0.002947283	0.021466667	49.0	14448.34243607521
426	2079.8955	151.45293	2189.95	1798.6	66.09091	51240000	5.5879354e-09	23.37407	-0.0041485378	-0.39867878	0.6886288	0.00582875	0.022275	49.0	14482.470363616943
427	2071.4666	290.2354	2193.6	1036.25	58.066666	51360000	0.0	44.52371	-0.0037352752	-1.8598928	0.5521543	0.0025871242	0.019691668	49.0	14518.470724344254
428	2054.7227	156.72406	2190.55	1796.3	71.545456	51480000	-2.3283064e-09	25.24559	-0.004013946	-1.3296814	0.6743095	0.0030858186	0.0219	49.0	14553.408257961273
429	2071.5132	197.60966	2189.45	1488.5	64.066666	51600000	-9.313226e-10	37.031624	-0.0037532207	-0.5773456	0.5700116	0.002596714	0.018658333	49.0	14591.585216760635
430	2064.9614	164.12544	2188.95	1799.9	70.23077	51720000	6.519258e-09	25.314047	-0.0041331816	-0.44831347	0.64214337	0.003219591	0.022716668	49.0	14627.89857172966
431	2055.0178	267.76834	2195.1	1213.55	62.857143	51840000	6.519258e-09	31.017624	-0.0038827616	-0.9728329	0.6332364	0.0030409542	0.020858334	49.0	14666.516736745834
432	2054.5107	240.24176	2195.3	1354.9	64.21429	51960000	1.4901161e-08	29.140636	-0.003678476	-0.50638723	0.6249163	0.0023774095	0.018408334	49.0	14702.333539009094
433	2108.8833	130.39018	2194.8	1803.5	61.0	52080000	4.656613e-09	27.159565	-0.003786107	-0.5443039	0.62135303	0.0031132116	0.018008333	49.0	14736.441791296005
434	2103.0193	133.34448	2198.95	1805.4	62.076923	52200000	-1.3969839e-09	26.236675	-0.0037435463	-0.35920048	0.6172288	0.002664647	0.018291667	49.0	14772.134607553482
435	2073.2407	170.51642	2194.1	1792.0	67.181816	52320000	-2.3283064e-09	23.309996	-0.004036567	-0.40452147	0.6859654	0.0027298778	0.022491667	49.0	14807.073852539062
436	2100.5535	154.81694	2195.8	1801.8	62.142857	52440000	-4.656613e-10	25.633495	-0.0040480415	-0.4357574	0.656878	0.0026576663	0.022091666	49.0	14846.223482847214
437	2019.5958	268.9404	2193.8	1312.5	69.916664	52560000	-3.7252903e-09	27.345337	-0.0041122036	-1.333025	0.648381	0.0026596093	0.021466667	49.0	14882.073867797852
438	2130.4248	154.39235	2193.8	1652.6	54.4375	52680000	1.8626451e-09	29.89795	-0.0034853648	-0.5898557	0.53181684	0.0019795867	0.01445	49.0	14921.841972112656
439	2018.7999	276.44736	2199.75	1280.8	68.69231	52800000	-8.381903e-09	27.240725	-0.0037740574	-0.74496675	0.5898994	0.0026563099	0.019233335	49.0	14957.519805431366
440	2120.0308	123.744965	2194.5	1803.4	59.923077	52920000	5.5879354e-09	28.484203	-0.003927121	-0.6953387	0.6534983	0.002852464	0.02035	49.0	14992.741300106049
441	2120.0881	144.63393	2196.1	1802.75	58.411766	53040000	-1.8626451e-08	28.272882	-0.0037577932	-0.5866115	0.5707669	0.0025346691	0.019025	49.0	15027.875290870667
442	2081.4749	164.39212	2198.85	1800.8	66.083336	53160000	5.5879354e-09	23.909271	-0.0042642457	-0.3465507	0.64991736	0.002724062	0.020641666	49.0	15060.736492156982
443	2140.0874	126.902794	2195.0	1803.5	54.5	53280000	-1.3969839e-08	31.379791	-0.0040724147	-0.5048146	0.5874255	0.002929878	0.019483333	49.0	15096.441787958145
444	2136.103	119.89455	2199.35	1817.45	55.705883	53400000	8.8475645e-09	27.55487	-0.0039491663	-0.5317328	0.5525577	0.0024462764	0.019866666	49.0	15129.54477763176
445	2036.25	217.81456	2195.1	1518.4	71.07692	53520000	8.381903e-09	32.276867	-0.004042981	-1.0746176	0.6174623	0.002613274	0.021883333	49.0	15166.33132982254
446	2124.5034	154.82568	2200.25	1675.75	56.133335	53640000	3.7252903e-09	35.771507	-0.0035202326	-0.61570096	0.57169443	0.0023697962	0.017391667	49.0	15204.70165681839
447	2046.0	184.63986	2194.4	1734.3	73.76923	53760000	-9.313226e-10	32.176018	-0.003713346	-0.7026303	0.5664665	0.0026318387	0.018258333	49.0	15240.597762584686
448	2115.2727	145.10754	2195.0	1806.2	59.454544	53880000	-1.8626451e-09	24.506676	-0.003829921	-0.3338201	0.64449596	0.0027471422	0.02005	49.0	15278.407274007797
449	2188.8708	7.041257	2196.2	2162.3	45.105263	54000000	1.8626451e-09	29.30494	-0.003605759	-1.0414445	0.53066605	0.0023491092	0.014066666	49.0	15314.463923692703
450	1853.0188	117.55605	2163.6	1802.1	111.25	54120000	-8.8475645e-09	21.13598	-0.0035939293	-1.8715637	0.68058074	0.002457969	0.016224999	49.0	15353.601791620255
451	2088.35	271.67218	2200.75	1177.1	55.857143	54240000	-3.7252903e-09	39.722183	-0.0031193295	-1.1954374	0.5865444	0.0021812732	0.015558334	49.0	15390.10448384285
452	2140.8115	123.835335	2194.8	1800.9	54.35294	54360000	-5.5879354e-09	30.293056	-0.0033291148	-0.8032973	0.5731023	0.0025148273	0.01545	49.0	15423.648207902908
453	1997.2578	342.7452	2198.35	948.75	69.46154	54480000	3.7252903e-09	27.908619	-0.003294798	-1.2224166	0.5716893	0.0023375812	0.017908335	49.0	15459.58318901062
454	2166.2441	89.82658	2195.7	1808.05	49.411766	54600000	-7.450581e-09	27.140408	-0.003367367	-0.8668964	0.54552424	0.002805128	0.0156166665	49.0	15495.882863759995
455	2047.6273	177.48181	2195.6	1809.15	73.36364	54720000	0.0	23.802975	-0.0031060227	-1.1112187	0.59903264	0.0021455772	0.014025001	49.0	15532.713385105133
456	2165.3235	90.11224	2199.45	1807.15	49.588234	54840000	0.0	27.377504	-0.0031809479	-1.0161083	0.55898184	0.0022491524	0.01355	49.0	15570.404710531235
457	2174.3801	44.312	2198.65	2015.55	48.266666	54960000	0.0	30.122992	-0.0033748734	-0.3474915	0.5672538	0.0024996852	0.015633333	49.0	15606.829696655273
458	2036.1	216.90762	2199.6	1649.35	71.28571	55080000	-2.7939677e-09	27.516785	-0.0032239556	-1.7584765	0.535274	0.0020210096	0.015491666	49.0	15642.751132965088
459	1831.3956	353.4537	2194.7	997.15	93.09091	55200000	9.313226e-09	26.730778	-0.0032983653	-1.2514583	0.5797453	0.0021151756	0.016291667	49.0	15677.767379760742
460	2012.3876	183.33186	2200.75	1806.4	82.0	55320000	6.519258e-09	31.602232	-0.0033589418	-1.2071149	0.5805447	0.0019981025	0.014933333	49.0	15711.141191720963
461	2096.8	163.64842	2195.0	1808.9	63.5	55440000	6.0535967e-09	23.939522	-0.0034294687	-0.36895537	0.54471254	0.002349829	0.0156	49.0	15744.000519037247
462	2026.6693	282.8789	2194.5	1191.15	69.0	55560000	7.450581e-09	26.358309	-0.0034305984	-0.60843086	0.5532906	0.0023551509	0.018641666	49.0	15777.127773046494
463	1962.3077	233.15843	2200.85	1453.8	85.0	55680000	7.450581e-09	26.851147	-0.0034858286	-0.6052263	0.5335288	0.002123131	0.017533332	49.0	15815.924137353897
464	2057.9177	233.39943	2199.25	1376.5	66.71429	55800000	-3.7252903e-09	28.67143	-0.00343555	-0.57689214	0.52593523	0.002388191	0.017633334	49.0	15852.267562150955
465	1883.9318	298.82785	2194.5	1129.85	92.818184	55920000	9.313226e-10	27.065159	-0.003391561	-0.74080753	0.53785217	0.0027710698	0.018733334	49.0	15888.927501678467
466	1951.3334	208.78467	2200.35	1692.1	88.333336	56040000	1.3038516e-08	31.470627	-0.003291585	-0.6420367	0.52954245	0.0024013887	0.016616667	49.0	15925.599233865738
467	1979.8464	340.63394	2194.7	1001.14996	72.0	56160000	-1.8626451e-09	38.00277	-0.0030814093	-1.3383653	0.49635872	0.0016851237	0.014333333	49.0	15958.4428627491
468	2073.4692	231.16129	2196.7	1421.55	62.153847	56280000	1.1175871e-08	25.020868	-0.0033437056	-0.5080054	0.53275156	0.0020236552	0.015591667	49.0	15994.262333154678
469	1913.0801	231.83165	2194.8	1425.65	93.9	56400000	1.8626451e-09	30.204145	-0.0033524865	-0.705148	0.579299	0.0029487761	0.016466666	49.0	16032.549658298492
470	2050.5464	180.96606	2196.2	1804.8	73.38461	56520000	-8.381903e-09	23.330757	-0.0033334163	-0.46843982	0.57108474	0.002343901	0.014425	49.0	16066.800033330917
471	2010.1051	183.34122	2200.25	1810.85	82.2	56640000	-3.7252903e-09	24.777306	-0.0033472772	-0.29820538	0.5985148	0.0024962616	0.0148083335	49.0	16101.60422539711
472	2035.0123	337.32062	2200.65	1003.39996	63.333332	56760000	1.8626451e-08	27.331821	-0.0035479167	-0.70994663	0.54061806	0.0025493654	0.018308334	49.0	16137.30634522438
473	1881.585	156.06635	2194.2	1765.05	104.9	56880000	-4.1909516e-09	20.515026	-0.003515625	-0.45790434	0.59149146	0.0024914676	0.017749999	49.0	16176.545461893082
474	2069.5	163.92155	2195.8	1808.4	69.181816	57000000	-1.1175871e-08	23.28777	-0.0036037755	-0.626951	0.5909953	0.002753559	0.017266668	49.0	16213.811350345612
475	1935.675	212.03996	2190.4	1566.9	90.7	57120000	5.5879354e-09	22.401703	-0.003539923	-0.6728399	0.56042683	0.00228297	0.016658332	49.0	16244.897045850754
476	2079.0818	167.88414	2201.05	1807.65	66.90909	57240000	-1.0244548e-08	22.833195	-0.0039194655	-0.47930098	0.56910783	0.0058106035	0.019516665	49.0	16276.5374417305
477	2082.6738	226.68585	2200.35	1448.5	60.42105	57360000	7.450581e-09	29.32811	-0.0030654124	-0.88035226	0.47017926	0.0020811036	0.013133333	49.0	16310.351349115372
478	1980.2319	203.36333	2194.8	1609.1	83.454544	57480000	-4.656613e-10	24.982433	-0.0037669963	-0.70885134	0.57897294	0.0023572743	0.016358333	49.0	16348.40072798729
479	2015.6731	340.0361	2195.4	1139.5	62.76923	57600000	-5.5879354e-09	27.352486	-0.0035840324	-0.7927506	0.5450897	0.0022866596	0.018175	49.0	16383.720912694931
480	2097.4001	177.789	2205.1	1721.7	61.53846	57720000	1.1175871e-08	29.725502	-0.0035882674	-0.7539606	0.55725586	0.0026541972	0.016216666	49.0	16419.606081724167
481	2138.4321	126.45413	2196.3	1787.95	54.64706	57840000	-1.3969839e-08	26.255716	-0.0034260978	-0.78752995	0.49603975	0.0022678003	0.016891666	49.0	16455.719514608383
482	2065.329	182.16037	2201.45	1802.35	69.416664	57960000	-1.0244548e-08	22.390194	-0.0038517278	-0.42072964	0.56866276	0.002521284	0.018116668	49.0	16492.27382683754
483	2120.2832	140.38734	2199.75	1814.0	59.0	58080000	-1.1641532e-08	23.049046	-0.0034846116	-0.21686363	0.54154456	0.0022877103	0.017500002	49.0	16529.000694036484
484	2006.5657	459.34222	2206.3	323.4	62.8125	58200000	-1.8626451e-09	35.058914	-0.0032456997	-1.7983646	0.49428967	0.0021857892	0.016816668	49.0	16564.766842365265
485	2116.8035	152.79951	2196.3	1808.9	59.4	58320000	1.3038516e-08	25.542345	-0.0037413528	-1.0556281	0.48498574	0.0027754446	0.0194	49.0	16598.719477891922
486	2163.5334	95.43403	2201.15	1811.35	50.066666	58440000	1.21071935e-08	29.935352	-0.0036678766	-0.37701488	0.49808225	0.0026701326	0.01995	49.0	16631.108217716217
487	2114.4766	149.82893	2195.9	1802.35	60.066666	58560000	3.7252903e-09	25.552586	-0.0037838663	-0.39684844	0.4926427	0.0026261183	0.019158334	49.0	16670.321662902832
488	2113.73	150.3745	2199.55	1804.8	60.066666	58680000	9.313226e-09	23.348364	-0.0037121747	-0.26536798	0.5206398	0.002851904	0.017241668	49.0	16707.524724960327
489	2094.9285	175.53918	2201.05	1676.65	61.92857	58800000	-9.546056e-09	23.548508	-0.0037989335	-0.3694136	0.5427642	0.0028146305	0.020291667	49.0	16745.08196258545
490	2111.0457	275.7225	2199.95	1196.65	50.333332	58920000	7.450581e-09	24.774288	-0.0035958793	-0.8027525	0.5042622	0.0022420646	0.015825	49.0	16782.424961090088
491	2164.8022	86.224365	2200.95	1820.85	50.05	59040000	1.1175871e-08	29.797009	-0.003647554	-1.2829514	0.44543713	0.002251781	0.016199999	49.0	16818.752475976944
492	2057.8462	347.863	2200.35	946.5	55.923077	59160000	1.1175871e-08	34.269806	-0.0034341014	-1.9127753	0.501251	0.0019889148	0.01565	49.0	16857.024297237396
493	2060.3933	175.2881	2199.55	1704.0	71.73333	59280000	-1.6530976e-08	46.144386	-0.0033582586	-1.6161344	0.45467833	0.0024938295	0.016575001	49.0	16894.062096357346
494	2110.5264	250.27708	2200.85	1178.3	53.17647	59400000	1.3038516e-08	34.4485	-0.003396377	-0.7847698	0.46310264	0.0023116907	0.0174	49.0	16931.383308172226
495	2144.3435	105.602005	2201.2	1813.25	54.266666	59520000	-2.142042e-08	29.038485	-0.0037454576	-0.5186274	0.48801577	0.006470999	0.01895	49.0	16966.915623426437
496	2021.93	340.9695	2198.85	920.0	64.6	59640000	1.6763806e-08	32.12789	-0.0034456977	-1.9685926	0.49099332	0.0024927533	0.017258333	49.0	16999.816727638245
497	2169.0598	94.831436	2196.2	1814.25	49.066666	59760000	1.4901161e-08	25.8746	-0.0035216017	-1.0905612	0.50963354	0.0025480539	0.015633333	49.0	17033.237411260605
498	2083.8928	165.69685	2200.55	1805.3	66.64286	59880000	9.313226e-10	23.837212	-0.0037348852	-0.3733362	0.5295486	0.0023868836	0.016725	49.0	17072.04899430275
499	2168.0789	85.88383	2200.25	1807.6	49.105263	60000000	9.778887e-09	26.01634	-0.0035967946	-0.6875384	0.46638113	0.0023720432	0.017125	49.0	17109.311345100403
