Episode	TestRet	TestSteps	AverageEpRet	StdEpRet	MaxEpRet	MinEpRet	EpLen	Time
50	-177.55000390410424	100.0	-159.225	7.655712	-139.75	-173.05	100.0	3 min 38 sec
100	-146.89500233829023	100.0	-144.843	5.931923	-129.95	-163.90001	100.0	8 min 24 sec
150	-141.8600028205663	100.0	-146.286	27.697006	-96.950005	-289.75	100.0	13 min 8 sec
200	-133.5150035135448	100.0	-151.02301	56.3425	-76.100006	-387.75	100.0	17 min 47 sec
250	-152.86000315658748	100.0	-131.31	28.894556	-48.9	-233.45001	100.0	22 min 26 sec
300	-172.84000412374735	100.0	-145.41301	55.97139	-20.550003	-388.55002	100.0	27 min 13 sec
350	-188.33000477589667	100.0	-127.751	31.895061	-50.150005	-205.8	100.0	31 min 53 sec
400	-211.66500590480865	100.0	-125.86801	29.951542	-24.200003	-182.3	100.0	36 min 32 sec
450	-343.44001264199613	100.0	-122.522995	23.181053	-65.700005	-166.05	100.0	41 min 11 sec
500	-158.16000502221286	100.0	-110.84801	49.244915	36.699997	-246.95001	100.0	45 min 45 sec
550	-230.15000751912595	100.0	-103.182	63.79496	115.85	-324.40002	100.0	50 min 20 sec
600	-170.13500458449124	100.0	-82.27	38.78809	15.699996	-149.7	100.0	54 min 56 sec
650	-164.46000488996506	100.0	-75.421005	55.07518	90.75	-150.2	100.0	59 min 31 sec
700	-155.80000608488916	100.0	-49.113	69.998085	157.5	-145.05	100.0	1 h 4 min
750	-112.29500459432602	100.0	-39.913006	62.715534	133.45	-134.05	100.0	1 h 8 min
800	-101.05000483840703	100.0	-21.515003	62.612705	159.3	-105.4	100.0	1 h 13 min
850	-133.08000440374016	100.0	11.3569975	82.31726	210.95	-111.100006	100.0	1 h 18 min
900	-12.020003408193588	100.0	44.459995	97.1156	241.09999	-94.950005	100.0	1 h 23 min
950	21.189996399357916	100.0	68.15	93.62141	270.65	-105.55	99.88	1 h 27 min
1000	-108.70000384561718	100.0	65.293	114.97878	245.5	-110.0	100.0	1 h 32 min
1050	72.24999603256583	98.2	51.163	87.800354	224.09999	-93.00001	100.0	1 h 37 min
1100	59.09999619834125	100.0	74.623	109.28241	250.75	-120.15	100.0	1 h 42 min
1150	-46.02000436335802	100.0	102.48299	114.46167	322.15	-122.700005	98.42	1 h 46 min
1200	67.10999601520598	100.0	107.473	118.064835	306.6	-117.200005	97.58	1 h 51 min
1250	137.19999635368586	98.8	124.268	103.69531	327.55	-59.7	97.18	1 h 56 min
1300	33.90999386422336	100.0	114.43199	115.13906	263.44998	-130.05	99.52	2 h 0 min
1350	238.2099965441972	92.0	146.65399	105.189476	334.35	-48.7	95.9	2 h 5 min
1400	157.61999627016485	100.0	168.73398	108.610916	306.35	-80.850006	95.48	2 h 10 min
1450	100.58499611541629	100.0	142.13199	118.373314	319.25	-103.1	96.26	2 h 14 min
1500	160.48499561287463	87.8	156.522	107.16156	320.0	-103.3	97.2	2 h 19 min
1550	125.95999493412674	93.6	175.753	96.65467	323.35	-55.15	95.6	2 h 23 min
1600	136.98999488130212	98.5	142.72899	118.37747	307.35	-138.05	96.66	2 h 28 min
1650	96.78999641127885	96.3	149.63399	116.918526	311.3	-77.5	95.74	2 h 33 min
1700	198.5999972321093	91.9	140.93	112.993576	321.05	-84.350006	95.18	2 h 37 min
1750	46.58499387316406	100.0	136.966	113.184044	329.25	-61.600002	96.3	2 h 42 min
1800	80.27499542199075	100.0	139.069	107.57111	328.2	-97.600006	97.96	2 h 47 min
1850	202.4549960885197	100.0	149.65802	106.32725	326.5	-53.750004	97.22	2 h 51 min
1900	69.99999490752816	100.0	174.24	89.66482	321.9	-71.15	97.42	2 h 56 min
1950	22.08499690517783	100.0	185.16202	79.43576	312.65	-41.350002	96.18	3 h 1 min
2000	39.8249965775758	100.0	138.812	107.95285	326.45	-115.6	98.0	3 h 5 min
2050	108.92999622672797	99.4	184.425	92.33636	300.3	-106.1	97.72	3 h 10 min
2100	222.47499622628092	93.3	155.341	107.12134	302.4	-64.100006	96.0	3 h 14 min
2150	143.18499657735228	96.4	168.27	98.29262	302.55	-111.950005	96.68	3 h 19 min
2200	128.61499608904123	94.8	142.868	120.7481	309.4	-101.600006	97.1	3 h 24 min
2250	200.9949969869107	100.0	147.72699	110.782364	327.55	-99.950005	96.0	3 h 28 min
2300	144.8799967225641	100.0	165.725	95.04736	300.1	-131.75	98.88	3 h 33 min
2350	130.1499951671809	100.0	129.403	107.18108	289.95	-97.35	98.44	3 h 37 min
2400	159.55499583184718	100.0	161.289	101.94328	316.35	-63.9	97.98	3 h 42 min
2450	97.07499691657722	100.0	127.94199	115.476166	301.95	-113.1	98.82	3 h 47 min
2500	203.6999975580722	94.6	174.55699	89.86592	303.45	-65.85	99.1	3 h 51 min
2550	89.25999680571257	100.0	183.331	75.40305	328.5	-109.9	97.82	3 h 56 min
2600	140.5199956983328	94.8	150.571	105.1407	321.25	-77.4	97.14	4 h 1 min
2650	201.4149964455515	100.0	140.35101	104.7332	305.55	-139.55	99.28	4 h 6 min
2700	181.2499964799732	100.0	173.68799	86.67312	279.95	-94.5	98.64	4 h 10 min
2750	166.16999609060585	96.8	166.20401	99.388885	287.95	-121.4	98.38	4 h 15 min
2800	234.2649970829487	88.9	184.303	73.39249	314.4	-90.5	97.74	4 h 20 min
2850	159.92999556176363	97.6	152.633	103.28772	272.05	-99.600006	99.1	4 h 24 min
2900	168.97999657802285	95.6	167.498	98.8563	276.95	-65.65	98.0	4 h 29 min
2950	138.7749962091446	93.4	178.246	94.92804	303.45	-69.950005	96.86	4 h 34 min
3000	145.8049972694367	93.4	193.82	83.39393	322.55	-102.3	96.44	4 h 38 min
3050	251.35999689623713	92.5	197.975	66.71197	288.35	36.649998	98.52	4 h 43 min
3100	186.15999603047968	98.2	186.42499	78.282295	286.8	-40.65	97.84	4 h 48 min
3150	157.28999687992035	100.0	174.852	91.43741	258.65	-52.300003	99.68	4 h 52 min
3200	231.67999705709516	93.1	183.73499	76.61914	290.55	-34.250004	98.2	4 h 57 min
3250	101.64499452859164	100.0	168.73398	100.709045	320.1	-122.25	97.5	5 h 2 min
3300	132.18999713659286	100.0	203.50099	62.09931	304.95	22.949997	97.7	5 h 6 min
3350	193.97999620363117	96.4	195.92801	81.040764	320.25	-138.1	97.16	5 h 11 min
3400	169.47499709911645	100.0	183.514	89.27362	300.55	-49.65	97.48	5 h 16 min
3450	222.58999682068824	92.6	201.37898	87.28389	324.05	-86.5	94.76	5 h 20 min
3500	219.47499660402536	96.4	165.365	94.59234	289.05	-75.9	97.04	5 h 25 min
3550	127.88999611213804	95.8	181.69398	98.8045	319.05	-78.200005	95.6	5 h 29 min
3600	211.71999608278276	93.7	192.62003	88.551834	315.35	-65.3	94.86	5 h 34 min
3650	207.24499688856304	88.9	203.60002	91.77427	329.55	-34.000004	92.9	5 h 38 min
3700	233.44999664947392	100.0	197.92099	112.38525	327.2	-132.90001	93.94	5 h 43 min
3750	199.34499576613308	100.0	175.688	101.60136	295.3	-139.15001	96.58	5 h 47 min
3800	228.89999625235797	90.1	198.03699	72.71206	313.65	7.9499974	95.46	5 h 52 min
3850	248.9099974423647	90.0	173.81898	105.66194	307.8	-113.600006	96.38	5 h 57 min
3900	210.36499738022684	97.9	215.88902	80.46779	346.35	-41.100002	93.38	6 h 1 min
3950	221.29999582841992	92.8	186.95601	95.13856	330.15	-83.1	96.64	6 h 6 min
4000	226.21499632559716	94.3	220.05	80.65003	332.2	-6.600002	91.46	6 h 10 min
4050	211.56999681182205	91.0	209.67699	69.952484	303.9	9.699998	94.8	6 h 15 min
4100	155.86999579109252	89.2	196.21	102.90445	323.55	-144.2	93.08	6 h 19 min
4150	228.5949969008565	97.8	199.98	81.4721	306.05	-120.25	95.66	6 h 24 min
4200	228.20499618910253	89.5	209.267	87.83287	332.05	-66.65	90.62	6 h 28 min
4250	250.46999680735172	89.2	185.79701	114.325554	325.1	-112.55	91.58	6 h 32 min
4300	251.86499731242657	90.4	193.37	85.14826	338.15	-71.600006	96.26	6 h 37 min
4350	190.55999588742853	100.0	210.09698	96.65943	317.6	-81.950005	91.64	6 h 42 min
4400	230.794996971637	91.8	191.56898	106.09666	318.75	-119.4	93.74	6 h 46 min
4450	180.11499475762247	99.7	193.453	102.64734	333.1	-102.25	90.34	6 h 51 min
4500	260.77499698102474	78.7	220.38498	68.67872	329.85	-62.750004	93.84	6 h 55 min
4550	233.65999666452407	86.8	158.846	117.48923	329.4	-81.9	94.68	6 h 59 min
4600	130.93999645933508	100.0	197.20401	96.50656	315.0	-61.65	93.42	7 h 4 min
4650	206.1099958881736	89.8	200.047	92.20701	298.85	-55.550003	95.96	7 h 9 min
4700	246.56999636776746	88.0	219.224	73.96198	318.7	-41.65	91.3	7 h 13 min
4750	248.40999606475233	79.8	219.61197	80.08249	324.75	-25.300001	90.76	7 h 17 min
4800	235.30499637797476	92.2	192.07	93.4879	326.05	-118.15	94.94	7 h 22 min
4850	213.64999712109565	92.0	206.16203	92.58769	325.3	-127.65	93.7	7 h 26 min
4900	253.9549967918545	79.7	203.824	88.301445	320.3	-74.450005	92.7	7 h 31 min
4950	247.77499669231474	91.3	183.42699	107.90267	314.3	-113.450005	94.1	7 h 35 min
5000	260.71499767266215	87.3	188.47998	101.25247	319.1	-80.15	95.6	7 h 40 min
5050	248.4449965391308	90.9	211.66098	86.29745	329.1	-91.55	93.66	7 h 44 min
5100	244.67499663308263	91.0	224.90898	77.13611	322.4	-24.050001	89.5	7 h 49 min
5150	190.32499665431678	95.5	233.72202	71.24948	335.05	14.799997	90.64	7 h 53 min
5200	195.7949959166348	86.5	225.65298	74.426186	337.2	-21.300003	91.82	7 h 58 min
5250	286.23999768570064	72.4	198.122	105.02597	318.9	-124.8	92.7	8 h 2 min
5300	259.9249970085919	86.9	210.18901	79.41436	339.0	-37.100002	92.34	8 h 7 min
5350	243.8299970049411	99.6	221.88	67.26987	329.0	-13.700003	93.52	8 h 11 min
5400	265.4499973848462	88.5	199.142	89.92236	305.65	-97.75	93.66	8 h 16 min
5450	199.80499644055962	98.5	209.17699	78.13733	318.65	-114.4	95.84	8 h 20 min
5500	255.41999739408493	89.2	226.33301	88.09749	319.35	-116.5	90.7	8 h 25 min
5550	274.38499757163225	80.3	206.86601	89.01731	321.45	1.0999976	90.72	8 h 29 min
5600	242.94499670080842	91.9	196.85799	96.7276	309.45	-110.75	94.78	8 h 34 min
5650	258.18999675288796	79.3	190.68701	97.64041	330.25	-75.9	92.36	8 h 38 min
5700	137.40499720461668	100.0	218.547	70.36116	315.4	-18.450003	94.68	8 h 43 min
5750	285.1499973747879	72.4	211.15599	89.45832	325.85	-134.90001	92.1	8 h 47 min
5800	214.81499550007283	88.3	211.79999	95.556854	324.45	-99.700005	89.28	8 h 51 min
5850	240.89999636486172	94.0	196.17598	100.823326	319.25	-89.0	92.68	8 h 56 min
5900	277.3749972920865	78.5	206.86497	85.83947	325.7	-94.950005	93.02	9 h 0 min
5950	250.42999700829387	92.2	214.66699	91.260666	325.1	-129.90001	92.66	9 h 5 min
6000	264.8349971078336	83.5	219.79901	83.02548	329.8	-106.85	91.62	9 h 9 min
6050	244.87499650120736	81.5	197.09601	92.90896	323.9	-128.90001	96.14	9 h 14 min
6100	247.21999705135823	95.6	210.80798	85.63982	332.0	-123.6	95.02	9 h 18 min
6150	231.84999621361493	93.4	188.34799	108.09649	318.35	-108.350006	93.98	9 h 23 min
6200	271.62499709315597	78.3	204.387	72.616974	304.05	-10.9000025	96.28	9 h 28 min
6250	246.55999656505884	89.8	230.67499	63.74721	308.4	49.249996	90.38	9 h 32 min
6300	256.969997369498	94.6	189.54701	101.17915	329.6	-38.200005	92.5	9 h 37 min
6350	264.68499718792737	79.2	201.03899	85.19987	318.7	-105.600006	94.54	9 h 41 min
6400	262.77999704666433	76.6	195.22601	87.801674	331.4	-108.5	93.92	9 h 45 min
6450	281.08499747775494	77.1	232.26599	45.656742	320.15	42.199997	95.06	9 h 50 min
6500	221.09999649710954	87.4	223.379	69.7139	318.65	-131.2	94.86	9 h 54 min
6550	214.63499544411897	87.1	191.61801	91.750435	306.9	-108.0	95.8	9 h 59 min
6600	219.27499730959534	100.0	220.28	79.02904	337.5	-40.600002	92.76	10 h 4 min
6650	228.53999651037157	89.8	202.64496	80.97922	329.25	-30.800001	94.14	10 h 8 min
6700	258.8749970674515	81.1	221.58798	52.247337	315.9	10.999997	95.0	10 h 13 min
6750	280.81999788656833	78.8	226.55202	83.86059	323.6	-109.65	89.8	10 h 17 min
6800	262.6449973419309	86.5	210.566	87.744865	332.55	-31.400002	92.68	10 h 21 min
6850	255.66999666802585	86.4	221.116	65.963524	322.6	-8.550002	94.66	10 h 26 min
6900	247.6949969712645	87.7	194.899	99.36324	320.2	-110.200005	94.4	10 h 31 min
6950	234.13499692305922	100.0	206.464	87.86807	320.8	-95.85	93.6	10 h 35 min
7000	243.87499715052545	94.9	211.166	69.08865	314.45	-89.25	96.94	10 h 40 min
7050	253.39499710649253	85.3	208.673	80.42022	319.45	-45.95	94.62	10 h 44 min
7100	257.04999741241335	97.0	219.072	82.1345	327.85	-68.4	89.8	10 h 49 min
7150	210.01499715186657	100.0	203.72498	81.069855	322.05	-88.700005	94.12	10 h 53 min
7200	183.61499609462916	91.4	191.31099	107.87958	318.25	-88.950005	93.3	10 h 58 min
7250	248.79999701268972	89.8	220.01299	80.23497	321.9	-69.8	92.3	11 h 2 min
7300	261.21499728038907	87.1	208.203	90.75638	322.8	-95.350006	94.2	11 h 7 min
7350	233.98999665006994	95.4	179.575	113.388824	327.75	-126.65	96.8	11 h 12 min
7400	186.20999622680247	100.0	213.40898	79.28247	335.85	16.549997	90.94	11 h 16 min
7450	244.00499666258693	86.5	208.50598	87.57539	317.25	-109.1	92.98	11 h 21 min
7500	245.9549969483167	93.1	209.816	97.38485	328.15	-64.65	91.46	11 h 25 min
7550	249.02999653853476	84.0	210.79498	95.632835	335.0	-98.700005	89.3	11 h 29 min
7600	238.0649968288839	92.4	212.55801	72.24509	326.4	-6.150002	94.96	11 h 34 min
7650	211.4749953851104	87.1	198.63	89.31558	322.9	-99.9	92.52	11 h 38 min
7700	222.1149960875511	92.5	211.47403	88.201256	320.35	-94.05	94.86	11 h 43 min
7750	202.44499657526612	85.3	228.242	50.59511	317.7	59.199997	94.62	11 h 48 min
7800	193.32999463900924	89.8	195.17001	89.04514	315.3	-87.05	96.92	11 h 52 min
7850	261.3499970596284	81.7	201.745	95.39883	337.7	-116.25	95.06	11 h 57 min
7900	235.14499649703504	78.1	201.78502	107.6469	330.5	-132.85	91.54	12 h 1 min
7950	266.5999974757433	86.2	198.27301	98.73261	330.25	-148.8	92.76	12 h 5 min
8000	271.46499767526984	84.1	218.44798	88.99575	334.25	-128.6	92.98	12 h 10 min
8050	245.06499675251544	91.5	209.971	81.808876	321.75	-39.700005	92.72	12 h 14 min
8100	247.534997016564	91.9	197.46298	92.47034	323.75	-56.9	94.88	12 h 19 min
8150	217.009996175766	91.0	218.62398	67.69989	342.4	-5.0000014	93.12	12 h 24 min
8200	248.9449968419969	86.5	208.1	80.82196	307.35	-33.250004	96.88	12 h 28 min
8250	230.2399961717427	96.4	193.224	74.8649	320.8	-31.000002	97.74	12 h 33 min
8300	229.83999692350625	100.0	189.29999	88.6731	326.75	-100.450005	95.78	12 h 37 min
8350	233.41499627269803	93.7	178.75601	95.6926	311.65	-156.1	98.2	12 h 42 min
8400	173.18999627791345	100.0	198.006	96.66643	330.5	-100.700005	93.96	12 h 47 min
8450	227.00499641038476	98.9	189.74101	88.72023	323.15	-117.15	96.2	12 h 51 min
8500	244.03499663583935	88.9	200.75	78.3262	331.3	-25.100002	92.8	12 h 56 min
8550	259.83499721176923	85.3	186.607	88.71433	325.0	-66.600006	95.3	13 h 0 min
8600	242.84499627687038	86.5	197.09898	86.39466	320.2	-48.700005	94.52	13 h 5 min
8650	249.51999667286873	81.8	190.37401	93.03819	322.0	-65.8	95.22	13 h 9 min
8700	238.14499638304113	88.0	219.904	62.372738	333.75	-51.100002	94.64	13 h 14 min
8750	272.7699975989759	76.8	202.32301	101.44048	328.0	-147.45	94.04	13 h 18 min
8800	185.24999628067016	86.2	217.05101	74.38758	323.65	-33.5	95.26	13 h 23 min
8850	191.96499478407205	100.0	178.392	106.805824	331.7	-121.100006	94.96	13 h 28 min
8900	230.94999688081444	100.0	198.625	83.57812	325.45	-1.950002	93.54	13 h 32 min
8950	244.53499681167304	85.3	193.94199	93.36999	326.8	-122.600006	93.7	13 h 37 min
9000	248.88999677188696	88.0	198.128	83.86356	304.2	-72.200005	96.12	13 h 41 min
9050	238.14499624893068	84.1	199.76599	85.58294	334.85	-76.65	95.18	13 h 46 min
9100	228.86999674476684	100.0	189.78801	101.627014	341.0	-124.35	94.16	13 h 50 min
9150	240.36999663859606	93.8	194.58801	91.56166	333.95	-62.45	96.3	13 h 55 min
9200	251.7899970855564	88.8	186.55597	113.12491	331.35	-114.65	94.9	13 h 59 min
9250	230.9349967442453	95.5	184.062	104.52741	324.6	-68.200005	92.86	14 h 4 min
9300	238.2299967918545	93.1	184.28	81.36247	311.15	-121.700005	97.54	14 h 8 min
9350	218.03999688923358	100.0	189.79199	95.49965	332.4	-103.25	93.02	14 h 13 min
9400	159.0199950657785	100.0	176.86801	102.88113	324.25	-90.25	96.72	14 h 18 min
9450	267.6249974448234	85.9	189.455	87.235085	334.25	-102.25	96.48	14 h 22 min
9500	218.76499693728982	94.6	199.11	85.90292	330.2	-109.100006	96.96	14 h 27 min
9550	238.65499657131733	85.0	190.21898	85.56131	318.7	-94.55	97.16	14 h 31 min
9600	209.65999634861947	100.0	167.276	93.543434	297.45	-96.75	98.94	14 h 36 min
9650	240.5299970563501	100.0	161.89899	102.47332	311.05	-135.0	97.8	14 h 41 min
9700	140.35499631687998	91.1	193.48003	85.93262	316.05	-97.05	96.78	14 h 45 min
9750	265.2199977532029	85.6	187.57999	76.27803	330.45	20.099997	96.9	14 h 50 min
9800	170.8299958460033	95.2	193.30197	79.31888	314.55	-62.500004	98.88	14 h 55 min
9850	223.0249962538481	100.0	196.51599	87.31584	322.9	-62.550003	93.66	14 h 59 min
9900	213.81499651670455	100.0	196.60498	77.67518	321.15	-54.800003	97.56	15 h 4 min
9950	231.07499587908387	82.7	167.262	105.87469	316.65	-119.5	97.46	15 h 9 min
10000	243.85499706491828	90.7	183.459	93.58858	314.95	-92.65	96.44	15 h 13 min
10050	203.4549957677722	92.2	198.045	71.51287	304.9	-71.05	95.38	15 h 18 min
10100	202.41499616503717	100.0	164.29199	95.46486	327.55	-58.600002	96.52	15 h 22 min
10150	154.59999611228704	91.2	177.59201	99.09743	309.6	-63.800003	97.22	15 h 27 min
10200	243.32999692410232	86.8	208.345	83.85821	324.6	-74.850006	93.14	15 h 32 min
10250	196.8549956470728	87.7	187.86102	99.134995	334.9	-116.100006	95.26	15 h 36 min
10300	232.74499678127466	85.9	176.665	96.46095	319.95	-84.6	96.56	15 h 41 min
10350	233.33499618917705	89.1	170.15701	97.86726	319.05	-87.65	98.74	15 h 45 min
10400	190.8849966879934	100.0	168.12401	103.16437	324.9	-103.3	96.36	15 h 50 min
10450	232.66999716721475	100.0	180.80998	93.206825	325.3	-103.0	94.68	15 h 55 min
10500	220.89999588914216	89.2	176.871	97.00774	331.0	-86.75	94.72	15 h 59 min
10550	216.1999960079789	100.0	205.34799	84.94001	310.65	-46.500004	92.94	16 h 4 min
10600	223.2399959359318	92.2	189.465	88.59754	311.65	-117.4	97.82	16 h 8 min
10650	258.5899969611317	81.2	197.01997	79.07852	322.85	-55.000004	95.76	16 h 13 min
10700	234.4449970819056	100.0	193.17398	90.185616	331.8	-82.55	95.34	16 h 17 min
10750	238.3649969343096	100.0	190.55199	94.21469	318.45	-100.8	96.12	16 h 22 min
10800	145.4449954006821	90.7	192.49301	87.31496	322.5	-52.850002	94.52	16 h 27 min
10850	249.06499717645346	87.1	197.869	88.024666	338.9	-103.8	94.52	16 h 31 min
10900	249.3349966675043	86.8	181.285	102.059494	306.7	-120.25	97.32	16 h 36 min
10950	247.0549969073385	89.2	176.127	96.67864	329.05	-125.350006	97.64	16 h 40 min
11000	207.02499713040888	94.6	193.04901	104.36136	310.35	-143.8	96.72	16 h 45 min
11050	234.46999712623656	100.0	184.6	90.9703	313.1	-71.8	97.76	16 h 50 min
11100	206.8999966364354	83.2	197.637	94.92397	328.15	-60.850002	93.36	16 h 54 min
11150	214.65999574027956	97.6	178.05199	93.43009	298.25	-56.15	97.38	16 h 59 min
11200	211.31499652899802	100.0	180.196	96.22934	316.1	-95.35	97.32	17 h 3 min
11250	187.4499954085797	100.0	179.81099	84.029655	312.2	-71.700005	97.76	17 h 8 min
11300	275.43499760888517	80.1	191.869	85.10052	308.25	-51.950005	96.5	17 h 13 min
11350	252.72499709688128	88.3	218.02202	57.942833	304.65	-20.800003	97.14	17 h 17 min
11400	191.8549965608865	90.1	175.25497	106.77966	311.05	-138.25	96.74	17 h 22 min
11450	234.33499658852816	95.2	190.49101	100.95271	326.05	-134.65001	97.8	17 h 27 min
11500	233.63499682620167	84.0	194.5	85.534	330.7	-125.0	95.26	17 h 31 min
11550	257.3799972757697	89.8	189.62401	93.75892	314.3	-120.15	97.54	17 h 36 min
11600	224.0749965801835	100.0	188.57599	92.912865	322.6	-121.700005	99.02	17 h 41 min
11650	203.6899960886687	100.0	191.27798	74.43877	293.6	-46.2	97.1	17 h 45 min
11700	204.75499581731856	89.7	139.514	113.42189	321.05	-139.90001	99.02	17 h 50 min
11750	188.75999496392905	100.0	155.41599	95.7723	284.15	-107.4	98.06	17 h 55 min
11800	261.5899971969426	88.6	190.693	87.936226	326.6	-83.0	97.8	17 h 59 min
11850	254.50499731637538	88.3	199.93799	73.849884	315.05	-69.200005	98.26	18 h 4 min
11900	222.7549963399768	100.0	190.771	92.810425	297.55	-152.40001	97.9	18 h 9 min
11950	231.4049970023334	89.5	194.93898	87.931465	308.25	-83.1	95.78	18 h 13 min
12000	226.9249967623502	97.8	200.816	74.277084	315.35	-81.0	97.32	18 h 18 min
12050	196.3599957242608	97.6	194.816	93.70964	323.8	-65.100006	95.68	18 h 22 min
12100	255.91999799199402	84.7	179.43599	111.494835	321.25	-97.450005	94.48	18 h 27 min
12150	240.46999662667514	93.4	211.666	75.654526	328.65	-102.25	94.92	18 h 31 min
12200	254.12499703876674	84.3	196.629	81.07008	318.15	-41.9	96.24	18 h 36 min
12250	216.43999636843802	86.2	205.87299	71.71986	321.0	-31.800003	97.2	18 h 41 min
12300	208.06499592475592	100.0	179.172	95.454834	309.55	-137.6	96.66	18 h 45 min
12350	220.45499744676053	83.8	203.44498	64.40145	319.95	-16.200003	96.48	18 h 50 min
12400	248.64999732412397	84.7	202.47002	80.596756	316.9	-9.500003	96.8	18 h 54 min
12450	252.4999972779304	88.0	191.01602	100.77223	324.55	-70.200005	97.5	18 h 59 min
12500	163.35499695912003	100.0	154.529	119.82824	307.35	-145.55	97.62	19 h 3 min
12550	229.70499689877033	100.0	206.30699	83.189835	328.55	-130.85	96.46	19 h 8 min
12600	227.5049968369305	95.3	186.96	97.75132	314.65	-130.15001	96.56	19 h 13 min
12650	258.11499687545	81.7	208.191	62.9335	323.15	-16.650002	96.88	19 h 17 min
12700	251.6599974118173	98.2	196.38902	83.33349	327.05	-84.8	94.48	19 h 22 min
12750	260.48999729678036	86.2	180.16801	106.59618	313.25	-122.3	96.38	19 h 26 min
12800	226.88999781273304	79.1	194.87299	84.79037	316.85	-70.6	96.94	19 h 31 min
12850	242.3999971434474	100.0	207.682	54.5399	319.3	48.749996	98.38	19 h 36 min
12900	188.17499610595405	100.0	180.36201	101.272446	307.7	-110.55	96.7	19 h 40 min
12950	222.61499560698866	87.1	177.82301	97.13239	319.75	-90.65	95.32	19 h 45 min
13000	175.03499534800648	87.1	186.07301	103.12635	328.55	-121.850006	95.72	19 h 49 min
13050	252.10999695695938	84.4	192.953	88.94931	320.45	-99.8	96.58	19 h 54 min
13100	238.4049966108054	89.5	204.148	70.64216	317.5	-63.050003	97.64	19 h 59 min
13150	222.65999667607247	100.0	209.97398	93.959366	326.55	-108.9	93.12	20 h 3 min
13200	267.96499746106565	88.7	185.402	89.81843	315.9	-135.0	97.76	20 h 8 min
13250	272.69999732524155	80.7	214.761	72.65809	323.8	-106.450005	96.04	20 h 12 min
13300	243.86499680168927	88.3	188.473	93.53079	327.15	-74.05	95.84	20 h 17 min
13350	238.08999714180828	89.8	198.64398	89.095345	332.35	-84.05	95.34	20 h 21 min
13400	226.5099964734167	86.4	219.805	73.05061	328.0	-3.950002	94.3	20 h 26 min
13450	262.61499754115937	77.8	210.892	92.000496	339.1	-55.050003	90.12	20 h 31 min
13500	137.11499678194522	100.0	148.79	123.06792	319.0	-127.200005	97.54	20 h 36 min
13550	262.2249972518533	77.6	177.071	104.49889	339.95	-113.950005	96.42	20 h 40 min
13600	257.6899970769882	82.0	175.27802	92.153496	311.65	-92.05	98.76	20 h 45 min
13650	208.88499684892594	92.4	170.619	100.726364	335.1	-109.0	98.58	20 h 50 min
13700	235.54999692477287	100.0	189.82199	94.03071	302.75	-124.100006	97.64	20 h 54 min
13750	228.05499626845122	96.4	194.01398	99.209015	310.95	-119.200005	95.94	20 h 59 min
13800	229.35499725267292	100.0	207.50797	81.024155	323.45	-84.0	94.76	21 h 4 min
13850	228.5249970998615	100.0	215.035	80.466736	328.95	-120.350006	91.88	21 h 8 min
13900	203.6099957149476	90.8	196.268	92.4317	317.9	-128.05	95.98	21 h 13 min
13950	243.35499702319504	100.0	192.98401	85.583305	323.75	-67.15	95.4	21 h 17 min
14000	292.14499759301543	70.5	197.085	73.70287	326.65	-42.600002	97.12	21 h 22 min
14050	232.67999673038722	100.0	185.346	109.76227	330.6	-95.05	94.32	21 h 26 min
14100	202.074996156618	99.4	217.779	70.77718	335.8	-75.3	95.86	21 h 31 min
14150	276.6199974924326	76.7	204.02802	88.147995	333.9	-66.5	94.9	21 h 35 min
14200	245.85499718785286	87.7	177.66	94.59882	321.9	-100.05	98.06	21 h 40 min
14250	249.02999661900103	91.2	194.91801	94.09064	332.15	-141.1	94.44	21 h 44 min
14300	261.0349970579147	87.1	206.01201	78.62053	325.15	-89.1	95.14	21 h 49 min
14350	253.66999689787627	91.0	208.83598	79.12885	331.75	-21.600002	94.44	21 h 53 min
14400	279.3099975902587	80.4	204.04599	96.45173	327.55	-100.100006	93.9	21 h 58 min
14450	225.83499642461538	98.2	201.77899	97.50955	334.4	-83.9	93.88	22 h 2 min
14500	272.9699976496398	83.4	215.11502	67.23928	329.1	-66.5	95.5	22 h 7 min
14550	191.37999672181905	100.0	206.15201	65.1554	307.0	-56.7	99.24	22 h 12 min
14600	234.81999688223004	90.9	202.89098	94.2148	312.7	-135.75	94.96	22 h 16 min
14650	254.54499702788888	83.1	213.58998	74.45572	346.45	12.199999	94.88	22 h 21 min
14700	251.20499724261464	90.7	203.86502	85.02579	318.85	-104.8	96.3	22 h 25 min
14750	240.8699961680919	91.3	192.244	95.45469	317.5	-108.950005	96.7	22 h 30 min
14800	261.15999724678693	85.8	188.55301	77.19233	316.95	-83.4	98.16	22 h 34 min
14850	233.1299964785576	95.2	190.77202	71.13732	325.35	-44.850002	97.12	22 h 39 min
14900	168.7799964491278	100.0	197.82399	89.572754	322.7	-81.1	94.1	22 h 43 min
14950	263.744997144118	77.9	213.866	77.85565	326.9	-78.6	96.46	22 h 48 min
15000	275.50999751091	79.4	209.409	85.77991	326.75	-113.600006	94.66	22 h 53 min
15050	232.8999971408397	100.0	188.69798	96.003395	335.9	-142.35	95.6	22 h 57 min
15100	221.22999694012105	100.0	183.66798	113.49597	326.65	-110.6	95.84	23 h 2 min
15150	192.51499733552336	100.0	181.784	106.310875	321.65	-94.8	96.28	23 h 7 min
15200	285.28499781750145	74.7	176.447	104.24423	333.45	-155.35	97.44	23 h 11 min
15250	249.60499678850175	85.3	183.18399	91.95451	307.8	-131.55	97.88	23 h 16 min
15300	251.83499670885504	83.5	196.71298	86.10446	324.85	-85.3	95.76	23 h 20 min
15350	209.86999707333743	100.0	201.02202	70.88505	326.7	-36.350002	98.04	23 h 25 min
15400	238.50999710969626	100.0	210.995	72.91586	322.2	-58.4	96.0	23 h 30 min
15450	268.0899974051863	75.9	215.738	68.84174	325.35	-6.700002	94.56	23 h 34 min
15500	255.34499792121352	74.0	210.89702	87.10588	336.25	-103.9	92.94	23 h 38 min
15550	201.61999626681208	100.0	181.81	101.17267	326.4	-115.05	95.92	23 h 43 min
15600	171.90499564222992	100.0	195.444	73.03094	317.05	-41.550003	96.28	23 h 48 min
15650	156.5449969112873	94.8	200.102	77.846794	316.15	-88.15	94.7	23 h 52 min
15700	257.1299971088767	88.6	208.71298	79.459755	324.45	-45.050003	92.24	23 h 57 min
15750	277.32499755248426	82.3	194.70201	95.45943	320.4	-82.50001	95.84	24 h 1 min
15800	252.6749972384423	92.5	203.42801	79.5738	328.4	-17.250004	94.22	24 h 6 min
15850	179.9449967212975	96.1	220.12701	74.4921	313.45	-140.1	94.44	24 h 10 min
15900	245.49999685883523	85.6	170.05699	98.49273	322.55	-43.000004	93.1	24 h 15 min
15950	224.20999648571015	98.8	194.81699	95.25826	330.15	-105.25	92.62	24 h 19 min
16000	249.30999724380672	100.0	171.92699	93.91238	297.35	-137.3	98.26	24 h 24 min
16050	260.9249971333891	81.9	218.429	69.00925	322.1	-82.850006	93.42	24 h 28 min
16100	237.34999657683073	91.6	213.21797	75.23169	320.2	3.6499977	93.72	24 h 33 min
16150	235.3099972974509	80.5	189.69798	99.79875	314.15	-134.3	95.16	24 h 37 min
16200	217.9449963774532	100.0	192.071	90.0009	311.4	-118.700005	95.74	24 h 42 min
16250	220.85499707087874	83.5	203.661	82.82197	346.15	-93.4	92.66	24 h 46 min
16300	267.4749974947423	89.6	197.547	95.867325	333.15	-97.850006	94.44	24 h 51 min
16350	241.7699967838824	85.9	175.55	81.39133	308.9	-109.450005	96.5	24 h 55 min
16400	235.5099968265742	94.2	174.25201	114.53713	321.2	-116.350006	95.62	25 h 0 min
16450	172.4749971345067	96.4	185.53201	105.84495	322.95	-94.65	94.26	25 h 4 min
16500	211.31999687440694	83.8	151.616	122.51675	324.7	-142.55	94.88	25 h 9 min
16550	280.28999740220604	77.6	198.83998	107.65844	330.0	-148.05	92.24	25 h 13 min
16600	256.61499741598965	88.3	172.19699	110.83993	327.55	-104.450005	95.64	25 h 18 min
16650	246.74499675370754	78.3	208.05498	91.87661	323.65	-149.3	94.86	25 h 22 min
16700	238.28999652303756	87.8	201.883	98.74722	331.05	-143.6	92.3	25 h 27 min
16750	220.49999673478305	100.0	176.67097	100.87318	320.35	-87.600006	97.62	25 h 31 min
16800	168.07499701976775	100.0	160.032	116.76112	326.45	-116.350006	95.92	25 h 36 min
16850	242.56999755613506	98.2	98.672005	139.21048	307.45	-156.5	97.9	25 h 41 min
16900	158.70999727100133	100.0	161.661	117.47646	334.05	-94.3	96.4	25 h 45 min
16950	220.5999957796186	88.9	177.086	109.56529	317.05	-92.55	96.56	25 h 50 min
17000	247.0899967096746	81.0	164.37	99.469444	315.3	-123.25001	97.74	25 h 54 min
17050	225.43499686159194	78.5	164.967	100.12637	330.55	-126.100006	97.26	25 h 59 min
17100	218.6199958652258	100.0	173.24199	106.395065	314.85	-139.5	97.54	26 h 4 min
17150	232.76499620862305	91.4	195.94301	89.1291	329.25	-77.5	94.92	26 h 8 min
17200	227.58499742485583	89.4	161.402	93.61172	312.8	-76.950005	98.24	26 h 13 min
17250	223.21499752439559	100.0	164.106	97.64562	311.7	-114.200005	98.54	26 h 17 min
17300	238.67499734200538	100.0	159.476	91.88794	280.94998	-70.55	99.26	26 h 22 min
17350	242.43499755524098	92.8	180.005	107.05808	336.8	-142.1	94.12	26 h 26 min
17400	261.21499715559185	84.5	169.33699	94.42872	308.55	-106.65	98.68	26 h 31 min
17450	206.99499654360116	90.7	184.96	84.162994	321.2	-7.250003	98.5	26 h 36 min
17500	188.53999654576182	85.9	177.301	98.73538	317.2	-130.55	97.94	26 h 40 min
17550	228.05999708659948	100.0	155.038	96.25205	315.15	-109.5	99.18	26 h 45 min
17600	134.50499649718404	100.0	161.11798	110.88203	309.0	-88.9	96.72	26 h 49 min
17650	184.5899952765554	94.8	183.60698	88.43828	311.4	-35.550003	95.24	26 h 54 min
17700	228.59999662041665	100.0	177.56499	114.98463	337.3	-168.45001	94.78	26 h 59 min
17750	237.43999617248772	90.0	172.261	108.95824	322.3	-116.600006	95.64	27 h 3 min
17800	191.0899972565472	100.0	203.20699	91.483665	329.1	-72.75	94.24	27 h 8 min
17850	272.7899975348264	80.4	215.801	77.63666	343.15	-42.9	92.34	27 h 12 min
17900	154.02499570176005	100.0	180.131	100.93567	326.05	-125.15	96.64	27 h 17 min
17950	44.7149965133518	100.0	156.96498	107.77477	321.55	-63.750004	97.56	27 h 22 min
18000	-35.81500422470272	100.0	-14.127002	112.41109	226.4	-197.45001	100.0	27 h 26 min
18050	0.9599953401833773	100.0	52.991	117.22221	252.34999	-135.90001	100.0	27 h 31 min
18100	68.73999646864831	100.0	83.97101	122.537674	304.1	-145.0	98.5	27 h 35 min
18150	59.08999698758125	100.0	143.152	111.993744	283.1	-128.5	99.4	27 h 40 min
18200	179.56499544121326	85.0	96.743996	130.81427	293.65	-144.6	98.22	27 h 44 min
18250	127.00999577827751	100.0	117.89801	113.0196	302.35	-123.3	98.16	27 h 49 min
18300	210.6999963052571	100.0	160.338	102.82817	302.9	-98.850006	95.84	27 h 54 min
18350	170.23999647535385	100.0	162.785	105.630516	304.4	-115.700005	97.98	27 h 58 min
18400	230.35999648459256	100.0	176.68599	106.54279	302.9	-155.5	96.48	28 h 3 min
18450	165.76999672763048	100.0	149.051	130.17398	325.45	-152.85	95.84	28 h 7 min
18500	221.22999673075975	98.1	178.42899	88.52647	328.0	-101.8	98.3	28 h 12 min
18550	118.49499563388527	100.0	156.291	94.93916	311.15	-89.85	99.14	28 h 17 min
18600	153.11999647021293	100.0	136.85599	96.340126	289.9	-84.75	99.36	28 h 21 min
18650	207.85999664105475	100.0	165.98	103.65376	315.65	-132.40001	98.88	28 h 26 min
18700	236.4899973053485	100.0	168.861	97.23372	256.8	-134.6	100.0	28 h 31 min
18750	260.21999757811426	89.6	160.281	112.23909	327.5	-145.5	98.3	28 h 36 min
18800	197.1699963748455	90.4	162.529	107.50854	318.65	-67.0	98.1	28 h 40 min
18850	104.69499590881169	100.0	124.88	107.35664	303.7	-167.90001	99.2	28 h 45 min
18900	161.26999718882143	99.0	169.752	79.76653	270.3	-33.000004	98.6	28 h 50 min
18950	98.75999647788703	100.0	159.65201	103.639275	304.75	-142.7	98.94	28 h 54 min
19000	162.07999713905156	100.0	172.92001	90.51489	248.9	-96.700005	100.0	28 h 59 min
19050	236.37499711327254	100.0	174.998	87.19452	298.9	-78.15	99.4	29 h 4 min
19100	148.74499708637595	98.6	178.56299	77.54789	312.2	-90.3	98.58	29 h 9 min
19150	206.27499665021895	100.0	69.26	118.06141	240.15	-144.8	100.0	29 h 13 min
19200	221.27499706596137	100.0	131.179	118.777115	249.59999	-140.55	100.0	29 h 18 min
19250	227.1999971177429	100.0	177.246	73.34558	251.5	-36.050003	100.0	29 h 23 min
19300	175.43499528206885	100.0	168.485	80.50941	274.75	-32.400005	99.58	29 h 28 min
19350	61.16999574415386	100.0	129.99399	104.35726	281.2	-147.35	99.52	29 h 32 min
19400	205.66999551430345	100.0	155.314	96.77108	330.55	-139.45	98.1	29 h 37 min
19450	218.2199963759631	100.0	158.163	98.409676	255.3	-101.5	100.0	29 h 42 min
19500	168.81999616995455	88.9	156.54	97.95202	249.2	-157.7	100.0	29 h 46 min
19550	225.35499688461422	100.0	158.02	94.780975	255.84999	-109.9	100.0	29 h 51 min
19600	197.5799972239882	100.0	144.791	98.8866	282.35	-112.55	99.58	29 h 56 min
19650	181.38499675393103	100.0	143.65599	96.99698	247.09999	-153.05	100.0	30 h 0 min
19700	173.22499707862735	100.0	159.88998	96.51862	274.2	-81.200005	99.9	30 h 5 min
19750	168.7799967251718	100.0	146.36101	108.00231	249.7	-80.850006	100.0	30 h 10 min
19800	139.38999640718103	95.0	153.265	100.919556	313.2	-136.0	99.16	30 h 15 min
19850	92.90999693758786	100.0	128.572	119.24085	252.95	-127.15	100.0	30 h 19 min
19900	222.06499667167662	92.4	139.697	88.46943	283.0	-61.050003	99.56	30 h 24 min
19950	170.20499612614512	100.0	161.867	84.199455	244.9	-50.000004	100.0	30 h 29 min
20000	111.10999626331031	89.6	162.069	66.07536	254.2	1.4499977	100.0	30 h 33 min
20050	215.87999654226005	100.0	140.661	107.87211	252.9	-120.350006	100.0	30 h 38 min
20100	205.8049968648702	100.0	152.794	85.50316	255.34999	-85.450005	100.0	30 h 43 min
20150	206.04499671682714	100.0	167.27798	74.1173	245.9	-55.65	100.0	30 h 48 min
20200	167.91999730095267	100.0	167.578	76.34153	250.15	-118.8	100.0	30 h 52 min
20250	108.00999604277312	100.0	161.788	89.00591	318.0	-42.2	98.3	30 h 57 min
20300	175.95499678887427	100.0	152.394	94.29781	325.6	-99.950005	97.62	31 h 1 min
20350	122.01999741345644	100.0	150.638	88.01496	253.65	-55.300003	100.0	31 h 6 min
20400	133.40499683842063	98.8	86.122	134.51028	258.6	-158.65001	100.0	31 h 11 min
20450	38.144997202977535	100.0	63.939	121.30478	277.9	-145.40001	99.6	31 h 15 min
20500	191.0249955140054	100.0	119.842	114.04397	253.95	-102.4	100.0	31 h 20 min
20550	220.37499660253525	100.0	170.611	83.560104	267.6	-66.05	99.9	31 h 25 min
20600	128.80499714352192	100.0	168.33699	93.64513	260.25	-126.65	99.82	31 h 30 min
20650	181.12499697729945	100.0	155.07599	107.78149	293.35	-160.5	98.28	31 h 34 min
20700	201.66499688252807	100.0	137.512	96.82544	247.45	-100.200005	100.0	31 h 39 min
20750	228.5599966894835	92.8	147.01901	92.96906	251.5	-164.90001	100.0	31 h 44 min
20800	170.71999720782043	100.0	143.506	112.650276	331.45	-129.40001	99.02	31 h 48 min
20850	140.67999714761973	100.0	147.968	98.36084	246.25	-125.55	100.0	31 h 53 min
20900	71.42499539740383	100.0	165.07999	81.53435	279.8	-89.5	99.6	31 h 58 min
20950	196.25499588139354	100.0	142.94199	100.23978	238.05	-120.4	100.0	32 h 2 min
21000	149.07999671250582	100.0	156.39699	89.36678	256.45	-130.3	100.0	32 h 7 min
21050	216.9999966353178	100.0	172.976	78.42731	257.4	-72.25	100.0	32 h 12 min
21100	65.09499627612531	100.0	158.825	81.01629	248.45	-68.35	100.0	32 h 17 min
21150	212.1099969934672	100.0	156.98499	95.98651	249.15	-101.600006	100.0	32 h 21 min
21200	212.5899964403361	100.0	131.032	93.75015	238.8	-117.700005	100.0	32 h 26 min
