Epoch	AverageEpRet	StdEpRet	MaxEpRet	MinEpRet	EpLen	TotalEnvInteracts	LossPi	LossV	DeltaLossPi	DeltaLossV	Entropy	KL	ClipFrac	StopIter	Time
0	-115.14911	6.878528	-99.950005	-132.8	80.0	120000	-2.9336661e-08	3.1073802	-0.005080316	-2.284605	3.4895883	0.009678109	0.032375	49.0	24.161157846450806
1	-117.120415	7.2237625	-98.85	-131.25	80.0	240000	9.313226e-09	0.81814504	-0.005482145	-0.02187509	3.476549	0.009665519	0.034716666	49.0	53.170000076293945
2	-117.234375	7.035396	-106.25	-132.15001	80.0	360000	7.450581e-09	0.8101704	-0.00514549	-0.0049379095	3.4616797	0.008139969	0.027908335	49.0	81.09396767616272
3	-115.004074	6.538223	-93.55	-126.75	80.0	480000	5.122274e-09	0.8176675	-0.0056037423	-0.0029932335	3.4472544	0.010040896	0.037383333	49.0	108.58757066726685
4	-113.15881	7.2592516	-98.25	-131.5	80.0	600000	-6.519258e-09	0.8090806	-0.005835551	-0.004513383	3.4283595	0.0078564435	0.034491666	49.0	134.48673605918884
5	-112.047005	6.5127215	-94.35	-126.6	80.0	720000	1.4901161e-08	0.87451077	-0.0061792424	-0.0032528713	3.4153466	0.007532093	0.033491664	49.0	161.85415387153625
6	-108.71471	6.9411335	-91.8	-123.35	80.0	840000	8.614734e-09	0.9284805	-0.005752479	-0.0070497245	3.406155	0.007804674	0.029566666	49.0	188.59482502937317
7	-108.56837	9.711427	-81.1	-128.8	80.0	960000	-1.44355e-08	0.9599575	-0.0071205557	-0.0049794763	3.387165	0.008903317	0.047133334	49.0	217.51562070846558
8	-105.18432	8.798276	-85.55	-122.4	80.0	1080000	-3.958121e-09	1.0461141	-0.0072460994	-0.0065813437	3.3679838	0.008627128	0.0497	49.0	244.79424023628235
9	-99.12642	10.399713	-62.5	-117.5	80.0	1200000	-1.8626451e-09	1.3619628	-0.006431695	-0.018804178	3.3444142	0.0076617924	0.0378	49.0	270.57569909095764
10	-97.27092	11.308186	-60.45	-121.450005	80.0	1320000	1.0244548e-08	1.3563035	-0.0068334476	-0.012891054	3.315974	0.008172891	0.05381667	49.0	297.3428204059601
11	-84.54553	15.9618225	-41.0	-112.950005	80.0	1440000	0.0	2.1569538	-0.007518491	-0.03586623	3.2720141	0.0076531153	0.06435834	49.0	325.8725130558014
12	-82.15625	17.54153	-21.7	-117.8	80.0	1560000	-1.8626451e-09	2.6025515	-0.0072541665	-0.029366583	3.2253947	0.008364002	0.066708334	49.0	356.1698205471039
13	-69.23036	21.05558	-15.600001	-114.950005	80.0	1680000	5.122274e-09	4.256263	-0.0073214434	-0.07209259	3.178812	0.00895372	0.075216666	49.0	384.17739272117615
14	-62.05965	21.496277	10.249999	-97.65	80.0	1800000	3.7252903e-09	4.9176736	-0.006690309	-0.1025455	3.1052282	0.0088199135	0.05995833	49.0	411.1413269042969
15	-59.835716	23.428204	-9.000002	-106.200005	80.0	1920000	-3.7252903e-09	5.8264356	-0.0058183623	-0.15465873	3.0344832	0.008897291	0.060358334	49.0	437.7314338684082
16	-47.704384	35.511078	63.45	-102.950005	80.0	2040000	3.4924597e-10	7.740742	-0.0053515015	-0.11696145	2.957407	0.007767028	0.055549998	49.0	464.51503109931946
17	-42.210526	31.95444	33.85	-101.200005	80.0	2160000	-8.381903e-09	8.241118	-0.005265886	-0.08700842	2.8771539	0.007399086	0.047650002	49.0	491.24287509918213
18	-28.234745	34.334206	58.199997	-105.1	80.0	2280000	-4.656613e-09	10.78615	-0.005176856	-0.26046646	2.792201	0.0082326755	0.055466667	49.0	518.5439565181732
19	-29.310001	33.82262	75.049995	-88.55	80.0	2400000	3.259629e-09	10.682597	-0.00501508	-0.16946411	2.7012005	0.0073681464	0.053858332	49.0	546.5777568817139
20	-28.46695	35.856907	85.35	-100.9	80.0	2520000	4.656613e-09	9.947973	-0.0046420796	-0.12680352	2.6086197	0.008623154	0.062108334	49.0	573.8065431118011
21	-16.9193	43.74565	68.35	-102.950005	80.0	2640000	-9.313226e-10	11.903177	-0.0050296886	-0.16775769	2.510958	0.0071242936	0.052158333	49.0	601.6468524932861
22	1.0812484	40.873577	117.799995	-89.65	80.0	2760000	6.519258e-09	14.102769	-0.0045645423	-0.3026781	2.4117622	0.0073526856	0.046508335	49.0	629.3016228675842
23	-2.7008946	38.12518	120.5	-78.15	80.0	2880000	0.0	13.704611	-0.0048502265	-0.2852894	2.3051813	0.00642112	0.05435	49.0	655.9571311473846
24	4.3387914	47.173656	148.65	-77.450005	80.0	3000000	-2.7939677e-09	15.583933	-0.0043110326	-0.34388304	2.2517357	0.006804361	0.052883334	49.0	683.0792768001556
25	-0.9333351	39.980267	93.75	-94.9	80.0	3120000	-5.5879354e-09	14.581175	-0.0041689556	-0.2965563	2.1962273	0.0063213734	0.042591665	49.0	711.281712770462
26	20.499123	53.506096	141.45	-70.75	80.0	3240000	3.958121e-09	20.011543	-0.004297663	-0.55924404	2.110271	0.0052098255	0.044225	49.0	738.423460483551
27	22.907139	54.1588	139.34999	-76.55	80.0	3360000	-3.7252903e-09	17.201757	-0.0038331738	-0.28729522	2.039583	0.005138519	0.034816667	49.0	766.2016067504883
28	27.135084	59.9179	194.8	-90.05	80.0	3480000	5.5879354e-09	18.088997	-0.0040204627	-0.31651103	1.9783099	0.0064435606	0.043708336	49.0	793.4611694812775
29	23.06491	51.509384	232.65	-67.9	80.0	3600000	0.0	15.855534	-0.0037849348	-0.353065	1.8925829	0.0053126374	0.030825	49.0	820.6959943771362
30	37.98947	57.798378	158.25	-92.3	80.0	3720000	-1.1175871e-08	21.149624	-0.004280097	-0.63791335	1.8248043	0.005094327	0.037333336	49.0	848.0017113685608
31	20.829826	43.935673	125.25	-95.9	80.0	3840000	-2.561137e-09	16.994366	-0.0037936328	-0.41167223	1.7517517	0.004518311	0.03555	49.0	876.7299296855927
32	47.601784	51.970863	162.75	-62.75	80.0	3960000	9.313226e-10	20.140701	-0.003423832	-0.33774877	1.721389	0.0044965018	0.025799999	49.0	903.4150581359863
33	42.047413	51.631386	141.9	-44.500004	80.0	4080000	1.8626451e-09	19.659447	-0.0035930793	-0.3372836	1.6742673	0.0043109525	0.0344	49.0	931.5655272006989
34	57.29196	59.184544	189.8	-57.4	80.0	4200000	1.8626451e-09	21.6478	-0.003413126	-0.5911951	1.6349359	0.004434021	0.033691667	49.0	960.7952537536621
35	65.55	63.145744	206.75	-39.600002	80.0	4320000	5.5879354e-09	23.972897	-0.0034362942	-0.56199765	1.5823835	0.0044260104	0.027733333	49.0	987.4552640914917
36	55.40536	49.69177	177.5	-58.550003	80.0	4440000	-2.3283064e-09	20.73959	-0.003300153	-0.47947228	1.543664	0.0037655863	0.023224998	49.0	1015.5604236125946
37	60.727673	57.94333	178.0	-67.4	80.0	4560000	6.9849193e-10	24.175934	-0.0031607063	-0.4703269	1.5057873	0.0041809734	0.029575001	49.0	1040.697921037674
38	55.145535	76.0662	255.34999	-85.450005	80.0	4680000	1.8626451e-09	22.08007	-0.0033852484	-0.3708532	1.5113866	0.004255245	0.0277	49.0	1069.4942166805267
39	47.399998	59.005505	201.7	-65.15	80.0	4800000	1.8626451e-09	18.851513	-0.0034836698	-0.50738096	1.4813592	0.004221163	0.028775001	49.0	1097.1590571403503
40	60.168743	60.599045	196.9	-70.3	80.0	4920000	3.434252e-09	20.872263	-0.003242479	-0.37653995	1.4693677	0.004358693	0.032899998	49.0	1125.1898772716522
41	64.05446	63.703743	219.2	-56.2	80.0	5040000	-1.8626451e-09	19.996155	-0.0032215964	-0.41078758	1.4207056	0.003368353	0.023425	49.0	1152.859667301178
42	78.559814	62.825657	245.9	-52.95	80.0	5160000	1.3969839e-09	24.226034	-0.003475994	-0.49699903	1.4185414	0.004035143	0.028900001	49.0	1178.2137999534607
43	72.411606	72.634964	231.55	-62.800003	80.0	5280000	-5.5879354e-09	22.878971	-0.0033080676	-0.5152736	1.3778083	0.0031884667	0.024225	49.0	1206.5723583698273
44	78.91071	57.403244	214.1	-38.9	80.0	5400000	-6.519258e-09	21.975039	-0.003764411	-0.45612144	1.3675275	0.0035644528	0.03333333	49.0	1233.9021208286285
45	78.95447	66.187836	250.75	-36.9	80.0	5520000	7.450581e-09	22.894852	-0.002847639	-0.49536955	1.3498521	0.0035117457	0.023708334	49.0	1261.380234003067
46	83.224106	63.9799	205.75	-54.050003	80.0	5640000	4.656613e-10	24.349426	-0.0034453557	-0.44585824	1.3220379	0.0032174392	0.027449999	49.0	1288.958530664444
47	78.62858	61.315994	252.15	-75.35	80.0	5760000	2.7939677e-09	21.618122	-0.003337252	-0.60040784	1.3159367	0.0036932984	0.025066666	49.0	1316.4901938438416
48	97.12411	77.24308	312.05	-48.100002	80.0	5880000	3.259629e-09	25.07738	-0.003493377	-0.69681215	1.319314	0.0038305603	0.026175	49.0	1342.6018223762512
49	92.31161	69.06521	247.4	-32.15	80.0	6000000	0.0	24.407719	-0.003638958	-0.4744885	1.2846558	0.004587353	0.03555	49.0	1370.20121884346
50	95.86696	64.2895	225.35	-46.300003	80.0	6120000	1.8626451e-09	23.130276	-0.003535728	-0.57927775	1.2795615	0.0038180992	0.022525001	49.0	1396.9672181606293
51	94.081245	62.201706	225.0	-63.550003	80.0	6240000	-2.7939677e-09	23.311031	-0.0035648444	-0.48908305	1.282541	0.0038441536	0.033308335	49.0	1426.3766822814941
52	103.74911	62.654446	295.35	-26.2	80.0	6360000	-1.8626451e-09	28.554363	-0.0030680657	-0.650192	1.2361088	0.003658378	0.026033334	49.0	1454.4094138145447
53	80.23482	62.810047	224.4	-21.000002	80.0	6480000	-5.5879354e-09	19.90165	-0.002891142	-0.60203695	1.2086095	0.0035085469	0.022283334	49.0	1479.7205169200897
54	80.59643	69.46591	297.35	-24.650002	80.0	6600000	9.313226e-10	20.445297	-0.0031851996	-0.6823497	1.2003272	0.0034885448	0.022991667	49.0	1505.3380181789398
55	88.575	75.99874	330.15	-52.45	80.0	6720000	-9.313226e-10	26.941154	-0.0034030306	-0.7260392	1.1596467	0.003807865	0.0266	49.0	1532.7249553203583
56	87.60179	70.142044	269.5	-38.95	80.0	6840000	6.7520887e-09	20.345528	-0.0032635452	-0.5914457	1.1612083	0.0035505304	0.028808335	49.0	1559.1402390003204
57	107.42857	73.83334	350.55	-50.100002	80.0	6960000	-3.958121e-09	26.083996	-0.003495581	-0.557662	1.1417952	0.004049863	0.027275	49.0	1585.954167842865
58	110.35089	63.427567	253.55	-11.150003	80.0	7080000	-4.656613e-09	27.990372	-0.00303804	-0.9556973	1.1327875	0.003519089	0.023699999	49.0	1612.8231921195984
59	119.97857	63.46275	305.6	-37.050003	80.0	7200000	-5.5879354e-09	26.520775	-0.0034420749	-0.6446912	1.1368015	0.0036631306	0.027658334	49.0	1640.143902540207
60	127.11874	67.084564	267.05	-6.3500013	80.0	7320000	9.313226e-10	25.646656	-0.003365396	-0.5148895	1.1194222	0.0034419768	0.0245	49.0	1666.9259130954742
61	134.11429	76.34037	313.7	-7.650002	80.0	7440000	4.1909516e-09	27.378387	-0.0033424261	-0.7196716	1.1194983	0.0034534712	0.021758333	49.0	1694.2026462554932
62	118.19817	69.100136	302.1	-60.600002	80.0	7560000	3.7252903e-09	27.306057	-0.0030104588	-0.81625867	1.0712006	0.0034796977	0.025475	49.0	1722.142582654953
63	151.56517	89.60864	355.7	-23.650002	80.0	7680000	4.656613e-09	32.937775	-0.0034247476	-1.3458241	1.0847107	0.0036137372	0.029141666	49.0	1750.8077383041382
64	139.54196	78.71915	409.45	-27.150002	80.0	7800000	-3.7252903e-09	31.327644	-0.0030073824	-0.76898	1.0551827	0.0031435832	0.021391666	49.0	1778.0535953044891
65	163.54373	94.263916	368.15	-18.550001	80.0	7920000	8.8475645e-09	33.67088	-0.0029693337	-1.0092742	1.0471897	0.0035050935	0.021958333	49.0	1804.3027839660645
66	129.58392	87.24975	275.15	-49.250004	80.0	8040000	-9.313226e-10	28.837772	-0.0030876007	-1.0878978	1.0414536	0.0030278007	0.025158335	49.0	1829.6254823207855
67	134.65182	88.21342	369.8	-27.2	80.0	8160000	-4.656613e-09	27.710274	-0.0030606575	-0.4665439	1.0095086	0.0030323244	0.022133334	49.0	1858.5114903450012
68	162.58662	99.58932	380.95	-45.600002	80.0	8280000	2.3283064e-09	30.477238	-0.0030541094	-0.8265126	1.0150589	0.0027405752	0.019625	49.0	1885.6885635852814
69	162.86363	95.897194	367.8	-40.850002	80.0	8400000	1.3969839e-09	29.915916	-0.0031599256	-0.8228841	1.006141	0.0035189572	0.027441667	49.0	1913.5424320697784
70	173.73303	97.29956	461.05	16.399998	80.0	8520000	1.8626451e-09	35.166687	-0.0031849043	-1.0415354	0.98576903	0.0032372482	0.023275	49.0	1941.7894701957703
71	173.51726	93.74822	451.9	-19.000002	80.0	8640000	0.0	32.962566	-0.0033695777	-0.9387984	0.9848976	0.0028917675	0.024349999	49.0	1968.8225374221802
72	157.01785	69.5974	335.65	0.4499978	80.0	8760000	-9.313226e-09	28.998722	-0.0035721895	-0.8723476	0.95139724	0.003187152	0.022158332	49.0	1993.2771723270416
73	197.21388	95.24371	549.6	-25.950003	80.0	8880000	-4.656613e-09	36.00339	-0.003420787	-0.98076344	0.97458214	0.0038663717	0.028516667	49.0	2018.503014087677
74	201.80179	93.135445	558.7	10.099998	80.0	9000000	-1.8626451e-09	36.340893	-0.0032296265	-0.93459535	0.96782464	0.002409848	0.020374998	49.0	2044.8880996704102
75	174.85446	104.93739	558.85	-22.450003	80.0	9120000	-4.656613e-09	33.916237	-0.0033901536	-1.1627965	0.95172805	0.0029240448	0.024258334	49.0	2071.8779470920563
76	187.26785	92.775795	419.7	1.6999985	80.0	9240000	2.3283064e-09	33.85553	-0.0032889901	-1.174402	0.93811285	0.0031867092	0.024833333	49.0	2099.048137664795
77	198.48396	100.16103	454.65	56.45	80.0	9360000	9.313226e-10	33.37711	-0.0033996443	-1.1773493	0.936238	0.0029950454	0.022758333	49.0	2126.454062461853
78	187.5463	97.13307	455.95	-25.350002	80.0	9480000	-1.8626451e-09	35.37153	-0.0031052143	-0.9724164	0.90225244	0.0023585218	0.017633334	49.0	2153.7302317619324
79	208.21545	104.075035	483.5	3.0499988	80.0	9600000	8.614734e-09	35.612427	-0.0029192753	-1.25347	0.8945655	0.0028707813	0.017758332	49.0	2182.4359228610992
80	193.8574	101.710815	485.1	15.699999	80.0	9720000	-1.8626451e-09	33.07151	-0.0030948538	-1.1022491	0.88640004	0.002969923	0.01915	49.0	2209.4561715126038
81	213.42273	86.93686	441.45	70.4	80.0	9840000	2.7939677e-09	36.2828	-0.003586227	-1.0888803	0.8916662	0.002559812	0.020525001	49.0	2237.001800060272
82	216.09908	81.409645	411.5	41.749996	80.0	9960000	1.8626451e-09	33.71737	-0.0028607901	-1.0812132	0.878263	0.0031236124	0.021425001	49.0	2264.3310878276825
83	242.12363	112.23702	549.95	45.3	80.0	10080000	2.7939677e-09	39.070488	-0.003016338	-1.2503936	0.87065613	0.0035050043	0.020966666	49.0	2291.472010374069
84	228.45363	104.82601	446.25	14.199998	80.0	10200000	2.7939677e-09	36.33579	-0.0031371214	-1.0794835	0.8649548	0.0029498807	0.022158332	49.0	2319.304581642151
85	226.49167	88.49946	468.05	59.05	80.0	10320000	0.0	34.605614	-0.0029755493	-1.1640844	0.86491704	0.0027193117	0.021566667	49.0	2346.388893842697
86	216.63889	91.31002	465.6	55.35	80.0	10440000	-2.7939677e-09	30.247059	-0.003128746	-0.7315371	0.843698	0.0028421846	0.021775	49.0	2373.8092324733734
87	232.90372	111.54488	510.35	19.9	80.0	10560000	0.0	33.554855	-0.0031269593	-0.94688845	0.86198133	0.0024893924	0.016858334	49.0	2401.6544394493103
88	270.0685	124.388374	622.05	104.7	80.0	10680000	4.656613e-09	40.806824	-0.003138965	-1.3697829	0.8540303	0.0029480928	0.018908333	49.0	2430.942496061325
89	235.93333	124.25032	616.85	40.35	80.0	10800000	4.656613e-09	41.155983	-0.003035316	-1.2905738	0.83024555	0.0024434407	0.018241666	49.0	2459.0503096580505
90	248.6426	124.20713	646.15	38.55	80.0	10920000	0.0	40.529568	-0.003264328	-0.8905294	0.8347653	0.003084572	0.023833333	49.0	2485.7118530273438
91	257.65094	117.16997	598.7	12.199998	80.0	11040000	4.656613e-09	42.00361	-0.0031788275	-1.2682989	0.8171116	0.0025057406	0.017408334	49.0	2512.0426092147827
92	268.20908	131.08928	654.9	104.5	80.0	11160000	4.656613e-09	41.83613	-0.0033899182	-1.297759	0.8238598	0.0025902973	0.021416668	49.0	2541.6768374443054
93	245.26538	114.040535	571.85	41.199997	80.0	11280000	0.0	40.58744	-0.0030174106	-1.5570211	0.80623865	0.0026609465	0.018466666	49.0	2568.219748735428
94	298.42307	125.08673	618.4	75.85	80.0	11400000	-9.313226e-10	50.060135	-0.0030206444	-2.4879665	0.8098023	0.0027112486	0.019275	49.0	2596.4171204566956
95	288.27118	118.18965	656.7	124.1	80.0	11520000	4.656613e-09	45.54089	-0.0034043468	-1.1941409	0.7919075	0.0030519897	0.024774998	49.0	2623.2898218631744
96	275.61765	127.033066	556.75	43.05	80.0	11640000	2.3283064e-09	42.678658	-0.003022654	-1.6256776	0.78202564	0.002464521	0.018833332	49.0	2650.6585767269135
97	293.89716	121.63047	616.35	18.3	80.0	11760000	-4.656613e-09	45.466515	-0.0028930735	-1.3762379	0.7748356	0.0031203392	0.021166667	49.0	2677.0105028152466
98	277.9716	126.52936	550.4	7.349999	80.0	11880000	0.0	44.345707	-0.0032073706	-1.3673515	0.7680551	0.002445789	0.020741666	49.0	2703.3151626586914
99	263.207	111.34544	544.95	64.9	80.0	12000000	9.313226e-10	41.86665	-0.0029301157	-1.2368264	0.7498589	0.002262864	0.020841667	49.0	2730.127270460129
100	292.15903	132.92528	617.75	100.6	80.0	12120000	3.7252903e-09	48.680183	-0.0034693817	-2.0509949	0.7617463	0.0030177562	0.024891667	49.0	2758.48544716835
101	323.7327	138.75569	654.9	87.1	80.0	12240000	-2.7939677e-09	51.17634	-0.003001009	-1.0853381	0.766091	0.0030521068	0.021875	49.0	2785.0363993644714
102	283.5343	120.65391	584.35	114.6	80.0	12360000	-5.5879354e-09	43.249817	-0.0030599497	-1.5807564	0.7443701	0.002494291	0.0207	49.0	2812.8789582252502
103	344.7726	156.73174	653.25	134.0	80.0	12480000	-3.4924597e-09	55.65547	-0.0031668576	-3.1952238	0.75250804	0.0029730313	0.020241667	49.0	2839.633304834366
104	314.89215	128.69145	663.45	65.5	80.0	12600000	4.656613e-09	49.169147	-0.0031550892	-2.0261497	0.7504433	0.0020956763	0.017175	49.0	2866.754848718643
105	338.2139	146.23637	675.1	137.95	80.0	12720000	9.313226e-10	51.550186	-0.003332533	-1.3547034	0.7409359	0.0028489344	0.023383332	49.0	2893.1527152061462
106	346.39795	133.37936	652.0	87.0	80.0	12840000	2.3283064e-09	50.466496	-0.0028902083	-1.5145273	0.754051	0.0026201312	0.017108332	49.0	2919.0954780578613
107	351.76346	161.97491	652.1	51.75	80.0	12960000	-3.7252903e-09	54.819977	-0.0029892554	-2.2244396	0.7622772	0.0026194165	0.018266667	49.0	2947.0500161647797
108	328.3683	150.91931	651.35	-1.5000021	80.0	13080000	-9.313226e-10	48.36306	-0.0029758299	-1.0955684	0.7478008	0.002500365	0.019825	49.0	2972.1023964881897
109	358.92453	139.07687	661.1	17.349998	80.0	13200000	-9.313226e-10	52.07066	-0.002870935	-2.1148787	0.7502829	0.0028368775	0.021141667	49.0	2998.4467022418976
110	321.41296	122.779366	628.65	137.34999	80.0	13320000	1.8626451e-09	45.242363	-0.0031102276	-1.417182	0.72226655	0.002029325	0.017216668	49.0	3025.078649044037
111	321.83905	139.91772	657.6	60.8	80.0	13440000	-5.5879354e-09	46.82127	-0.0031809446	-0.9061761	0.7299191	0.002613561	0.019408334	49.0	3051.7758646011353
112	368.8625	135.60265	676.45	161.95	80.0	13560000	-4.8894435e-09	53.609684	-0.0030896612	-1.5757484	0.7315201	0.0023470353	0.020716667	49.0	3078.588496208191
113	335.14316	142.41875	690.85	85.85	80.0	13680000	-2.3283064e-09	48.484962	-0.003209868	-1.3553185	0.7062074	0.0022046994	0.020191666	49.0	3105.6364285945892
114	355.84415	134.18848	678.75	128.45	80.0	13800000	3.259629e-09	50.397327	-0.0032167407	-1.4014716	0.7351406	0.002875577	0.0212	49.0	3132.5173630714417
115	359.60675	140.19502	678.25	137.09999	80.0	13920000	1.1175871e-08	51.668495	-0.0030403198	-1.5440371	0.7085844	0.0025906365	0.019391667	49.0	3159.2111234664917
116	367.4441	134.5376	664.15	124.35	80.0	14040000	-5.122274e-09	53.53298	-0.0032272243	-1.4708142	0.7185403	0.002397433	0.01955	49.0	3187.6446080207825
117	376.18	137.43098	674.65	67.799995	80.0	14160000	-5.5879354e-09	51.994526	-0.003025805	-1.5672379	0.7101703	0.0023143676	0.022283334	49.0	3215.37974858284
118	365.933	115.59519	662.35	144.59999	80.0	14280000	-6.519258e-09	50.40257	-0.0029030954	-1.53755	0.6932584	0.0026817126	0.021716667	49.0	3242.7941920757294
119	398.903	142.50021	670.7	121.85	80.0	14400000	9.313226e-09	55.29683	-0.0031726891	-2.3416777	0.70702714	0.0032071876	0.024316667	49.0	3268.191429376602
120	363.137	141.43242	694.15	129.0	80.0	14520000	-2.7939677e-09	47.696243	-0.0032271794	-1.2555718	0.6868412	0.0020188626	0.016925	49.0	3292.2443969249725
121	342.06024	132.29396	685.6	147.5	80.0	14640000	-5.122274e-09	50.188618	-0.0029691295	-1.9662137	0.66753304	0.0024035163	0.017233334	49.0	3320.642041683197
122	383.23016	123.318245	644.65	71.549995	80.0	14760000	-3.7252903e-09	48.926567	-0.003111494	-1.2354317	0.69322807	0.002801684	0.022416666	49.0	3345.7353734970093
123	404.3551	171.88698	687.25	82.0	80.0	14880000	1.8626451e-09	56.439995	-0.0032359888	-2.752286	0.69890535	0.002561558	0.019749999	49.0	3370.949083328247
124	416.065	155.63432	678.55	151.95	80.0	15000000	-6.519258e-09	49.61045	-0.0034335547	-1.1049953	0.7161137	0.0026124017	0.021691665	49.0	3398.479330778122
125	391.649	148.48822	682.6	143.2	80.0	15120000	4.656613e-09	46.160896	-0.0031753897	-1.2417996	0.6955999	0.0025395707	0.025383335	49.0	3425.2609164714813
126	388.10883	110.39811	664.25	214.7	80.0	15240000	-9.313226e-10	46.464493	-0.0032516588	-1.6293321	0.6957368	0.002896208	0.025375	49.0	3453.8218903541565
127	437.8163	170.43076	688.15	113.1	80.0	15360000	2.7939677e-09	54.970436	-0.0034735135	-2.9545994	0.73782194	0.0024944558	0.020458333	49.0	3481.484266757965
128	404.90674	144.72229	687.05	176.65	80.0	15480000	-1.8626451e-09	50.176605	-0.0031362788	-1.5204468	0.69669884	0.0024510776	0.018958334	49.0	3508.986223459244
129	421.54593	151.6699	698.85	121.7	80.0	15600000	-1.8626451e-09	46.7813	-0.0032319864	-1.4701846	0.72488344	0.0021050463	0.018566668	49.0	3536.653783082962
130	449.2745	135.71115	677.0	158.35	80.0	15720000	-7.450581e-09	57.72397	-0.0032716417	-3.60525	0.6905088	0.0024126563	0.018424999	49.0	3563.1606090068817
131	415.65002	163.74524	689.45	92.85	80.0	15840000	7.450581e-09	50.540203	-0.0028495933	-2.4121747	0.6995216	0.002177913	0.017775	49.0	3587.5957129001617
132	398.29523	155.26857	679.9	123.95	80.0	15960000	7.916242e-09	46.791092	-0.003314089	-0.9923539	0.69298923	0.0021231652	0.020625	49.0	3613.790422677994
133	418.5304	136.5671	691.15	131.65	80.0	16080000	-4.1909516e-09	52.256092	-0.0030772183	-1.5487838	0.67715985	0.0025600703	0.021133333	49.0	3643.489206314087
134	460.8854	145.6655	686.35	145.09999	80.0	16200000	-2.3283064e-09	50.248367	-0.0034560764	-1.5867538	0.7221043	0.00291384	0.023591667	49.0	3671.7193953990936
135	461.51224	153.20328	685.7	127.2	80.0	16320000	-1.8626451e-09	53.28041	-0.0033677777	-1.3829808	0.701819	0.0028056898	0.024941668	49.0	3697.8637170791626
136	495.50732	128.36919	689.45	130.25	80.0	16440000	-7.450581e-09	59.131927	-0.0034922922	-2.4443436	0.71156937	0.0029484371	0.020883333	49.0	3724.288792848587
137	473.81357	146.24124	687.8	114.7	80.0	16560000	6.0535967e-09	50.9776	-0.0033796448	-1.5466776	0.7241499	0.00317238	0.026633333	49.0	3750.5905532836914
138	458.26773	137.60066	683.5	157.15	80.0	16680000	1.8626451e-09	53.792793	-0.0033857785	-1.9754224	0.6971914	0.0023555555	0.023483332	49.0	3776.3099493980408
139	464.36017	142.17627	687.5	225.3	80.0	16800000	2.561137e-09	52.100174	-0.003580262	-1.4487641	0.6981094	0.0029008512	0.026583333	49.0	3801.7599172592163
140	448.87915	159.79764	691.0	171.75	80.0	16920000	6.9849193e-09	53.18681	-0.0037058056	-1.2071815	0.72258055	0.002389486	0.022025	49.0	3827.7607386112213
141	497.70312	146.77208	711.8	214.55	80.0	17040000	-9.313226e-10	52.117264	-0.0034500356	-0.9613695	0.7172668	0.0028234357	0.024433333	49.0	3854.2537162303925
142	454.0875	139.0601	692.05	145.75	80.0	17160000	2.561137e-09	48.78039	-0.0033207387	-1.1373799	0.67236835	0.0026099884	0.023441665	49.0	3880.7317974567413
143	459.47144	155.10979	686.4	155.45	80.0	17280000	-9.313226e-10	46.83524	-0.0033224751	-1.1160283	0.69974816	0.0022854628	0.021333333	49.0	3907.582318544388
144	529.9	137.9777	712.1	246.34999	80.0	17400000	0.0	49.554016	-0.003906858	-2.2820935	0.7779709	0.0032918756	0.030308334	49.0	3932.956278324127
145	533.2229	129.4998	694.95	174.84999	80.0	17520000	9.313226e-10	54.028008	-0.003559281	-1.6316109	0.71393913	0.002558481	0.019666668	49.0	3960.9180130958557
146	511.85522	132.90958	696.15	273.8	80.0	17640000	-3.259629e-09	48.611603	-0.0037401489	-2.3006172	0.7242607	0.0029086266	0.026783332	49.0	3988.675270795822
147	518.9913	164.6867	692.35	142.9	80.0	17760000	0.0	40.503387	-0.0041474435	-1.2466621	0.81002104	0.0034371316	0.029291667	49.0	4015.147407770157
148	546.6511	131.21782	696.25	146.09999	80.0	17880000	2.7939677e-09	42.595543	-0.0032297028	-1.2095618	0.74132377	0.017964188	0.037383333	30.0	4040.0678131580353
149	577.4784	121.64861	693.95	281.8	80.0	18000000	-2.7939677e-09	39.996445	-0.0040017264	-1.3297157	0.8935456	0.0035011629	0.030116666	49.0	4066.802764892578
150	526.92126	146.57329	704.8	174.05	80.0	18120000	-1.1175871e-08	45.56394	-0.0037050473	-1.3935962	0.7677378	0.0029802173	0.0243	49.0	4095.3815681934357
151	514.8894	157.43927	697.75	109.45	80.0	18240000	5.5879354e-09	43.244705	-0.0037320936	-1.1372519	0.7812016	0.002851149	0.025791667	49.0	4122.219945192337
152	582.85004	154.2911	699.8	120.2	80.0	18360000	4.656613e-10	40.532776	-0.004026187	-1.6007228	0.8442618	0.0029989074	0.025775	49.0	4149.6305413246155
153	592.27325	123.3722	706.55	264.35	80.0	18480000	7.450581e-09	39.059082	-0.004434172	-0.81649995	0.88283587	0.0041554193	0.030274998	49.0	4174.921474695206
154	577.40656	112.60797	696.2	283.15	80.0	18600000	-1.0244548e-08	37.953037	-0.0041173534	-1.3220901	0.8003529	0.0026548202	0.026366666	49.0	4200.458628416061
155	542.0695	153.0954	699.2	158.9	80.0	18720000	1.3038516e-08	34.796364	-0.0041089207	-0.93158746	0.8239416	0.002962759	0.024766667	49.0	4227.2387046813965
156	584.02155	122.95195	698.1	240.35	80.0	18840000	-8.381903e-09	41.425686	-0.0040661762	-1.3951876	0.79376876	0.0031368267	0.025191668	49.0	4252.766576766968
157	615.10254	121.2166	690.8	101.5	80.0	18960000	0.0	27.855265	-0.00422525	-1.3861225	0.97391903	0.0034419112	0.027950002	49.0	4278.243895292282
158	612.79535	113.30487	698.5	187.0	80.0	19080000	-2.0954758e-09	33.52796	-0.0040287087	-0.7312076	0.94950426	0.0035855777	0.026775	49.0	4304.290491342545
159	599.1131	120.16713	699.2	237.45	80.0	19200000	9.313226e-09	27.530514	-0.0040434524	-0.93933916	0.9145464	0.003547597	0.028700002	49.0	4330.921584606171
160	578.69635	147.64989	694.1	120.6	80.0	19320000	-1.3969839e-09	30.97324	-0.0039791637	-0.83038735	0.9156358	0.0030054883	0.027133334	49.0	4357.690407991409
161	573.3046	152.17828	698.45	145.59999	80.0	19440000	1.1175871e-08	28.247704	-0.0041473564	-0.6054003	0.8846364	0.0030841487	0.027383335	49.0	4384.696075439453
162	629.715	107.45415	699.2	132.8	80.0	19560000	5.5879354e-09	28.076927	-0.0042072316	-0.9489255	0.98481107	0.0037811534	0.026608333	49.0	4410.857581138611
163	561.29407	169.9331	696.9	68.649994	80.0	19680000	4.656613e-09	29.363981	-0.0039519155	-1.3983324	0.8607265	0.0029663928	0.026549999	49.0	4437.433077573776
164	601.3463	136.3587	697.55	122.85	80.0	19800000	-6.519258e-09	25.824207	-0.004174214	-0.7970021	0.9385916	0.0036085877	0.029633334	49.0	4464.724915027618
165	612.4452	104.406425	699.95	290.75	80.0	19920000	7.450581e-09	31.404537	-0.003968121	-0.85694015	0.9106325	0.0036196415	0.029666668	49.0	4490.641104221344
166	619.08093	111.138054	706.05	206.65	80.0	20040000	5.122274e-09	28.119625	-0.0041262535	-0.55358243	0.9055919	0.0039347494	0.034591667	49.0	4516.3746774196625
167	644.7561	84.39284	708.4	311.3	80.0	20160000	0.0	24.717335	-0.0043434845	-0.7621045	1.0116426	0.0041011125	0.0285	49.0	4542.111086368561
168	601.6131	141.52644	706.6	41.399998	80.0	20280000	-1.8626451e-09	25.80567	-0.0038707333	-1.0608182	0.95663744	0.0034949356	0.028166667	49.0	4567.778915405273
169	656.23535	66.110954	783.0	426.85	78.82927	20400000	7.916242e-09	20.857628	-0.004306034	-1.2321874	1.0233521	0.0042163273	0.029908333	49.0	4595.064301967621
170	647.9098	101.87984	699.05	182.0	80.0	20520000	1.8626451e-09	23.142654	-0.0041699605	-0.5669496	0.9616468	0.0035737187	0.027283333	49.0	4622.45165848732
171	633.37195	132.4769	772.4	152.9	78.95122	20640000	-3.7252903e-09	23.490149	-0.003997786	-0.57207274	0.95136905	0.0032079825	0.025566667	49.0	4649.023357391357
172	626.8688	138.17218	700.4	86.6	80.0	20760000	1.8626451e-09	18.933	-0.004200712	-0.44186664	1.0120748	0.0038912538	0.029025	49.0	4675.8257830142975
173	634.4731	124.49492	702.05	99.45	80.0	20880000	-5.5879354e-09	23.4629	-0.0039743762	-0.60220134	1.0526198	0.0035033901	0.025641665	49.0	4701.886683225632
174	665.0975	45.42797	705.9	487.35	80.0	21000000	4.656613e-09	21.203354	-0.0039265053	-0.76687634	1.0015318	0.0033742557	0.025833335	49.0	4727.682763338089
175	670.8088	37.120834	700.6	494.3	80.0	21120000	5.5879354e-09	14.303318	-0.00409826	-0.7810496	1.0174161	0.004160217	0.028666668	49.0	4756.058172941208
176	648.3037	69.14326	700.3	337.7	80.0	21240000	6.170012e-09	21.988789	-0.0036878325	-0.8934283	1.0155947	0.0030600517	0.027633334	49.0	4785.9553990364075
177	658.4795	54.861202	701.3	406.19998	80.0	21360000	-1.1175871e-08	19.539341	-0.004002199	-0.4573288	0.9980843	0.0034733887	0.025433334	49.0	4812.871363401413
178	658.02	69.210075	706.95	368.0	80.0	21480000	-3.7252903e-09	16.981493	-0.0038027198	-0.5456543	1.0100462	0.0032982193	0.024683334	49.0	4840.910407066345
179	639.68494	121.6485	699.0	147.3	80.0	21600000	-2.3283064e-09	21.566557	-0.0036447234	-0.8782886	0.95653075	0.0031370556	0.023866668	49.0	4866.1535902023315
180	645.5061	94.24573	697.7	270.4	80.0	21720000	9.313226e-10	17.592688	-0.0036070112	-0.4867729	1.002357	0.0031650574	0.026116667	49.0	4891.425310611725
181	664.61835	58.073788	712.9	409.2	80.0	21840000	0.0	14.768064	-0.0039262455	-0.599632	1.0314225	0.004175967	0.032291666	49.0	4916.682010173798
182	669.35876	54.50557	711.85	394.95	80.0	21960000	-1.6298145e-09	17.9081	-0.0037520952	-0.754578	0.99099	0.0040945224	0.027766667	49.0	4944.215313196182
183	658.89233	95.815094	704.6	111.6	80.0	22080000	6.0535967e-09	12.43914	-0.003900626	-0.54161966	1.0571319	0.003675174	0.02935	49.0	4970.156793117523
184	677.84375	19.911402	698.15	570.6	80.0	22200000	-4.0745363e-09	14.768152	-0.004090977	-0.65664184	1.0287594	0.0036346663	0.027350001	49.0	4997.17018699646
185	685.1961	16.561813	779.95	675.2	78.82051	22320000	6.0535967e-09	10.83963	-0.003795663	-0.3636551	1.0507345	0.0036203512	0.026475001	49.0	5023.665684461594
186	661.29504	52.5669	702.7	449.0	80.0	22440000	6.519258e-09	15.260244	-0.0037314517	-0.49263716	1.0019219	0.0032360856	0.026666667	49.0	5047.853810787201
187	684.691	10.410965	711.2	669.9	80.0	22560000	-6.4028427e-09	12.682501	-0.0039109956	-0.37541318	0.99763435	0.0037292233	0.02875	49.0	5073.9097690582275
188	641.5976	107.44033	787.3	144.9	78.78049	22680000	7.450581e-09	17.602812	-0.0035488938	-0.8834295	0.86998606	0.0028478992	0.025491666	49.0	5100.178601026535
189	662.555	89.02635	705.7	146.4	80.0	22800000	4.656613e-09	13.345936	-0.0036617927	-0.43351316	0.93068147	0.004062266	0.02815	49.0	5127.573222398758
190	664.475	59.397095	714.25	378.05	80.0	22920000	-2.3283064e-09	12.947823	-0.003867982	-0.23072267	0.9606456	0.003919074	0.0287	49.0	5154.901470184326
191	673.16705	51.377308	758.1	473.35	79.14634	23040000	4.656613e-09	14.368927	-0.0037288603	-0.40385544	0.86013514	0.0035421574	0.023391666	49.0	5178.634486436844
192	683.1625	13.720958	705.55	613.0	80.0	23160000	4.4237822e-09	12.984786	-0.0037014824	-0.33373868	0.8993734	0.0034879805	0.0252	49.0	5202.866681814194
193	652.3638	89.349945	720.6	254.09999	80.0	23280000	0.0	17.7616	-0.0037575003	-0.72651553	0.8705126	0.0027113664	0.022116667	49.0	5228.3664338588715
194	662.3415	74.47126	786.4	431.9	77.60976	23400000	6.9849193e-09	15.58583	-0.0034905246	-0.5278914	0.8706906	0.003394246	0.0283	49.0	5254.63122677803
195	676.7692	34.119934	705.55	491.3	80.0	23520000	8.381903e-09	11.43643	-0.0041331598	-0.41934818	0.9753836	0.0042513194	0.029458333	49.0	5280.101311445236
196	667.6625	67.38028	715.15	295.75	80.0	23640000	3.259629e-09	15.975325	-0.0036817098	-0.3515278	0.8830563	0.0031016413	0.025408333	49.0	5306.855177402496
197	684.3825	22.614464	788.85	618.7	78.725	23760000	6.519258e-09	13.1639385	-0.003745305	-0.27606058	0.90726423	0.0034523122	0.02695	49.0	5333.832315921783
198	673.83624	46.975357	707.4	401.55	80.0	23880000	0.0	15.859566	-0.0037727833	-0.4075054	0.8708569	0.0032683082	0.025583334	49.0	5360.9371728897095
199	652.81793	101.778305	701.8	151.09999	80.0	24000000	7.450581e-09	12.992779	-0.0035947307	-0.6379163	0.8968973	0.0032162147	0.024683334	49.0	5388.62423157692
200	678.03625	28.533598	704.1	523.7	80.0	24120000	1.8626451e-09	12.418715	-0.0037563732	-0.36733985	0.89175045	0.0034632296	0.024841666	49.0	5415.58229637146
201	670.0638	70.19839	781.75	290.8	78.775	24240000	7.683411e-09	12.366343	-0.0037151235	-0.3135507	0.8898775	0.0029489992	0.02775	49.0	5443.4072279930115
202	679.96625	33.25726	787.6	529.0	78.75	24360000	-3.7252903e-09	15.383078	-0.0034146057	-0.37506557	0.8392322	0.003362405	0.021783333	49.0	5469.393477678299
203	687.82434	20.913496	788.1	668.85	77.948715	24480000	1.1641532e-09	10.949037	-0.0035428302	-0.32449615	0.8666396	0.0031214794	0.023108333	49.0	5494.246440887451
204	681.76465	40.554405	791.35	534.35	77.51219	24600000	7.450581e-09	13.541765	-0.0034024296	-0.28185344	0.8537485	0.0032723118	0.026216667	49.0	5520.1042573452
205	686.5643	32.339577	793.2	582.6	77.54762	24720000	-2.7939677e-09	12.863437	-0.0037785396	-0.3199656	0.81341565	0.0034794542	0.02635	49.0	5546.2791957855225
206	682.22125	20.31831	784.65	626.7	78.775	24840000	2.3283064e-09	11.734655	-0.0038471576	-0.24023396	0.9031961	0.0034865737	0.028416667	49.0	5572.806900262833
207	673.1476	66.63917	787.45	314.85	77.60976	24960000	-3.7252903e-09	12.8779	-0.0037986953	-0.42562604	0.7836695	0.0033387714	0.028241666	49.0	5598.748155832291
208	676.5412	25.61811	703.2	568.25	80.0	25080000	-1.8626451e-09	13.852837	-0.0037310403	-0.4339862	0.7913587	0.0029660878	0.02315	49.0	5625.742682695389
209	654.47626	79.732086	708.95	352.65	80.0	25200000	-3.259629e-09	14.671267	-0.0035904192	-0.7269137	0.81874996	0.0030698953	0.023616668	49.0	5652.321672439575
210	673.59503	65.80157	711.15	294.75	80.0	25320000	-6.519258e-09	14.163803	-0.0036736876	-0.69623864	0.7895261	0.0031570774	0.023858335	49.0	5678.8681581020355
211	674.40375	34.173218	712.25	556.85	80.0	25440000	2.7939677e-09	17.342335	-0.0036299578	-0.90259755	0.8051529	0.0033147016	0.026575	49.0	5705.530807733536
212	683.8385	24.582159	759.75	579.2	79.128204	25560000	-3.7252903e-09	12.300175	-0.0038111887	-0.332187	0.82193947	0.003191606	0.026158333	49.0	5732.204932451248
213	678.16925	26.643576	714.2	551.85	80.0	25680000	7.450581e-09	9.838743	-0.0035951436	-0.3199023	0.88115567	0.0034429142	0.0263	49.0	5756.297164440155
214	677.8603	24.644697	700.55	548.25	80.0	25800000	2.3283064e-09	10.251892	-0.0037695966	-0.2687385	0.869608	0.0034032785	0.0235	49.0	5783.149499177933
215	674.21124	39.251904	700.65	478.1	80.0	25920000	6.519258e-09	10.187992	-0.0038396756	-0.21131748	0.8363596	0.0033633197	0.025791667	49.0	5810.229589223862
216	676.9039	21.632273	701.75	588.65	80.0	26040000	4.8894435e-09	9.493317	-0.003746322	-0.2290585	0.8535788	0.0035996921	0.027916666	49.0	5838.444128513336
217	681.24255	16.834639	710.2	600.7	80.0	26160000	-4.656613e-09	9.714321	-0.0038565816	-0.24899459	0.81980634	0.003744836	0.027583333	49.0	5865.160414457321
218	674.7372	53.78465	706.2	353.65	80.0	26280000	4.1909516e-09	14.161133	-0.0034496575	-0.5789364	0.79386914	0.0032981136	0.026166666	49.0	5890.802566051483
219	670.2769	69.917915	708.55	248.05	80.0	26400000	2.7939677e-09	9.13492	-0.003537374	-0.35723597	0.8469833	0.0026892594	0.024341665	49.0	5916.736268758774
220	652.8092	83.98246	694.75	340.9	80.0	26520000	4.656613e-09	13.788691	-0.0034782288	-0.6030416	0.8420743	0.002932231	0.023291666	49.0	5943.005163908005
221	684.13464	8.124385	710.65	674.5	80.0	26640000	-7.916242e-09	8.807212	-0.00379304	-0.4156208	0.8411274	0.0050302073	0.028241668	49.0	5968.803118467331
222	682.54486	8.407626	706.4	662.7	80.0	26760000	3.4924597e-10	10.212428	-0.003668932	-0.2256369	0.8418212	0.0033778157	0.026283333	49.0	5994.391246318817
223	662.2527	65.08814	699.85	431.75	80.0	26880000	4.656613e-10	10.403667	-0.0035059706	-0.67340803	0.8381245	0.0030655693	0.02335	49.0	6020.3210690021515
224	670.5525	67.85926	707.0	265.25	80.0	27000000	4.656613e-09	12.395138	-0.0035008048	-0.56095934	0.79102707	0.0034038972	0.025433335	49.0	6047.479992389679
225	682.0167	5.8665857	699.65	669.6	80.0	27120000	-6.9849193e-09	10.092686	-0.0035059378	-0.46466178	0.8725074	0.0031692686	0.027316667	49.0	6074.001955747604
226	671.17505	50.131374	700.65	401.8	80.0	27240000	0.0	10.480508	-0.0034888112	-0.33696413	0.85330313	0.002696835	0.024474999	49.0	6100.752112388611
227	682.6815	6.0485244	711.35	673.7	80.0	27360000	-5.5879354e-09	8.058054	-0.0035709157	-0.21594185	0.86899287	0.003296609	0.02375	49.0	6125.742538928986
228	681.49335	7.8594246	698.5	657.1	80.0	27480000	-7.566996e-09	10.169887	-0.0036388442	-0.30541742	0.8538165	0.0028438775	0.026491666	49.0	6149.396289825439
229	669.63684	67.65105	708.1	271.45	80.0	27600000	9.313226e-10	11.588654	-0.0037133968	-0.38868695	0.8276496	0.0029375672	0.022458334	49.0	6174.682219982147
230	683.0388	8.727439	698.3	638.25	80.0	27720000	-3.7252903e-09	7.407605	-0.003864912	-0.22712433	0.84946746	0.0038096583	0.028825	49.0	6199.6812915802
231	682.7372	6.90351	699.7	650.65	80.0	27840000	-6.2864274e-09	8.933868	-0.0034980525	-0.2842347	0.8631363	0.0032544974	0.024908334	49.0	6225.499482393265
232	672.0	85.385155	795.1	177.75	78.567566	27960000	-5.5879354e-09	10.3417015	-0.0035698297	-0.45464063	0.83778334	0.0032349178	0.026416667	49.0	6252.04590344429
233	683.32434	10.056108	714.55	641.95	80.0	28080000	0.0	11.334642	-0.003548066	-0.5625902	0.8495976	0.0031079156	0.023558334	49.0	6279.9059908390045
234	680.32855	47.743134	792.3	424.2	78.51428	28200000	1.2805685e-09	8.107243	-0.003419817	-0.26370966	0.8429396	0.0027193655	0.024275001	49.0	6306.752937555313
235	682.96893	15.607025	699.65	593.85	80.0	28320000	1.8626451e-09	8.753337	-0.0033742907	-0.1980955	0.812418	0.0030439198	0.022983333	49.0	6335.437873125076
236	668.3068	43.914417	696.6	466.9	80.0	28440000	-7.683411e-09	10.465254	-0.0033438373	-0.36088133	0.8129999	0.002681348	0.022108335	49.0	6362.268646478653
237	683.29584	8.871622	700.5	638.35	80.0	28560000	-1.8626451e-09	7.8100157	-0.003359026	-0.2659645	0.82282937	0.0030224465	0.020608336	49.0	6389.147941112518
238	693.43286	23.12555	791.0	679.8	76.789474	28680000	3.259629e-09	8.070087	-0.0033992415	-0.15114135	0.8036831	0.003741817	0.026566666	49.0	6415.297737121582
239	690.6671	25.800884	795.0	677.3	76.97143	28800000	2.7939677e-09	7.1720676	-0.0035320388	-0.1557545	0.8361724	0.0033295562	0.029808333	49.0	6440.7977957725525
240	687.68195	29.531847	793.5	598.45	77.111115	28920000	-5.5879354e-09	7.3425035	-0.0034356269	-0.15528303	0.8136482	0.0030442546	0.023983333	49.0	6466.122525930405
241	685.2365	32.676575	793.7	523.9	78.5946	29040000	9.313226e-10	8.232041	-0.0033176665	-0.25294888	0.7871239	0.002700007	0.02245	49.0	6492.347386598587
242	686.29486	57.889374	794.4	380.0	75.948715	29160000	1.8626451e-09	7.899992	-0.003260189	-0.29183805	0.7596619	0.00311049	0.024825	49.0	6519.24498963356
243	683.7797	21.513128	707.85	561.2	80.0	29280000	9.313226e-10	7.0379696	-0.0034870603	-0.1836251	0.76720715	0.003369683	0.027075	49.0	6546.909301519394
244	688.5386	17.791763	790.3	679.1	78.542854	29400000	3.7252903e-09	6.94207	-0.0033735768	-0.19449621	0.81124014	0.0031474885	0.023591667	49.0	6573.207836151123
245	690.49036	54.504917	795.5	427.15	74.638885	29520000	8.381903e-09	7.842351	-0.0030983551	-0.21196723	0.7735659	0.0034304636	0.023658333	49.0	6597.203656435013
246	693.2675	30.904663	794.9	637.5	75.75676	29640000	-4.1909516e-09	8.009659	-0.0032725832	-0.19006944	0.7834989	0.003636863	0.024149999	49.0	6622.840052366257
247	699.3257	33.161526	794.9	680.2	74.07692	29760000	-7.450581e-09	8.294271	-0.0032975613	-0.19766599	0.7412617	0.0032390244	0.024533333	49.0	6648.918754339218
248	696.89124	50.425278	794.8	479.25	72.525	29880000	1.0244548e-08	10.415918	-0.0031521013	-0.41769212	0.70684934	0.0025714699	0.018866666	49.0	6676.296926498413
249	702.5462	38.21676	794.3	675.8	72.02564	30000000	-7.3341653e-09	7.27013	-0.0034081582	-0.26963174	0.7457523	0.0030490947	0.025	49.0	6704.164769887924
250	714.17725	54.404556	795.4	543.8	64.88636	30120000	1.8626451e-09	10.5324335	-0.003061984	-0.3213554	0.6820453	0.0029495212	0.023750002	49.0	6730.666828155518
251	725.2437	49.862015	795.6	677.9	61.354168	30240000	-3.259629e-09	9.042142	-0.0034775713	-0.21822709	0.6630575	0.0032152208	0.024475	49.0	6756.895310640335
252	744.3591	51.08604	795.5	682.4	52.236362	30360000	1.3969839e-09	10.361923	-0.0032147835	-0.24731207	0.5931611	0.0027810638	0.021716667	49.0	6781.257575035095
253	733.56665	67.951256	797.5	477.65	53.842106	30480000	-4.656613e-09	12.389641	-0.0032551703	-0.34664512	0.58406186	0.0026801883	0.023358334	49.0	6805.058221817017
254	760.6872	46.311737	795.9	681.6	43.6	30600000	-9.313226e-10	12.491651	-0.0034222705	-0.4545462	0.5363201	0.0030303888	0.024666667	49.0	6830.33495092392
255	755.8465	68.50514	797.7	362.55	43.09722	30720000	4.656613e-09	13.857638	-0.003112635	-0.3688929	0.49148822	0.002624493	0.021991666	49.0	6856.197509527206
256	768.51666	42.95886	795.4	680.8	39.84	30840000	-9.313226e-09	13.25587	-0.0031294366	-0.28849363	0.49719128	0.0027131357	0.018858332	49.0	6881.442076444626
257	775.3726	42.014015	797.1	611.15	35.895348	30960000	1.0244548e-08	14.108538	-0.002979306	-0.24557805	0.40597445	0.00185342	0.0179	49.0	6907.535098075867
258	777.5776	35.847576	798.1	681.95	35.597702	31080000	5.122274e-09	13.347361	-0.003083147	-0.1759572	0.41652954	0.0022642044	0.019225001	49.0	6933.590753555298
259	783.3364	32.157078	798.5	585.2	32.15625	31200000	6.519258e-09	14.47611	-0.0031026904	-0.27047205	0.36650097	0.0022690725	0.017433334	49.0	6960.284424543381
260	776.523	46.808167	798.0	491.2	34.54945	31320000	1.3038516e-08	16.660807	-0.0030992948	-0.3213129	0.3626073	0.0025804932	0.021475	49.0	6985.049557685852
261	780.8022	30.88375	797.1	682.5	34.0	31440000	-8.8475645e-09	15.794001	-0.003202983	-0.25172246	0.35649875	0.0027241511	0.01825	49.0	7010.529512882233
262	784.317	28.428076	797.9	684.7	32.32979	31560000	-1.1641532e-10	14.844626	-0.0033309972	-0.22411716	0.35021606	0.003376575	0.021375	49.0	7036.567089080811
263	781.7913	45.79351	797.4	407.85	31.918367	31680000	7.450581e-09	17.25102	-0.0034175916	-0.4567263	0.3222726	0.0028151574	0.019475002	49.0	7064.498989582062
264	786.39044	22.752945	798.1	683.7	31.08	31800000	8.1490725e-09	15.17694	-0.003105769	-0.27217484	0.34366757	0.0078103766	0.023825001	49.0	7089.027934074402
265	779.1994	33.997307	797.3	635.5	34.16129	31920000	1.4901161e-08	16.077036	-0.0031621272	-0.48469496	0.33689588	0.0022837487	0.018941667	49.0	7114.282352209091
266	772.0097	53.94557	797.8	465.45	36.21839	32040000	-4.1909516e-09	14.051809	-0.003052175	-0.32613802	0.39088926	0.0021997357	0.018858332	49.0	7140.569975137711
267	774.28314	44.431602	797.7	535.45	35.976746	32160000	-1.1175871e-08	15.14865	-0.003215987	-0.250651	0.39146858	0.0033034764	0.0197	49.0	7166.928790330887
268	779.7388	33.475754	797.5	683.4	34.88764	32280000	-2.7939677e-09	13.481837	-0.003102589	-0.25362837	0.3724794	0.0026263553	0.021458331	49.0	7192.984102964401
269	768.41925	57.398075	797.2	539.9	37.395348	32400000	1.0477379e-08	15.687185	-0.0031928956	-0.2984351	0.37538135	0.002401393	0.017641667	49.0	7220.751932144165
270	771.62195	45.466476	797.4	520.35	37.70238	32520000	1.21071935e-08	13.583349	-0.0032915631	-0.20871902	0.39116383	0.0025687506	0.021608334	49.0	7249.7388215065
271	784.32184	29.69294	797.6	656.75	31.96875	32640000	5.9371814e-09	13.691362	-0.0030352576	-0.29863727	0.34764707	0.002550539	0.019483333	49.0	7277.016867399216
272	776.9801	37.30928	797.8	637.05	35.44318	32760000	-4.656613e-09	13.176628	-0.0032213484	-0.17632711	0.3864639	0.0025548895	0.020291667	49.0	7303.659415245056
273	773.89026	48.406837	797.5	551.75	35.609196	32880000	-4.656613e-10	13.771023	-0.0032244348	-0.24225008	0.3855686	0.002348573	0.019466667	49.0	7331.183543205261
274	766.2057	51.69932	798.0	533.95	39.55696	33000000	-6.519258e-09	14.960369	-0.0033899061	-0.35938883	0.4036979	0.0026606028	0.021091666	49.0	7356.552706718445
275	768.5078	41.048065	797.0	564.95	39.324677	33120000	-1.0244548e-08	13.213314	-0.003197801	-0.3150034	0.43311876	0.002238109	0.018641667	49.0	7382.70528793335
276	760.9648	42.108845	797.5	670.2	44.028168	33240000	3.7252903e-09	12.481085	-0.003539296	-0.27741134	0.4626938	0.0028201118	0.024375	49.0	7409.906145572662
277	752.29614	44.50899	797.4	622.35	48.123077	33360000	-1.8626451e-09	11.727343	-0.0034853658	-0.24270451	0.46774593	0.0025415237	0.022608332	49.0	7436.705351352692
278	729.98944	58.88706	795.5	460.75	56.789474	33480000	0.0	14.770259	-0.0038474374	-0.45745176	0.49642736	0.0024646642	0.026375001	49.0	7463.533633708954
279	755.0485	37.616577	797.9	623.95	46.558823	33600000	-3.259629e-09	13.350853	-0.0033548556	-0.40644562	0.4650783	0.002618269	0.022608332	49.0	7490.988223791122
280	755.1881	29.86886	795.4	685.15	46.77778	33720000	9.778887e-09	12.875555	-0.0033464427	-0.2969569	0.49728948	0.0030572386	0.025866665	49.0	7518.64481139183
281	751.48065	34.23563	795.0	679.7	48.887096	33840000	-4.656613e-09	11.10342	-0.0035586057	-0.2537701	0.48225975	0.0027677952	0.022841666	49.0	7545.685529470444
282	743.3492	42.38199	795.5	620.55	51.766666	33960000	4.656613e-09	11.206009	-0.0030833222	-0.1929642	0.4688134	0.0020774696	0.021883333	49.0	7571.711509466171
283	749.84186	38.054115	795.6	656.75	49.098362	34080000	3.7252903e-09	11.828532	-0.0031565926	-0.18356025	0.47240946	0.0024810666	0.024916667	49.0	7598.686138629913
284	752.60315	36.50611	795.3	676.45	48.125	34200000	-9.778887e-09	11.192669	-0.0033703167	-0.17586958	0.45154616	0.002464003	0.023	49.0	7626.2494349479675
285	759.8336	29.940752	791.7	679.65	44.842857	34320000	2.7939677e-09	13.161582	-0.0030019106	-0.2234683	0.42244285	0.0022282694	0.019566666	49.0	7652.107979297638
286	760.1138	29.835558	787.9	682.7	44.898552	34440000	-9.778887e-09	11.544777	-0.0032482482	-0.18300247	0.43254578	0.0027217735	0.022116665	49.0	7678.409240245819
287	754.5279	50.53547	783.5	548.75	44.214287	34560000	-5.5879354e-09	12.117468	-0.003301858	-0.29146338	0.40946645	0.00253291	0.024291666	49.0	7704.287422180176
288	761.8112	31.91817	791.7	682.4	43.577465	34680000	6.0535967e-09	12.046268	-0.0032775272	-0.22718394	0.41089052	0.003028342	0.024016667	49.0	7729.46351480484
289	753.2831	36.783604	786.1	681.6	48.29032	34800000	-1.0244548e-08	10.912204	-0.0033425298	-0.19665742	0.4274524	0.002745362	0.021983333	49.0	7753.978896617889
290	756.39496	38.810528	786.3	660.1	45.885715	34920000	-4.656613e-10	12.260342	-0.0028755073	-0.17096639	0.39384282	0.002214742	0.017891668	49.0	7781.176326990128
291	763.5868	32.365086	792.5	683.3	42.666668	35040000	5.355105e-09	11.831966	-0.0033429358	-0.15150964	0.4049928	0.004265242	0.023674998	49.0	7808.599113702774
292	762.25684	34.458843	788.0	635.55	42.958904	35160000	0.0	13.433202	-0.003271146	-0.24049914	0.3982059	0.002437991	0.021983333	49.0	7835.125541448593
293	751.5189	42.92107	787.4	670.55	48.469696	35280000	4.656613e-09	11.710094	-0.003010787	-0.258924	0.3908532	0.0021526136	0.019183334	49.0	7861.663131952286
294	759.0696	38.343353	786.3	644.65	44.565216	35400000	-5.5879354e-09	12.434287	-0.0031935258	-0.24144685	0.40126836	0.0023950462	0.019441668	49.0	7888.186697483063
295	758.6331	37.73557	788.5	667.8	45.014706	35520000	-1.0244548e-08	12.488195	-0.0032007108	-0.17699766	0.41165078	0.0028188315	0.023558334	49.0	7914.738543272018
296	755.19055	43.560165	789.9	600.15	45.768116	35640000	-9.313226e-10	11.168045	-0.0031092726	-0.25510156	0.37980777	0.00212705	0.021666666	49.0	7940.115875005722
297	761.62103	35.699085	793.8	682.4	43.913044	35760000	3.7252903e-09	11.789012	-0.002947025	-0.21150947	0.380041	0.0025454843	0.02145	49.0	7965.367871761322
298	768.7098	30.739937	790.5	687.0	40.11842	35880000	-5.5879354e-09	12.128679	-0.0029574037	-0.26771986	0.36052155	0.002325844	0.019975	49.0	7991.709693431854
299	764.72015	35.316994	790.0	678.35	42.25	36000000	-9.546056e-09	13.220888	-0.002906756	-0.28094757	0.3676999	0.002296715	0.018291667	49.0	8019.357621192932
300	763.0042	35.95139	790.3	679.9	43.40845	36120000	3.958121e-09	12.24371	-0.0031382167	-0.18614674	0.36959064	0.002415181	0.0214	49.0	8046.978650569916
301	761.74725	41.174778	790.2	598.95	42.60811	36240000	-3.7252903e-09	12.35071	-0.0030704066	-0.19085133	0.37114793	0.0028053536	0.021283332	49.0	8073.8419325351715
302	762.27203	38.898685	790.2	608.4	43.053333	36360000	-5.122274e-09	12.271553	-0.0029706622	-0.25724363	0.35846338	0.0024860408	0.02045	49.0	8101.499443769455
303	754.2951	47.334522	794.8	615.3	45.94366	36480000	9.313226e-10	11.074436	-0.003037382	-0.24468732	0.35346702	0.0023215069	0.020725	49.0	8129.397044181824
304	759.4352	44.075714	792.3	626.25	43.957745	36600000	-9.313226e-09	12.910324	-0.0030094376	-0.24166274	0.34891403	0.002432947	0.021525	49.0	8155.371326446533
305	768.28564	36.163265	792.6	633.55	39.4375	36720000	-5.5879354e-09	12.567249	-0.0029827647	-0.2326802	0.34811246	0.00225625	0.020216666	49.0	8181.34272480011
306	766.77405	36.338535	793.3	664.1	41.012657	36840000	-1.3969839e-09	11.762243	-0.0028969683	-0.17548323	0.34049103	0.0024757194	0.020283334	49.0	8205.65724492073
307	773.1839	33.827103	790.6	594.2	36.735634	36960000	1.3969839e-09	12.990289	-0.0028736435	-0.24480093	0.324602	0.0021896458	0.01735	49.0	8231.648423433304
308	765.56104	38.36729	794.1	637.85	41.42857	37080000	7.916242e-09	12.126955	-0.0029885934	-0.21122551	0.3361135	0.0023653796	0.018266667	49.0	8257.76149225235
309	774.2085	30.131496	792.2	645.6	36.638554	37200000	5.5879354e-09	14.185455	-0.0030233925	-0.22048962	0.32870847	0.002149284	0.019716669	49.0	8284.876579523087
310	764.8192	44.81319	792.7	548.0	40.794872	37320000	2.3283064e-10	15.815693	-0.0031122945	-0.39172447	0.32244384	0.0024805348	0.021983333	49.0	8311.2087829113
311	768.53394	39.45992	794.2	581.75	39.197533	37440000	9.313226e-10	12.876408	-0.0029755519	-0.30047393	0.3252735	0.0019512426	0.017983332	49.0	8338.632548570633
312	762.0578	58.219097	794.4	416.15	40.33766	37560000	-3.958121e-09	14.367781	-0.00315016	-0.29000592	0.32730502	0.0019402581	0.019041667	49.0	8366.349970579147
313	759.3651	50.470924	794.3	559.95	42.513157	37680000	5.122274e-09	15.3921995	-0.0032511132	-0.24588203	0.32314196	0.002399917	0.021458333	49.0	8393.689078330994
314	768.5081	34.80435	793.6	683.9	40.3625	37800000	-3.259629e-09	12.62906	-0.0032259827	-0.28432024	0.3445713	0.002541896	0.020166667	49.0	8420.199218988419
315	770.9541	50.492104	795.0	414.05	36.517647	37920000	9.313226e-09	15.1795845	-0.0031656378	-0.39600003	0.3095035	0.0025191135	0.020108333	49.0	8446.823210954666
316	760.1161	68.16619	793.7	428.5	39.47619	38040000	1.21071935e-08	17.640102	-0.0030293553	-0.46709716	0.31474018	0.0023910827	0.018766668	49.0	8472.742740392685
317	778.3131	28.884779	796.4	653.15	34.715908	38160000	4.1909516e-09	14.637665	-0.0031481213	-0.34958804	0.30170614	0.002513945	0.019708334	49.0	8498.755897045135
318	768.8601	50.531963	794.5	524.3	37.36905	38280000	-6.519258e-09	14.5678835	-0.0031803006	-0.32794738	0.30502284	0.001940194	0.020475	49.0	8526.092899799347
319	775.03503	36.795277	794.4	551.8	35.689655	38400000	-9.778887e-09	15.336311	-0.0032173977	-0.31085742	0.29983562	0.002545496	0.020675	49.0	8552.725117444992
320	770.32764	46.282063	795.1	521.3	37.070587	38520000	5.5879354e-09	15.118858	-0.002985112	-0.22828913	0.2987997	0.0023089051	0.020466667	49.0	8577.685471534729
321	756.93225	68.83538	796.1	431.3	41.151897	38640000	-1.3504177e-08	15.598405	-0.0029083823	-0.5044724	0.30648836	0.0021017431	0.019233335	49.0	8604.65708732605
322	773.9256	40.918415	794.2	508.35	36.329544	38760000	8.381903e-09	14.624351	-0.0028302895	-0.30815077	0.2909416	0.0023038299	0.018716667	49.0	8628.932458162308
323	772.1965	42.577335	796.6	541.55	36.988373	38880000	-1.3969839e-09	14.6596575	-0.0027802745	-0.20631099	0.2905646	0.0025416994	0.020325	49.0	8654.592152833939
324	772.7762	42.513702	794.9	559.5	36.70238	39000000	-1.1175871e-08	13.375578	-0.0028824292	-0.23474932	0.29511246	0.0022912456	0.019183334	49.0	8683.290281534195
325	766.8212	82.289406	796.7	220.55	34.815216	39120000	1.3969839e-08	17.831142	-0.0027013603	-0.54710007	0.26935866	0.0019012941	0.017141666	49.0	8711.42476272583
326	775.0287	46.060215	796.5	434.0	35.483517	39240000	-5.5879354e-09	14.375471	-0.002855522	-0.28808284	0.27689427	0.0023989868	0.018608334	49.0	8738.017738580704
327	780.0929	28.308376	796.8	680.2	34.108696	39360000	-1.3969839e-08	13.066126	-0.002769744	-0.25096393	0.2759961	0.002457121	0.016925	49.0	8764.764503240585
328	781.00714	27.051016	797.1	674.9	33.782608	39480000	-1.1641532e-09	15.022277	-0.002836404	-0.25355625	0.27911755	0.0021105562	0.016933333	49.0	8792.255071878433
329	781.9392	30.62312	797.1	584.45	32.85567	39600000	-1.0244548e-08	13.431698	-0.0025555443	-0.2570697	0.26343006	0.0020883756	0.016683334	49.0	8818.974539518356
330	786.7485	18.081455	796.6	670.5	30.554455	39720000	-5.122274e-09	14.711041	-0.002414798	-0.20048189	0.24679288	0.0017327352	0.015483333	49.0	8845.922107696533
331	783.07074	25.021135	797.5	678.1	32.61702	39840000	3.7252903e-09	13.650747	-0.0026333462	-0.21517849	0.2609632	0.0023011738	0.018433332	49.0	8872.40335893631
332	785.5067	22.666899	797.1	682.55	31.402061	39960000	2.3283064e-09	15.638062	-0.0026837043	-0.32467914	0.25012004	0.0020314935	0.017825	49.0	8898.685824155807
333	774.719	49.181873	796.9	433.45	34.95652	40080000	-5.122274e-09	13.267644	-0.002532198	-0.29706228	0.26196104	0.0017868984	0.01685	49.0	8925.294885873795
334	788.5116	17.115585	796.7	678.45	29.84466	40200000	-8.1490725e-09	14.296066	-0.0027720127	-0.2699759	0.23977143	0.0023605695	0.017958334	49.0	8949.727808237076
335	780.0173	41.829006	796.7	463.15	32.979168	40320000	2.3283064e-09	13.836138	-0.0025582504	-0.20517838	0.25783178	0.001852805	0.016233332	49.0	8972.491205215454
336	785.4965	24.779396	797.0	682.35	31.574257	40440000	5.5879354e-09	14.610769	-0.0023359829	-0.22837329	0.23372981	0.0019712264	0.013841666	49.0	8999.677411556244
337	784.3555	31.777046	797.2	572.45	31.464647	40560000	9.778887e-09	13.273414	-0.0025611706	-0.251886	0.2374499	0.0023818035	0.015975	49.0	9029.361603975296
338	783.809	35.402718	797.5	558.8	31.181818	40680000	-1.1175871e-08	14.596035	-0.002657048	-0.19919145	0.23864901	0.0019021649	0.016433332	49.0	9058.545422315598
339	783.57135	45.078304	797.3	446.8	30.572815	40800000	-5.5879354e-09	13.848526	-0.0025483856	-0.20074117	0.22557944	0.0019909285	0.015508333	49.0	9087.79790019989
340	785.1043	40.285854	797.4	473.1	30.066668	40920000	1.2572855e-08	13.486486	-0.0024715331	-0.21989429	0.21936229	0.0018142917	0.016166667	49.0	9114.772116184235
341	782.76263	36.213924	797.5	587.65	31.939394	41040000	-5.5879354e-09	13.813432	-0.0023718262	-0.28013015	0.2280369	0.0019718765	0.017091665	49.0	9141.451818227768
342	787.40625	23.720646	797.1	674.75	30.291262	41160000	-1.0360964e-08	13.194931	-0.002406503	-0.1959995	0.22474405	0.0020013691	0.0148	49.0	9168.015725374222
343	780.33624	41.979256	797.1	556.7	32.877552	41280000	1.8626451e-09	13.55464	-0.0024882942	-0.2089771	0.23373914	0.0020843956	0.016608333	49.0	9194.594679832458
344	783.98303	35.581665	797.6	584.65	31.11	41400000	-4.656613e-10	13.432678	-0.0025696843	-0.18113518	0.22166635	0.002073906	0.016141666	49.0	9221.44293165207
345	788.8024	23.523298	797.7	670.05	29.69903	41520000	1.071021e-08	13.509182	-0.0026211427	-0.21675777	0.2286605	0.0020435893	0.016275	49.0	9248.012677907944
346	782.7161	36.214912	797.3	601.6	32.0101	41640000	1.4901161e-08	13.17334	-0.002657377	-0.21498811	0.23251343	0.0021359157	0.016675	49.0	9275.533160686493
347	792.116	14.834711	797.2	665.25	27.915094	41760000	-9.546056e-09	13.88493	-0.0025789074	-0.21692455	0.2112911	0.0018152678	0.0173	49.0	9301.774854183197
348	791.1324	18.798304	797.2	677.05	28.36111	41880000	-2.7939677e-09	13.926388	-0.0027203308	-0.18622768	0.2002534	0.0020826063	0.016516667	49.0	9328.55091547966
349	788.7109	38.32292	797.3	447.75	28.290909	42000000	-1.792796e-08	13.710063	-0.00237274	-0.24401093	0.19488475	0.0020803139	0.015124999	49.0	9355.127593755722
350	790.9537	19.815496	797.1	681.4	28.694445	42120000	-4.1909516e-09	14.87577	-0.002452171	-0.25149274	0.20036668	0.002117464	0.016858332	49.0	9383.704188108444
351	790.97534	19.828615	797.4	651.85	28.588785	42240000	-7.21775e-09	13.8155	-0.0025340144	-0.21496415	0.20262878	0.0017435686	0.014208334	49.0	9411.44139122963
352	792.81964	11.632545	797.5	695.6	27.571428	42360000	-5.122274e-09	13.834153	-0.0023448274	-0.22311461	0.19613877	0.0019849045	0.013858333	49.0	9438.673810482025
353	784.1776	44.639175	797.5	441.3	30.361904	42480000	-9.313226e-09	14.567894	-0.0026763384	-0.3244108	0.2111088	0.0020752489	0.016116668	49.0	9465.7542386055
354	793.95135	5.265239	797.8	761.2	27.061947	42600000	-1.8044375e-09	14.102291	-0.0027567646	-0.26892698	0.19031379	0.0022906465	0.018116668	49.0	9492.26452255249
355	793.21375	13.225916	797.5	678.4	27.40367	42720000	6.519258e-09	13.22013	-0.0025314582	-0.21077955	0.20416848	0.0018933053	0.015708333	49.0	9520.704241275787
356	790.2009	23.497631	797.3	636.8	28.623854	42840000	2.561137e-09	14.251388	-0.002513477	-0.24754655	0.20010437	0.0018123803	0.014491666	49.0	9546.772229909897
357	790.10754	21.65986	799.3	649.9	29.075472	42960000	-4.656613e-09	14.129471	-0.0026441612	-0.2206347	0.20417172	0.0021907818	0.014766666	49.0	9573.104236364365
358	791.1505	22.278131	797.3	626.7	28.21101	43080000	-6.2864274e-09	14.280039	-0.0026112986	-0.2421397	0.19632185	0.002353055	0.018516667	49.0	9599.433146953583
359	791.7252	29.402756	797.4	485.75	27.225225	43200000	-3.259629e-09	14.051095	-0.00243197	-0.21038222	0.19503109	0.0018127847	0.0156166665	49.0	9627.624701738358
360	789.4659	24.667881	797.4	633.55	29.13084	43320000	6.9849193e-10	13.952997	-0.0025497545	-0.28035152	0.20560226	0.0021900418	0.017091667	49.0	9652.548514604568
361	794.15137	9.769934	797.8	694.7	27.017698	43440000	-6.7520887e-09	13.287386	-0.0021997232	-0.23168755	0.18660435	0.0014992733	0.012983333	49.0	9679.720482826233
362	793.1854	15.710765	797.7	635.75	27.265488	43560000	-3.7252903e-09	13.7373295	-0.0023056008	-0.20247996	0.18743941	0.001722301	0.0136916675	49.0	9707.740152359009
363	791.1344	20.218964	797.4	634.65	28.266054	43680000	8.381903e-09	13.79196	-0.0025633888	-0.19143438	0.19721974	0.0037155612	0.017749999	49.0	9734.675812244415
364	792.3591	16.645308	797.5	649.1	27.709091	43800000	-9.778887e-09	13.9799385	-0.002350556	-0.15763831	0.19420841	0.0019737652	0.012858333	49.0	9763.175706148148
365	787.92316	38.646275	797.3	449.9	28.933962	43920000	-8.381903e-09	13.791376	-0.0026083353	-0.18581808	0.2042154	0.0019250686	0.017925002	49.0	9789.963347673416
366	790.4069	23.050379	797.5	625.0	28.477064	44040000	5.122274e-09	13.239424	-0.0022410322	-0.20846784	0.19730332	0.0018669495	0.0144	49.0	9816.630878210068
367	793.93695	8.56955	797.7	709.25	27.216217	44160000	8.96398e-09	13.180653	-0.0022204695	-0.111267686	0.18890911	0.001738097	0.014	49.0	9845.062071561813
368	792.9085	15.59355	797.4	635.3	27.410715	44280000	-1.8626451e-09	13.130709	-0.0025307983	-0.1819998	0.19132471	0.0019013851	0.014033334	49.0	9872.36845254898
369	790.1217	21.723232	797.6	671.0	29.160378	44400000	-1.094304e-08	12.914832	-0.0026210449	-0.22045946	0.20699167	0.0021954342	0.016283333	49.0	9899.797645330429
370	792.62695	18.502941	797.4	614.1	27.594595	44520000	1.1175871e-08	13.335333	-0.0024641366	-0.16928518	0.18918727	0.0017388966	0.012733333	49.0	9928.421609640121
371	785.49426	34.366142	797.5	608.5	30.557692	44640000	6.519258e-09	13.222908	-0.0025783512	-0.22573769	0.21501367	0.0018505247	0.014766667	49.0	9953.60372710228
372	795.08954	1.8558528	797.5	788.05	26.55856	44760000	4.4237822e-09	13.370676	-0.0022137738	-0.17355597	0.18574221	0.0016572118	0.012341667	49.0	9979.105923175812
373	791.85455	18.195604	797.5	660.85	28.063637	44880000	-2.0954758e-09	13.149574	-0.0021736491	-0.20163798	0.19359957	0.0016248164	0.013275	49.0	10005.740550041199
374	793.53235	15.665624	797.6	633.0	27.198198	45000000	-2.3283064e-09	13.075184	-0.0021049008	-0.16176689	0.18131849	0.001780861	0.013625	49.0	10032.819543838501
375	791.754	30.770622	797.4	471.25	27.315315	45120000	-4.1909516e-09	13.756399	-0.0022539562	-0.18106341	0.18211178	0.0016415816	0.013	49.0	10060.224721193314
376	790.4976	20.145582	797.8	670.8	28.943396	45240000	1.3504177e-08	13.441589	-0.0024318222	-0.21494436	0.20118791	0.0024027051	0.0167	49.0	10087.83126115799
377	792.2455	15.020179	797.4	698.1	28.245455	45360000	-1.3969839e-09	13.855689	-0.0023382395	-0.23812675	0.1893271	0.0018463592	0.01535	49.0	10114.819956541061
378	793.0773	14.602984	797.8	672.5	27.654545	45480000	9.313226e-10	14.049053	-0.0024541346	-0.33606887	0.18820228	0.0015916955	0.014741668	49.0	10140.881553649902
379	793.16815	16.847033	797.8	642.9	27.427273	45600000	-9.778887e-09	13.406424	-0.0024086696	-0.20808959	0.17603427	0.0019092805	0.014375	49.0	10167.98063993454
380	795.02094	5.124163	797.5	759.1	26.704348	45720000	2.7939677e-09	13.530476	-0.002270613	-0.22040713	0.17392483	0.0016509946	0.012925	49.0	10194.905719995499
381	790.7727	24.217455	797.6	585.2	28.454546	45840000	5.122274e-09	13.48888	-0.0025016721	-0.3579179	0.18896586	0.0019761415	0.01595	49.0	10223.484758615494
382	794.61304	8.284945	798.0	713.5	27.0	45960000	1.1641532e-08	13.513269	-0.0022913627	-0.26928604	0.17159428	0.0016829798	0.014341667	49.0	10251.727335691452
383	792.55975	17.189259	797.5	673.25	27.814816	46080000	3.7252903e-09	13.503132	-0.0026852423	-0.21127927	0.19378993	0.0020576078	0.016216666	49.0	10278.8159365654
384	792.43066	16.192537	797.5	690.65	28.100918	46200000	5.122274e-09	13.363823	-0.0025763074	-0.25564086	0.1834959	0.0018366574	0.015166667	49.0	10305.906795501709
385	792.1031	20.998646	797.5	624.15	27.892857	46320000	-9.313226e-09	13.213629	-0.0023861993	-0.2915976	0.17759773	0.0019043603	0.013225	49.0	10333.010644435883
386	789.06775	25.166445	797.8	672.6	29.64423	46440000	-5.122274e-09	12.834284	-0.0025540045	-0.21637523	0.20226465	0.00193188	0.015333334	49.0	10359.649725675583
387	794.1513	10.97003	797.6	692.0	27.201754	46560000	7.566996e-09	13.621306	-0.0023732707	-0.259786	0.17210668	0.0017169291	0.014366667	49.0	10386.2623898983
388	786.38855	34.528233	797.5	582.15	29.895239	46680000	6.519258e-09	14.620566	-0.0027268955	-0.3431611	0.19983101	0.0018750218	0.016658334	49.0	10414.515949010849
389	791.32385	21.089308	797.5	651.25	28.252253	46800000	-6.0535967e-09	13.729599	-0.0024651967	-0.19976926	0.18608028	0.0013700569	0.014583333	49.0	10441.979485750198
390	791.7834	20.58601	799.4	631.95	28.009008	46920000	-4.656613e-10	14.034328	-0.0024212208	-0.2511016	0.17715903	0.0017152872	0.014191667	49.0	10469.088482141495
391	789.4853	28.941542	797.6	580.25	28.908257	47040000	-3.7252903e-09	13.4623575	-0.002552078	-0.2764765	0.19552028	0.0021178583	0.016625	49.0	10497.335995674133
392	793.09814	18.045424	800.0	631.75	27.371681	47160000	1.3969839e-09	14.435702	-0.0025753411	-0.35687017	0.1753356	0.0017795393	0.016108334	49.0	10524.52395439148
393	791.1068	22.273731	797.5	637.9	28.227272	47280000	-1.3969839e-09	13.762129	-0.0026670084	-0.306998	0.1867783	0.0018637462	0.015883334	49.0	10552.382910490036
394	792.1622	20.234533	799.6	666.5	27.846848	47400000	-6.7520887e-09	13.443326	-0.0024849128	-0.21974719	0.19691427	0.0018538312	0.015508333	49.0	10578.339844942093
395	794.20483	7.076779	797.6	732.2	27.061403	47520000	-4.4237822e-09	14.768894	-0.0027227446	-0.3548143	0.1814462	0.0020833593	0.016975	49.0	10604.516127824783
396	787.0144	31.91791	797.4	613.3	29.920792	47640000	-8.1490725e-09	13.863779	-0.0030451242	-0.32872176	0.21720225	0.0025309352	0.019783333	49.0	10632.399431705475
397	791.32776	19.811684	797.4	673.9	28.444445	47760000	-3.958121e-09	14.112757	-0.0028827577	-0.2645197	0.2039109	0.0022640903	0.018624999	49.0	10659.26222205162
398	792.08215	21.32679	797.3	626.1	27.85321	47880000	5.5879354e-09	14.577684	-0.002681409	-0.34519136	0.19315645	0.0018317697	0.016666666	49.0	10686.16332602501
399	794.2176	5.524245	797.4	753.05	26.912281	48000000	8.265488e-09	14.973003	-0.0028073397	-0.29310572	0.18249932	0.001746828	0.015700001	49.0	10713.953752040863
400	792.00183	21.903534	797.4	623.65	27.727272	48120000	7.450581e-09	14.371721	-0.0025648265	-0.25015318	0.19267932	0.0020879835	0.015516668	49.0	10741.355327129364
401	792.6693	16.929886	797.6	672.0	27.587156	48240000	-6.9849193e-09	14.664837	-0.0024905247	-0.2584654	0.19996217	0.001845912	0.013466667	49.0	10768.90298986435
402	789.5823	22.561672	797.3	676.1	29.542856	48360000	-1.1641532e-09	14.360194	-0.0027218494	-0.30811453	0.19951504	0.001950893	0.016283333	49.0	10796.182463169098
403	792.8198	13.637147	797.5	671.8	27.54955	48480000	-5.820766e-09	14.31577	-0.00252542	-0.29376173	0.1907129	0.0019186847	0.016575001	49.0	10826.538574934006
404	791.1587	17.530668	797.6	677.6	28.541285	48600000	3.3760443e-09	14.456142	-0.002331105	-0.3020128	0.19761494	0.0019675614	0.0153250005	49.0	10853.691982746124
405	791.9836	18.33873	798.0	675.5	28.172728	48720000	9.546056e-09	13.548298	-0.0021757572	-0.2443552	0.191532	0.0020069322	0.014025	49.0	10883.030084371567
406	792.9174	15.417395	797.3	675.8	27.696428	48840000	-5.122274e-09	13.6559305	-0.0024595507	-0.25647175	0.17915982	0.002043118	0.014408333	49.0	10910.024936914444
407	794.66455	9.904875	797.7	693.85	26.863247	48960000	0.0	13.927862	-0.0022518625	-0.19292402	0.16864003	0.0014189144	0.014275	49.0	10936.763108491898
408	792.6946	14.329241	797.5	692.85	27.783783	49080000	1.4202669e-08	14.024298	-0.0023294783	-0.20621073	0.18135417	0.0020887027	0.0142749995	49.0	10960.419028282166
409	795.06024	8.556919	797.4	704.6	26.692308	49200000	5.2386895e-09	14.022345	-0.0022104548	-0.32021022	0.1589441	0.0020014688	0.014	49.0	10984.491107940674
410	791.93445	19.032028	797.8	640.9	28.073395	49320000	-8.381903e-09	12.98733	-0.0022422709	-0.22879183	0.18346673	0.0017797635	0.0150666665	49.0	11014.445392131805
411	794.38336	10.0996	798.1	695.15	26.973684	49440000	-1.9790605e-08	14.172912	-0.002156753	-0.27500963	0.16967334	0.0016603693	0.014341667	49.0	11041.809158325195
412	793.2188	14.776835	797.5	685.75	27.642202	49560000	0.0	13.948984	-0.0023777387	-0.21636546	0.1808865	0.002244008	0.015166666	49.0	11071.296359300613
413	791.3646	19.171286	797.8	675.6	28.386793	49680000	-4.656613e-10	15.840641	-0.0027020061	-0.36587298	0.19117397	0.0018520376	0.016983332	49.0	11099.287915468216
414	786.74066	26.66689	797.7	672.1	30.764706	49800000	-4.656613e-10	14.565172	-0.0029572523	-0.50669074	0.21518108	0.0022205976	0.018916667	49.0	11126.763933897018
415	788.85376	25.401003	797.5	673.45	29.679245	49920000	4.656613e-09	13.88707	-0.0029416832	-0.29596615	0.19568314	0.0019394575	0.018716667	49.0	11154.177070379257
416	790.2555	25.27846	799.35	609.65	28.779816	50040000	8.1490725e-09	13.810353	-0.0028108144	-0.3307103	0.18806067	0.0021344582	0.017941667	49.0	11183.222519874573
417	788.4151	25.368567	797.6	654.7	29.85849	50160000	-3.8417056e-09	14.256976	-0.0030766055	-0.2819687	0.19715896	0.0019698686	0.019074999	49.0	11211.395941734314
418	790.2164	22.79473	799.6	677.2	29.102804	50280000	-1.8626451e-09	13.419765	-0.0031454654	-0.38440323	0.20155722	0.002579634	0.022183333	49.0	11238.41622018814
419	788.0966	25.508356	799.6	677.0	30.384615	50400000	1.3969839e-09	12.847834	-0.0029481072	-0.2627951	0.20656681	0.0025227189	0.018683333	49.0	11265.091922521591
420	791.38025	22.977146	799.7	646.75	28.247707	50520000	4.656613e-09	13.136799	-0.002663143	-0.26898313	0.18753666	0.0017294743	0.014283333	49.0	11291.804366588593
421	794.44525	12.231475	799.6	676.5	27.02564	50640000	-3.958121e-09	13.9315605	-0.0029392801	-0.2809447	0.17235222	0.002129768	0.01705	49.0	11319.554396867752
422	788.2895	27.967514	799.7	629.3	29.742857	50760000	7.450581e-09	12.279544	-0.0026726471	-0.27286375	0.20049593	0.0021071294	0.017633334	49.0	11347.360273122787
423	785.1675	32.637787	799.4	669.1	31.62	50880000	3.7252903e-09	11.948116	-0.0029628396	-0.27069163	0.21676281	0.0022925695	0.018441666	49.0	11374.822810649872
424	792.6738	17.084015	799.3	681.3	27.990992	51000000	9.778887e-09	12.671383	-0.0026696944	-0.2793653	0.18126112	0.0014348065	0.015558332	49.0	11403.060736656189
425	794.44574	12.2522955	799.5	697.4	27.206896	51120000	-2.0954758e-09	13.195574	-0.0026485943	-0.19361949	0.16668224	0.0019085892	0.017375	49.0	11431.755479812622
426	792.19257	17.888329	799.4	671.05	27.972221	51240000	-2.561137e-09	13.178541	-0.0028424785	-0.21260047	0.18724585	0.0019866256	0.016641665	49.0	11458.605069160461
427	791.48395	19.579262	799.5	677.8	28.807339	51360000	-5.5879354e-09	12.512026	-0.002666062	-0.21576643	0.1814761	0.0015752715	0.01405	49.0	11486.116145849228
428	790.2571	22.736534	799.7	677.0	29.226416	51480000	-8.381903e-09	12.654459	-0.0026340373	-0.1857177	0.19144526	0.002037445	0.014983334	49.0	11513.37547159195
429	790.54486	23.788385	799.6	673.15	28.805555	51600000	-3.7252903e-09	12.398073	-0.0022728555	-0.2298367	0.18695083	0.0014931748	0.013416667	49.0	11541.499423503876
430	792.3027	22.806232	799.6	617.95	27.743362	51720000	1.0244548e-08	12.452234	-0.0024177264	-0.25937092	0.1775196	0.0013634528	0.012758333	49.0	11569.200093507767
431	788.55426	29.120739	799.6	634.05	29.509434	51840000	1.0477379e-08	12.150728	-0.002597589	-0.1620382	0.2039431	0.0019328533	0.015925001	49.0	11597.350163459778
432	792.47064	16.58217	799.4	679.1	27.963303	51960000	3.7252903e-09	12.789522	-0.0025448557	-0.17867064	0.18063419	0.0015951974	0.015366666	49.0	11625.259124279022
433	793.3968	17.167585	799.6	679.6	27.63063	52080000	1.0477379e-09	12.013101	-0.0023194207	-0.21878076	0.17377038	0.0014986007	0.014691666	49.0	11653.113628149033
434	793.3885	19.289846	798.9	613.4	27.283186	52200000	1.21071935e-08	12.617142	-0.0024833176	-0.20572698	0.16161734	0.0015552395	0.015033333	49.0	11681.790704250336
435	794.09607	13.374058	799.6	694.35	27.234783	52320000	-4.773028e-09	12.57631	-0.0024067077	-0.22855198	0.16182098	0.0013920688	0.01415	49.0	11709.10773229599
436	792.3491	19.219076	799.7	668.45	28.061947	52440000	1.8626451e-09	12.494965	-0.0025810173	-0.18865299	0.17050953	0.0018025765	0.016975	49.0	11736.869656085968
437	792.9752	16.879751	799.6	681.2	27.747747	52560000	0.0	12.669739	-0.0026835557	-0.21725261	0.17091118	0.0017757674	0.014725	49.0	11765.499998807907
438	794.48425	12.19603	799.3	689.35	26.964912	52680000	-8.1490725e-10	12.80141	-0.002696392	-0.24297082	0.16194402	0.0017431207	0.015308333	49.0	11793.825414419174
439	794.8425	8.747166	799.5	706.85	26.77193	52800000	5.355105e-09	13.590151	-0.0026295665	-0.22896194	0.16123386	0.0018345111	0.015483334	49.0	11821.310547590256
440	795.29865	4.611199	799.7	767.8	26.452173	52920000	-4.947651e-09	13.4587	-0.0023466137	-0.2659917	0.15670237	0.001550738	0.014325	49.0	11848.269548416138
441	795.24396	7.259011	800.0	725.4	26.594828	53040000	-2.7939677e-09	13.26254	-0.0021461132	-0.28222203	0.1526644	0.0013860192	0.012916667	49.0	11876.310371398926
442	793.9382	13.553997	799.6	695.55	27.210526	53160000	5.5879354e-09	13.003471	-0.0022179899	-0.25657284	0.16058561	0.0023169406	0.013133334	49.0	11903.396608829498
443	793.55225	14.39769	799.6	681.3	27.280703	53280000	4.0745363e-09	12.684681	-0.0022689921	-0.19978666	0.16425592	0.0020421478	0.013924999	49.0	11930.699312448502
444	794.5931	11.785048	799.5	679.9	26.76724	53400000	1.2340024e-08	12.9339485	-0.0020235605	-0.2636999	0.15598543	0.0015073171	0.0145000005	49.0	11958.899284124374
445	795.91003	3.2549546	799.8	767.45	26.084034	53520000	-2.0954758e-09	12.592201	-0.0019269991	-0.17708349	0.14513533	0.0014730504	0.012158333	49.0	11987.763765096664
446	794.4548	12.4904	799.8	701.6	27.052174	53640000	8.8475645e-09	12.189639	-0.0020113874	-0.25087464	0.15124893	0.0018018858	0.013133334	49.0	12015.192207098007
447	792.7241	18.532656	799.6	679.75	27.561403	53760000	1.0244548e-08	12.080264	-0.0019836335	-0.2109065	0.16281497	0.0015253348	0.013475	49.0	12043.18259525299
448	794.00604	15.665073	799.6	664.9	27.01724	53880000	8.381903e-09	12.689466	-0.002063774	-0.18837786	0.14726584	0.0018136785	0.013475	49.0	12071.079047441483
449	795.5332	4.9037285	799.7	751.4	26.344538	54000000	-1.6822014e-08	12.634231	-0.0018694677	-0.20334792	0.14290172	0.0014445088	0.010833332	49.0	12098.570177316666
450	794.00525	10.765545	799.5	699.2	27.15652	54120000	6.6356733e-09	12.318834	-0.001990907	-0.21354449	0.14948982	0.0013180196	0.012158333	49.0	12127.497058868408
451	794.9132	11.043534	799.6	679.4	26.649572	54240000	4.656613e-09	11.6554575	-0.0017448307	-0.16133988	0.14543259	0.0014005123	0.011058334	49.0	12156.442173957825
452	791.20184	20.729376	799.7	678.2	28.709091	54360000	2.0954758e-09	12.0988865	-0.0017895973	-0.20224333	0.15467012	0.0013859142	0.012658333	49.0	12185.5775141716
453	795.5192	5.078777	799.4	749.05	26.410257	54480000	-9.313226e-10	12.569852	-0.0018860488	-0.16466963	0.14021449	0.0016294611	0.01295	49.0	12212.211141586304
454	794.57886	9.675502	799.6	695.45	26.784483	54600000	3.4924597e-09	11.8262005	-0.0019423284	-0.1428026	0.13758478	0.0013944531	0.01245	49.0	12236.783161878586
455	793.9071	12.626102	799.6	704.3	27.256638	54720000	3.259629e-09	11.816468	-0.0021194194	-0.16994989	0.15136051	0.0016302614	0.013458333	49.0	12262.553181171417
456	792.34406	17.04508	799.3	679.4	27.954546	54840000	-3.0267984e-09	12.104864	-0.0021082824	-0.19858778	0.15179291	0.0015515031	0.0142	49.0	12290.307209730148
457	793.18445	14.557653	799.4	694.55	27.598215	54960000	-1.094304e-08	12.484257	-0.0020753494	-0.22131813	0.14493264	0.0012079385	0.011566667	49.0	12320.528779745102
458	790.7173	21.216005	797.1	677.9	28.754545	55080000	5.5879354e-09	11.828083	-0.002173801	-0.19158089	0.16056678	0.0017700093	0.013108334	49.0	12348.849176168442
459	792.0468	18.785484	798.7	671.25	28.009008	55200000	-8.1490725e-09	12.735907	-0.0023027177	-0.16292024	0.15332994	0.0014427516	0.014425	49.0	12377.99873805046
460	789.5759	24.544954	799.9	677.45	29.0	55320000	-9.313226e-10	12.317794	-0.0023497688	-0.19152606	0.17497277	0.0020531411	0.015916668	49.0	12405.064414262772
461	793.4946	13.207211	799.0	689.2	27.362831	55440000	4.656613e-10	12.640592	-0.002194072	-0.21346664	0.1446127	0.0013103404	0.013891667	49.0	12432.585803031921
462	793.3239	15.6199255	799.2	677.8	27.324324	55560000	7.566996e-09	12.538529	-0.0020956437	-0.1753732	0.15394111	0.0016552376	0.013058334	49.0	12459.543653964996
463	792.83966	14.420354	799.2	690.85	27.693693	55680000	-7.916242e-09	12.863797	-0.002296417	-0.25855887	0.14544213	0.0016663872	0.013458334	49.0	12488.550423622131
464	792.7838	16.11482	798.9	674.05	27.44144	55800000	-2.0954758e-09	12.944314	-0.002233097	-0.20049632	0.14265382	0.0015868952	0.014183333	49.0	12516.723924398422
465	793.5916	10.371758	799.4	706.1	27.424778	55920000	-1.8626451e-09	13.728996	-0.0024054945	-0.31659234	0.14442685	0.0018235148	0.013116667	49.0	12545.474226474762
466	790.18335	19.069551	797.1	678.6	28.857143	56040000	-1.3969839e-09	13.066229	-0.0026567618	-0.24571145	0.17084256	0.0016713475	0.013900001	49.0	12572.18844127655
467	793.9392	10.3196945	797.3	689.35	27.054054	56160000	1.8626451e-09	12.657682	-0.0025407881	-0.25559783	0.1418485	0.0017509809	0.015775	49.0	12597.084086418152
468	789.7217	22.226023	797.1	674.85	29.103773	56280000	1.9790605e-09	12.915031	-0.0023952003	-0.2497313	0.15927026	0.0016480621	0.014208334	49.0	12620.862852334976
469	788.6731	25.080473	797.2	671.35	29.778847	56400000	-1.8626451e-09	12.46575	-0.0025169945	-0.21270025	0.16802192	0.0017899604	0.015291667	49.0	12647.972878932953
470	790.40283	19.580673	799.1	666.05	28.95283	56520000	6.2864274e-09	13.00597	-0.0023699403	-0.2553364	0.15941551	0.0012855297	0.01485	49.0	12675.47960782051
471	782.0625	33.982304	797.2	675.75	33.375	56640000	-8.8475645e-09	12.672696	-0.0025686128	-0.2328111	0.1949615	0.0022805526	0.016816664	49.0	12704.054780244827
472	789.1132	22.4461	797.3	654.25	29.54717	56760000	-1.3969839e-08	13.205856	-0.002624913	-0.21386862	0.159398	0.0015983164	0.014733333	49.0	12731.881651163101
473	791.583	17.647335	797.7	632.9	28.192661	56880000	-9.313226e-09	13.133081	-0.0021563817	-0.2140938	0.14999077	0.0016343768	0.012766667	49.0	12759.342502593994
474	790.2728	22.175192	797.3	648.15	28.981308	57000000	-2.3283064e-10	12.434082	-0.002177339	-0.20531535	0.15506576	0.0019218631	0.014691667	49.0	12787.884671926498
475	792.2077	17.291878	798.5	683.75	28.117117	57120000	-7.450581e-09	12.6897745	-0.002212965	-0.18764305	0.14687724	0.0016197813	0.013225	49.0	12815.220715761185
476	789.6684	23.046888	798.4	665.1	29.603773	57240000	-4.4237822e-09	12.2630005	-0.0025061995	-0.15333354	0.15524453	0.0017142401	0.016708335	49.0	12842.858387947083
477	791.94684	22.60587	798.9	639.55	27.776785	57360000	1.8626451e-09	12.531918	-0.0022422438	-0.22718549	0.1409103	0.0014250035	0.0137	49.0	12871.624771595001
478	794.56635	10.961432	799.1	680.4	26.831858	57480000	-1.7695129e-08	12.257931	-0.002125227	-0.21250403	0.13969517	0.00180538	0.014483333	49.0	12898.833641767502
479	794.897	8.446327	799.1	706.0	26.76724	57600000	-1.3969839e-09	12.577107	-0.0019132646	-0.1626662	0.13237867	0.0014549325	0.010966666	49.0	12925.775784015656
480	790.9491	20.705849	799.2	670.25	28.75926	57720000	7.450581e-09	12.371809	-0.002151947	-0.19303071	0.15473866	0.0014679593	0.013283333	49.0	12951.085688114166
481	794.0299	13.088857	799.2	680.5	27.169643	57840000	2.3283064e-09	12.2984495	-0.0019760537	-0.16991115	0.1432957	0.0013345026	0.011458334	49.0	12979.040480136871
482	794.4991	11.933736	799.1	680.1	26.973684	57960000	1.2572855e-08	11.536618	-0.0019925325	-0.14973879	0.14148255	0.0014259161	0.01245	49.0	13006.956154584885
483	794.99084	9.282672	799.2	698.35	26.763159	58080000	-1.9790605e-09	11.924503	-0.0022060857	-0.17221797	0.13695899	0.001627605	0.013325	49.0	13034.50035071373
484	792.96136	16.00562	799.5	690.6	28.00909	58200000	-5.5879354e-09	12.142742	-0.0022870158	-0.1668917	0.14227092	0.0015071898	0.013366666	49.0	13063.99896144867
485	793.18365	19.122938	799.1	612.35	27.336283	58320000	6.2864274e-09	12.471943	-0.0023115182	-0.19162881	0.13713194	0.001755437	0.012925	49.0	13092.627838850021
486	794.8996	12.660426	799.6	669.6	26.80342	58440000	1.3969839e-09	12.30392	-0.0020887828	-0.19049585	0.13013676	0.0014316358	0.01155	49.0	13120.122138500214
487	789.4702	24.845419	799.8	675.7	29.584906	58560000	-1.3969839e-09	12.9420395	-0.0023283763	-0.3319527	0.15614542	0.0017853603	0.016150001	49.0	13148.931144475937
488	789.4919	24.934004	799.6	676.6	29.39423	58680000	-8.8475645e-09	12.250621	-0.0023314022	-0.19751143	0.16879463	0.001755859	0.0136750005	49.0	13176.600788116455
489	792.5991	17.427504	799.8	677.95	27.981817	58800000	7.450581e-09	13.315943	-0.002082799	-0.3133651	0.1502513	0.0013022086	0.011658333	49.0	13203.776715278625
490	793.7243	18.36593	799.2	600.2	26.904348	58920000	8.8475645e-09	13.616384	-0.002313008	-0.2242204	0.13833958	0.0015030024	0.012291667	49.0	13231.554629325867
491	789.19763	24.23235	797.6	676.6	29.761906	59040000	-1.1641532e-08	13.476131	-0.0023448686	-0.30324125	0.16936518	0.0019117865	0.01515	49.0	13259.111802339554
492	791.08264	21.809734	799.5	678.0	28.763636	59160000	4.656613e-09	13.721024	-0.0024120098	-0.23884928	0.15606564	0.0016707391	0.013308333	49.0	13285.82699418068
493	787.1582	31.608833	799.3	652.05	30.182692	59280000	3.7252903e-09	12.767275	-0.0023477038	-0.2800908	0.17172505	0.002000967	0.014	49.0	13314.110065460205
494	794.4761	10.640152	799.2	694.35	27.008696	59400000	-1.2456439e-08	13.758081	-0.0021574693	-0.2854464	0.14085078	0.0013221747	0.013375	49.0	13341.520243644714
495	790.9844	22.525358	799.4	659.2	28.550459	59520000	1.1175871e-08	13.159603	-0.0021557233	-0.1618756	0.15238658	0.0016677829	0.015283333	49.0	13367.366213560104
496	791.7266	19.222998	799.5	679.0	28.238533	59640000	-4.1909516e-09	13.647171	-0.00228319	-0.2389344	0.15630612	0.0018083984	0.0134833325	49.0	13394.447913885117
497	789.32104	27.334248	799.6	614.05	29.345795	59760000	1.2805685e-09	13.060688	-0.0025021867	-0.22923338	0.16106331	0.0018978764	0.016475	49.0	13421.699037313461
498	790.40656	20.495947	799.0	676.1	29.185184	59880000	6.2864274e-09	13.572184	-0.0022125226	-0.3063308	0.15358227	0.0017186451	0.013458334	49.0	13449.79979968071
499	789.30334	25.782665	799.7	660.05	29.580952	60000000	6.519258e-09	13.089577	-0.0022863057	-0.24473941	0.16179386	0.0019736867	0.013841666	49.0	13477.854499816895
