Episode	TestRet	TestSteps	AverageEpRet	StdEpRet	MaxEpRet	MinEpRet	EpLen	Time
50	-60.00000089406967	80.0	-64.103	4.395855	-55.05	-75.0	80.0	1 min 10 sec
100	-80.00000262893737	80.0	-50.951996	18.634933	-0.30000126	-103.50001	80.0	3 min 56 sec
150	-15.110001523792743	80.0	-27.406	21.808601	27.199999	-81.600006	80.0	7 min 17 sec
200	-28.615002543106677	80.0	-4.017001	27.33925	64.5	-48.15	80.0	11 min 40 sec
250	9.924998355284334	80.0	15.848998	33.0365	114.4	-41.7	79.04	15 min 58 sec
300	36.484998748078944	80.0	25.058998	36.333447	104.45	-57.5	78.96	20 min 4 sec
350	40.58499851711095	80.0	41.163998	34.54645	107.85	-45.9	77.28	24 min 0 sec
400	71.38999834246934	57.5	47.464	37.46619	121.4	-47.95	75.34	27 min 46 sec
450	55.55999859571457	69.8	53.966995	30.218597	122.55	-42.8	77.04	30 min 34 sec
500	53.89999848380685	78.5	46.75799	35.057133	113.65	-58.600002	76.7	34 min 40 sec
550	60.929998808726666	80.0	47.870995	26.831644	114.7	-32.600002	79.08	38 min 18 sec
600	63.914998850226404	80.0	48.09	24.074684	101.4	-39.9	79.18	42 min 52 sec
650	52.99999873675406	80.0	55.57799	23.98823	117.7	-7.9500012	77.38	46 min 48 sec
700	32.74499907158315	80.0	44.127	23.350014	91.15	-15.1	79.5	50 min 36 sec
750	81.47499886266887	65.6	49.904003	28.262794	121.5	-10.650001	76.28	54 min 7 sec
800	42.12999835349619	80.0	56.084995	17.324675	109.35	6.649998	79.24	58 min 0 sec
850	44.254998413100836	80.0	54.191	21.078314	109.5	3.3499992	78.52	1 h 2 min
900	53.31999847888947	80.0	56.621002	24.049824	118.35	13.849998	75.54	1 h 6 min
950	47.424998780339955	80.0	53.649994	22.293592	121.3	11.199999	77.62	1 h 9 min
1000	61.03499907590449	69.2	66.480995	26.451326	121.2	19.3	69.94	1 h 12 min
1050	68.15999875925482	70.6	67.209	24.91569	119.2	1.5499996	72.44	1 h 15 min
1100	93.76999909989536	55.8	80.8	33.10847	122.95	4.8999996	60.0	1 h 18 min
1150	95.9199990414083	50.2	78.215004	32.644073	123.65	-33.75	63.18	1 h 21 min
1200	106.17999918647111	37.0	84.853	31.215782	127.55	-6.5000005	58.6	1 h 24 min
1250	89.32999916225671	53.1	86.265	40.964283	127.4	-3.5500007	51.12	1 h 27 min
1300	95.18999922797084	51.4	85.899994	33.23397	128.05	-6.1500006	56.38	1 h 30 min
1350	82.41499896906316	62.9	83.689	37.25531	127.45	-7.450001	56.74	1 h 32 min
1400	83.73499899618328	63.5	80.42	38.511932	127.6	-22.300001	59.96	1 h 35 min
1450	94.43999910838902	51.4	83.874	32.15696	127.35	1.2999995	59.66	1 h 37 min
1500	104.47999925389885	40.7	83.436	30.330605	129.7	12.15	61.86	1 h 40 min
1550	95.29499912522733	52.0	86.22199	34.162018	128.65	14.349999	55.82	1 h 44 min
1600	110.71999950632453	38.4	90.981	29.639748	127.45	27.499998	54.2	1 h 46 min
1650	105.91999926157295	38.6	87.30899	32.585575	127.8	10.799999	56.22	1 h 48 min
1700	57.34999894425273	52.9	89.56501	34.559895	128.25	-10.85	54.62	1 h 53 min
1750	98.04499924220144	49.7	85.963	33.703827	130.55	1.599999	57.38	1 h 56 min
1800	125.47999967485666	21.6	87.03	45.947758	131.4	-24.7	50.18	1 h 59 min
1850	92.94499931111932	49.9	100.091995	35.972523	129.65	-19.000002	43.28	2 h 2 min
1900	110.22999953106046	37.9	90.43801	44.780922	130.95	-24.900002	48.16	2 h 5 min
1950	114.8199995379895	38.2	99.729	36.542446	130.35	-60.45	43.94	2 h 7 min
2000	124.49999960698187	21.0	105.78801	30.946238	130.55	-0.9500011	40.34	2 h 10 min
2050	125.17499965503812	21.3	98.91801	36.106377	129.8	-28.400002	44.54	2 h 13 min
2100	110.11999941915273	36.4	103.3	34.24968	130.55	-11.600001	40.3	2 h 16 min
2150	110.87999946884811	36.7	102.577	30.840288	129.5	24.5	43.72	2 h 18 min
2200	106.89499951153994	37.7	108.65	29.218416	129.3	13.699999	37.02	2 h 21 min
2250	128.77999976873397	18.8	95.15399	31.651983	129.2	15.899999	50.24	2 h 24 min
2300	125.29999964460731	20.7	100.881	40.04149	130.25	-44.95	42.16	2 h 26 min
2350	127.99499974362553	19.7	106.12099	34.88475	130.55	-55.2	38.86	2 h 28 min
2400	126.9349996920675	19.4	108.75	33.766903	130.2	-22.600002	35.92	2 h 31 min
2450	129.58499978557228	17.9	109.75001	29.459635	131.0	-0.75000066	36.28	2 h 34 min
2500	109.17499933205545	40.3	100.27102	39.1558	130.35	-26.45	42.36	2 h 37 min
2550	113.89999952688814	36.7	107.46999	34.59594	131.25	-40.75	37.02	2 h 39 min
2600	128.7749997589737	18.3	108.270996	30.211329	130.75	-8.100001	37.62	2 h 41 min
2650	128.68999974727632	18.2	104.16	36.61703	131.45	-5.100001	39.42	2 h 45 min
2700	128.9999997522682	17.8	104.53299	38.433064	130.35	-18.2	37.64	2 h 47 min
2750	130.0499997947365	17.1	114.423004	21.63219	131.0	53.55	34.42	2 h 50 min
2800	124.49499968104064	23.8	111.467	31.407122	130.45	-47.100002	35.02	2 h 52 min
2850	116.43499972112477	29.5	111.135	32.077953	131.0	4.9999986	34.14	2 h 55 min
2900	124.65499969720841	23.6	106.01499	36.578392	131.15	-19.5	38.8	2 h 57 min
2950	112.66499958969652	36.5	118.897995	22.123293	131.0	13.599999	28.0	3 h 0 min
3000	118.01499952934682	29.9	99.62301	42.984104	130.95	-17.750002	39.62	3 h 3 min
3050	128.39999973215163	18.0	110.60899	34.823498	130.1	-34.2	33.82	3 h 4 min
3100	130.6949998099357	16.7	114.326	30.7905	130.8	1.5999995	30.48	3 h 7 min
3150	128.80999976694585	18.2	110.77	33.43483	131.7	-25.75	34.24	3 h 10 min
3200	128.12999971732498	18.0	104.476006	41.081017	130.75	-26.1	36.54	3 h 13 min
3250	129.8999997921288	17.4	108.798	38.00495	130.65	-28.7	34.06	3 h 16 min
3300	129.8649997778237	17.1	116.001015	22.815605	131.7	55.399998	31.86	3 h 18 min
3350	131.2899998318404	16.2	106.922005	40.232597	131.6	-24.300001	34.1	3 h 20 min
3400	130.06999978013337	16.8	114.977005	31.180569	131.8	-10.000001	28.98	3 h 23 min
3450	131.05499982871115	16.7	120.91599	18.623674	131.2	58.699997	27.12	3 h 25 min
3500	124.30499973595143	23.8	111.56199	39.265522	130.65	-45.25	29.44	3 h 28 min
3550	129.989999781549	17.0	108.107	33.92175	131.5	12.349999	37.1	3 h 31 min
3600	130.68999980129303	16.4	113.128	30.79813	132.35	-9.8	33.0	3 h 33 min
3650	120.22499961443245	29.3	113.582985	31.493616	131.4	7.1499987	30.86	3 h 35 min
3700	130.3699997957796	16.8	110.547005	36.286106	132.55	-15.550001	33.42	3 h 37 min
3750	116.8949996497482	31.5	115.19199	31.123905	131.85	-11.05	29.54	3 h 38 min
3800	130.11499977894127	16.5	97.52301	45.699867	131.0	-31.300001	40.92	3 h 40 min
3850	130.91999981328846	16.4	115.855	27.400038	131.9	18.9	30.34	3 h 41 min
3900	119.11499962247908	29.2	110.103004	33.409935	132.35	7.0499988	34.26	3 h 43 min
3950	130.89999980665743	16.2	112.81	32.344547	131.4	-20.050001	32.48	3 h 44 min
4000	131.24499982744456	16.3	118.351006	26.674973	132.15	6.0499983	27.44	3 h 46 min
4050	125.23999971970916	23.2	118.943	28.20034	131.5	-19.85	26.16	3 h 47 min
4100	130.79499980397523	16.3	113.570984	29.943918	131.7	11.449999	32.12	3 h 48 min
4150	130.74999981559813	16.8	109.953995	39.673714	132.05	-32.3	31.46	3 h 50 min
4200	130.99999981746078	16.4	111.629	33.755703	131.7	14.9	32.26	3 h 51 min
4250	131.08999981097878	16.0	113.99999	31.000807	132.15	9.249999	31.22	3 h 53 min
4300	128.79499977901577	17.6	123.285	20.44172	131.8	13.999999	23.38	3 h 54 min
4350	130.98499982506036	16.7	115.787	23.721615	130.9	41.399998	32.46	3 h 55 min
4400	130.00999978817998	17.2	105.004005	35.903355	132.05	-5.750001	40.06	3 h 57 min
4450	129.82499979250133	17.7	115.510994	27.83285	132.25	21.25	30.12	3 h 58 min
4500	131.0449998114258	16.1	117.52901	27.327251	131.1	24.249998	27.96	4 h 0 min
4550	131.28999982699753	16.2	105.865	47.49828	132.55	-37.7	32.52	4 h 1 min
4600	112.48999965935946	29.7	111.056	34.1473	131.45	-9.85	33.22	4 h 3 min
4650	130.19499979279936	16.8	121.238	18.857752	133.2	62.6	26.96	4 h 4 min
4700	129.66499975174665	16.3	111.13601	37.92851	132.45	-8.400002	30.76	4 h 5 min
4750	127.2449997894466	20.2	112.132	38.284023	131.6	-24.550001	29.28	4 h 7 min
4800	107.43499968573451	29.1	105.295	33.135906	132.15	2.549999	41.16	4 h 8 min
4850	129.079999743402	17.2	113.701	36.980343	132.85	-36.05	28.98	4 h 10 min
4900	130.9649998072535	16.1	118.877	24.6824	132.45	27.9	28.26	4 h 11 min
4950	98.02999948076904	41.3	111.75801	36.084297	132.55	-4.6500006	30.78	4 h 12 min
5000	131.25499981120228	15.7	113.09	40.426216	132.45	-21.650002	27.0	4 h 14 min
5050	130.98499980270861	15.9	112.45	36.582855	132.45	-25.500002	30.6	4 h 15 min
5100	130.43999981060625	17.2	115.155	33.5905	132.45	-12.85	28.98	4 h 17 min
5150	130.19999978728592	16.6	114.798	36.73627	132.35	-31.6	27.88	4 h 18 min
5200	131.699999820441	15.2	116.833	27.8246	132.55	3.6999986	29.22	4 h 19 min
5250	130.45499978624284	16.3	121.75499	19.878864	133.0	46.3	25.8	4 h 21 min
5300	131.66999983116983	15.4	120.43199	26.27844	132.55	11.799999	24.4	4 h 22 min
5350	131.68499982245265	15.3	109.555	34.562847	133.3	1.5999992	34.9	4 h 24 min
5400	130.41999979168176	16.3	113.588005	36.218086	132.25	-11.300001	28.94	4 h 26 min
5450	131.62999982237815	15.4	105.685	42.873604	131.8	-36.2	34.92	4 h 29 min
5500	124.43499965928495	25.3	108.311	39.690582	133.6	0.5499996	33.48	4 h 31 min
5550	121.17499967291951	28.5	121.113	23.983322	132.0	-4.250001	25.8	4 h 34 min
5600	130.96999981813133	16.0	120.300995	24.272692	132.05	14.499999	26.26	4 h 36 min
5650	131.39999981597066	15.6	111.923	35.54817	132.95	-10.25	31.1	4 h 39 min
5700	131.14999980852008	15.8	113.052	30.829979	131.7	-4.100001	32.56	4 h 42 min
5750	131.28999981582166	15.8	117.376	26.20829	132.9	24.599998	29.32	4 h 44 min
5800	122.68499968014657	28.5	112.876	30.321602	132.25	18.599998	33.4	4 h 47 min
5850	120.07499966099859	28.3	119.297005	26.861897	132.75	9.949999	26.5	4 h 49 min
5900	131.42999981753528	15.6	110.753	38.125362	132.85	-15.150001	31.2	4 h 51 min
5950	129.6699997816235	17.8	113.293	34.58472	132.15	-36.4	30.56	4 h 53 min
6000	114.3149994790554	35.3	104.762	40.36838	133.1	-23.5	36.6	4 h 56 min
6050	131.7999998256564	15.2	114.79099	33.421387	133.0	10.149999	28.62	4 h 59 min
6100	124.72499964684248	23.3	116.78801	34.798733	133.1	-15.6	25.78	5 h 1 min
6150	131.6149998188019	15.3	113.52301	35.56352	132.15	-26.15	30.2	5 h 3 min
6200	121.55499965772033	28.7	112.114006	38.98259	133.0	-30.300001	30.46	5 h 6 min
6250	132.17499984242022	15.1	121.25	21.576836	132.15	35.399998	26.4	5 h 8 min
6300	131.35999979712068	15.0	115.582	29.269941	132.45	2.5999992	30.06	5 h 10 min
6350	131.43499980941414	15.3	113.73501	29.658485	131.95	-2.550001	32.68	5 h 12 min
6400	103.43499955758452	35.0	114.922005	30.236633	132.25	-11.550001	30.56	5 h 15 min
6450	131.91999982073904	14.8	117.72	31.939602	132.65	-10.900001	25.84	5 h 18 min
6500	131.7949998255819	14.7	109.147995	35.667152	133.1	11.15	34.18	5 h 20 min
6550	130.7199997972697	16.2	119.034004	27.333563	132.45	-9.3	26.38	5 h 22 min
6600	130.254999794811	16.7	119.58399	19.779093	132.75	50.0	27.98	5 h 24 min
6650	124.19999964125455	23.4	118.54301	23.995026	132.25	46.0	28.64	5 h 27 min
6700	123.81999965384603	25.9	109.142	38.067455	132.25	-25.400002	33.02	5 h 30 min
6750	131.22499980404973	15.5	109.18	37.365234	132.8	-19.550001	33.3	5 h 32 min
6800	132.3699998497963	15.0	114.786	28.533382	132.25	22.55	31.66	5 h 34 min
6850	130.2249997936189	16.5	103.379	37.2729	132.55	9.4	39.76	5 h 37 min
6900	121.92499968223274	28.5	106.94199	37.160168	132.75	-9.550001	35.92	5 h 40 min
6950	121.73499967716634	28.3	107.64101	36.72009	132.6	-5.6500006	35.9	5 h 42 min
7000	129.95999978892505	15.5	106.4	36.957214	132.8	10.349999	37.08	5 h 45 min
7050	126.81499972157181	22.5	108.94	40.670315	132.25	-41.4	31.9	5 h 48 min
7100	111.05499972738326	27.7	108.263	40.561886	132.8	-45.75	35.2	5 h 50 min
7150	131.0999998103827	15.7	109.821	37.76319	132.35	-24.4	32.34	5 h 53 min
7200	123.92499974034726	22.4	116.309006	32.024902	132.35	-15.300001	28.12	5 h 55 min
7250	129.78999981731175	16.0	118.68	22.747753	132.8	43.25	28.62	5 h 57 min
7300	112.7849995315075	28.5	113.835	33.17702	133.2	-14.650001	31.22	6 h 0 min
7350	105.83499953635037	41.6	116.403	29.468346	131.95	-0.7000009	28.88	6 h 2 min
7400	131.9899998355657	15.2	119.91801	21.178244	132.35	50.899998	28.44	6 h 4 min
7450	132.76999985389412	14.4	114.16301	29.126244	132.65	17.8	32.3	6 h 7 min
7500	130.91499978676438	15.6	106.458	36.81221	132.25	6.949999	36.42	6 h 10 min
7550	115.43499964177609	28.9	113.393	31.851187	132.35	-9.900001	31.96	6 h 12 min
7600	114.65499963723123	30.7	116.52301	28.799738	133.5	-24.0	29.6	6 h 15 min
7650	118.56499960757792	30.0	114.418	34.345936	132.65	-14.6	28.86	6 h 18 min
7700	131.28499980159103	15.3	111.437996	34.05373	132.55	-15.900001	32.6	6 h 20 min
7750	130.57499978132546	15.8	117.753	26.011955	132.55	36.1	29.2	6 h 22 min
7800	119.35499964095652	29.4	111.921	28.4772	132.8	45.8	34.9	6 h 25 min
7850	132.21499983333052	14.7	113.936	34.268967	132.9	-37.25	31.1	6 h 27 min
7900	109.05999963693321	30.7	113.763	32.425255	132.45	-18.2	30.7	6 h 30 min
7950	129.17999976277352	18.1	116.143	31.873137	132.9	9.599998	27.38	6 h 32 min
8000	116.58499967195094	26.7	106.461	35.26103	132.35	12.649999	37.34	6 h 35 min
8050	115.17999978475272	28.0	114.69	28.339243	132.55	20.75	31.48	6 h 38 min
8100	127.60499975010752	20.9	116.51701	32.344105	133.2	-4.600001	27.32	6 h 41 min
8150	130.55999979451298	16.4	109.31101	37.444073	133.1	-27.800001	33.9	6 h 43 min
8200	114.02499941661954	34.5	111.326996	36.72046	132.65	-18.75	32.0	6 h 46 min
8250	131.72999982200562	15.2	118.717	30.65728	132.55	-16.400002	25.88	6 h 48 min
8300	110.6649996764958	28.6	109.842	41.600708	132.45	-39.8	31.1	6 h 50 min
8350	122.85999974496663	28.7	121.19001	22.752424	132.45	39.0	24.46	6 h 52 min
8400	132.02999982647597	14.8	114.451996	29.090345	133.95	24.9	31.32	6 h 54 min
8450	127.63499975539744	19.1	111.30999	38.345894	133.0	-13.900001	30.66	6 h 56 min
8500	131.10999980196357	15.4	110.826996	41.11747	132.8	-24.550001	29.78	6 h 58 min
8550	80.91499968357384	34.7	114.911995	35.21826	132.9	-47.800003	29.56	7 h 1 min
8600	132.1049998331815	14.9	115.36	33.320282	133.2	-35.9	29.42	7 h 3 min
8650	131.50499981306493	15.3	120.768	24.6965	132.7	27.4	25.12	7 h 6 min
8700	121.72499968335032	28.5	121.18299	28.491346	132.8	-47.25	24.78	7 h 8 min
8750	130.78999978974463	15.8	113.94199	29.069147	133.3	42.45	32.42	7 h 10 min
8800	131.73999982811512	15.4	108.271	44.16266	132.9	-25.1	31.36	7 h 12 min
8850	130.65999978296458	15.8	114.711006	34.9492	132.75	-55.75	29.04	7 h 15 min
8900	108.934999557212	34.4	117.65101	29.842474	132.9	-15.400001	27.42	7 h 17 min
8950	132.10499983876943	15.1	112.367004	29.52993	133.2	13.999999	34.48	7 h 20 min
9000	132.58499984703957	14.5	111.88899	32.93182	132.75	-9.1	34.1	7 h 22 min
9050	132.22999983690679	14.8	113.022995	30.79626	133.2	11.05	33.72	7 h 25 min
9100	131.57999981418251	15.2	116.353004	32.58452	133.1	-27.5	28.56	7 h 27 min
9150	132.2599998217076	14.2	116.076004	33.00693	132.35	-24.5	27.52	7 h 29 min
9200	130.26999976038934	15.6	113.223	33.39477	132.55	-28.95	31.6	7 h 31 min
9250	131.13499979488552	15.3	106.91301	41.533604	132.25	-13.1	33.68	7 h 34 min
9300	131.95999982059	15.0	116.076004	28.220528	133.2	22.55	30.98	7 h 36 min
9350	132.5899998445064	14.4	112.815994	32.694744	133.3	-12.150001	32.7	7 h 39 min
9400	132.77999985441565	14.4	118.731	29.609118	133.1	-25.800001	26.56	7 h 41 min
9450	131.2099998116493	15.8	119.29099	30.820318	132.85	-14.150002	24.92	7 h 42 min
9500	132.86499986164273	14.5	115.182	37.29198	132.5	-44.15	27.8	7 h 45 min
9550	132.04999984428287	15.4	114.90199	33.691944	132.75	-12.400001	29.18	7 h 47 min
9600	129.2799997728318	18.0	113.226	38.10424	132.8	-51.8	29.68	7 h 50 min
9650	131.67999981380999	15.0	107.679	42.337917	133.1	-38.4	33.04	7 h 52 min
9700	102.08499958217143	28.5	115.479004	32.242218	132.45	8.349999	28.72	7 h 54 min
9750	130.94499979503453	15.7	123.45599	18.98329	132.8	47.1	23.24	7 h 57 min
9800	118.05499959103763	34.7	112.99	33.278393	132.25	-9.650002	31.32	8 h 0 min
9850	130.75999978817998	15.8	113.11	33.212852	132.55	1.5999998	31.1	8 h 2 min
9900	84.609999319911	54.4	107.365	40.60612	132.25	-19.5	34.54	8 h 5 min
9950	120.79499965459108	29.1	108.41899	41.93296	133.6	-49.65	32.0	8 h 7 min
10000	128.83499975539743	19.0	114.382	36.788277	133.2	-18.400002	27.56	8 h 9 min
10050	131.46499981656672	15.5	114.89801	32.849533	133.0	4.149999	28.78	8 h 12 min
10100	127.73999974951148	21.3	117.836	29.58093	133.2	17.349998	26.08	8 h 14 min
10150	129.93999976217748	16.4	116.47099	33.818798	133.1	-39.9	27.98	8 h 17 min
10200	132.22499983385205	14.7	115.769	31.31232	133.35	-23.45	29.88	8 h 18 min
10250	131.50999980941415	15.0	118.662994	27.908558	133.1	9.249998	26.66	8 h 21 min
10300	130.48499977104365	15.7	116.137	31.59788	133.3	-4.600001	28.76	8 h 23 min
10350	132.23499983437358	14.7	121.56401	27.432903	133.1	-36.3	24.02	8 h 25 min
10400	131.5099998049438	15.0	113.605995	32.79138	132.75	-15.750001	32.16	8 h 27 min
10450	130.9849997859448	15.3	110.345985	34.763966	132.4	-11.700001	34.32	8 h 29 min
10500	129.35499979145825	17.5	115.024	34.547497	132.9	-20.0	28.44	8 h 32 min
10550	129.54999978467822	16.6	102.16301	43.27645	133.0	-24.050001	39.06	8 h 34 min
10600	114.7099994815886	34.3	117.61701	24.830374	133.1	27.599998	29.3	8 h 36 min
10650	122.47999969422817	32.4	109.41	36.120647	133.2	-4.750001	34.0	8 h 39 min
10700	131.32999981679023	15.6	109.20601	39.7042	132.35	-20.5	32.68	8 h 41 min
10750	131.93999982178212	14.8	113.082	35.21908	132.9	-14.450001	30.22	8 h 44 min
10800	130.67999980263411	16.0	112.006	33.625984	132.45	-6.1000004	33.94	8 h 46 min
10850	105.37499907128513	35.4	101.09899	46.282665	133.3	-46.7	39.24	8 h 49 min
10900	99.42999932505191	40.1	109.609	35.414955	132.9	-1.2500012	34.6	8 h 52 min
10950	116.20999960191548	34.7	105.70699	41.867542	133.05	-32.8	36.66	8 h 55 min
11000	112.0649994365871	35.1	114.61399	33.084156	133.4	-38.05	29.96	8 h 58 min
11050	129.38499979823828	17.2	118.235	27.588598	133.0	0.79999936	27.46	9 h 0 min
11100	120.19499963000416	28.5	113.287	30.155308	132.55	1.3499993	32.36	9 h 2 min
11150	111.14499951526523	41.8	115.783005	30.0575	132.9	-21.400002	30.58	9 h 5 min
11200	100.11499958485365	34.5	114.78299	33.8872	133.4	-19.150002	29.14	9 h 7 min
11250	132.43999984785916	14.8	113.597	35.18459	133.1	-26.0	29.54	9 h 10 min
11300	117.43499957099557	28.4	114.342	34.944874	132.65	-21.650002	29.26	9 h 12 min
11350	132.08999983519317	15.0	114.947	30.919228	133.3	-1.5000015	29.74	9 h 14 min
11400	112.3299994636327	34.6	103.043	43.625427	132.55	-18.300001	36.1	9 h 17 min
11450	131.09999980032444	15.6	112.359	33.940163	132.8	-17.900002	32.24	9 h 20 min
11500	129.32499981857836	16.6	121.271996	25.941185	132.8	-10.700001	24.98	9 h 22 min
11550	132.94499985463918	14.1	116.562004	29.417454	133.3	-18.5	29.6	9 h 25 min
11600	131.1599998101592	15.8	109.103	40.392033	133.3	-21.400002	31.88	9 h 27 min
11650	131.05999979190528	15.2	115.947014	33.305786	133.2	-37.65	28.54	9 h 30 min
11700	70.72499914243818	54.4	107.373	45.439186	132.25	-25.85	31.14	9 h 32 min
11750	130.59499981813133	16.8	102.23599	51.8488	133.0	-44.45	33.1	9 h 35 min
11800	132.58999984823168	14.4	111.72101	36.124733	133.05	-26.15	31.64	9 h 37 min
11850	132.22999984249472	15.0	114.503006	36.302155	133.6	-39.350002	28.2	9 h 40 min
11900	131.98999983035029	14.7	118.497	25.546083	133.3	24.6	28.22	9 h 42 min
11950	131.97499983124436	14.9	116.938995	34.27184	133.0	3.599999	25.92	9 h 44 min
12000	114.68999948762357	34.7	117.52	28.033215	132.45	25.75	28.86	9 h 47 min
12050	132.78499985188245	14.3	119.903	27.91588	133.2	-26.900002	25.62	9 h 49 min
12100	118.81499965414405	27.7	123.879	16.938805	133.5	63.449997	24.86	9 h 51 min
12150	131.7099998138845	15.1	113.14	38.007153	132.45	-42.45	29.7	9 h 53 min
12200	131.42999979518353	14.8	113.095	29.517002	133.4	41.3	34.04	9 h 56 min
12250	131.74999981746078	15.0	114.679	29.238232	132.65	8.599998	32.1	9 h 58 min
12300	131.84499982520938	15.1	113.741	36.682854	133.4	-41.15	30.76	10 h 1 min
12350	132.61999984383584	14.2	115.233	33.283596	133.2	-14.7	28.96	10 h 3 min
12400	132.9599998526275	14.0	107.085	39.433495	133.2	-19.800001	35.5	10 h 6 min
12450	132.6649998497218	14.3	111.92999	33.29334	133.5	9.049999	33.1	10 h 8 min
12500	132.57999984398484	14.4	119.03	24.768381	132.45	37.0	27.32	10 h 11 min
12550	131.56499981060625	15.1	114.106995	34.80402	133.0	-7.950001	29.84	10 h 13 min
12600	132.15499982461333	14.5	111.187996	33.159737	132.35	26.85	32.98	10 h 16 min
12650	105.81499941386282	47.2	115.928	33.464466	132.8	4.9999995	27.92	10 h 18 min
12700	132.51999984011053	14.2	119.409004	21.49134	133.5	63.649998	29.72	10 h 21 min
12750	112.73999953754246	27.8	110.98	39.358036	133.2	-19.0	31.4	10 h 24 min
12800	115.30499963499605	34.2	109.53	34.85501	133.5	-15.75	35.76	10 h 26 min
12850	131.21999981887637	15.7	114.19901	28.505571	133.4	27.25	33.14	10 h 29 min
12900	131.62499981373549	15.1	105.025	48.419914	133.1	-48.4	33.26	10 h 32 min
12950	132.70499984771013	14.3	117.586	23.641819	132.15	49.2	30.86	10 h 34 min
13000	131.8199998266995	15.2	111.020996	40.20888	133.0	-25.7	31.62	10 h 37 min
13050	131.8799998242408	15.0	115.818	28.621624	133.2	23.55	30.28	10 h 39 min
13100	131.2549998100847	15.7	119.44399	25.506683	133.5	31.599998	26.62	10 h 41 min
13150	131.8299998216331	15.0	114.871994	36.300423	133.2	-15.85	27.5	10 h 43 min
13200	119.6499996792525	28.4	121.40099	26.986387	132.9	15.999999	23.22	10 h 46 min
13250	131.83499982655047	15.1	126.643	13.19788	132.7	60.8	20.78	10 h 48 min
13300	132.13999983780087	15.0	119.63801	27.578678	133.2	-18.75	26.56	10 h 50 min
13350	103.25499958060682	28.3	118.028	29.45251	133.4	-24.150002	27.0	10 h 52 min
13400	131.7599998179823	15.0	114.99501	35.63978	133.4	-35.65	27.7	10 h 54 min
13450	118.22499962896109	34.3	115.08401	37.892704	133.2	-25.45	27.5	10 h 56 min
13500	71.09499935247004	53.8	119.449005	29.984938	132.8	5.549999	25.28	10 h 59 min
13550	111.28499947823585	34.1	115.90401	30.843172	132.8	-14.8	29.92	11 h 1 min
13600	132.40999984070658	14.6	113.743	39.141323	133.4	-43.25	28.88	11 h 3 min
13650	117.87999966815114	28.4	112.68999	39.768772	133.4	-36.0	29.86	11 h 6 min
13700	130.69499978646635	15.6	114.703995	36.017677	132.85	-20.45	28.82	11 h 8 min
13750	132.07999984584748	15.4	116.91	32.346966	133.2	-14.25	27.38	11 h 10 min
13800	132.5149998433888	14.5	119.101006	27.058542	133.1	5.899999	27.42	11 h 13 min
13850	130.39499980099498	16.9	120.139015	26.148705	132.4	-1.550002	25.76	11 h 15 min
13900	132.2649998303503	14.5	124.464	19.055876	133.4	50.2	22.74	11 h 18 min
13950	132.71999985128642	14.4	111.90099	39.774063	133.75	-40.4	30.3	11 h 20 min
14000	132.0749998252839	14.5	119.326004	29.717234	132.6	-11.650001	26.5	11 h 22 min
14050	132.69499985165893	14.2	114.393005	33.72282	133.2	-15.500001	30.26	11 h 25 min
14100	120.72499959990382	28.9	121.840996	23.570745	132.9	7.849999	24.72	11 h 27 min
14150	132.31999983377756	14.4	112.26101	35.835613	133.0	-25.85	31.68	11 h 30 min
14200	132.7499998472631	14.2	116.32	32.767582	133.3	-3.800001	28.52	11 h 32 min
14250	125.6199996765703	23.1	115.45599	32.071175	134.05	11.099999	29.0	11 h 34 min
14300	132.93499985411762	14.1	127.40099	11.780886	133.3	72.35	20.74	11 h 37 min
14350	119.52499965764582	28.2	110.022	43.934288	132.55	-50.95	30.38	11 h 39 min
14400	107.58499962575733	34.4	116.46801	33.876606	133.75	-7.950001	26.66	11 h 42 min
14450	132.44499983973802	14.5	106.999	41.737827	133.5	-17.050001	34.62	11 h 44 min
14500	130.71999980956315	15.2	119.20901	30.708172	133.0	10.9	25.44	11 h 46 min
14550	115.43499968908728	28.3	114.303986	29.170853	133.3	17.05	31.76	11 h 48 min
14600	130.3299997895956	16.2	116.292	31.513006	133.0	2.2499998	28.82	11 h 51 min
14650	130.7199997972697	16.2	113.092995	39.064358	132.35	-30.0	29.08	11 h 53 min
14700	125.67999974414707	22.3	119.702	32.193615	132.55	-31.75	24.38	11 h 55 min
14750	131.24999980814755	15.6	122.61101	22.343416	132.9	26.8	23.5	11 h 57 min
14800	132.81499984823168	14.0	126.325	13.053843	133.35	74.65	21.92	12 h 0 min
14850	132.5849998526275	14.7	112.981995	31.229277	133.1	-11.8	32.62	12 h 2 min
14900	130.6699998255819	16.0	121.732	24.702986	134.15	25.9	23.92	12 h 4 min
14950	132.53999983631076	14.2	110.858	39.386513	133.4	-5.4500003	31.42	12 h 7 min
15000	132.50499984286725	14.5	117.614006	33.28203	133.0	-25.4	25.88	12 h 9 min
15050	130.9549998089671	16.0	124.93801	18.529192	133.45	27.15	21.78	12 h 11 min
15100	130.36499981209636	15.8	115.913994	34.293842	133.2	-16.7	28.14	12 h 13 min
15150	132.70499984659256	14.0	111.533	36.23064	133.1	-31.85	33.08	12 h 16 min
15200	132.22499983944	14.9	119.741005	24.660688	133.65	23.349998	26.8	12 h 18 min
15250	131.63999982215464	15.2	115.078995	37.652843	133.95	-26.25	26.94	12 h 20 min
15300	117.88999963290989	33.8	122.771	24.885607	133.3	14.2	22.34	12 h 21 min
15350	130.53999980129302	16.4	120.604	25.203093	133.5	21.1	25.54	12 h 23 min
15400	132.02499982342124	14.7	116.842995	30.909843	132.9	4.449999	28.3	12 h 26 min
15450	132.43499983921646	14.5	119.612	31.17339	134.15	-13.1	24.88	12 h 28 min
15500	132.7799998488277	14.2	122.08999	26.788074	133.0	2.4499993	22.84	12 h 31 min
15550	132.88499985150992	14.1	117.365	31.619537	133.7	6.5499983	26.88	12 h 33 min
15600	131.94499981924892	14.7	114.62802	33.966625	133.2	-22.25	30.38	12 h 35 min
15650	132.33499983400105	14.5	121.184006	32.054893	133.3	-26.550001	22.38	12 h 37 min
15700	118.35999961644411	28.2	116.478004	28.492	132.6	30.749998	29.12	12 h 40 min
15750	131.71999981030822	14.8	118.183	32.458534	133.4	-2.9500003	25.44	12 h 42 min
15800	129.9649997986853	18.9	116.312004	30.015139	133.1	15.349999	29.36	12 h 44 min
15850	132.3199998304248	14.4	112.25699	39.42484	133.1	-13.550001	28.4	12 h 47 min
15900	128.34499975964428	17.6	107.86101	38.587284	133.55	-8.0	34.92	12 h 49 min
15950	100.28999953046441	41.6	118.998	23.877853	133.0	42.699997	29.18	12 h 52 min
16000	132.64499984793366	14.2	113.54501	40.05562	133.95	-23.500002	27.02	12 h 54 min
16050	132.60999983996152	14.2	114.003	30.218557	133.2	5.2499995	33.04	12 h 56 min
16100	128.24999975822865	19.5	118.79	22.268581	133.3	56.45	29.74	12 h 59 min
16150	132.27499983869492	14.3	113.334015	37.73325	133.3	-48.2	30.26	13 h 1 min
16200	131.44999983236193	14.8	115.449	25.681297	133.55	38.2	33.08	13 h 4 min
16250	132.39499983154238	14.3	119.287	27.442604	132.9	13.849999	26.1	13 h 6 min
16300	131.914999832958	15.1	114.644	30.941769	133.15	-16.75	31.32	13 h 8 min
16350	120.87999974302947	26.4	110.13901	31.5798	133.85	3.6999989	36.14	13 h 10 min
16400	125.35499969609081	27.0	113.30399	36.75914	133.1	-17.150002	29.74	13 h 13 min
16450	131.2449998166412	15.2	114.612	33.944534	133.1	-1.2000003	29.76	13 h 15 min
16500	131.08499981984497	16.1	115.57299	31.811426	134.05	3.8999994	29.48	13 h 18 min
16550	131.90499981716275	14.7	122.153	24.115038	132.9	33.3	23.24	13 h 20 min
16600	132.41499984227121	14.6	122.14199	22.098791	133.1	18.849998	25.06	13 h 22 min
16650	129.6549997907132	17.6	115.895996	28.397018	133.1	7.0499988	30.76	13 h 25 min
16700	120.73999977000058	27.8	120.385	22.850676	133.3	50.8	27.64	13 h 27 min
16750	132.07999982349574	14.6	122.737	24.321177	133.1	-5.600001	23.46	13 h 30 min
16800	132.09999982453883	14.6	119.295	32.88923	133.4	6.799999	23.54	13 h 32 min
16850	130.1899997867644	16.8	116.03899	34.63996	133.6	-25.35	27.68	13 h 34 min
16900	131.33999979607762	15.0	117.97499	28.842712	133.7	-3.4000008	27.68	13 h 36 min
16950	132.01499983556567	14.9	113.827995	30.751877	133.4	4.899999	32.82	13 h 39 min
17000	129.83499983847142	16.2	111.812996	38.92731	133.85	-23.5	29.9	13 h 41 min
17050	130.99499980323017	15.9	116.188995	28.874514	133.3	15.999998	31.24	13 h 43 min
17100	122.04999963752925	27.2	119.23599	21.362583	133.2	55.8	30.0	13 h 46 min
17150	132.51999984644354	14.6	122.18699	22.521326	133.75	27.599998	24.82	13 h 48 min
17200	120.94499960877002	26.4	118.375	31.120853	133.0	-10.300001	25.98	13 h 51 min
17250	129.88999978080392	17.1	125.038994	18.339415	132.55	42.5	21.44	13 h 53 min
17300	132.5199998408556	14.4	119.36501	33.026894	133.95	-33.4	24.96	13 h 55 min
17350	132.33499983400105	14.5	117.981	28.686731	133.2	-14.200001	28.88	13 h 57 min
17400	132.88499985150992	14.1	117.59599	33.344437	133.3	9.049999	25.86	13 h 59 min
17450	132.7249998487532	14.3	116.46199	32.25267	133.3	12.849999	27.32	14 h 2 min
17500	132.3249998278916	14.3	122.93399	25.302061	133.1	-2.200001	21.94	14 h 4 min
17550	123.0549997240305	27.3	115.123	31.459185	133.4	24.15	30.04	14 h 6 min
17600	129.52999978363513	18.2	117.96398	36.285397	133.4	-31.050001	24.42	14 h 8 min
17650	132.2149998277426	14.5	115.58	30.351656	133.2	9.949999	30.12	14 h 11 min
17700	133.1299998614937	14.0	121.296005	23.081774	133.7	42.149998	26.18	14 h 13 min
17750	132.50499984249473	14.2	119.141	27.187263	133.5	0.9499995	27.64	14 h 15 min
17800	131.68499981127678	14.9	119.90399	30.064808	133.3	-32.45	25.66	14 h 17 min
17850	132.65999984256922	14.2	120.19199	29.569296	133.75	-39.55	25.94	14 h 20 min
17900	132.56499984040857	14.3	124.715996	23.836569	133.5	17.75	20.42	14 h 22 min
17950	132.20499982722103	14.5	120.88999	26.36178	132.9	8.599999	24.38	14 h 24 min
18000	130.37999979518355	16.6	119.279015	23.547638	133.1	51.45	28.72	14 h 26 min
18050	132.33499983400105	14.5	120.333	27.874329	133.2	-5.000001	25.38	14 h 28 min
18100	106.05999956354499	37.4	121.429	29.669657	133.4	-21.5	23.16	14 h 31 min
18150	131.92999981567263	14.6	125.36501	16.31515	134.9	70.299995	22.72	14 h 33 min
18200	132.34499982632695	14.0	118.153	29.51235	133.3	3.1999993	26.56	14 h 35 min
18250	132.5049998372793	14.3	114.74099	28.58638	132.55	29.8	31.4	14 h 38 min
18300	131.13999983184038	14.8	101.21999	47.11185	133.0	-42.9	37.86	14 h 40 min
18350	129.5999997820705	18.0	119.44499	29.26238	134.35	-12.95	25.54	14 h 42 min
18400	132.26499982476236	14.3	121.59899	30.515678	134.05	-18.35	22.82	14 h 44 min
18450	115.75499961785972	34.0	115.57701	28.23977	133.85	2.3499994	32.02	14 h 47 min
18500	115.52499964535237	34.4	122.864006	22.324654	134.25	35.95	23.94	14 h 49 min
18550	132.2399998318404	14.6	115.798	30.229355	133.3	11.549999	30.08	14 h 52 min
18600	111.99499944671989	37.8	116.882996	31.328764	133.6	8.799999	27.5	14 h 54 min
18650	131.1199998151511	15.7	115.64	30.981714	133.0	-11.200001	30.7	14 h 57 min
18700	116.23499965071679	28.7	120.463	28.042303	133.4	-12.85	25.26	14 h 59 min
18750	123.85999973230064	26.5	117.391	28.431614	133.4	13.649999	28.86	15 h 1 min
18800	113.80499962083995	28.8	113.84599	31.760702	132.9	32.45	30.98	15 h 4 min
18850	131.27499980553984	15.2	112.317	28.654228	132.75	-1.3500006	35.44	15 h 6 min
18900	131.1899998150766	15.7	107.80799	36.00065	133.1	-2.9000008	36.42	15 h 9 min
18950	131.5799998257309	15.0	115.75101	33.95225	133.75	4.999999	28.24	15 h 11 min
19000	132.19999983534217	14.8	119.31201	29.918684	133.75	-10.200001	25.66	15 h 14 min
19050	132.69499984160066	14.1	114.748	41.18191	133.4	-23.85	25.94	15 h 17 min
19100	132.18499982617794	14.5	111.787994	35.848637	133.85	-4.9500012	32.08	15 h 19 min
19150	114.94499952346087	34.1	112.08301	33.992966	133.45	5.499999	32.82	15 h 21 min
19200	118.2999996099621	34.3	125.728	17.540382	133.3	27.4	20.96	15 h 23 min
19250	112.67499962113797	34.5	116.40099	30.768108	133.45	9.299999	29.0	15 h 25 min
19300	132.26499982476236	14.3	118.04	30.856457	132.55	-3.75	25.82	15 h 28 min
19350	131.82999981604516	14.8	114.520996	26.12737	133.0	43.55	33.82	15 h 30 min
19400	132.53499983809888	14.1	117.216	27.9004	133.4	18.949999	29.0	15 h 33 min
19450	132.43999984674156	14.3	118.04999	32.43055	133.75	-15.3	26.0	15 h 35 min
19500	128.59499976150693	20.1	123.143005	26.750027	133.3	7.8499994	21.42	15 h 37 min
19550	132.94999985210598	14.0	112.165	37.8689	133.3	-4.100001	30.12	15 h 39 min
19600	131.52499981299042	15.0	119.415	29.462294	133.3	12.199999	25.22	15 h 42 min
19650	119.6049995843321	28.6	118.40201	37.90063	133.3	-49.95	23.86	15 h 44 min
19700	131.86999982371927	15.0	115.05399	34.662678	133.2	-15.1	29.1	15 h 46 min
19750	131.71999983265997	15.5	115.099014	38.119717	133.3	-47.350002	27.94	15 h 48 min
19800	132.72999985180795	14.4	117.51001	26.254974	133.4	34.649998	29.84	15 h 51 min
19850	107.34999956078828	34.5	108.402	39.169254	133.3	-10.400001	34.58	15 h 53 min
19900	133.13999985642732	13.8	122.90699	24.473837	133.3	8.099999	22.76	15 h 56 min
19950	123.91999966874718	25.7	119.224014	23.656439	132.9	39.7	28.08	15 h 58 min
20000	132.57499984651804	14.5	115.96801	33.968742	133.1	-2.1500008	26.88	16 h 0 min
20050	132.5299998369068	14.3	120.88801	28.614964	133.3	-2.4500008	24.18	16 h 3 min
20100	127.73999979048968	21.5	125.546005	17.439602	133.75	53.55	21.14	16 h 5 min
20150	131.95999982841312	15.0	109.63999	40.576603	133.95	-2.6000006	31.04	16 h 7 min
20200	132.56999984458088	14.3	117.796005	33.585377	133.1	5.6999993	25.44	16 h 10 min
20250	117.44999974854291	27.5	119.622986	31.374485	133.6	-19.900002	24.44	16 h 12 min
20300	105.88999970816076	27.4	111.78902	36.067875	133.5	2.7499993	31.48	16 h 14 min
20350	92.79999938048422	42.9	118.818	28.722902	133.5	-7.500001	27.6	16 h 16 min
20400	131.84999981708825	14.8	122.68699	24.75764	133.85	10.799999	22.38	16 h 18 min
20450	133.22999986112117	13.8	122.605995	24.925507	133.8	-1.5000007	23.54	16 h 20 min
20500	132.1399998333305	14.6	116.995995	27.459356	132.85	13.65	30.08	16 h 22 min
20550	132.71499985381962	14.5	121.31899	31.31132	133.4	-39.25	23.94	16 h 24 min
20600	112.32499973401427	27.5	115.18001	32.4172	133.2	8.599998	29.5	16 h 27 min
20650	118.94499976448715	26.9	122.050995	25.435116	134.05	18.949999	23.54	16 h 29 min
20700	132.38999983966352	14.6	123.442	24.425558	133.2	17.15	22.62	16 h 31 min
20750	131.05999981239438	15.8	121.714	23.292597	133.5	21.9	24.84	16 h 33 min
20800	132.55999984294175	14.4	117.05801	35.418427	133.55	-11.750001	25.72	16 h 35 min
20850	94.95499956794083	36.2	112.034004	39.67041	133.95	1.3499987	28.9	16 h 37 min
20900	115.77499957084656	33.7	119.062004	29.410175	134.35	25.5	25.66	16 h 39 min
20950	133.0249998588115	14.1	115.40101	32.15174	133.4	3.5499992	29.94	16 h 42 min
21000	132.2949998319149	14.5	117.69101	30.77691	133.5	-37.55	28.42	16 h 44 min
21050	132.30999984554947	14.7	117.51401	27.831114	133.2	-6.250001	29.3	16 h 47 min
21100	130.16499978974463	16.4	113.56899	39.510815	132.9	-8.8	28.24	16 h 49 min
21150	117.90999956466257	33.6	113.852005	26.89131	132.45	27.55	35.1	16 h 52 min
21200	88.96999936252833	53.8	116.626	30.118362	133.0	-10.35	29.4	16 h 54 min
21250	131.9749998308718	14.8	114.35801	35.035122	133.2	-11.750001	29.1	16 h 57 min
21300	132.4799998331815	14.2	114.257	32.28262	133.3	17.4	30.5	16 h 58 min
21350	132.42999984174966	14.6	114.345	34.829205	133.3	-6.1000004	29.8	17 h 1 min
21400	131.20999981723725	16.0	116.65699	34.868496	133.4	-8.050001	25.78	17 h 2 min
21450	132.74499984756113	14.1	107.50001	40.3385	133.3	-38.95	35.06	17 h 5 min
21500	87.24499932304025	53.6	113.774	36.942978	133.2	-11.250001	29.36	17 h 7 min
21550	132.26999983228743	14.3	119.56899	26.929428	133.5	32.95	25.66	17 h 10 min
21600	131.2349998112768	15.8	107.782005	43.365383	133.5	-16.400002	32.58	17 h 12 min
21650	132.2649998292327	14.2	112.046	32.81085	133.0	18.699999	33.36	17 h 15 min
21700	132.75499985031783	14.3	112.36401	36.48256	133.5	2.5499992	30.7	17 h 17 min
21750	126.09499975293875	22.6	123.15999	31.75546	132.9	-42.45	20.16	17 h 20 min
21800	105.93499959036708	38.2	115.230995	32.146984	133.0	8.05	29.3	17 h 22 min
21850	131.89999982528389	15.0	120.78801	30.101683	134.15	-29.400002	24.12	17 h 24 min
21900	131.7549998294562	14.7	116.17801	30.011152	133.65	6.5499997	30.28	17 h 26 min
21950	101.25499968752266	29.0	114.32101	35.97736	133.1	-15.150001	29.02	17 h 29 min
22000	116.69999961666763	28.0	112.839005	33.0653	133.1	11.7	32.02	17 h 31 min
22050	133.12999985590577	13.8	117.918	30.302631	133.6	-9.200001	27.62	17 h 33 min
22100	132.19999983534217	14.8	119.128006	26.95949	132.95	1.8499997	27.18	17 h 36 min
22150	129.1849997714162	18.0	117.34699	32.4207	133.3	7.649999	26.3	17 h 38 min
22200	131.3999998047948	15.2	121.04101	22.744896	133.4	42.649998	26.58	17 h 40 min
22250	132.17499983794988	15.0	117.212006	30.775288	133.2	-3.8000007	27.86	17 h 42 min
22300	131.5449998255819	15.2	112.92499	39.72515	133.0	-24.45	29.32	17 h 45 min
22350	115.05499975793063	29.0	117.115	33.198654	133.7	-40.350002	27.74	17 h 47 min
22400	133.0299998562783	13.8	110.50501	35.976738	134.45	-11.900001	33.76	17 h 49 min
22450	115.68999975249172	27.5	107.88901	41.325336	133.3	-20.150002	33.58	17 h 52 min
22500	130.2399997934699	16.7	112.48499	39.702213	133.4	-35.3	30.02	17 h 54 min
22550	102.3749993931502	54.7	116.533	32.50859	133.1	11.799999	27.3	17 h 57 min
22600	131.78999985009432	14.7	112.948006	40.63186	133.4	-36.15	27.76	17 h 59 min
22650	117.83499968312681	29.5	110.126015	40.19473	133.1	-8.85	31.04	18 h 2 min
22700	131.77499984577298	14.5	116.895996	28.893288	133.4	9.55	29.28	18 h 4 min
22750	123.84499973952771	27.2	112.20599	35.318577	133.2	-6.400001	31.02	18 h 7 min
22800	130.76499982960522	15.4	121.97101	20.826164	133.1	51.2	25.84	18 h 9 min
22850	129.31499976851046	18.0	95.815994	48.27754	133.75	-48.050003	41.52	18 h 12 min
22900	122.85999965108931	26.8	110.274994	36.971783	134.05	-11.950001	32.78	18 h 14 min
22950	133.21999986059964	13.8	111.90099	40.066574	134.25	-11.450001	29.58	18 h 16 min
23000	132.31999984160066	14.8	118.503	26.229893	134.15	17.5	28.92	18 h 19 min
23050	117.68999960608781	32.4	116.004005	31.538223	133.85	8.649999	29.3	18 h 21 min
23100	132.93999985158445	14.0	109.911	41.39722	133.3	-25.5	30.64	18 h 24 min
23150	130.42499980963765	16.6	109.83101	38.747242	133.0	7.049999	32.2	18 h 26 min
23200	132.73499984927474	14.3	117.631	32.91829	133.5	-5.400001	26.54	18 h 29 min
23250	117.03499966673553	34.0	109.909	36.53238	134.35	-26.2	34.9	18 h 31 min
23300	132.74999985285103	14.4	119.524994	25.564508	133.1	23.599998	27.1	18 h 33 min
23350	120.21499974094331	33.9	120.632996	28.681726	133.2	-13.850001	24.76	18 h 35 min
23400	131.85999982729555	15.0	113.662994	35.18738	133.4	-5.0	31.02	18 h 38 min
23450	121.76999967619777	27.6	98.778	47.931015	133.75	-24.1	38.24	18 h 41 min
23500	115.69999964870513	34.0	121.033	23.79755	133.4	27.55	25.62	18 h 43 min
23550	132.53999985307456	14.6	113.34999	29.414444	133.3	34.5	33.5	18 h 46 min
23600	132.30999982878566	14.3	109.465996	33.1072	133.75	29.699999	36.36	18 h 48 min
23650	104.99999945312739	43.3	111.489006	33.00968	134.15	5.4999986	34.14	18 h 50 min
23700	131.64499981477857	15.1	115.65102	34.3935	132.8	-3.4000006	27.0	18 h 53 min
23750	132.54999984800816	14.6	111.52001	31.210659	133.3	15.849999	34.24	18 h 55 min
23800	132.424999833107	14.3	115.50101	30.37899	134.05	9.199999	30.0	18 h 57 min
23850	132.75499984920026	14.1	116.095	31.771416	133.3	-13.35	28.94	18 h 59 min
23900	115.35499973595142	33.8	114.871994	29.757568	133.3	26.75	31.82	19 h 1 min
23950	132.6799998484552	14.2	116.438995	32.83548	133.3	8.449999	28.5	19 h 3 min
24000	132.84999984689057	14.0	118.40199	24.694578	133.6	46.8	29.46	19 h 6 min
24050	131.94999981671572	14.6	114.923996	37.34668	133.75	-20.4	28.24	19 h 8 min
24100	97.76999977193773	34.2	121.718994	29.59521	133.3	-6.100001	22.2	19 h 11 min
24150	132.89999984949827	14.0	116.623	35.51493	133.6	-48.45	27.06	19 h 13 min
24200	74.67999942339956	53.6	118.159004	31.583147	134.15	3.4499996	26.48	19 h 16 min
24250	133.05999985225498	13.8	119.072	35.71173	133.6	-42.2	23.74	19 h 18 min
24300	132.96499985009433	13.9	121.52901	27.699848	133.3	2.9499986	23.58	19 h 20 min
24350	132.05499982498586	14.7	113.67199	34.88852	133.95	-4.1000004	30.98	19 h 23 min
24400	132.78999985940754	14.4	114.702995	33.645706	133.4	-30.6	29.92	19 h 25 min
24450	115.24499951377511	34.1	115.998	37.20406	133.4	-20.050001	26.28	19 h 28 min
24500	132.30999983549117	14.6	115.186	31.402073	134.35	1.5499995	30.68	19 h 30 min
24550	132.22999983690679	14.8	116.492004	31.77688	133.55	-0.2500003	28.08	19 h 33 min
24600	107.52999959476293	33.7	111.50001	39.562634	133.2	-40.2	31.58	19 h 35 min
24650	98.35999973788857	27.5	111.101	40.786247	134.45	-44.850002	31.84	19 h 38 min
24700	109.33999962955713	34.6	110.519	48.55421	133.4	-60.9	27.96	19 h 40 min
24750	133.06499986089767	14.1	99.098	50.026905	133.65	-47.800003	37.72	19 h 43 min
24800	132.09499983377754	14.9	121.58201	26.492744	134.25	0.29999956	24.14	19 h 45 min
24850	130.404999794811	16.5	112.757	40.59416	133.75	-41.100002	28.98	19 h 48 min
24900	132.15999982208012	14.4	113.76699	33.587505	133.4	-14.25	31.38	19 h 50 min
24950	132.86999984793366	14.0	109.927	43.007233	133.4	-32.45	31.34	19 h 52 min
25000	131.39999982193112	16.0	111.80899	36.266598	133.75	-18.95	32.72	19 h 55 min
25050	129.89999978616834	17.6	125.539	15.916019	133.2	50.399998	22.5	19 h 57 min
25100	132.66999984309078	14.2	121.980995	23.350946	133.4	6.7999988	24.42	19 h 59 min
25150	132.51999984644354	14.6	116.574005	31.658878	133.2	11.699999	28.02	20 h 1 min
25200	132.79999985545874	14.4	121.741	25.10087	133.4	8.099999	24.26	20 h 4 min
25250	131.69499984458088	14.5	115.738	38.410324	133.2	-35.100002	25.76	20 h 6 min
25300	132.45499983765185	14.1	115.241	29.417604	133.1	37.3	30.64	20 h 8 min
25350	122.82999974898993	27.0	119.75999	29.767937	134.25	-6.250001	24.48	20 h 11 min
25400	132.5549998510629	14.7	117.948	29.442482	134.15	-19.1	28.46	20 h 13 min
25450	116.2299996048212	33.8	119.43801	26.402325	133.2	0.54999924	26.74	20 h 15 min
25500	132.65999984256922	14.2	117.485	34.03667	133.2	-13.6	25.84	20 h 18 min
25550	132.00999982431532	14.5	110.61399	37.35533	133.75	10.349999	32.04	20 h 20 min
25600	132.36499984674157	14.9	113.602005	32.672737	133.5	5.6499996	31.9	20 h 22 min
25650	124.23499970175325	25.4	116.251	29.039743	133.3	19.699999	30.5	20 h 25 min
25700	109.0799997229129	33.9	119.878006	26.039951	133.6	21.699999	25.36	20 h 27 min
25750	132.2699998278171	14.4	120.506	24.074356	133.7	46.45	26.7	20 h 30 min
25800	132.83999985195697	14.2	117.633995	33.884106	133.75	-17.050001	26.6	20 h 32 min
25850	132.15499983020126	14.7	117.299	32.454037	133.3	-9.1	27.0	20 h 34 min
25900	133.04999985732138	14.0	112.58501	38.588573	133.6	-56.25	30.78	20 h 37 min
25950	131.71499981693924	14.9	118.28001	33.077324	133.55	-2.3000007	24.9	20 h 39 min
26000	132.41999983415008	14.3	121.769	29.741215	133.95	-10.150001	22.32	20 h 41 min
26050	132.83999984636904	14.0	110.75	36.091362	133.4	-28.150002	33.64	20 h 44 min
26100	132.9899998486042	13.8	115.021	30.0689	133.75	25.199999	30.68	20 h 46 min
26150	131.84999982193114	14.8	114.0	34.996162	133.65	-15.950001	29.68	20 h 49 min
26200	101.91499950587749	46.7	117.378	32.186428	133.1	-12.000001	26.78	20 h 51 min
26250	131.44999981038274	15.2	108.73402	39.591785	133.55	-11.35	33.9	20 h 54 min
26300	132.6749998461455	14.3	120.550995	26.077291	133.3	31.55	25.48	20 h 56 min
26350	114.2649995636195	33.6	117.426994	29.151808	134.15	31.25	28.22	20 h 59 min
26400	113.58499967679381	27.5	118.379005	24.914833	134.15	47.0	30.12	21 h 1 min
26450	131.824999833107	15.0	115.305	31.329403	133.4	1.349999	30.46	21 h 4 min
26500	131.67499982751906	15.5	122.217	26.491385	133.5	8.05	23.38	21 h 6 min
26550	132.95999984703957	13.8	103.20901	47.62537	133.85	-37.600002	34.28	21 h 9 min
26600	132.18499983176588	14.7	119.304	29.231117	134.15	-12.85	26.66	21 h 11 min
26650	132.94999985210598	14.0	118.18301	31.901756	133.3	14.8	25.48	21 h 14 min
26700	131.81499981172382	14.5	116.036995	33.856026	133.95	-1.3500009	27.8	21 h 16 min
26750	132.96499985568227	14.1	115.507	30.506489	133.4	-6.500001	30.28	21 h 19 min
26800	132.35499984063208	14.7	115.926	34.36103	133.1	-26.45	28.14	21 h 21 min
26850	109.7899996764958	27.8	103.356	47.70205	133.95	-27.9	34.78	21 h 24 min
26900	103.4599995791912	34.3	121.973	24.935715	133.65	2.3499994	23.76	21 h 26 min
26950	133.0349998537451	13.9	112.411	40.2423	134.05	-15.400001	28.8	21 h 29 min
27000	104.58999974913895	34.2	119.325	26.38956	132.8	12.849999	27.78	21 h 31 min
27050	132.49499983675778	14.3	113.587006	36.072216	133.2	-15.800001	29.98	21 h 34 min
27100	132.96999984756113	13.8	117.59999	33.63573	134.05	-22.6	26.6	21 h 36 min
27150	123.1149997189641	26.5	119.835	25.519894	133.3	27.949999	27.08	21 h 39 min
27200	132.35499983504414	14.5	112.631	37.518543	133.4	3.1999993	29.46	21 h 41 min
27250	132.8999998461455	14.0	114.367004	32.297234	133.3	-4.917383e-07	30.42	21 h 44 min
27300	104.26499968282879	34.3	113.208	39.341087	133.2	-43.75	29.12	21 h 46 min
27350	131.63999981507658	14.9	121.49	24.326399	133.2	7.3999996	25.5	21 h 48 min
27400	131.4399998228997	15.4	115.496	26.60053	133.45	27.65	32.4	21 h 51 min
27450	116.3199997521937	27.7	114.50699	34.593056	132.9	-16.550001	29.38	21 h 54 min
27500	132.21999982520938	14.4	121.199	23.671156	133.2	21.75	25.8	21 h 56 min
27550	116.85999955832958	34.1	113.14201	38.66697	133.5	-0.1000005	28.14	21 h 58 min
27600	79.7849994737655	47.5	108.96199	44.719894	133.2	-34.25	30.02	22 h 1 min
27650	120.4799996972084	27.7	113.768	36.208397	133.5	-12.85	29.04	22 h 3 min
27700	132.424999833107	14.3	119.33301	28.900394	132.7	-2.9000006	27.22	22 h 6 min
27750	131.92499983496964	15.3	111.60799	33.892963	134.35	3.6499996	32.92	22 h 8 min
27800	120.90999959670008	28.6	119.75101	23.796299	133.1	40.2	27.46	22 h 10 min
27850	130.18999979756774	16.6	117.213	30.98881	134.05	5.8499994	27.68	22 h 13 min
27900	132.5399998418987	14.4	117.647	31.10989	134.05	16.25	26.82	22 h 14 min
27950	127.64499979130923	20.7	107.067986	44.063522	133.4	-12.650001	31.9	22 h 17 min
28000	132.8449998550117	14.3	117.348	32.350735	133.6	-15.050001	27.12	22 h 19 min
28050	129.0499997548759	16.7	116.593994	29.652575	133.3	8.349999	29.32	22 h 22 min
28100	131.10499979928136	15.1	117.73	29.651459	133.1	12.249999	27.66	22 h 24 min
28150	118.9949995931238	27.7	125.661995	16.530436	133.2	65.95	22.38	22 h 26 min
28200	132.07999982908368	14.8	116.399	34.51011	133.4	-24.400002	27.44	22 h 28 min
28250	122.42999968267978	27.8	109.85899	44.68872	133.3	-30.85	29.4	22 h 31 min
28300	133.16999986357987	14.0	115.885	32.560482	133.1	-30.300001	29.32	22 h 33 min
28350	132.12499982118607	14.5	105.98699	38.818684	133.2	0.19999918	36.94	22 h 36 min
28400	105.40499967597425	35.0	108.41	44.156475	133.3	-47.95	31.14	22 h 38 min
28450	109.13499978110194	28.1	121.25101	28.20189	133.2	23.65	23.16	22 h 41 min
28500	126.14499970898032	22.0	114.506	32.776867	132.6	-7.8	30.88	22 h 44 min
28550	112.98499967418611	33.8	116.46	33.56605	133.3	-0.5500008	26.76	22 h 46 min
28600	132.63999984152616	14.2	117.31601	30.95028	133.2	-16.900002	27.2	22 h 48 min
28650	121.14999973885715	27.4	104.050995	42.63396	133.3	-30.650002	38.3	22 h 51 min
28700	99.65999974794686	27.5	115.65	33.340984	133.1	1.3999988	28.4	22 h 53 min
28750	118.85499975383281	28.0	107.80899	42.961975	133.3	-48.850002	33.06	22 h 56 min
28800	130.10999979935588	17.8	108.351006	42.550888	133.4	-37.9	33.12	22 h 58 min
28850	131.80999982245265	14.9	112.287994	43.073097	133.5	-48.850002	28.74	23 h 1 min
28900	129.41999980956317	16.9	105.018	43.03736	133.3	-39.25	36.06	23 h 3 min
28950	132.43499983921646	14.5	108.979004	40.670593	133.3	-15.550001	32.0	23 h 6 min
29000	109.57499954365194	40.2	116.499	31.457178	133.2	-23.85	29.54	23 h 8 min
29050	112.36999963633716	28.3	112.864006	36.429966	133.0	-27.15	31.84	23 h 11 min
29100	113.96999957971275	36.4	123.304	18.598007	133.4	59.55	24.92	23 h 13 min
29150	132.48999985046686	14.6	111.021	38.773502	133.5	-26.6	31.68	23 h 16 min
29200	132.99999985471368	14.0	116.69199	28.903595	133.2	23.05	29.34	23 h 19 min
29250	128.63999977707863	21.0	113.41601	33.494328	133.2	-19.150002	32.16	23 h 21 min
29300	115.06999959610403	34.8	108.90399	41.413307	133.6	-43.8	33.1	23 h 24 min
29350	127.65499974936247	20.9	119.035995	29.001312	133.5	1.0499985	26.18	23 h 26 min
29400	107.46499964296818	34.3	118.394005	32.393417	133.3	-19.2	25.9	23 h 28 min
29450	113.86999962367118	33.8	118.463	30.454313	133.1	-4.3500004	26.58	23 h 31 min
29500	111.32999951429665	34.1	122.355995	21.791296	133.5	25.0	24.6	23 h 33 min
29550	132.12499983981252	15.1	119.70399	30.696436	133.4	-4.1500006	24.22	23 h 36 min
29600	131.91499983780085	14.9	119.21499	27.495718	134.15	-3.9500003	27.08	23 h 38 min
29650	115.58499957621098	34.1	115.62	29.1636	133.3	26.4	30.42	23 h 41 min
29700	132.78999984376134	14.0	117.175995	29.536676	133.4	-28.550001	30.02	23 h 44 min
29750	122.32999957427383	25.5	124.059006	23.15165	133.6	17.05	22.2	23 h 46 min
29800	128.97999979369342	20.3	113.2	32.417324	133.5	10.9	32.56	23 h 48 min
29850	133.0299998562783	14.0	120.94499	24.988724	133.5	30.75	25.06	23 h 50 min
29900	108.94499965459109	34.4	115.866	35.231846	133.3	-15.6	27.62	23 h 53 min
29950	132.0299998153001	14.4	113.351006	34.559948	133.5	-36.45	32.18	23 h 55 min
30000	132.71499984301627	14.0	122.02599	25.277641	134.05	26.449999	23.54	23 h 58 min
30050	132.42499984353782	14.5	111.31	37.484188	133.1	-61.0	33.14	24 h 0 min
30100	132.79999984428287	14.0	103.995	45.075256	133.5	-42.4	35.5	24 h 3 min
30150	103.83999980166554	27.2	117.365	27.709246	133.4	30.65	28.12	24 h 5 min
30200	119.59999966174364	30.1	114.66	39.23516	134.45	-48.350002	27.78	24 h 7 min
30250	125.96499969027937	23.8	114.97099	35.241974	133.75	-20.15	28.12	24 h 10 min
30300	132.09999983496965	14.8	107.286995	41.350105	133.3	-40.7	35.44	24 h 11 min
30350	132.314999832958	14.5	116.019005	37.58285	133.75	-25.45	26.5	24 h 13 min
30400	123.45999964773655	23.6	112.71199	37.591286	133.95	-15.300001	28.96	24 h 16 min
30450	133.20999986566602	14.0	106.19799	43.09547	133.1	-38.2	35.5	24 h 18 min
30500	106.41499974802136	34.4	120.283	28.531313	133.6	-26.15	25.16	24 h 20 min
30550	131.75499983169138	15.5	121.881004	27.493689	133.7	7.999999	23.04	24 h 22 min
30600	131.55999981425703	15.0	107.908005	39.976624	133.4	-19.1	35.32	24 h 25 min
30650	132.52499984689058	14.5	115.949005	33.568798	133.8	-22.1	28.44	24 h 27 min
30700	131.5099998049438	15.0	121.12699	23.534443	133.4	44.149998	26.5	24 h 29 min
30750	132.314999832958	14.5	123.671005	27.436218	133.85	-24.150002	21.42	24 h 31 min
30800	132.2299998421222	14.4	117.59699	29.096973	133.2	12.849998	28.24	24 h 33 min
30850	119.35999962426722	30.0	118.911	22.453861	133.3	60.45	29.9	24 h 35 min
30900	107.9799997549504	33.8	124.55801	15.787228	133.6	62.7	23.18	24 h 37 min
30950	130.56999979652466	16.1	124.388	15.52412	134.05	77.5	24.56	24 h 39 min
31000	124.05499968267978	25.4	119.431	23.249214	133.2	47.3	28.94	24 h 41 min
31050	132.1049998395145	14.7	119.06001	27.093142	133.4	19.199999	27.06	24 h 43 min
31100	116.89999960958957	33.1	111.466	39.446632	134.55	-28.0	31.22	24 h 45 min
31150	132.30499984249474	14.6	118.307014	24.746208	133.75	51.3	28.86	24 h 47 min
31200	114.48999949730933	35.4	116.17899	32.7784	133.2	-34.350002	28.78	24 h 50 min
31250	121.33999965190887	28.2	113.67999	33.813046	133.0	-4.4000006	30.92	24 h 52 min
31300	101.22999955043197	48.2	118.32101	25.70587	132.45	24.4	28.92	24 h 55 min
31350	129.2099997665733	18.1	108.586006	38.088688	133.75	-21.0	34.74	24 h 57 min
31400	120.79499966353178	29.4	117.129005	30.448809	133.85	15.849999	27.56	25 h 0 min
31450	110.94999971576036	30.2	121.61101	23.421507	134.25	29.75	24.86	25 h 2 min
31500	131.85999981276692	14.4	102.995995	39.52764	133.2	-7.200001	39.06	25 h 5 min
31550	128.00999975651501	20.2	113.87601	32.655552	133.2	-11.6	31.4	25 h 7 min
31600	114.19999973848462	34.0	115.20901	33.173832	133.5	8.75	28.44	25 h 10 min
31650	133.50499986708164	13.5	114.531006	32.70552	134.05	-5.5500007	30.84	25 h 12 min
31700	113.28499952331185	39.0	125.54099	17.386768	133.75	44.45	22.42	25 h 14 min
31750	132.60999983996152	14.2	115.34999	38.18026	133.1	-28.85	26.28	25 h 16 min
31800	132.359999826923	14.2	123.158005	22.422379	133.3	3.3499994	24.04	25 h 18 min
31850	132.249999826774	14.2	115.658005	30.527218	133.4	-22.800001	30.86	25 h 20 min
31900	105.57999972552061	27.7	115.720985	28.001669	133.85	16.3	31.98	25 h 22 min
31950	130.8499998062849	16.7	118.035	28.81031	133.3	-1.6000007	28.2	25 h 24 min
32000	131.76499983109534	15.2	118.805	25.688725	133.2	7.6499996	28.14	25 h 26 min
32050	100.85999971628189	27.4	106.655	42.001137	133.5	-28.350002	34.92	25 h 29 min
32100	132.1899998292327	14.6	114.16501	32.254044	133.4	4.849999	30.66	25 h 31 min
32150	126.58499969914556	20.5	105.038994	39.40683	133.3	-22.300001	37.4	25 h 33 min
32200	132.95999985821544	14.2	109.49	37.36907	133.85	-55.0	36.48	25 h 36 min
32250	83.0899995546788	41.0	114.534	35.47766	133.75	-5.7000003	29.18	25 h 38 min
32300	120.07999967075884	34.1	118.677	29.685818	133.3	-18.5	26.92	25 h 40 min
32350	120.63999956734479	31.4	106.05601	36.82529	133.2	-20.65	38.02	25 h 42 min
32400	119.78499962836504	27.7	113.64001	36.21229	133.4	-38.25	29.98	25 h 45 min
32450	133.2649998601526	13.7	106.09999	40.72776	132.9	-32.850002	35.26	25 h 47 min
32500	130.91499979384244	15.7	116.964005	34.465454	133.6	-47.2	27.14	25 h 49 min
32550	130.88999980464578	16.1	107.394	40.96949	133.2	-33.75	34.86	25 h 52 min
32600	131.37999981343745	15.4	115.193	34.687828	133.0	-3.3500004	27.8	25 h 54 min
32650	116.57499966919423	34.2	121.714	21.377293	133.3	54.8	25.58	25 h 56 min
32700	115.8149997267872	30.2	120.619	21.661615	133.3	29.699999	28.22	25 h 57 min
32750	116.09499965533614	34.1	114.42199	32.585968	133.0	-3.4500012	30.54	26 h 0 min
32800	115.74499966725708	27.5	109.10801	37.35451	133.3	-17.250002	35.04	26 h 3 min
32850	131.38999980576335	15.4	118.72499	26.075129	133.4	9.25	28.14	26 h 6 min
32900	86.9999995175749	50.1	117.58401	30.843111	132.9	-0.4000006	26.88	26 h 8 min
32950	132.0099998358637	15.0	115.42	33.083958	133.1	-8.1	29.52	26 h 10 min
33000	131.24499982222915	15.5	112.66999	35.022945	133.1	-13.950002	31.6	26 h 12 min
33050	119.7849996805191	34.1	116.521	28.811462	134.35	1.8499994	30.32	26 h 15 min
33100	104.83999959640205	34.8	118.83399	26.27981	134.05	-2.3000007	28.6	26 h 17 min
33150	103.33999960757792	34.3	120.90099	24.103138	133.3	38.85	25.58	26 h 19 min
33200	132.1699998393655	15.0	123.076996	22.871584	133.3	22.4	23.52	26 h 22 min
33250	118.68999969661236	32.9	108.963005	38.66248	133.3	2.949999	33.1	26 h 24 min
33300	131.5649998407811	14.8	116.71501	32.82842	132.8	-11.400001	27.26	26 h 26 min
33350	131.02499981708826	16.5	125.577	21.67755	133.1	-8.1	20.8	26 h 28 min
33400	116.20499957948923	34.3	111.687004	36.48439	133.7	5.1499996	31.76	26 h 31 min
33450	128.69499977380036	19.0	123.272995	25.29931	133.85	-3.3000002	22.9	26 h 33 min
33500	93.19999977499246	34.1	114.491	33.119724	133.1	-1.7500002	30.58	26 h 35 min
33550	130.82999979779123	15.8	113.93101	34.6859	133.2	7.599999	29.4	26 h 38 min
33600	132.83999984636904	14.0	115.545	30.041374	133.2	24.1	30.3	26 h 40 min
33650	112.6099996175617	35.7	117.156	29.654528	133.4	10.849999	28.54	26 h 42 min
33700	133.06999985836447	14.0	107.398994	37.23753	132.65	4.2999997	35.84	26 h 45 min
33750	129.8349997803569	17.1	104.78	39.325172	133.75	-15.750001	37.88	26 h 48 min
33800	132.63499984405934	14.3	98.52	49.54432	133.4	-38.100002	37.94	26 h 50 min
33850	132.60999984815717	14.2	121.077	27.613222	133.2	9.249999	24.04	26 h 52 min
33900	131.4499998420477	14.9	107.182	39.516724	134.25	-37.95	37.04	26 h 54 min
33950	116.95499960072338	34.0	108.77001	40.25219	133.3	-28.85	33.64	26 h 57 min
34000	114.45999974645675	27.8	111.033	36.457043	133.5	-20.0	33.02	26 h 59 min
34050	131.32999981194735	15.8	103.22101	46.8665	134.05	-32.15	36.06	27 h 1 min
34100	132.07999982759355	14.8	117.216995	28.454782	134.35	-1.750001	29.42	27 h 3 min
34150	132.10999982953072	14.5	118.339005	31.740498	132.9	-12.700001	26.04	27 h 6 min
34200	126.10499975979329	21.5	116.074005	32.58833	132.95	-29.250002	28.22	27 h 8 min
34250	132.3699998576194	15.0	114.942986	35.372208	133.4	-4.600001	28.12	27 h 10 min
34300	120.44999968335033	28.6	119.427	29.963478	133.4	14.499999	25.4	27 h 12 min
34350	114.8899995841086	36.5	116.60599	33.63444	133.4	-25.15	27.86	27 h 15 min
34400	132.5349998500198	14.7	117.496994	31.249208	133.4	16.15	26.92	27 h 17 min
34450	133.06999985277653	13.8	114.476	29.281809	133.2	14.049999	33.2	27 h 19 min
34500	132.6449998445809	14.3	113.763	39.944305	133.2	-30.75	27.38	27 h 22 min
34550	133.25499985963106	13.7	122.81601	18.523567	133.2	63.8	25.08	27 h 24 min
34600	120.3849996495992	27.7	118.239006	30.393663	133.4	19.949999	26.34	27 h 27 min
34650	132.0849998321384	14.7	114.309006	33.321762	133.3	-10.200001	30.58	27 h 30 min
34700	131.77999982461333	15.2	102.47099	45.658264	133.75	-31.25	36.68	27 h 32 min
34750	131.4249998372048	14.8	120.63899	27.340973	133.5	-7.9500003	24.96	27 h 34 min
34800	132.44499983415008	14.3	113.676994	39.17925	133.0	-24.050001	27.64	27 h 36 min
34850	108.5649997945875	27.4	119.72901	29.33649	133.5	-6.3500004	25.72	27 h 39 min
34900	128.3249997343868	17.8	115.50699	32.780994	133.65	19.349998	28.84	27 h 41 min
34950	132.28499984145165	14.6	119.52999	29.434158	133.0	-2.4500003	25.64	27 h 44 min
35000	132.78999984636903	14.0	122.278	26.87184	133.1	-16.000002	23.5	27 h 46 min
35050	131.11999982260167	14.9	120.483	24.998682	133.4	-1.9000007	26.6	27 h 48 min
35100	133.09999985992908	14.0	123.262	25.925701	133.3	-31.45	22.76	27 h 50 min
35150	131.524999814108	15.3	112.241005	32.81794	133.75	22.55	33.38	27 h 53 min
35200	132.3449998345226	14.5	113.553	39.558945	133.1	-31.650002	28.28	27 h 55 min
35250	132.7849998462945	14.1	117.298996	34.021973	133.8	7.0499997	26.12	27 h 58 min
35300	131.04499981366098	15.9	120.284004	27.042294	133.6	10.45	26.08	28 h 0 min
35350	131.55999982468785	15.6	120.645996	28.927353	133.7	-16.900002	24.82	28 h 2 min
35400	132.23999983742834	14.8	114.501	38.277424	133.85	-15.85	28.06	28 h 4 min
35450	131.40999981462954	15.5	112.173004	38.64308	133.5	-34.350002	30.72	28 h 6 min
35500	130.41499983146787	15.4	116.292	36.795586	133.3	-18.5	26.38	28 h 8 min
35550	122.59999968819321	30.7	114.535	34.148045	132.85	-5.8000007	30.54	28 h 10 min
35600	132.10999981947242	14.4	115.299	33.87695	133.3	-0.6000005	28.04	28 h 13 min
35650	131.299999807775	15.0	118.799	30.841427	133.3	-39.05	27.14	28 h 16 min
35700	131.80999982692302	14.9	114.592995	39.455082	133.75	-44.5	27.02	28 h 18 min
35750	123.2599997036159	27.2	116.648994	35.51048	133.3	-30.550001	27.28	28 h 21 min
35800	110.85499963015317	27.5	113.905	38.397118	133.3	-43.850002	28.64	28 h 23 min
35850	91.25499936975538	47.2	109.364006	36.608063	133.7	-16.550001	34.58	28 h 26 min
35900	121.56999978087842	22.4	115.016	31.427803	133.5	12.249999	29.92	28 h 28 min
35950	132.21999983079732	14.6	120.00801	26.117657	133.4	17.25	26.06	28 h 31 min
36000	132.4699998676777	14.0	119.673	28.952625	133.1	-1.7500004	26.28	28 h 33 min
36050	132.314999832958	14.5	119.03999	27.082962	134.15	27.1	26.78	28 h 34 min
36100	132.3099998421967	14.6	119.686005	32.4608	133.45	-32.2	24.36	28 h 36 min
36150	131.81999982409178	15.0	116.156	32.902466	133.3	-5.1500006	29.04	28 h 38 min
36200	133.44499985836447	13.3	112.05301	41.11191	133.4	-24.800001	28.36	28 h 40 min
36250	132.534999833256	14.1	111.92801	40.85971	134.15	-27.85	29.44	28 h 42 min
36300	120.9699997201562	28.4	115.54	34.77535	133.1	-35.15	28.68	28 h 45 min
36350	133.15499985888601	13.7	110.932	41.035007	133.65	-11.500001	29.4	28 h 47 min
36400	130.89499981105328	16.5	113.145	36.079826	133.6	-3.3000014	30.54	28 h 49 min
36450	132.96999984756113	13.8	111.93301	36.644714	133.95	-6.850001	30.56	28 h 52 min
36500	132.8999998550862	14.2	120.37601	29.887627	133.1	-32.55	24.3	28 h 54 min
36550	131.9949998281896	14.9	117.898994	34.43876	133.95	-43.65	26.06	28 h 56 min
36600	132.619999839738	14.0	118.07501	29.980062	133.5	12.099999	26.76	28 h 58 min
36650	131.80499981977044	14.9	122.574005	24.780943	134.05	-2.8000004	23.7	29 h 1 min
36700	131.6049998227507	15.6	110.211	39.63658	133.85	-9.050001	31.64	29 h 3 min
36750	115.53499952666462	33.8	121.31701	23.93693	133.85	30.849998	25.3	29 h 5 min
36800	131.99499982967973	14.9	112.79199	34.096596	133.3	2.1499994	31.8	29 h 8 min
36850	131.94999982863663	14.7	114.347	34.971237	133.1	-27.95	29.32	29 h 10 min
36900	133.20999985449015	13.6	122.035995	21.650543	133.2	32.649998	25.04	29 h 11 min
36950	133.0249998588115	14.1	122.023994	25.487938	133.95	18.25	23.76	29 h 13 min
37000	106.42499974407255	27.7	114.326996	33.487396	134.35	-2.15	30.54	29 h 16 min
37050	131.91999982073904	14.8	117.41599	34.747322	133.4	-9.900001	25.38	29 h 17 min
37100	129.61499976627528	17.3	120.575	24.035297	133.1	34.35	26.1	29 h 19 min
37150	118.3699996303767	33.7	123.26401	19.36967	134.15	64.15	24.42	29 h 21 min
37200	132.074999820441	14.5	118.08401	27.130823	133.0	36.75	27.94	29 h 24 min
37250	131.3199998203665	16.0	116.035995	31.289457	133.2	9.049999	28.94	29 h 26 min
37300	132.19999983385205	14.6	120.99	29.026981	133.25	-7.1000004	24.02	29 h 27 min
37350	132.20499982908368	14.3	112.90301	38.73244	133.4	-25.1	29.62	29 h 30 min
37400	130.93499981127678	14.6	116.413994	38.553173	134.05	-29.75	25.02	29 h 32 min
37450	104.88499974906445	33.5	114.33099	27.804762	133.95	17.699999	33.68	29 h 35 min
37500	123.97499971091747	28.1	113.11099	34.941948	133.3	-12.550001	31.7	29 h 37 min
37550	131.0949998266995	15.3	121.388	30.682995	134.05	-12.85	22.76	29 h 39 min
37600	132.904999852553	14.1	122.09301	27.196054	134.25	16.25	23.68	29 h 41 min
37650	121.77499963976443	27.1	115.92	33.18148	134.25	11.599999	28.42	29 h 42 min
37700	132.0749998290092	14.6	124.00501	22.334955	134.05	12.0	22.76	29 h 45 min
37750	131.38499980382622	15.1	121.937996	28.312346	134.25	-19.5	23.28	29 h 47 min
37800	114.91999971419573	34.3	115.1	30.23265	134.25	34.5	30.98	29 h 49 min
37850	130.4699998214841	16.5	121.912994	25.613798	133.4	20.4	24.02	29 h 52 min
37900	130.19999982081353	16.3	122.910995	23.862623	133.75	0.3499993	23.78	29 h 54 min
37950	101.49999960623681	28.4	112.895996	36.30161	133.2	-14.650001	30.84	29 h 57 min
38000	131.71999987475573	14.3	116.983	34.095528	133.6	-14.8	26.5	29 h 59 min
38050	117.9349995866418	32.6	120.742004	28.650343	133.5	3.1499996	24.78	30 h 2 min
38100	129.12499977611006	19.6	115.03902	33.807976	133.3	-28.45	30.04	30 h 4 min
38150	131.04499981068074	16.1	109.035	34.50724	133.85	-21.95	37.18	30 h 6 min
38200	133.76999987252057	13.2	114.65099	33.485035	133.2	-15.8	30.44	30 h 9 min
38250	82.82499936670065	53.2	115.232	34.482807	133.3	-25.35	28.66	30 h 11 min
38300	111.73499960042537	44.6	111.092995	34.142933	133.1	9.999999	34.96	30 h 14 min
38350	130.58999979943036	16.4	120.848	23.83608	133.5	32.7	26.7	30 h 15 min
38400	102.21499949358403	34.0	121.480995	24.60013	133.0	4.299999	25.04	30 h 18 min
38450	127.72999971695245	19.4	110.01199	40.12754	133.2	-24.250002	32.1	30 h 20 min
38500	94.45999937169253	58.0	112.660995	41.60389	133.4	-62.550003	28.9	30 h 22 min
38550	111.0049995534122	27.2	112.364006	34.737564	133.2	-1.8000004	32.24	30 h 25 min
38600	131.75999981239437	14.8	115.97301	31.203215	133.85	-4.1000004	29.88	30 h 28 min
38650	110.9999995097518	34.3	117.273994	31.567438	133.95	2.449999	26.84	30 h 30 min
38700	87.99999940358103	54.8	105.763	46.52494	133.6	-40.600002	32.56	30 h 33 min
38750	132.9099998500198	14.0	116.977005	30.215595	133.65	23.05	27.82	30 h 35 min
38800	132.24499983489514	14.7	108.254005	41.66986	133.4	-34.2	33.5	30 h 38 min
38850	132.77499984577298	14.1	119.68101	31.533176	134.05	12.649999	24.4	30 h 40 min
38900	98.2249995559454	47.8	116.72699	30.853846	133.0	17.8	27.54	30 h 43 min
38950	131.61999981068075	15.0	113.05601	34.755394	133.2	-17.300001	31.62	30 h 45 min
39000	132.1899998292327	14.6	114.631	25.655987	133.95	32.35	34.22	30 h 48 min
39050	131.61499981321396	15.1	116.74899	34.22377	133.3	-43.45	28.24	30 h 50 min
39100	130.20999979414046	15.8	114.847	34.179237	133.3	10.999999	28.92	30 h 52 min
39150	131.49999981559813	15.4	121.562996	30.752094	134.05	-29.75	22.42	30 h 54 min
39200	132.6949998471886	14.3	117.10899	34.12429	133.0	-22.650002	27.2	30 h 55 min
39250	132.07999982908368	14.8	121.35299	21.552317	133.4	49.5	25.96	30 h 57 min
39300	131.91999982073904	14.8	121.315994	23.02212	134.25	26.199999	26.04	30 h 58 min
39350	132.57499985210598	14.7	116.38699	32.107094	133.2	-23.4	29.1	31 h 0 min
39400	132.77499985136092	14.3	111.62699	35.31667	133.3	-14.450001	32.82	31 h 3 min
39450	101.21999966688455	27.4	110.998	37.24473	133.3	-41.600002	33.5	31 h 6 min
39500	122.78499969653785	27.5	113.71299	34.6889	133.4	-11.05	30.22	31 h 9 min
39550	132.57499984651804	14.5	114.98699	38.015636	133.85	-9.450001	26.58	31 h 11 min
39600	132.11499982252718	14.5	123.01401	23.893969	133.35	-9.000001	24.24	31 h 13 min
39650	131.61999981068075	14.8	125.755	14.192569	133.4	80.75	22.76	31 h 15 min
39700	130.4599998358637	14.8	113.393005	39.56624	134.05	-47.0	29.64	31 h 17 min
39750	132.9649998612702	14.3	114.433	36.440693	134.05	-19.5	29.48	31 h 19 min
39800	132.29499983340503	14.4	116.81	35.160347	133.3	-52.45	27.68	31 h 22 min
39850	106.69499953575432	35.0	109.627	39.83192	133.6	-33.9	32.42	31 h 25 min
39900	132.6449998445809	14.3	116.27699	29.14534	133.4	3.7999997	31.24	31 h 27 min
39950	132.5249998461455	14.6	120.01101	27.271303	133.2	7.5999994	26.26	31 h 30 min
40000	132.2599998407066	14.8	109.836	39.509983	133.4	-22.7	32.6	31 h 33 min
