Epoch	AverageEpRet	StdEpRet	MaxEpRet	MinEpRet	EpLen	EpNum	TotalEnvInteracts	LossPi	LossV	DeltaLossPi	DeltaLossV	Entropy	KL	ClipFrac	StopIter	Time
0	-165.21042	6.748966	-146.0	-177.90001	100.0	24.0	80000	-1.73226e-07	5.787282	-0.006308888	-4.5329065	3.4938617	0.012825251	0.0608875	49.0	12.89099645614624
1	-162.50624	3.7833598	-154.0	-169.5	100.0	48.0	160000	-1.5599653e-08	1.2096906	-0.0043253954	-0.09683956	3.4809155	0.013917414	0.045012504	49.0	27.558643102645874
2	-157.24168	6.7978816	-143.75	-166.40001	100.0	72.0	240000	1.7113052e-08	1.1080189	-0.0042138803	-0.015432939	3.4646835	0.012948328	0.045149997	49.0	42.285444021224976
3	-155.32501	3.430864	-146.35	-161.2	100.0	96.0	320000	1.5308615e-08	1.0296557	-0.0043659643	-0.029262118	3.4461079	0.014298825	0.0541625	49.0	56.97070860862732
4	-153.34792	3.9780777	-146.8	-161.0	100.0	120.0	400000	1.46683306e-08	0.87324023	-0.0042376714	-0.05342461	3.4132087	0.013645133	0.039862502	49.0	71.86633086204529
5	-151.3	4.0451612	-144.35	-157.6	100.0	144.0	480000	-1.8626451e-09	0.7210512	-0.004940383	-0.021963261	3.3790727	0.01584125	0.32209998	10.0	84.82165575027466
6	-144.60626	4.5465946	-133.75	-152.15001	100.0	168.0	560000	2.561137e-09	0.6145254	-0.0042223637	-0.03659594	3.3176608	0.015150593	0.3518625	7.0	97.01813793182373
7	-142.57709	2.6648939	-137.1	-147.45	100.0	192.0	640000	-7.450581e-09	0.53714406	-0.006956679	-0.028881483	3.2573285	0.013905887	0.142225	49.0	111.77441835403442
8	-138.27917	4.67589	-129.2	-148.6	100.0	216.0	720000	3.085006e-09	0.5531442	-0.0056647295	-0.026732698	3.1639223	0.015006495	0.1263125	32.0	126.91289734840393
9	-135.96458	3.350201	-127.75	-145.25	100.0	240.0	800000	-3.4924597e-10	0.5639217	-0.0059791473	-0.015259396	3.0653598	0.015027682	0.1286375	48.0	143.87940311431885
10	-134.4654	4.4088583	-125.0	-143.1	100.0	266.0	880000	-9.313226e-10	0.5456419	-0.0037400064	-0.010915093	2.9718695	0.012838634	0.087825	49.0	160.28698992729187
11	-133.25926	4.54162	-124.1	-140.3	100.0	293.0	960000	4.1909516e-09	0.58068633	-0.003278072	-0.006246999	2.8918786	0.015082046	0.076975	45.0	175.64135837554932
12	-136.225	3.5871882	-129.6	-144.15001	100.0	317.0	1040000	-1.2805685e-08	0.552706	-0.004275381	-0.008097321	2.819487	0.01504953	0.068475	44.0	190.944753408432
13	-134.64801	4.053552	-127.450005	-142.2	100.0	342.0	1120000	-5.122274e-09	0.53277844	-0.003657878	-0.0048998743	2.778907	0.010529541	0.08095	49.0	206.02644753456116
14	-135.79584	3.4853244	-128.95	-143.65001	100.0	366.0	1200000	-1.4319085e-08	0.5320785	-0.002955693	-0.0049753375	2.690312	0.015202024	0.08985	37.0	220.61229372024536
15	-135.1125	5.1958365	-124.0	-144.1	100.0	390.0	1280000	9.546056e-09	0.531503	-0.004052461	-0.009073649	2.6145005	0.011264931	0.08499999	49.0	235.74811458587646
16	-137.53127	3.9284163	-130.90001	-144.1	100.0	414.0	1360000	-9.895302e-10	0.4998754	-0.003487181	-0.0051667355	2.5475197	0.014019799	0.064875	49.0	251.13260579109192
17	-137.78542	3.7019844	-131.0	-144.7	100.0	438.0	1440000	8.381903e-09	0.4888249	-0.0026076494	-0.0047212206	2.5003734	0.012429513	0.033325	49.0	266.385103225708
18	-137.41875	4.3532753	-124.0	-144.0	100.0	462.0	1520000	-8.032657e-09	0.4987437	-0.002351277	-0.006165568	2.4786568	0.012872323	0.0700625	49.0	281.64770698547363
19	-138.425	3.9252908	-127.450005	-143.2	100.0	486.0	1600000	-8.1490725e-09	0.4733468	-0.0035102442	-0.004253626	2.4487953	0.012532666	0.062062502	49.0	297.24608635902405
20	-139.51666	3.0750906	-134.5	-145.85	100.0	510.0	1680000	9.546056e-09	0.44533068	-0.0022890824	-0.0052838214	2.426299	0.011508382	0.0436625	49.0	313.01475071907043
21	-138.73543	3.8592014	-130.45	-144.8	100.0	534.0	1760000	-6.9849193e-10	0.473108	-0.0022476842	-0.0040915646	2.3595042	0.008942336	0.024212498	49.0	329.19990944862366
22	-140.32916	2.5073211	-135.0	-146.15001	100.0	558.0	1840000	-1.9208528e-09	0.44867224	-0.0029661376	-0.005562909	2.3320494	0.00946435	0.0286875	49.0	345.88350081443787
23	-139.56667	3.0919802	-130.85	-145.75	100.0	582.0	1920000	5.296897e-09	0.46341574	-0.0027409026	-0.0047794804	2.3342476	0.010814719	0.083924994	49.0	362.9536864757538
24	-141.90208	2.9865127	-131.3	-145.2	100.0	606.0	2000000	-1.7462298e-08	0.44645873	-0.002749966	-0.0068752132	2.3177474	0.010432068	0.042125	49.0	379.62422132492065
25	-142.53542	1.7734418	-138.75	-145.25	100.0	630.0	2080000	1.6298145e-09	0.43723977	-0.0020785592	-0.0036326498	2.273435	0.007219234	0.030862499	49.0	395.7584939002991
26	-141.98543	2.6259305	-136.2	-145.55	100.0	654.0	2160000	3.259629e-09	0.45030355	-0.00297551	-0.0039228015	2.2876897	0.01147097	0.028150002	49.0	411.2818500995636
27	-142.89583	2.0757492	-138.25	-145.40001	100.0	678.0	2240000	-9.080395e-09	0.46281064	-0.0021620467	-0.0072862767	2.2357383	0.007979056	0.0161	49.0	426.47389912605286
28	-142.61667	1.8906384	-136.35	-145.35	100.0	702.0	2320000	-5.820766e-10	0.4484848	-0.002444463	-0.0068659447	2.2354147	0.008519562	0.02455	49.0	441.9045581817627
29	-143.78334	1.7496828	-140.2	-145.6	100.0	726.0	2400000	-5.2386895e-09	0.4432248	-0.001878456	-0.010736253	2.259595	0.008064549	0.01665	49.0	457.5932128429413
30	-143.01875	1.9386308	-137.90001	-145.2	100.0	750.0	2480000	8.8475645e-09	0.4536051	-0.0026267355	-0.0065001436	2.2509441	0.0092189675	0.0335875	49.0	475.19992184638977
31	-143.21251	2.4506056	-134.35	-145.65001	100.0	774.0	2560000	1.9208528e-09	0.44088686	-0.002640408	-0.006567374	2.2125368	0.0068917847	0.022475	49.0	490.88041734695435
32	-143.92917	1.44539	-140.0	-145.2	100.0	798.0	2640000	-1.2805685e-09	0.42897928	-0.0028475258	-0.0076548345	2.1640642	0.0098926425	0.024412502	49.0	506.47589802742004
33	-144.01459	1.5678723	-139.35	-145.40001	100.0	822.0	2720000	4.4237822e-09	0.4300858	-0.002134238	-0.013393052	2.182402	0.009101272	0.0161625	49.0	522.7641551494598
34	-144.02083	1.1642174	-141.95	-145.55	100.0	846.0	2800000	-2.6775524e-09	0.44351587	-0.0018030626	-0.0089169815	2.1522753	0.005245289	0.013475	49.0	539.7322676181793
35	-143.60417	1.7919332	-137.8	-145.1	100.0	870.0	2880000	1.5599653e-08	0.45548856	-0.002238384	-0.009298403	2.1312726	0.008810493	0.032737497	49.0	557.3125348091125
36	-144.39793	1.0430795	-141.5	-145.5	100.0	894.0	2960000	-2.188608e-08	0.42187887	-0.0019893956	-0.006499119	2.1274047	0.01019185	0.027525	49.0	574.6669547557831
37	-144.13542	1.3329524	-139.15001	-145.2	100.0	918.0	3040000	4.8894435e-09	0.43317714	-0.0025928053	-0.005959511	2.130218	0.009085102	0.022300001	49.0	591.6341388225555
38	-144.3875	0.99783415	-141.40001	-145.45	100.0	942.0	3120000	2.561137e-09	0.41805673	-0.0027096258	-0.008363429	2.0994387	0.0077478914	0.0307875	49.0	608.1245546340942
39	-144.05208	1.8754138	-138.6	-145.1	100.0	966.0	3200000	2.3283064e-10	0.42452714	-0.0025014686	-0.0048077367	2.1007807	0.010251636	0.0166	49.0	623.815523147583
40	-143.92084	1.6662647	-138.6	-145.40001	100.0	990.0	3280000	-5.9371814e-09	0.4200552	-0.0026599308	-0.006553624	2.1505692	0.008632302	0.023200002	49.0	639.4271278381348
41	-143.96458	1.6889019	-139.35	-145.2	100.0	1014.0	3360000	7.683411e-09	0.43688217	-0.002601924	-0.005174216	2.1332376	0.008433795	0.019225	49.0	655.8704283237457
42	-144.13959	1.5171913	-140.6	-145.2	100.0	1038.0	3440000	-8.032657e-09	0.42842495	-0.0028492245	-0.0036861524	2.1636267	0.008205855	0.039174996	49.0	671.6628015041351
43	-144.57083	0.9360731	-141.55	-145.1	100.0	1062.0	3520000	1.0011718e-08	0.44123766	-0.0033237098	-0.012115296	2.1670194	0.0077372766	0.0470625	49.0	687.2949426174164
44	-144.77916	0.7751224	-141.6	-145.1	100.0	1086.0	3600000	6.0535967e-09	0.45797879	-0.0022434257	-0.008575838	2.1487403	0.00772651	0.022425	49.0	702.8147170543671
45	-144.54167	1.1327188	-141.6	-145.45	100.0	1110.0	3680000	3.7252903e-09	0.4459606	-0.0024823206	-0.0035509467	2.1428776	0.005636545	0.017025001	49.0	718.3042232990265
46	-144.71875	0.9264395	-141.65001	-145.1	100.0	1134.0	3760000	-1.5832484e-08	0.43811268	-0.0023530466	-0.009368293	2.1187625	0.0059073	0.008862501	49.0	734.6764011383057
47	-144.64583	0.84074813	-142.3	-145.40001	100.0	1158.0	3840000	1.2223609e-08	0.4383034	-0.0024802452	-0.0049981177	2.1203303	0.0070324205	0.021362498	49.0	751.1248610019684
48	-144.8125	0.75832033	-141.40001	-145.35	100.0	1182.0	3920000	-9.546056e-09	0.4110939	-0.0022929837	-0.003740728	2.10796	0.007254092	0.011975	49.0	767.8559575080872
49	-144.825	0.46457735	-143.15001	-145.2	100.0	1206.0	4000000	-1.6763806e-08	0.41796967	-0.0022743372	-0.0033028089	2.099865	0.005860964	0.016175002	49.0	784.8629961013794
50	-144.80208	0.5916916	-142.5	-145.1	100.0	1230.0	4080000	-1.9790605e-09	0.4225711	-0.0018399013	-0.0064793937	2.0703185	0.0024543817	0.001375	49.0	801.8021829128265
51	-144.67291	0.7806209	-142.0	-145.1	100.0	1254.0	4160000	-4.1909516e-09	0.4483557	-0.0023924017	-0.0076604597	2.0573485	0.006541057	0.0147750005	49.0	818.5647368431091
52	-144.97708	0.10990508	-144.45	-145.0	100.0	1278.0	4240000	-9.429641e-09	0.42306805	-0.002894586	-0.009374674	2.0671155	0.0072674095	0.023850001	49.0	835.0544941425323
53	-144.86043	0.40025342	-143.6	-145.2	100.0	1302.0	4320000	1.1175871e-08	0.421656	-0.0027894054	-0.002849009	2.0883663	0.010090273	0.0422	49.0	850.4280259609222
54	-145.00417	0.01998385	-145.0	-145.1	100.0	1326.0	4400000	-2.3283064e-10	0.43196607	-0.0024310183	-0.0039172024	2.085814	0.0064045032	0.0182375	49.0	865.8943576812744
55	-145.00209	0.009991928	-145.0	-145.05	100.0	1350.0	4480000	-6.0535967e-09	0.42572966	-0.0027060956	-0.004428003	2.0846915	0.009159386	0.015700001	49.0	881.4329967498779
56	-144.85625	0.35452688	-143.8	-145.1	100.0	1374.0	4560000	-5.122274e-09	0.43619776	-0.0028461895	-0.0023014955	2.0853302	0.010861508	0.10995	49.0	897.0353767871857
57	-144.87708	0.6106662	-141.95	-145.1	100.0	1398.0	4640000	9.313226e-09	0.4268943	-0.0026157498	-0.0034413822	2.083992	0.008173423	0.018199999	49.0	912.7663826942444
58	-145.00417	0.01998385	-145.0	-145.1	100.0	1422.0	4720000	-6.4028427e-09	0.4252573	-0.0025947238	-0.0069927685	2.0754166	0.0057628714	0.0153875	49.0	928.7950143814087
59	-144.94583	0.2813338	-143.6	-145.1	100.0	1446.0	4800000	1.8626451e-09	0.40461546	-0.002484255	-0.004495792	2.0642	0.008325402	0.016475	49.0	945.3296201229095
60	-144.96042	0.21163094	-143.95	-145.1	100.0	1470.0	4880000	-8.381903e-09	0.41623586	-0.002393209	-0.0035364628	2.0789514	0.009074271	0.0232625	49.0	961.4470047950745
61	-144.74791	0.70938355	-142.5	-145.0	100.0	1494.0	4960000	1.6298145e-08	0.42285013	-0.0025514818	-0.0023997538	2.091837	0.008136962	0.017	49.0	977.7556531429291
62	-145.02292	0.09126294	-145.0	-145.45	100.0	1518.0	5040000	3.4924597e-09	0.41578263	-0.0026548684	-0.004643567	2.127806	0.0064238515	0.0283625	49.0	994.8990325927734
63	-144.84999	0.70178366	-141.5	-145.1	100.0	1542.0	5120000	-1.3969839e-09	0.41032928	-0.0020770656	-0.0043491125	2.1154463	0.0057380926	0.012962501	49.0	1011.9907560348511
64	-144.86667	0.66059804	-141.7	-145.1	100.0	1566.0	5200000	7.916242e-09	0.41469508	-0.0020985715	-0.0048217513	2.1423628	0.009816934	0.024675	49.0	1029.8292191028595
65	-144.90208	0.5241004	-142.40001	-145.25	100.0	1590.0	5280000	-1.5133992e-09	0.40099478	-0.002708342	-0.00411094	2.1243396	0.008081652	0.0247625	49.0	1047.0732681751251
66	-144.62291	0.9675974	-141.55	-145.1	100.0	1614.0	5360000	-1.2340024e-08	0.40193754	-0.0027028539	-0.007709775	2.0892882	0.0057209358	0.0201125	49.0	1063.8130187988281
67	-145.00417	0.01998385	-145.0	-145.1	100.0	1638.0	5440000	6.2864274e-09	0.3737345	-0.0022799778	-0.005573172	2.0993447	0.007594017	0.01655	49.0	1080.1949498653412
68	-144.92708	0.24705751	-143.95	-145.0	100.0	1662.0	5520000	-2.3283064e-10	0.35093337	-0.0028775744	-0.0058945306	2.0616035	0.00587092	0.0276375	49.0	1096.2870728969574
69	-145.00417	0.01998385	-145.0	-145.1	100.0	1686.0	5600000	1.0477379e-08	0.4069912	-0.00290631	-0.008576535	2.0592375	0.008179883	0.019825	49.0	1112.0774869918823
70	-144.7375	0.886031	-141.75	-145.1	100.0	1710.0	5680000	9.313226e-09	0.37881225	-0.0023917116	-0.0043539777	2.0479999	0.0058183996	0.013387499	49.0	1127.7193050384521
71	-144.70209	0.8147681	-141.8	-145.0	100.0	1734.0	5760000	1.6298145e-09	0.37290448	-0.0022884302	-0.005551357	2.042554	0.009994672	0.0162875	49.0	1143.3961675167084
72	-144.75209	0.84279615	-141.65001	-145.1	100.0	1758.0	5840000	5.355105e-09	0.39139575	-0.0026144271	-0.011892952	1.9998852	0.0053987983	0.0148375	49.0	1159.0992903709412
73	-144.87291	0.63063663	-141.85	-145.1	100.0	1782.0	5920000	2.4447218e-09	0.38969374	-0.0029941238	-0.0031818748	1.971808	0.0057256753	0.01595	49.0	1175.0528552532196
74	-145.0	0.0	-145.0	-145.0	100.0	1806.0	6000000	-9.313226e-09	0.40857905	-0.002437347	-0.0049352758	1.9338548	0.0057122773	0.0192	49.0	1190.5607771873474
75	-145.0	0.0	-145.0	-145.0	100.0	1830.0	6080000	-2.3283064e-09	0.36701488	-0.0023844214	-0.0046171136	1.964802	0.0060322713	0.0167875	49.0	1206.5414323806763
76	-145.0	0.0	-145.0	-145.0	100.0	1854.0	6160000	1.9557774e-08	0.3851052	-0.0022270647	-0.0032579675	1.9935924	0.007042095	0.018675	49.0	1223.0155808925629
77	-144.85834	0.6315753	-141.85	-145.1	100.0	1878.0	6240000	-4.656613e-09	0.37947717	-0.00184422	-0.0036126412	1.977916	0.0076323617	0.0098	49.0	1239.9709520339966
78	-145.0	0.0	-145.0	-145.0	100.0	1902.0	6320000	3.7252903e-09	0.39173752	-0.002519519	-0.0048452057	1.9205341	0.0073206406	0.030925	49.0	1257.0580801963806
79	-144.95209	0.22979903	-143.85	-145.0	100.0	1926.0	6400000	8.1490725e-09	0.38518286	-0.0023620515	-0.0046454296	1.9183869	0.00604778	0.0136625	49.0	1273.434005498886
80	-144.86041	0.48282436	-142.85	-145.0	100.0	1950.0	6480000	3.7252903e-09	0.37441185	-0.002464679	-0.0047061816	1.951098	0.006864377	0.015512501	49.0	1289.3962869644165
81	-144.81459	0.6824402	-141.75	-145.0	100.0	1974.0	6560000	1.1641532e-09	0.38412404	-0.0025069076	-0.0044550374	1.960307	0.006593421	0.015774999	49.0	1304.7463521957397
82	-144.9375	0.29973948	-143.5	-145.0	100.0	1998.0	6640000	-1.071021e-08	0.38831097	-0.0029059094	-0.0027608983	1.9141097	0.008619068	0.017637499	49.0	1320.1387040615082
83	-145.0	0.0	-145.0	-145.0	100.0	2022.0	6720000	1.6298145e-09	0.37918505	-0.0024177942	-0.0034866333	1.9758651	0.010033438	0.0148625	49.0	1336.1022992134094
84	-144.95209	0.22979903	-143.85	-145.0	100.0	2046.0	6800000	-1.0011718e-08	0.38525712	-0.0020344579	-0.0032545887	1.9190879	0.007129018	0.024825	49.0	1351.8143265247345
85	-144.93126	0.32971218	-143.35	-145.0	100.0	2070.0	6880000	-1.1641532e-09	0.37840697	-0.002824796	-0.003395781	1.8838593	0.008534582	0.0184875	49.0	1367.7692606449127
86	-145.0	0.0	-145.0	-145.0	100.0	2094.0	6960000	1.0477379e-09	0.36451882	-0.0021831435	-0.0036534965	1.8469224	0.005432107	0.0142250005	49.0	1383.717992067337
87	-144.99583	0.019980801	-144.90001	-145.0	100.0	2118.0	7040000	1.1641532e-09	0.37325114	-0.0023131976	-0.0033351071	1.8398634	0.008473342	0.01325	49.0	1399.735979795456
88	-145.0	0.0	-145.0	-145.0	100.0	2142.0	7120000	3.7252903e-09	0.39679348	-0.0026033896	-0.004179787	1.9268793	0.005569541	0.0091375	49.0	1415.8990647792816
89	-145.0	0.0	-145.0	-145.0	100.0	2166.0	7200000	-7.1013346e-09	0.3808997	-0.0028533172	-0.0036430545	1.9267375	0.007760318	0.0186125	49.0	1432.4866354465485
90	-144.88333	0.58070725	-142.1	-145.1	100.0	2190.0	7280000	3.259629e-09	0.40043837	-0.00271011	-0.004431382	1.9938996	0.006818638	0.022325	49.0	1449.4228074550629
91	-145.0	0.0	-145.0	-145.0	100.0	2214.0	7360000	1.1641532e-09	0.392031	-0.0024249891	-0.002917461	1.9898295	0.005004517	0.0099	49.0	1466.704796075821
92	-144.98334	0.07992931	-144.6	-145.0	100.0	2238.0	7440000	2.3283064e-09	0.38018465	-0.0030829743	-0.0027068593	1.987824	0.006563776	0.0094875	49.0	1483.4964542388916
93	-145.0	0.0	-145.0	-145.0	100.0	2262.0	7520000	-2.3283064e-09	0.37856627	-0.0024465676	-0.002930157	1.9694363	0.0070718974	0.0186	49.0	1499.4550364017487
94	-145.0	0.0	-145.0	-145.0	100.0	2286.0	7600000	-7.450581e-09	0.3733397	-0.002233339	-0.0054422617	1.9372964	0.007320598	0.0162	49.0	1514.8204011917114
95	-145.0	0.0	-145.0	-145.0	100.0	2310.0	7680000	0.0	0.38069513	-0.0025979383	-0.0033817366	1.902239	0.0070634647	0.012712501	49.0	1530.2038877010345
96	-144.96875	0.14986974	-144.25	-145.0	100.0	2334.0	7760000	1.4901161e-08	0.36708522	-0.0025375728	-0.0026126765	1.9289953	0.008164626	0.0325	49.0	1545.7643303871155
97	-145.0	0.0	-145.0	-145.0	100.0	2358.0	7840000	4.5401976e-09	0.3836342	-0.002417361	-0.0072909296	1.9623502	0.006589005	0.0236625	49.0	1561.254183292389
98	-145.0	0.0	-145.0	-145.0	100.0	2382.0	7920000	8.1490725e-10	0.36532304	-0.002377357	-0.003449913	1.9477412	0.0065564634	0.014125	49.0	1576.7665798664093
99	-145.0	0.0	-145.0	-145.0	100.0	2406.0	8000000	4.307367e-09	0.38056296	-0.00211536	-0.0033931732	1.9161973	0.006607434	0.0149	49.0	1592.2836043834686
100	-145.0	0.0	-145.0	-145.0	100.0	2430.0	8080000	1.9790605e-09	0.38321745	-0.002657895	-0.0022658035	1.950517	0.008466091	0.0131	49.0	1608.1076171398163
101	-145.0	0.0	-145.0	-145.0	100.0	2454.0	8160000	-8.8475645e-09	0.3782547	-0.0022805175	-0.0031729713	1.8956133	0.0045822235	0.0090125	49.0	1624.3249452114105
102	-144.99376	0.054606088	-144.75	-145.1	100.0	2478.0	8240000	-9.546056e-09	0.3806296	-0.0020192983	-0.00208487	1.886233	0.0076085697	0.0137625	49.0	1640.9621622562408
103	-145.0	0.0	-145.0	-145.0	100.0	2502.0	8320000	1.5133992e-08	0.36846274	-0.0024600045	-0.0029539429	1.8417249	0.007854283	0.0224125	49.0	1658.0180909633636
104	-145.0	0.0	-145.0	-145.0	100.0	2526.0	8400000	2.3283064e-09	0.3657978	-0.0023439869	-0.0033005215	1.8164601	0.007857517	0.022425	49.0	1674.782009601593
105	-145.0	0.0	-145.0	-145.0	100.0	2550.0	8480000	-8.381903e-09	0.35041803	-0.0022821892	-0.0056323037	1.8068619	0.0056276233	0.01265	49.0	1690.8661584854126
106	-145.0	0.0	-145.0	-145.0	100.0	2574.0	8560000	2.561137e-09	0.37136418	-0.0026645267	-0.0023731627	1.8586037	0.006914932	0.0176375	49.0	1709.9830522537231
107	-145.00417	0.01998385	-145.0	-145.1	100.0	2598.0	8640000	2.561137e-09	0.3750704	-0.0023232938	-0.0035100281	1.8270519	0.0063079	0.02345	49.0	1728.2598989009857
108	-145.0	0.0	-145.0	-145.0	100.0	2622.0	8720000	9.313226e-10	0.36554343	-0.002668213	-0.0022728667	1.8315136	0.0070201233	0.022325	49.0	1745.932091474533
109	-145.00417	0.01998385	-145.0	-145.1	100.0	2646.0	8800000	2.3283064e-09	0.37276483	-0.0026180553	-0.002508968	1.8557246	0.007874111	0.019299999	49.0	1763.649820804596
110	-145.0	0.0	-145.0	-145.0	100.0	2670.0	8880000	3.7252903e-09	0.36604345	-0.0025868514	-0.0024697557	1.9006504	0.009236958	0.053325	49.0	1783.0703134536743
111	-145.0	0.0	-145.0	-145.0	100.0	2694.0	8960000	-4.656613e-10	0.36642104	-0.002451755	-0.0044063106	1.8995798	0.0059438203	0.017975	49.0	1802.842425107956
112	-145.0	0.0	-145.0	-145.0	100.0	2718.0	9040000	5.5879354e-09	0.36824164	-0.002492657	-0.0023208559	1.9101076	0.0072675426	0.026012499	49.0	1823.2090475559235
113	-145.0	0.0	-145.0	-145.0	100.0	2742.0	9120000	-6.0535967e-09	0.3566231	-0.0018806148	-0.0039728694	1.9050303	0.007583494	0.0107125	49.0	1841.6837012767792
114	-144.91667	0.39965263	-143.0	-145.0	100.0	2766.0	9200000	5.5879354e-09	0.37746814	-0.0024687462	-0.0034725368	1.8879685	0.005842258	0.0144875	49.0	1858.707079410553
115	-145.0	0.0	-145.0	-145.0	100.0	2790.0	9280000	1.3504177e-08	0.37639886	-0.0024664463	-0.00290709	1.8428128	0.006631591	0.0290625	49.0	1876.1820321083069
116	-145.0	0.0	-145.0	-145.0	100.0	2814.0	9360000	1.9790605e-09	0.3871224	-0.0022843485	-0.0029679276	1.8668152	0.0043562534	0.01475	49.0	1893.0449521541595
117	-145.0	0.0	-145.0	-145.0	100.0	2838.0	9440000	-5.5879354e-09	0.39038074	-0.0027453029	-0.0025849044	1.9076422	0.005929477	0.0093125	49.0	1909.174194097519
118	-145.00417	0.01998385	-145.0	-145.1	100.0	2862.0	9520000	9.313226e-10	0.36966366	-0.0029293632	-0.0026178472	1.910342	0.0068421112	0.026012499	49.0	1925.3146996498108
119	-145.0	0.0	-145.0	-145.0	100.0	2886.0	9600000	4.656613e-10	0.36744547	-0.0022665597	-0.0024932064	1.9102778	0.007168112	0.0258	49.0	1940.7901735305786
120	-145.0	0.0	-145.0	-145.0	100.0	2910.0	9680000	1.5366822e-08	0.38417232	-0.0025826732	-0.0030057356	1.9297755	0.006323156	0.01695	49.0	1956.7198214530945
121	-145.0	0.0	-145.0	-145.0	100.0	2934.0	9760000	-1.2805685e-08	0.36656725	-0.002672918	-0.002395615	1.9042923	0.0076428107	0.0159	49.0	1972.1941471099854
122	-145.00417	0.01998385	-145.0	-145.1	100.0	2958.0	9840000	-7.683411e-09	0.3808241	-0.0024872646	-0.002440367	1.8666985	0.0061916327	0.0127875	49.0	1987.8901481628418
123	-145.0	0.0	-145.0	-145.0	100.0	2982.0	9920000	1.0011718e-08	0.3803356	-0.002212353	-0.004045721	1.8295844	0.0066049555	0.0267875	49.0	2003.4455347061157
124	-145.0	0.0	-145.0	-145.0	100.0	3006.0	10000000	-9.546056e-09	0.39607385	-0.0023396164	-0.0018560514	1.8233283	0.0062678065	0.0118125	49.0	2019.0537278652191
125	-145.0	0.0	-145.0	-145.0	100.0	3030.0	10080000	3.4924597e-09	0.39218834	-0.0026435528	-0.0030736104	1.8329263	0.005982588	0.011499999	49.0	2035.199954509735
126	-145.0	0.0	-145.0	-145.0	100.0	3054.0	10160000	6.9849193e-09	0.3882333	-0.0027259614	-0.0023519024	1.8329694	0.0075752214	0.0293375	49.0	2051.8480310440063
127	-145.0	0.0	-145.0	-145.0	100.0	3078.0	10240000	1.3737008e-08	0.399315	-0.002313083	-0.0026132166	1.8260114	0.0059565203	0.014437499	49.0	2068.92186999321
128	-145.0	0.0	-145.0	-145.0	100.0	3102.0	10320000	1.5366822e-08	0.38721246	-0.0029610395	-0.0010462962	1.8207855	0.0050882758	0.0200875	49.0	2085.7102448940277
129	-145.0	0.0	-145.0	-145.0	100.0	3126.0	10400000	3.3178367e-09	0.3992773	-0.0024757043	-0.0017779581	1.783098	0.007958739	0.0209625	49.0	2101.865769147873
130	-145.0	0.0	-145.0	-145.0	100.0	3150.0	10480000	-1.7462298e-10	0.40597224	-0.003377969	-0.0030462034	1.7138917	0.006973879	0.0145625	49.0	2117.64289522171
131	-145.0	0.0	-145.0	-145.0	100.0	3174.0	10560000	1.8859282e-08	0.391565	-0.0026799175	-0.0017610379	1.6685368	0.0048105083	0.016275	49.0	2132.872725009918
132	-145.00417	0.01998385	-145.0	-145.1	100.0	3198.0	10640000	-4.656613e-10	0.3965688	-0.0020792477	-0.0013006479	1.6570292	0.0053288722	0.015175	49.0	2148.351098537445
133	-144.92291	0.36967686	-143.15001	-145.0	100.0	3222.0	10720000	3.259629e-09	0.37971416	-0.0022674468	-0.0036835931	1.626224	0.006166355	0.049799997	49.0	2163.8952980041504
134	-145.0	0.0	-145.0	-145.0	100.0	3246.0	10800000	8.4983185e-09	0.3838529	-0.002089992	-0.0023714304	1.6644814	0.0062346756	0.0158875	49.0	2179.4158453941345
135	-144.93959	0.28974754	-143.55	-145.0	100.0	3270.0	10880000	0.0	0.37222293	-0.003043932	-0.0023167059	1.6793289	0.0077825324	0.014099999	49.0	2194.9247834682465
136	-145.0	0.0	-145.0	-145.0	100.0	3294.0	10960000	-1.0244548e-08	0.38907504	-0.002172406	-0.004312258	1.6225152	0.006047083	0.017812502	49.0	2210.6223435401917
137	-145.0	0.0	-145.0	-145.0	100.0	3318.0	11040000	9.778887e-09	0.3708641	-0.0026625413	-0.0015898161	1.5973525	0.0065937904	0.031725	49.0	2226.7474267482758
138	-145.0	0.0	-145.0	-145.0	100.0	3342.0	11120000	1.3969839e-09	0.3685985	-0.0020382786	-0.0016755313	1.5451182	0.0051948577	0.0096125	49.0	2243.75438952446
139	-145.0	0.0	-145.0	-145.0	100.0	3366.0	11200000	7.21775e-09	0.35578817	-0.0019187161	-0.0045656078	1.5516696	0.0049359123	0.015075001	49.0	2261.0361993312836
140	-145.0	0.0	-145.0	-145.0	100.0	3390.0	11280000	1.071021e-08	0.37938288	-0.0019851392	-0.0046374053	1.5783366	0.006966249	0.0192	49.0	2278.649930000305
141	-145.0	0.0	-145.0	-145.0	100.0	3414.0	11360000	1.8626451e-09	0.3545491	-0.0020843535	-0.002194915	1.5260189	0.0038435825	0.013350001	49.0	2295.932888507843
142	-144.94792	0.24978289	-143.75	-145.0	100.0	3438.0	11440000	1.8626451e-09	0.3776588	-0.0027556967	-0.0025535487	1.5664495	0.0079638995	0.0144625	49.0	2312.5883350372314
143	-145.0	0.0	-145.0	-145.0	100.0	3462.0	11520000	8.20728e-09	0.37462595	-0.0021443674	-0.0024158135	1.5945985	0.005680437	0.024300002	49.0	2328.9551134109497
144	-145.0	0.0	-145.0	-145.0	100.0	3486.0	11600000	-7.916242e-09	0.38133723	-0.0021660277	-0.0035214014	1.5778961	0.0049219523	0.016987499	49.0	2348.2341270446777
145	-145.0	0.0	-145.0	-145.0	100.0	3510.0	11680000	-9.080395e-09	0.37541968	-0.0019526981	-0.005228903	1.5658562	0.0050537298	0.0117625	49.0	2363.83909368515
146	-145.0	0.0	-145.0	-145.0	100.0	3534.0	11760000	-4.1909516e-09	0.35092038	-0.0018566741	-0.0020705275	1.5516651	0.00520627	0.012362501	49.0	2379.375359773636
147	-145.0	0.0	-145.0	-145.0	100.0	3558.0	11840000	7.21775e-09	0.38474876	-0.0023146495	-0.0032192916	1.5730759	0.0044148145	0.0221125	49.0	2394.845749616623
148	-145.0	0.0	-145.0	-145.0	100.0	3582.0	11920000	-1.1641532e-08	0.3742019	-0.0025606083	-0.0029084869	1.5764031	0.0056178123	0.0132125	49.0	2411.3380341529846
149	-144.91249	0.41963345	-142.90001	-145.0	100.0	3606.0	12000000	4.656613e-09	0.3761617	-0.0019636932	-0.00271447	1.5732538	0.003252885	0.020062499	49.0	2428.8602533340454
150	-145.0	0.0	-145.0	-145.0	100.0	3630.0	12080000	4.1909516e-09	0.37332654	-0.0027837688	-0.002967462	1.5927597	0.005556018	0.01695	49.0	2445.9501860141754
151	-145.0	0.0	-145.0	-145.0	100.0	3654.0	12160000	-1.9557774e-08	0.36083132	-0.00204319	-0.0021897964	1.5728906	0.0058761314	0.016762499	49.0	2464.0859525203705
152	-145.0	0.0	-145.0	-145.0	100.0	3678.0	12240000	-2.7939677e-09	0.35911477	-0.0016288976	-0.002593115	1.5350026	0.00468172	0.01055	49.0	2484.4558370113373
153	-145.0	0.0	-145.0	-145.0	100.0	3702.0	12320000	-5.5879354e-09	0.35599598	-0.0025905913	-0.0037648678	1.5158378	0.0062654717	0.0211375	49.0	2502.2902779579163
154	-145.0	0.0	-145.0	-145.0	100.0	3726.0	12400000	2.7939677e-09	0.37682098	-0.0020307314	-0.0050400533	1.49713	0.004934139	0.015625	49.0	2520.706690311432
155	-145.0	0.0	-145.0	-145.0	100.0	3750.0	12480000	-6.519258e-09	0.36942774	-0.0022705195	-0.0053504407	1.4670607	0.004698795	0.016987499	49.0	2538.753878593445
156	-145.0	0.0	-145.0	-145.0	100.0	3774.0	12560000	3.259629e-09	0.35367784	-0.0019905767	-0.004608985	1.4907362	0.0052575637	0.015337501	49.0	2558.2663476467133
157	-145.0	0.0	-145.0	-145.0	100.0	3798.0	12640000	1.21071935e-08	0.3603203	-0.0023203795	-0.004155144	1.485527	0.0051206164	0.017450001	49.0	2576.978675365448
158	-145.0	0.0	-145.0	-145.0	100.0	3822.0	12720000	5.820766e-09	0.3604175	-0.0019850666	-0.0031896569	1.4990529	0.0039519756	0.0117625	49.0	2594.549589395523
159	-145.0	0.0	-145.0	-145.0	100.0	3846.0	12800000	-4.656613e-10	0.37512016	-0.0024306849	-0.0041281283	1.5320117	0.0053987154	0.0291125	49.0	2612.3900170326233
160	-144.95209	0.22979903	-143.85	-145.0	100.0	3870.0	12880000	-3.0267984e-09	0.3950478	-0.0021534832	-0.0029482804	1.5505508	0.0054533966	0.0161375	49.0	2630.547853708267
161	-145.0	0.0	-145.0	-145.0	100.0	3894.0	12960000	3.958121e-09	0.365795	-0.0020554936	-0.003623329	1.496489	0.0047782166	0.0093875	49.0	2649.9944229125977
162	-145.0	0.0	-145.0	-145.0	100.0	3918.0	13040000	-1.2572855e-08	0.3592954	-0.0019804141	-0.0013443008	1.4991759	0.004777112	0.020025	49.0	2668.614466905594
163	-145.0	0.0	-145.0	-145.0	100.0	3942.0	13120000	1.6065314e-08	0.391137	-0.0020736377	-0.0019469708	1.524862	0.004646939	0.0163875	49.0	2686.179270505905
164	-145.0	0.0	-145.0	-145.0	100.0	3966.0	13200000	5.005859e-09	0.3736148	-0.0017974286	-0.0024133548	1.5040026	0.004575555	0.011925001	49.0	2703.7150077819824
165	-145.0	0.0	-145.0	-145.0	100.0	3990.0	13280000	-3.7252903e-09	0.37114888	-0.0016583111	-0.0031674989	1.5058095	0.0042235362	0.0120875	49.0	2721.906538248062
166	-145.0	0.0	-145.0	-145.0	100.0	4014.0	13360000	4.1909516e-09	0.3693326	-0.0021347771	-0.0014302246	1.5137475	0.007938421	0.0346	49.0	2741.567546606064
167	-145.0	0.0	-145.0	-145.0	100.0	4038.0	13440000	-1.5250407e-08	0.34110248	-0.0019370881	-0.0037124343	1.4596939	0.00466011	0.0167125	49.0	2759.7226600646973
168	-145.0	0.0	-145.0	-145.0	100.0	4062.0	13520000	-6.9849193e-09	0.3505132	-0.0022728709	-0.0020162016	1.4137402	0.0046836	0.0194875	49.0	2777.199871778488
169	-145.0	0.0	-145.0	-145.0	100.0	4086.0	13600000	-4.656613e-09	0.33991063	-0.0018244333	-0.0024723858	1.4014552	0.0037522442	0.016975	49.0	2794.6149158477783
170	-145.0	0.0	-145.0	-145.0	100.0	4110.0	13680000	6.9849193e-09	0.37335306	-0.0016973201	-0.005176138	1.3985517	0.0031254622	0.0100375	49.0	2813.200850009918
171	-145.0	0.0	-145.0	-145.0	100.0	4134.0	13760000	-2.7939677e-09	0.37260234	-0.0016899926	-0.002208002	1.4096715	0.0032011478	0.008412501	49.0	2832.800844669342
172	-145.0	0.0	-145.0	-145.0	100.0	4158.0	13840000	-2.561137e-09	0.3408938	-0.0019040916	-0.003224779	1.3879064	0.0028748503	0.00555	49.0	2850.6630368232727
173	-145.0	0.0	-145.0	-145.0	100.0	4182.0	13920000	-2.3283064e-09	0.3544125	-0.0019446567	-0.0041169897	1.3822731	0.0039594625	0.011624999	49.0	2868.172291278839
174	-145.0	0.0	-145.0	-145.0	100.0	4206.0	14000000	-1.6298145e-09	0.36427364	-0.0019437375	-0.0016264878	1.3709111	0.0031472517	0.0083125	49.0	2885.6911532878876
175	-145.0	0.0	-145.0	-145.0	100.0	4230.0	14080000	-3.259629e-09	0.35933492	-0.0021255882	-0.0014924332	1.3467848	0.003712365	0.0123000005	49.0	2904.5834131240845
176	-145.0	0.0	-145.0	-145.0	100.0	4254.0	14160000	-6.0535967e-09	0.35456073	-0.0018745998	-0.0015986301	1.3352325	0.0040521733	0.013712499	49.0	2923.75320148468
177	-145.0	0.0	-145.0	-145.0	100.0	4278.0	14240000	5.122274e-09	0.37988058	-0.0016158898	-0.0018055625	1.3461173	0.0030279686	0.0098875	49.0	2941.4131639003754
178	-145.0	0.0	-145.0	-145.0	100.0	4302.0	14320000	-6.0535967e-09	0.37602535	-0.0019290198	-0.0020806938	1.3372002	0.0030806297	0.0096625	49.0	2958.8864569664
179	-145.0	0.0	-145.0	-145.0	100.0	4326.0	14400000	6.519258e-09	0.38632986	-0.002167577	-0.0015535466	1.3375076	0.00474385	0.011275001	49.0	2976.6027636528015
180	-145.0	0.0	-145.0	-145.0	100.0	4350.0	14480000	-1.1525117e-08	0.38300613	-0.0020640106	-0.0014827996	1.337244	0.0055070166	0.025275	49.0	2996.050386428833
181	-145.0	0.0	-145.0	-145.0	100.0	4374.0	14560000	-1.8044375e-08	0.39066684	-0.0021679315	-0.0022486076	1.3640463	0.003998256	0.01735	49.0	3014.8376607894897
182	-145.0	0.0	-145.0	-145.0	100.0	4398.0	14640000	-1.2572855e-08	0.41230932	-0.0020450905	-0.0021299943	1.3893783	0.003830605	0.016449999	49.0	3032.3744587898254
183	-145.0	0.0	-145.0	-145.0	100.0	4422.0	14720000	-1.8626451e-09	0.38513547	-0.0022568628	-0.0016809665	1.3986485	0.006411326	0.0337875	49.0	3049.8950774669647
184	-145.0	0.0	-145.0	-145.0	100.0	4446.0	14800000	-6.868504e-09	0.3871469	-0.0022213033	-0.0022904538	1.3975372	0.0059243497	0.01785	49.0	3068.006160736084
185	-145.0	0.0	-145.0	-145.0	100.0	4470.0	14880000	6.9849193e-09	0.38705778	-0.002068367	-0.0020057969	1.3620805	0.0048164553	0.01825	49.0	3087.578007698059
186	-145.0	0.0	-145.0	-145.0	100.0	4494.0	14960000	-2.561137e-09	0.40726876	-0.0019249615	-0.001912117	1.3618362	0.005095074	0.015774999	49.0	3105.7974388599396
187	-145.0	0.0	-145.0	-145.0	100.0	4518.0	15040000	-1.2223609e-09	0.3998881	-0.002101014	-0.0019756518	1.3447502	0.0051228013	0.016312499	49.0	3123.510311603546
188	-145.0	0.0	-145.0	-145.0	100.0	4542.0	15120000	5.820766e-09	0.394947	-0.0020487811	-0.0019047819	1.3411428	0.0043411357	0.0116875	49.0	3140.984872817993
189	-145.0	0.0	-145.0	-145.0	100.0	4566.0	15200000	-3.4924597e-09	0.38862073	-0.0020498452	-0.0044553652	1.3446084	0.007164498	0.01575	49.0	3159.7745156288147
190	-145.0	0.0	-145.0	-145.0	100.0	4590.0	15280000	-1.3969839e-08	0.40580767	-0.0023270568	-0.0033646896	1.3665915	0.0063925455	0.0206125	49.0	3179.379862546921
191	-145.0	0.0	-145.0	-145.0	100.0	4614.0	15360000	-8.8475645e-09	0.3919705	-0.0023269537	-0.0015153959	1.3478227	0.0030150232	0.0127375005	49.0	3197.2616527080536
192	-145.0	0.0	-145.0	-145.0	100.0	4638.0	15440000	5.122274e-09	0.4077615	-0.0019606622	-0.001306206	1.3287106	0.005191426	0.0082625	49.0	3214.8828241825104
193	-145.0	0.0	-145.0	-145.0	100.0	4662.0	15520000	-3.259629e-09	0.3743431	-0.0017134292	-0.0016934834	1.3267455	0.003692752	0.0117125	49.0	3232.8444290161133
194	-145.0	0.0	-145.0	-145.0	100.0	4686.0	15600000	-1.0011718e-08	0.4019704	-0.0023053503	-0.0020737387	1.3193513	0.005459139	0.0215375	49.0	3252.302099943161
195	-145.0	0.0	-145.0	-145.0	100.0	4710.0	15680000	-4.1909516e-09	0.3940752	-0.0021728117	-0.00238828	1.2816179	0.004673722	0.0245	49.0	3270.938215970993
196	-145.0	0.0	-145.0	-145.0	100.0	4734.0	15760000	-1.8626451e-09	0.40090197	-0.0020991305	-0.0018414296	1.2885921	0.0031241742	0.012375	49.0	3288.558446407318
197	-145.0	0.0	-145.0	-145.0	100.0	4758.0	15840000	-3.7252903e-09	0.41278768	-0.0019308359	-0.0016572513	1.3182708	0.0042270897	0.0137249995	49.0	3306.0126791000366
198	-145.0	0.0	-145.0	-145.0	100.0	4782.0	15920000	-4.656613e-10	0.39086452	-0.002211716	-0.0022291392	1.2975948	0.004748094	0.039475	49.0	3324.3702924251556
199	-145.0	0.0	-145.0	-145.0	100.0	4806.0	16000000	-1.3969839e-08	0.4044279	-0.0021549447	-0.0018766932	1.309349	0.0051484043	0.0226625	49.0	3344.2041409015656
200	-145.0	0.0	-145.0	-145.0	100.0	4830.0	16080000	2.0954758e-09	0.3948316	-0.0023392052	-0.0008611679	1.2679412	0.0043656863	0.013375	49.0	3362.2944629192352
201	-145.0	0.0	-145.0	-145.0	100.0	4854.0	16160000	-2.0954758e-08	0.39420608	-0.0016810019	-0.0031984262	1.2549877	0.0034696953	0.00405	49.0	3380.8533980846405
202	-145.0	0.0	-145.0	-145.0	100.0	4878.0	16240000	-7.799827e-09	0.39277232	-0.0020114267	-0.0031147748	1.2376001	0.0037972985	0.011375001	49.0	3400.110248565674
203	-145.0	0.0	-145.0	-145.0	100.0	4902.0	16320000	1.9790605e-09	0.38900217	-0.0019711568	-0.0019838028	1.2313339	0.0047175074	0.0069750003	49.0	3416.082151412964
204	-145.0	0.0	-145.0	-145.0	100.0	4926.0	16400000	-9.313226e-10	0.39200997	-0.0020304928	-0.0013476722	1.2037959	0.005706669	0.0228125	49.0	3432.144183397293
205	-145.0	0.0	-145.0	-145.0	100.0	4950.0	16480000	7.1013346e-09	0.40000397	-0.0017447444	-0.0017693341	1.1860361	0.003986289	0.0158625	49.0	3448.190903902054
206	-145.0	0.0	-145.0	-145.0	100.0	4974.0	16560000	6.0535967e-09	0.3965155	-0.0021679036	-0.0020335987	1.199712	0.0043800087	0.0165375	49.0	3464.40513920784
207	-145.0	0.0	-145.0	-145.0	100.0	4998.0	16640000	1.3969839e-09	0.40638107	-0.0017858618	-0.0016132742	1.2197055	0.0036305618	0.013425	49.0	3481.1501355171204
208	-145.0	0.0	-145.0	-145.0	100.0	5022.0	16720000	5.122274e-09	0.40655848	-0.0020007556	-0.0031798147	1.2103242	0.004497422	0.0096375	49.0	3498.8381898403168
209	-145.0	0.0	-145.0	-145.0	100.0	5046.0	16800000	1.0477379e-08	0.39134803	-0.0017686228	-0.0015190877	1.2093354	0.004162456	0.0124375	49.0	3516.6921734809875
210	-145.0	0.0	-145.0	-145.0	100.0	5070.0	16880000	-9.313226e-10	0.3884905	-0.0020016143	-0.0032381713	1.1839118	0.0042451182	0.017974999	49.0	3534.6434116363525
211	-145.0	0.0	-145.0	-145.0	100.0	5094.0	16960000	-7.450581e-09	0.3968807	-0.0023065554	-0.0020664744	1.1930256	0.004226206	0.014249999	49.0	3552.8023874759674
212	-145.0	0.0	-145.0	-145.0	100.0	5118.0	17040000	8.381903e-09	0.4116574	-0.002207253	-0.0019154549	1.1844126	0.0062102517	0.024637502	49.0	3572.1098248958588
213	-145.0	0.0	-145.0	-145.0	100.0	5142.0	17120000	2.910383e-09	0.40440577	-0.0017270694	-0.002023384	1.1591151	0.003909313	0.0054375	49.0	3591.568097114563
214	-145.0	0.0	-145.0	-145.0	100.0	5166.0	17200000	1.1874363e-08	0.3979556	-0.001553124	-0.0013424978	1.1302562	0.0035027096	0.0079625	49.0	3609.3850677013397
215	-145.0	0.0	-145.0	-145.0	100.0	5190.0	17280000	8.381903e-09	0.39299533	-0.0021744855	-0.0017100647	1.1136966	0.004224182	0.0194625	49.0	3627.195377111435
216	-145.0	0.0	-145.0	-145.0	100.0	5214.0	17360000	-3.958121e-09	0.39342254	-0.0013237575	-0.0012471676	1.0961242	0.003343496	0.006525	49.0	3645.081877708435
217	-145.0	0.0	-145.0	-145.0	100.0	5238.0	17440000	1.5366822e-08	0.38442123	-0.0021513929	-0.0021499656	1.0854738	0.003671015	0.0120875	49.0	3664.4715745449066
218	-145.0	0.0	-145.0	-145.0	100.0	5262.0	17520000	1.7695129e-08	0.3781628	-0.0021452908	-0.0020478107	1.0547576	0.0034669174	0.018675	49.0	3683.9513297080994
219	-145.0	0.0	-145.0	-145.0	100.0	5286.0	17600000	1.6298145e-09	0.39372262	-0.0019939567	-0.0015982054	1.0587087	0.00329555	0.0058875	49.0	3701.640845298767
220	-145.0	0.0	-145.0	-145.0	100.0	5310.0	17680000	-1.1641532e-08	0.38825426	-0.0017276707	-0.0011584572	1.0491865	0.0039662505	0.01415	49.0	3718.318031311035
221	-145.0	0.0	-145.0	-145.0	100.0	5334.0	17760000	3.0267984e-09	0.40312755	-0.0019863017	-0.0026930794	1.0460445	0.004565616	0.016350001	49.0	3734.2202372550964
222	-145.0	0.0	-145.0	-145.0	100.0	5358.0	17840000	1.7811544e-08	0.38783395	-0.0019333349	-0.0012355223	1.0300853	0.0033376513	0.0132625	49.0	3750.411027908325
223	-145.0	0.0	-145.0	-145.0	100.0	5382.0	17920000	8.381903e-09	0.3720057	-0.0018266088	-0.001619041	1.0143224	0.0033968035	0.01025	49.0	3767.109807252884
224	-145.0	0.0	-145.0	-145.0	100.0	5406.0	18000000	-2.3283064e-09	0.38660854	-0.0020725988	-0.0020072274	1.0207756	0.002568725	0.014237501	49.0	3784.2818241119385
225	-145.0	0.0	-145.0	-145.0	100.0	5430.0	18080000	-1.0244548e-08	0.38015532	-0.0017829794	-0.0009808019	1.0222244	0.0014751293	0.0076375	49.0	3800.9656438827515
226	-144.81667	0.73010486	-141.40001	-145.0	100.0	5454.0	18160000	-3.0267984e-09	0.38299692	-0.0017846889	-0.0014188886	1.0128067	0.0027243276	0.0110625	49.0	3817.104115962982
227	-145.0	0.0	-145.0	-145.0	100.0	5478.0	18240000	8.8475645e-09	0.3838762	-0.0021449113	-0.0016155355	0.9904426	0.003396726	0.012724999	49.0	3832.574652194977
228	-145.0	0.0	-145.0	-145.0	100.0	5502.0	18320000	4.773028e-09	0.37499264	-0.0014870359	-0.0015678406	1.0023987	0.0025624176	0.009374999	49.0	3847.89319396019
229	-145.0	0.0	-145.0	-145.0	100.0	5526.0	18400000	-5.355105e-09	0.40197957	-0.0019183736	-0.001367066	1.0109189	0.002810658	0.014625	49.0	3863.5287392139435
230	-145.0	0.0	-145.0	-145.0	100.0	5550.0	18480000	-8.8475645e-09	0.38222307	-0.0021960228	-0.0018540658	0.99703234	0.003317716	0.0206125	49.0	3879.261245727539
231	-145.0	0.0	-145.0	-145.0	100.0	5574.0	18560000	4.0745363e-09	0.39049006	-0.0018153231	-0.0018574409	0.9894948	0.0032795975	0.01435	49.0	3895.6489028930664
232	-145.0	0.0	-145.0	-145.0	100.0	5598.0	18640000	-6.519258e-09	0.3876056	-0.0017338167	-0.0012197383	0.9853601	0.003141104	0.0112625	49.0	3911.173320531845
233	-145.0	0.0	-145.0	-145.0	100.0	5622.0	18720000	6.9849193e-09	0.3909547	-0.0018505809	-0.0030047596	0.98320246	0.003178577	0.0133	49.0	3927.084324121475
234	-145.0	0.0	-145.0	-145.0	100.0	5646.0	18800000	-1.3038516e-08	0.38200375	-0.0016634848	-0.0014428832	0.99289036	0.002775608	0.0085625	49.0	3943.463591814041
235	-145.0	0.0	-145.0	-145.0	100.0	5670.0	18880000	9.778887e-09	0.39880556	-0.0019490563	-0.0013992079	0.9950744	0.0037068562	0.018649999	49.0	3960.3003013134003
236	-145.0	0.0	-145.0	-145.0	100.0	5694.0	18960000	2.0954758e-09	0.39542544	-0.0016976302	-0.001808025	1.0392338	0.0033572037	0.008824999	49.0	3977.4232499599457
237	-145.0	0.0	-145.0	-145.0	100.0	5718.0	19040000	3.259629e-09	0.40639222	-0.0017547135	-0.0019173175	1.034334	0.0032570492	0.012949999	49.0	3993.7482759952545
238	-145.0	0.0	-145.0	-145.0	100.0	5742.0	19120000	-1.8626451e-09	0.38836583	-0.0020459061	-0.001674246	1.0001183	0.002914588	0.013612499	49.0	4009.4244117736816
239	-145.0	0.0	-145.0	-145.0	100.0	5766.0	19200000	2.3283064e-09	0.39186966	-0.001843114	-0.0008370243	1.0161378	0.0029018093	0.014874999	49.0	4024.558826446533
240	-145.0	0.0	-145.0	-145.0	100.0	5790.0	19280000	-3.608875e-09	0.38505322	-0.0023704856	-0.0011630096	1.0508556	0.0105506405	0.014462501	49.0	4040.209368944168
241	-126.225006	4.724058	-117.55	-140.55	100.0	5822.0	19360000	3.4924597e-09	1.0270877	-0.0020503206	-0.45029688	1.07258	0.0029981872	0.0184875	49.0	4055.6142535209656
242	-128.21	5.175752	-119.0	-139.40001	100.0	5852.0	19440000	-2.3283064e-09	0.59573436	-0.002215445	-0.04224585	1.064307	0.0048321867	0.0225375	49.0	4071.055740594864
243	-128.45334	6.131475	-115.8	-137.45	100.0	5882.0	19520000	3.7252903e-09	0.5719971	-0.0022802863	-0.028958	1.0674793	0.0030731568	0.015125	49.0	4086.4209802150726
244	-126.64375	4.6001325	-115.1	-134.65001	100.0	5914.0	19600000	-1.0477379e-08	0.5040611	-0.0019538254	-0.024412569	1.0745133	0.0039053853	0.015075	49.0	4102.303466558456
245	-122.09062	4.215438	-113.85	-130.3	100.0	5946.0	19680000	9.080395e-09	0.48025516	-0.0020970781	-0.022274248	1.0710156	0.003748578	0.0136	49.0	4118.6775624752045
246	-125.78438	3.9689128	-119.1	-134.75	100.0	5978.0	19760000	1.3969839e-09	0.46914348	-0.0022600116	-0.022706129	1.0436152	0.003918339	0.0216625	49.0	4135.691575288773
247	-129.5258	5.301566	-116.8	-138.2	100.0	6009.0	19840000	3.259629e-09	0.5000104	-0.0023038087	-0.018239494	1.0229266	0.003989572	0.0185875	49.0	4151.9968276023865
248	-128.12259	5.272599	-115.3	-144.1	100.0	6040.0	19920000	5.5879354e-09	0.47278166	-0.0020436186	-0.009260185	1.0226208	0.0028060991	0.013075	49.0	4167.630136728287
249	-125.41563	5.7416167	-114.25	-138.15001	100.0	6072.0	20000000	-3.4924597e-09	0.45704865	-0.0024582674	-0.008545186	0.99508333	0.004348087	0.016312499	49.0	4182.536043167114
250	-121.40625	4.279873	-107.75	-129.6	100.0	6104.0	20080000	-2.7939677e-09	0.45860013	-0.0025859172	-0.015326362	0.98826385	0.0024605552	0.018125	49.0	4198.013910531998
251	-118.817184	4.2551003	-109.8	-126.6	100.0	6136.0	20160000	-3.1432137e-09	0.44706166	-0.0022082222	-0.010331858	0.9953738	0.003581098	0.011725	49.0	4213.42653298378
252	-118.3625	5.3730817	-107.950005	-134.40001	100.0	6168.0	20240000	1.8626451e-09	0.45907587	-0.0024508326	-0.0068750605	0.9698353	0.0034899344	0.0143125	49.0	4228.816755056381
253	-116.91719	6.387678	-106.0	-138.95	100.0	6200.0	20320000	-6.519258e-09	0.46340984	-0.0022205818	-0.006021209	0.9376342	0.002768362	0.01585	49.0	4244.211150884628
254	-114.99375	4.993804	-101.9	-122.8	100.0	6232.0	20400000	1.542503e-08	0.490443	-0.002027705	-0.011803322	0.95783377	0.0022176479	0.011425	49.0	4260.219263553619
255	-116.24063	5.2780566	-101.9	-126.700005	100.0	6264.0	20480000	-4.1909516e-09	0.50035256	-0.0025093865	-0.008376695	0.9378417	0.003456459	0.016537499	49.0	4276.885622024536
256	-116.09219	5.1232023	-106.35	-130.0	100.0	6296.0	20560000	-6.9849193e-09	0.4699853	-0.002107943	-0.008881383	0.9189031	0.0022418895	0.011037501	49.0	4293.250292539597
257	-114.55	4.8526244	-102.8	-126.5	100.0	6328.0	20640000	-1.8626451e-08	0.49467212	-0.0020165546	-0.0070688836	0.8954345	0.0036199968	0.015199999	49.0	4308.693683862686
258	-113.89688	5.1915636	-102.3	-123.05	100.0	6360.0	20720000	-1.3504177e-08	0.5014004	-0.0021495558	-0.0055996254	0.8738535	0.0034726458	0.01665	49.0	4323.601338148117
259	-114.21563	4.1018763	-106.9	-123.200005	100.0	6392.0	20800000	-3.4924597e-09	0.5030758	-0.001842607	-0.007698644	0.8263167	0.004298022	0.015275	49.0	4339.117171049118
260	-110.655716	5.067963	-100.15	-123.200005	100.0	6427.0	20880000	3.7252903e-09	0.5285552	-0.001932624	-0.012146603	0.80624366	0.002401461	0.014375	49.0	4354.979161500931
261	-109.825	5.523177	-98.55	-126.9	100.0	6463.0	20960000	-2.7939677e-09	0.54716665	-0.0015236447	-0.007936023	0.77419055	0.0017934614	0.007625	49.0	4370.431227207184
262	-107.98625	5.236542	-94.8	-121.55	100.0	6503.0	21040000	8.381903e-09	0.5326233	-0.002062825	-0.008774735	0.77113557	0.0023893132	0.015150001	49.0	4386.009532928467
263	-108.65128	5.0261946	-99.6	-122.700005	100.0	6542.0	21120000	1.3969839e-08	0.5359411	-0.0018562098	-0.006803725	0.7600001	0.0024253062	0.013925001	49.0	4402.3648853302
264	-105.53001	4.4401407	-97.450005	-117.9	100.0	6582.0	21200000	1.1641532e-08	0.5450014	-0.0016632178	-0.008876488	0.7579963	0.0017643447	0.0090125	49.0	4419.170581102371
265	-104.46625	5.579879	-94.0	-115.35	100.0	6622.0	21280000	6.2864274e-09	0.55142474	-0.0021058116	-0.009655565	0.76666987	0.0019197561	0.0109	49.0	4436.739346027374
266	-105.267494	5.412307	-94.200005	-114.75	100.0	6662.0	21360000	-1.1641532e-09	0.5452798	-0.0024445625	-0.006402351	0.74869007	0.0033904738	0.015725	49.0	4452.4702501297
267	-103.85126	5.494241	-94.15	-113.3	100.0	6702.0	21440000	-6.519258e-09	0.5435266	-0.0024207346	-0.007854998	0.7777176	0.0057548853	0.009612501	49.0	4467.523926258087
268	-103.07125	6.036844	-89.450005	-117.3	100.0	6742.0	21520000	-6.9849193e-09	0.5761733	-0.0019112212	-0.008512922	0.79193485	0.0015177098	0.010025	49.0	4482.903775691986
269	-104.39126	4.556944	-93.3	-117.8	100.0	6782.0	21600000	9.778887e-09	0.55556715	-0.0019011316	-0.0069112107	0.7796124	0.0030048052	0.0124375	49.0	4498.367342948914
270	-104.17625	6.3460813	-94.15	-120.450005	100.0	6822.0	21680000	7.450581e-09	0.5606082	-0.0021614314	-0.0068487413	0.7421577	0.002208309	0.014837501	49.0	4514.031222105026
271	-101.48	7.1898093	-87.35	-129.3	100.0	6862.0	21760000	-1.0244548e-08	0.6016289	-0.001654191	-0.008950412	0.74430037	0.0016873734	0.0069625	49.0	4529.459216833115
272	-101.61875	5.3770423	-87.700005	-111.75	100.0	6902.0	21840000	-3.259629e-09	0.5652683	-0.001955126	-0.008545481	0.74694914	0.0022261583	0.0109749995	49.0	4546.426107168198
