Episode	TestRet	TestSteps	AverageEpRet	StdEpRet	MaxEpRet	MinEpRet	EpLen	Time
50	-108.00000160932541	80.0	-94.327	5.6567054	-78.65	-105.200005	80.0	1 min 45 sec
100	-108.00000160932541	80.0	-92.757	7.0827117	-71.200005	-107.950005	80.0	3 min 37 sec
150	-117.85000282898545	80.0	-89.482	6.3311195	-78.05	-104.65	80.0	5 min 26 sec
200	-112.5000023059547	80.0	-86.7	6.608177	-71.15	-101.65	80.0	7 min 15 sec
250	-103.70000272616744	80.0	-83.574005	10.14735	-42.65	-99.25	80.0	9 min 5 sec
300	-98.4000024497509	80.0	-76.411	11.74047	-42.75	-95.0	80.0	10 min 55 sec
350	-126.00000391155481	80.0	-74.77901	12.994514	-26.95	-99.0	80.0	12 min 44 sec
400	-192.40000741928816	80.0	-74.485	14.075025	-29.900002	-96.5	80.0	14 min 34 sec
450	-179.20000752061605	80.0	-70.583	15.246461	-24.45	-94.6	80.0	16 min 24 sec
500	-177.80000568926334	80.0	-65.344	19.6729	-6.950001	-97.6	80.0	18 min 14 sec
550	-189.4000072069466	80.0	-60.986	20.840382	-10.8	-94.0	80.0	20 min 2 sec
600	-143.85000570304692	80.0	-49.428	24.551018	8.399999	-90.950005	80.0	21 min 51 sec
650	-120.70000573061407	80.0	-45.587997	27.217834	71.25	-88.1	80.0	23 min 43 sec
700	-59.87000242136419	80.0	-31.673	35.536366	53.65	-79.35	80.0	25 min 31 sec
750	-8.165003221482038	80.0	-32.973	31.496946	33.9	-87.55	80.0	27 min 17 sec
800	-67.64000327885151	80.0	-24.92	36.434174	85.1	-83.75	80.0	29 min 6 sec
850	-40.18000302053988	80.0	-27.226002	35.526432	80.15	-84.3	80.0	30 min 52 sec
900	-181.30000947788358	80.0	-24.598	41.81178	145.25	-88.8	80.0	32 min 42 sec
950	-81.90000663883984	80.0	-10.869	43.673725	94.9	-81.85	80.0	34 min 31 sec
1000	-124.55000447109342	80.0	-19.722002	35.283688	73.5	-82.4	80.0	36 min 21 sec
1050	-39.250002620369195	80.0	-1.362001	39.891953	81.3	-72.15	80.0	38 min 9 sec
1100	26.909997747838496	80.0	4.9879985	52.82836	166.5	-89.0	80.0	39 min 55 sec
1150	-62.950002366304396	80.0	9.287999	51.507507	128.65	-77.1	80.0	41 min 45 sec
1200	-83.75000378489494	80.0	19.446999	47.062813	139.55	-72.3	80.0	43 min 33 sec
1250	18.149995422363283	80.0	9.229999	46.92065	121.549995	-84.05	80.0	45 min 23 sec
1300	-59.250003669410944	80.0	8.162998	45.75385	104.5	-97.9	80.0	47 min 13 sec
1350	18.464996713772415	80.0	11.621998	47.159348	123.75	-101.35	80.0	49 min 1 sec
1400	-2.81000285372138	80.0	21.793999	48.219437	136.7	-62.95	80.0	50 min 48 sec
1450	-56.500003069639206	80.0	24.605	48.95615	143.9	-77.05	80.0	52 min 37 sec
1500	5.15999736264348	80.0	26.049	49.938755	195.55	-60.75	80.0	54 min 24 sec
1550	-32.83000580295921	80.0	22.491999	47.630783	117.75	-69.75	80.0	56 min 10 sec
1600	-21.700003899633884	80.0	29.519	54.419994	145.85	-102.05	80.0	58 min 2 sec
1650	43.68999691382051	80.0	48.501	56.20605	218.55	-55.050003	80.0	59 min 51 sec
1700	-14.675002700462937	80.0	51.087	49.506817	166.7	-45.100002	80.0	1 h 1 min 39 sec
1750	107.63499835468829	80.0	52.609005	65.07377	194.05	-59.300003	80.0	1 h 3 min 28 sec
1800	-13.720001999288797	80.0	54.151	50.574623	150.8	-76.1	80.0	1 h 5 min 18 sec
1850	-27.03000490143895	80.0	59.35699	63.18367	229.9	-68.0	80.0	1 h 7 min 4 sec
1900	-24.690004497393964	80.0	74.854	60.107876	195.25	-48.95	80.0	1 h 8 min 53 sec
1950	1.7499982327222825	80.0	67.592	58.161118	176.55	-40.350002	80.0	1 h 10 min 40 sec
2000	-52.09000447764993	80.0	73.573	50.203724	186.5	-19.950003	80.0	1 h 12 min 29 sec
2050	-71.99000245705247	80.0	61.355995	61.06259	188.5	-61.2	80.0	1 h 14 min 21 sec
2100	-53.4400032915175	80.0	48.422997	49.220646	166.9	-68.55	80.0	1 h 16 min 14 sec
2150	11.049996430799364	80.0	48.194	46.42152	173.34999	-51.25	80.0	1 h 18 min 6 sec
2200	-18.145002937689423	80.0	48.537	65.31312	197.0	-82.05	80.0	1 h 19 min 58 sec
2250	8.629996962845325	80.0	49.785995	52.307816	169.4	-51.0	80.0	1 h 21 min 49 sec
2300	-15.035005669668317	80.0	63.531002	58.19138	181.0	-70.200005	80.0	1 h 23 min 40 sec
2350	34.32999752424657	80.0	69.659	55.031487	218.5	-55.7	80.0	1 h 25 min 32 sec
2400	-4.530002701282501	80.0	71.021996	54.358738	176.4	-68.450005	80.0	1 h 27 min 26 sec
2450	16.76999780908227	80.0	69.783	46.979874	193.8	-32.4	80.0	1 h 29 min 19 sec
2500	3.1749960500746965	80.0	62.839	52.35193	160.4	-57.95	80.0	1 h 31 min 13 sec
2550	-13.200003406405449	80.0	69.659	59.355366	192.84999	-50.250004	80.0	1 h 33 min 10 sec
2600	-47.950004018843174	80.0	69.43699	52.73687	209.15	-28.700003	80.0	1 h 35 min 3 sec
2650	39.299997352063656	80.0	78.121994	56.486824	220.0	-42.15	80.0	1 h 36 min 55 sec
2700	88.21999611891806	80.0	69.27	56.0104	183.8	-41.65	80.0	1 h 38 min 45 sec
2750	60.979997378587726	80.0	84.662994	51.541656	188.45	-27.7	80.0	1 h 40 min 36 sec
2800	31.099996278062463	80.0	108.68101	44.261147	205.45	10.899998	80.0	1 h 42 min 26 sec
2850	82.80499779209495	80.0	92.05399	53.093254	192.34999	-31.950003	80.0	1 h 44 min 16 sec
2900	-14.190001119673251	80.0	90.588005	48.7878	209.09999	-17.850002	80.0	1 h 46 min 3 sec
2950	54.69499727860093	80.0	92.855995	62.816185	195.34999	-47.100002	80.0	1 h 47 min 54 sec
3000	147.3199976272881	80.0	97.71199	50.277508	207.84999	-23.250002	80.0	1 h 49 min 45 sec
3050	-39.490006268024445	80.0	86.78999	65.89314	243.65	-38.050003	80.0	1 h 51 min 37 sec
3100	127.12999848164618	80.0	91.092	52.40462	175.15	-39.5	80.0	1 h 53 min 29 sec
3150	58.394996182993054	80.0	117.659004	62.876484	250.5	-15.800002	80.0	1 h 55 min 22 sec
3200	131.0499975528568	80.0	106.15699	51.34306	199.45	-47.9	80.0	1 h 57 min 13 sec
3250	96.5999974437058	80.0	89.948	54.876274	196.84999	-22.250002	80.0	1 h 59 min 6 sec
3300	93.56999769583345	80.0	85.82501	49.96639	182.65	-13.150002	80.0	2 h 0 min 53 sec
3350	9.564993147179484	80.0	83.855	55.606693	221.3	-30.150002	80.0	2 h 2 min 47 sec
3400	80.2949969764799	80.0	104.882996	59.88372	220.55	-24.7	80.0	2 h 4 min 36 sec
3450	-1.7400057464838028	80.0	97.094	62.000397	248.85	-48.95	80.0	2 h 6 min 29 sec
3500	-13.465002724155784	80.0	94.765	53.636154	184.0	-49.2	80.0	2 h 8 min 19 sec
3550	184.04999783858656	80.0	99.748	49.911953	190.4	-31.100002	80.0	2 h 10 min 11 sec
3600	57.269998491555455	80.0	102.116005	57.47491	230.6	-23.850004	80.0	2 h 12 min 0 sec
3650	96.3299982689321	80.0	93.604	59.880226	195.9	-31.050001	80.0	2 h 13 min 48 sec
3700	17.139996372908353	80.0	101.118	63.908676	203.9	-29.150002	80.0	2 h 15 min 38 sec
3750	67.70999563410878	80.0	104.463	53.92457	224.45	-33.95	80.0	2 h 17 min 31 sec
3800	90.69999684616923	80.0	90.55601	57.62459	207.4	-17.400002	80.0	2 h 19 min 21 sec
3850	99.75499716587365	80.0	96.215996	52.40675	196.15	-5.3500013	80.0	2 h 21 min 9 sec
3900	143.39999667927623	80.0	101.95299	50.50764	194.3	-26.750002	80.0	2 h 22 min 56 sec
3950	158.07499813325703	80.0	97.045	59.663937	201.3	-14.200003	80.0	2 h 24 min 46 sec
4000	70.34999801144004	80.0	108.840996	55.603424	223.05	-2.7000031	80.0	2 h 26 min 34 sec
4050	120.9899972602725	80.0	116.686	63.6237	251.0	-41.800003	80.0	2 h 28 min 24 sec
4100	69.24999552220106	80.0	91.02899	48.351177	237.34999	-6.7000017	80.0	2 h 30 min 13 sec
4150	117.19999876059592	80.0	97.28001	67.432526	245.55	-34.15	80.0	2 h 32 min 4 sec
4200	-50.05000634863973	80.0	113.13499	42.612534	205.2	7.149999	80.0	2 h 33 min 55 sec
4250	176.51999666877091	80.0	119.092	59.393555	235.95	-34.600002	80.0	2 h 35 min 43 sec
4300	155.84499887265264	80.0	103.43301	49.39018	200.45	-19.300003	80.0	2 h 37 min 32 sec
4350	54.07499445229769	80.0	110.52	53.381714	231.75	5.5499988	80.0	2 h 39 min 24 sec
4400	132.01499737612903	80.0	99.04401	52.655396	197.0	-8.550001	80.0	2 h 41 min 15 sec
4450	106.27999898977578	80.0	104.964	55.678886	257.55	-34.750004	80.0	2 h 43 min 6 sec
4500	161.45999741218984	80.0	95.88899	58.4666	228.84999	-25.300003	80.0	2 h 44 min 56 sec
4550	84.80999639108776	80.0	128.16199	62.500214	230.59999	-11.550002	80.0	2 h 46 min 43 sec
4600	117.9799981571734	80.0	117.820984	62.133713	262.65	-20.850002	80.0	2 h 48 min 31 sec
4650	13.989998581632971	80.0	121.17199	55.28213	222.7	35.0	80.0	2 h 50 min 19 sec
4700	66.58999707400798	80.0	121.63499	67.18309	243.45	-23.6	80.0	2 h 52 min 7 sec
4750	21.754998034611344	80.0	102.260994	51.86785	248.8	-2.5500028	80.0	2 h 53 min 54 sec
4800	155.37999817579984	80.0	104.192	54.54398	237.95	-3.5000014	80.0	2 h 55 min 41 sec
4850	156.29999782815577	80.0	119.645	54.44375	213.8	17.399998	80.0	2 h 57 min 29 sec
4900	163.3149972718209	80.0	121.991005	56.1031	272.1	32.55	80.0	2 h 59 min 17 sec
4950	189.5799973912537	80.0	132.916	59.685112	257.75	-2.900001	80.0	3 h 1 min 6 sec
5000	92.4399974886328	80.0	128.18999	51.476093	210.65	17.15	80.0	3 h 2 min 56 sec
5050	46.58999758102	80.0	117.87	56.510765	267.9	-18.1	80.0	3 h 4 min 45 sec
5100	118.51999790482223	80.0	124.037994	51.00083	227.95	16.55	80.0	3 h 6 min 31 sec
5150	7.879996403679252	80.0	131.72198	57.600864	247.8	-26.650002	80.0	3 h 8 min 21 sec
5200	143.62499772943556	80.0	125.127	75.75235	298.8	-8.800001	80.0	3 h 10 min 10 sec
5250	61.74999410659075	80.0	151.65201	55.51408	280.25	5.7999983	80.0	3 h 12 min 0 sec
5300	213.67999603524805	80.0	134.11598	63.088192	250.35	-54.9	80.0	3 h 13 min 52 sec
5350	128.05499866940082	80.0	153.58	66.452324	272.55	22.799997	80.0	3 h 15 min 39 sec
5400	114.70499714910984	80.0	121.678	58.407055	266.35	-6.550002	80.0	3 h 17 min 29 sec
5450	185.02499779500067	80.0	137.38899	60.42259	292.7	11.249998	80.0	3 h 19 min 22 sec
5500	30.58499831929803	80.0	132.845	63.206085	247.34999	-13.350002	80.0	3 h 21 min 12 sec
5550	189.4099974170327	80.0	157.829	67.450775	315.1	-36.3	80.0	3 h 23 min 1 sec
5600	73.13999755084515	80.0	111.00299	69.880455	256.55	-48.75	80.0	3 h 24 min 55 sec
5650	22.599992733076213	80.0	133.80301	70.07773	255.5	-29.35	80.0	3 h 26 min 49 sec
5700	80.94999702833593	80.0	142.085	60.731285	288.6	21.899998	80.0	3 h 28 min 36 sec
5750	143.00499719083308	80.0	133.886	59.24948	246.25	-12.050001	80.0	3 h 30 min 26 sec
5800	75.35999890752137	80.0	134.66	53.9898	228.8	-6.050002	80.0	3 h 32 min 15 sec
5850	136.19999669492245	80.0	144.833	49.688522	265.3	28.749998	80.0	3 h 34 min 4 sec
5900	131.84999724552034	80.0	141.89099	59.082016	268.65	-11.950002	80.0	3 h 35 min 51 sec
5950	204.6749959308654	80.0	129.298	52.959476	271.35	8.649997	80.0	3 h 37 min 39 sec
6000	131.72999547980726	80.0	157.38998	49.33996	268.55	50.249996	80.0	3 h 39 min 29 sec
6050	129.12499823495745	80.0	128.471	46.272728	229.0	-27.150002	80.0	3 h 41 min 18 sec
6100	202.64999756775796	80.0	159.402	54.593323	284.25	56.149998	80.0	3 h 43 min 8 sec
6150	144.21999741084875	80.0	152.355	62.479122	286.35	-3.9500012	80.0	3 h 44 min 55 sec
6200	84.96499853245913	80.0	143.536	59.005905	258.1	14.399999	80.0	3 h 46 min 42 sec
6250	225.1699974618852	80.0	131.766	62.605785	241.9	-23.750002	80.0	3 h 48 min 31 sec
6300	124.21999824643135	80.0	141.333	63.889965	284.75	-6.950001	80.0	3 h 50 min 20 sec
6350	216.4499969445169	80.0	143.217	56.288376	263.05	-27.850002	80.0	3 h 52 min 10 sec
6400	167.2099969699979	80.0	141.877	63.842945	302.95	-1.9500008	80.0	3 h 53 min 57 sec
6450	136.0899985011667	80.0	164.48299	64.74624	289.1	29.799997	80.0	3 h 55 min 46 sec
6500	146.22499830462039	80.0	145.88701	66.901215	269.19998	-17.400002	80.0	3 h 57 min 37 sec
6550	105.82499707341194	80.0	158.19801	62.16442	299.9	33.699997	80.0	3 h 59 min 29 sec
6600	132.93999794013797	80.0	133.76599	63.739548	276.85	-25.100002	80.0	4 h 1 min 19 sec
6650	31.434998409450053	80.0	154.14899	55.532066	251.55	10.5	80.0	4 h 3 min 10 sec
6700	280.67499777786435	80.0	146.58	62.767693	269.15	-0.10000257	80.0	4 h 5 min 0 sec
6750	208.59999621585013	80.0	164.968	73.32202	318.35	4.499999	80.0	4 h 6 min 51 sec
6800	-4.850009813904762	80.0	165.18498	66.32212	304.75	-10.850001	80.0	4 h 8 min 44 sec
6850	139.03999804854394	80.0	151.85901	66.44067	292.7	-3.1500022	80.0	4 h 10 min 32 sec
6900	205.10499838367105	80.0	159.40501	59.579994	291.4	-44.2	80.0	4 h 12 min 12 sec
6950	308.6249972693622	80.0	153.33798	71.38369	323.25	-36.15	80.0	4 h 13 min 54 sec
7000	72.41499727517366	80.0	176.81099	58.721657	322.0	68.75	80.0	4 h 15 min 35 sec
7050	215.659997715801	80.0	165.717	71.39426	342.15	42.399998	80.0	4 h 17 min 13 sec
7100	253.95499746538698	80.0	170.78502	73.37479	323.85	13.399999	80.0	4 h 18 min 52 sec
7150	180.56999780498444	80.0	189.43	62.13004	318.55	62.75	80.0	4 h 20 min 34 sec
7200	205.01999871954322	80.0	183.42702	71.31897	332.35	10.849998	80.0	4 h 22 min 13 sec
7250	266.52499759830533	80.0	157.379	68.371124	310.0	-17.85	80.0	4 h 23 min 54 sec
7300	119.27999698594212	80.0	164.09299	72.83521	313.6	-19.1	80.0	4 h 25 min 38 sec
7350	241.82499785907567	80.0	174.77701	85.76754	312.2	-27.600002	80.0	4 h 27 min 19 sec
7400	243.64499696306885	80.0	154.59	80.41132	333.85	-5.550001	80.0	4 h 29 min 2 sec
7450	127.05999855920672	80.0	185.66699	74.50366	345.4	16.5	80.0	4 h 30 min 45 sec
7500	265.2949973162264	80.0	176.28699	80.08774	354.95	18.449999	80.0	4 h 32 min 27 sec
7550	149.14999754279853	80.0	148.794	70.25424	360.95	33.149998	80.0	4 h 34 min 8 sec
7600	299.86999683305623	80.0	140.81	69.60728	262.05	-3.5000024	80.0	4 h 35 min 49 sec
7650	124.43999894969166	80.0	151.19499	70.21382	334.7	18.25	80.0	4 h 37 min 33 sec
7700	302.39999843388796	80.0	169.78801	76.55942	335.9	22.999998	80.0	4 h 39 min 15 sec
7750	131.24999853931368	80.0	170.19699	69.48641	354.1	9.099999	80.0	4 h 41 min 0 sec
7800	27.099995233118534	80.0	170.767	87.84579	339.2	27.0	80.0	4 h 42 min 43 sec
7850	187.37499804757536	80.0	152.72499	74.611755	290.4	-49.600002	80.0	4 h 44 min 26 sec
7900	153.78999831825496	80.0	142.073	64.41655	270.35	-12.900002	80.0	4 h 46 min 6 sec
7950	126.19499894678593	80.0	169.15302	83.62782	305.75	7.699999	80.0	4 h 47 min 49 sec
8000	140.274997721985	80.0	171.51498	73.162834	348.55	-8.3	80.0	4 h 49 min 39 sec
8050	42.89999742731452	80.0	151.855	60.26244	321.65	22.299997	80.0	4 h 51 min 28 sec
8100	148.51499868184328	80.0	149.23799	70.85223	309.6	-29.550001	80.0	4 h 53 min 18 sec
8150	144.88999794274568	80.0	164.52	68.75889	334.4	-2.0500004	80.0	4 h 55 min 8 sec
8200	168.46999822445213	80.0	147.169	87.33105	361.9	-20.150002	80.0	4 h 56 min 49 sec
8250	216.97499798499047	80.0	169.54898	70.684685	324.75	-8.000001	80.0	4 h 58 min 27 sec
8300	156.3999986678362	80.0	150.332	70.82608	327.8	15.999999	80.0	5 h 0 min 8 sec
8350	146.81499636247753	80.0	160.26	64.12447	295.3	-28.400002	80.0	5 h 1 min 49 sec
8400	46.464996029809114	80.0	165.97198	60.276436	279.1	32.999996	80.0	5 h 3 min 33 sec
8450	57.17999802157283	80.0	145.798	53.828735	264.95	36.8	80.0	5 h 5 min 14 sec
8500	187.5099975630641	80.0	144.746	70.225	270.05	11.249999	80.0	5 h 6 min 52 sec
8550	184.24999819882214	80.0	158.059	70.55166	295.85	1.6999992	80.0	5 h 8 min 33 sec
8600	100.89999691322446	80.0	164.75	61.05346	291.3	32.6	80.0	5 h 10 min 14 sec
8650	285.6049985703081	80.0	154.805	75.486275	301.05	4.4999986	80.0	5 h 11 min 55 sec
8700	138.73999837264418	80.0	161.355	79.813385	322.2	2.5999992	80.0	5 h 13 min 35 sec
8750	119.01999819651246	80.0	142.60901	71.957405	300.4	-22.600002	80.0	5 h 15 min 17 sec
8800	222.3599985782057	80.0	169.25	75.04539	344.9	29.15	80.0	5 h 16 min 57 sec
8850	-10.200004003942013	80.0	150.312	73.11541	287.3	5.2499995	80.0	5 h 18 min 35 sec
8900	195.7949982918799	80.0	167.775	76.23356	345.2	29.8	80.0	5 h 20 min 13 sec
8950	219.43499866127968	80.0	158.15399	73.733246	341.5	37.5	80.0	5 h 21 min 50 sec
9000	264.9499984793365	80.0	167.43298	65.54016	301.5	52.95	80.0	5 h 23 min 30 sec
9050	164.1149973601103	80.0	170.601	77.516426	333.85	11.299999	80.0	5 h 25 min 5 sec
9100	148.50499903708698	80.0	160.691	69.71512	315.0	1.4999992	80.0	5 h 26 min 46 sec
9150	142.9199981894344	80.0	159.73701	70.907524	272.6	-5.05	80.0	5 h 28 min 23 sec
9200	47.05999920144677	80.0	124.335	66.57125	279.0	-27.95	80.0	5 h 30 min 4 sec
9250	99.17499853856862	80.0	150.798	71.84927	327.3	-11.850001	80.0	5 h 31 min 44 sec
9300	-5.320003252476454	80.0	131.394	65.01553	296.75	7.249999	80.0	5 h 33 min 24 sec
9350	106.30499879531563	80.0	148.056	65.23513	264.2	-27.9	80.0	5 h 35 min 3 sec
9400	147.6099984422326	80.0	147.813	68.94205	321.85	3.3999987	80.0	5 h 36 min 44 sec
9450	179.3749994274229	80.0	143.999	67.22711	286.3	19.949999	80.0	5 h 38 min 24 sec
9500	245.17499769292772	80.0	167.22801	73.1683	319.95	34.5	80.0	5 h 40 min 2 sec
9550	152.64999909624458	80.0	167.229	67.28091	317.75	29.099998	80.0	5 h 41 min 39 sec
9600	188.6049981497228	80.0	135.703	71.109474	289.45	3.3499994	80.0	5 h 43 min 21 sec
9650	172.62999834120274	80.0	159.681	64.00364	292.25	24.5	80.0	5 h 45 min 1 sec
9700	173.67999816574155	80.0	134.891	66.28901	259.25	-13.550002	80.0	5 h 46 min 40 sec
9750	132.08499765731395	80.0	149.217	73.268745	322.7	-42.350002	80.0	5 h 48 min 20 sec
9800	184.88499836735429	80.0	150.155	63.602673	293.4	7.8499994	80.0	5 h 49 min 58 sec
9850	192.4649980019778	80.0	158.452	57.636955	281.7	7.7499976	80.0	5 h 51 min 36 sec
9900	288.90499759204687	80.0	135.913	77.90758	321.1	-14.700001	80.0	5 h 53 min 18 sec
9950	283.6099983364344	80.0	154.623	68.68821	296.25	0.19999886	80.0	5 h 54 min 59 sec
10000	25.8749988257885	80.0	147.586	61.031715	285.6	16.099998	80.0	5 h 56 min 40 sec
10050	115.75999872460962	80.0	158.307	68.99951	321.85	2.849999	80.0	5 h 58 min 20 sec
10100	164.66499831154943	80.0	155.47601	70.07895	296.8	8.649999	80.0	6 h 0 min 0 sec
10150	179.29999796785415	80.0	136.861	56.696907	270.2	12.099999	80.0	6 h 1 min 40 sec
10200	136.59999857209624	80.0	162.38701	74.81125	308.6	30.599998	80.0	6 h 3 min 19 sec
10250	185.17499873787165	80.0	166.11801	72.561134	304.85	-29.5	80.0	6 h 4 min 59 sec
10300	79.9299986962229	80.0	156.396	56.99602	301.35	37.5	80.0	6 h 6 min 39 sec
10350	192.09999751485884	80.0	139.78	60.81153	265.35	0.7499987	80.0	6 h 8 min 18 sec
10400	75.57999921664596	80.0	164.60901	58.127678	306.25	34.95	80.0	6 h 9 min 58 sec
10450	225.8249990489334	80.0	125.11301	59.327	234.25	-33.850002	80.0	6 h 11 min 38 sec
10500	206.4649984203279	80.0	124.085	76.091	274.0	-34.05	80.0	6 h 13 min 17 sec
10550	5.229997407644987	80.0	136.35	66.31922	279.2	-30.75	80.0	6 h 14 min 56 sec
10600	115.36499802954495	80.0	114.774	68.89643	289.95	-25.050001	80.0	6 h 16 min 34 sec
10650	147.7749985512346	80.0	123.56601	63.987793	302.15	-59.4	80.0	6 h 18 min 19 sec
10700	176.25999874696134	80.0	137.415	65.70377	305.1	-33.25	80.0	6 h 19 min 57 sec
10750	182.97999812290072	80.0	138.885	54.97115	229.4	10.949999	80.0	6 h 21 min 36 sec
10800	104.52999752573669	80.0	132.90298	61.511494	276.75	5.2999988	80.0	6 h 23 min 15 sec
10850	57.649997828900815	80.0	133.881	66.41524	281.45	-9.150001	80.0	6 h 24 min 56 sec
10900	140.27499692812563	80.0	131.702	69.968735	262.55	7.749999	80.0	6 h 26 min 36 sec
10950	112.72499744556845	80.0	135.824	58.070374	255.84999	-11.750001	80.0	6 h 28 min 18 sec
11000	57.964998808503154	80.0	111.485	62.80309	250.55	-42.350002	80.0	6 h 29 min 59 sec
11050	41.179998808726666	80.0	108.44499	67.25742	292.4	-22.500002	80.0	6 h 31 min 41 sec
11100	-24.365001337230204	80.0	109.836	76.2792	285.65	-55.95	80.0	6 h 33 min 24 sec
11150	121.07999840229749	80.0	95.93799	69.12059	263.75	-53.4	80.0	6 h 35 min 6 sec
11200	118.27499883547425	80.0	112.72199	49.164703	274.7	-26.2	80.0	6 h 36 min 48 sec
11250	84.54999751970172	80.0	92.162994	69.74625	281.45	-31.35	80.0	6 h 38 min 28 sec
11300	17.774999003484844	80.0	68.612	58.545242	246.75	-45.5	80.0	6 h 40 min 8 sec
11350	74.30999787412584	80.0	85.679	63.739742	258.2	-65.55	80.0	6 h 41 min 52 sec
11400	81.3549995020032	80.0	78.65099	60.12769	213.85	-37.95	80.0	6 h 43 min 31 sec
11450	113.7499978132546	80.0	68.006004	70.887405	223.7	-90.4	80.0	6 h 45 min 14 sec
11500	76.33999796509742	80.0	60.102	65.42802	189.7	-76.4	80.0	6 h 46 min 56 sec
11550	49.94999843277037	80.0	92.4	68.54826	274.75	-87.05	80.0	6 h 48 min 36 sec
11600	102.16999774649739	80.0	94.866005	64.2055	277.4	-24.550001	80.0	6 h 50 min 17 sec
11650	75.99999860301614	80.0	114.52899	47.033863	209.34999	-6.9500012	80.0	6 h 51 min 59 sec
11700	94.4699979417026	80.0	61.587	60.530647	218.85	-80.9	80.0	6 h 53 min 39 sec
11750	17.07999831661582	80.0	76.374	60.003044	182.8	-76.3	80.0	6 h 55 min 20 sec
11800	73.01499836370348	80.0	81.643	55.743683	209.75	-53.850002	80.0	6 h 57 min 2 sec
11850	185.24999844133853	80.0	100.853004	66.60728	261.2	-39.5	80.0	6 h 58 min 43 sec
11900	105.35499854125082	80.0	113.90401	58.631844	301.65	-0.6000005	80.0	7 h 0 min 21 sec
11950	167.76999845579266	80.0	94.383995	67.409966	256.25	-66.4	80.0	7 h 2 min 3 sec
12000	34.399998378381135	80.0	109.205	72.08354	268.15	-13.050001	80.0	7 h 3 min 45 sec
12050	138.29999830201268	80.0	98.888	52.41215	218.7	-8.050001	80.0	7 h 5 min 26 sec
12100	-18.11500158123672	80.0	96.242004	62.990906	234.4	-40.800003	80.0	7 h 7 min 7 sec
12150	202.13499824106694	80.0	97.55501	64.90312	242.65	-41.7	80.0	7 h 8 min 48 sec
12200	-7.970002200081945	80.0	119.827995	70.64812	279.75	-94.3	80.0	7 h 10 min 31 sec
12250	73.74999843500555	80.0	110.158	57.71695	223.7	-25.500002	80.0	7 h 12 min 10 sec
12300	96.4599984921515	80.0	85.67701	61.419353	263.7	-55.2	80.0	7 h 13 min 54 sec
12350	88.28999826423824	80.0	101.296	63.25112	295.15	-13.300001	80.0	7 h 15 min 34 sec
12400	101.85999849960209	80.0	92.326	65.9978	269.8	-65.05	80.0	7 h 17 min 15 sec
12450	89.45999787859618	80.0	106.01199	67.01264	258.95	-29.6	80.0	7 h 18 min 56 sec
12500	192.21999847516418	80.0	102.031	61.1423	215.4	-47.850002	80.0	7 h 20 min 38 sec
12550	140.36999868527056	80.0	88.964	58.023796	221.7	-14.000001	80.0	7 h 22 min 17 sec
12600	93.94999768212438	80.0	116.517	63.028465	256.05	-14.300002	80.0	7 h 23 min 58 sec
12650	179.33999796956778	80.0	104.608	78.69187	246.9	-73.450005	80.0	7 h 25 min 39 sec
12700	175.36999827623367	80.0	93.662	57.33228	222.0	-4.3000007	80.0	7 h 27 min 20 sec
12750	90.06999883949757	80.0	95.339	58.89826	233.35	6.399998	80.0	7 h 29 min 0 sec
12800	91.96499844118952	80.0	111.885	76.68863	280.75	-73.950005	80.0	7 h 30 min 39 sec
12850	195.26499813981354	80.0	144.14	71.64958	326.2	7.449999	80.0	7 h 32 min 21 sec
12900	121.52999862022698	80.0	127.15301	72.8463	317.6	-36.75	80.0	7 h 34 min 1 sec
12950	-8.220002632588148	80.0	99.211006	66.62463	244.2	-40.0	80.0	7 h 35 min 40 sec
13000	180.99999819509685	80.0	107.457	67.00119	290.85	-37.4	80.0	7 h 37 min 23 sec
13050	135.05499882139264	80.0	111.46101	75.59811	276.45	-31.650002	80.0	7 h 39 min 0 sec
13100	196.98999830409883	80.0	116.811	70.96343	266.65	-62.15	80.0	7 h 40 min 41 sec
13150	104.97999848425388	80.0	126.952995	69.24505	284.9	-58.75	80.0	7 h 42 min 24 sec
13200	57.79999479651451	80.0	145.932	76.532295	282.4	-64.700005	80.0	7 h 44 min 9 sec
13250	103.2299984626472	80.0	112.147	70.602974	300.05	-44.65	80.0	7 h 45 min 51 sec
13300	171.2249986846	80.0	122.449005	66.43434	249.95	-33.350002	80.0	7 h 47 min 31 sec
13350	170.49999878443776	80.0	123.913994	59.279903	273.55	-17.35	80.0	7 h 49 min 13 sec
13400	96.96999895162881	80.0	109.64701	60.902092	279.7	-33.600002	80.0	7 h 50 min 55 sec
13450	58.02999796010554	80.0	102.018	74.503746	237.95	-69.5	80.0	7 h 52 min 38 sec
13500	161.624998177588	80.0	135.448	63.465393	251.35	-5.1000013	80.0	7 h 54 min 17 sec
13550	73.86499843038618	80.0	112.882996	68.86177	259.85	-12.150002	80.0	7 h 55 min 59 sec
13600	93.01499889642	80.0	122.853	67.18786	316.0	-2.6000004	80.0	7 h 57 min 42 sec
13650	161.55499764159322	80.0	103.802	64.31255	252.7	-35.7	80.0	7 h 59 min 23 sec
13700	91.10499839149415	80.0	120.73599	60.02932	241.0	-2.7000022	80.0	8 h 1 min 4 sec
13750	95.83999763205648	80.0	122.64701	64.19821	292.85	3.0999997	80.0	8 h 2 min 47 sec
13800	75.11499774940312	80.0	133.56601	57.553295	327.75	19.699999	80.0	8 h 4 min 29 sec
13850	123.5449984882027	80.0	115.568	72.89879	310.6	-15.150002	80.0	8 h 6 min 9 sec
13900	100.01999820172787	80.0	116.839005	75.730484	305.65	-33.65	80.0	8 h 7 min 50 sec
13950	133.18999682068824	80.0	108.308	68.48862	253.25	-83.85	80.0	8 h 9 min 33 sec
14000	111.04499784857035	80.0	114.052	74.09149	255.6	-57.45	80.0	8 h 11 min 17 sec
14050	156.81499732509255	80.0	106.45501	70.192986	241.4	-37.850002	80.0	8 h 12 min 58 sec
14100	164.6749984137714	80.0	108.02501	71.1071	264.95	-56.550003	80.0	8 h 14 min 41 sec
14150	168.68499815762044	80.0	131.424	75.09696	310.85	-61.65	80.0	8 h 16 min 22 sec
14200	67.91999846845866	80.0	126.848	71.650894	303.5	9.849998	80.0	8 h 18 min 0 sec
14250	134.52999780103565	80.0	149.84401	75.74008	323.8	-30.500002	80.0	8 h 19 min 39 sec
14300	198.539998036623	80.0	143.87502	72.36166	269.4	8.099999	80.0	8 h 21 min 18 sec
14350	173.98999818861483	80.0	136.2	67.3859	310.75	-2.5500019	80.0	8 h 22 min 59 sec
14400	238.11499829106032	80.0	140.16998	59.322887	263.75	14.15	80.0	8 h 24 min 42 sec
14450	138.8599986474961	80.0	152.919	69.988945	310.2	2.1499987	80.0	8 h 26 min 24 sec
14500	109.66499859467149	80.0	142.48001	67.60709	334.15	21.349998	80.0	8 h 28 min 5 sec
14550	170.7999990861863	80.0	112.704	76.07941	289.2	-41.7	80.0	8 h 29 min 49 sec
14600	168.7249983921647	80.0	136.767	64.297386	280.8	-7.8500004	80.0	8 h 31 min 32 sec
14650	6.329995158314705	80.0	128.52599	68.58657	281.05	9.999999	80.0	8 h 33 min 17 sec
14700	111.17999865971505	80.0	140.018	74.55303	299.3	24.449999	80.0	8 h 34 min 56 sec
14750	175.55999826453626	80.0	110.47401	72.173225	264.65	-63.050003	80.0	8 h 36 min 39 sec
14800	105.03999870754778	80.0	152.38098	76.96241	314.5	-66.450005	80.0	8 h 38 min 20 sec
14850	125.32999851480126	80.0	131.539	83.73323	288.25	-58.4	80.0	8 h 40 min 5 sec
14900	238.4199983112514	80.0	110.286995	70.07484	278.5	-53.300003	80.0	8 h 41 min 49 sec
14950	100.09999846294522	80.0	139.133	68.86209	290.4	-8.700002	80.0	8 h 43 min 32 sec
15000	235.59999804757535	80.0	114.358	67.78502	309.85	-8.100001	80.0	8 h 45 min 17 sec
15050	233.46999834217132	80.0	100.51399	78.346695	289.35	-16.600002	80.0	8 h 46 min 59 sec
15100	226.88499882817268	80.0	134.306	72.80449	281.69998	-41.75	80.0	8 h 48 min 41 sec
15150	178.95999633334577	80.0	151.898	71.9406	343.15	-9.650001	80.0	8 h 50 min 23 sec
15200	288.2199983306229	80.0	151.10501	65.01282	279.9	5.099998	80.0	8 h 52 min 2 sec
15250	176.56499832980336	80.0	137.441	74.61976	295.75	-26.800001	80.0	8 h 53 min 41 sec
15300	92.98499847836793	80.0	125.458	73.41025	267.65	-19.300001	80.0	8 h 55 min 24 sec
15350	105.92499873638153	80.0	126.95	78.02397	301.85	-23.100002	80.0	8 h 57 min 8 sec
15400	125.87999808974564	80.0	108.48999	79.53432	294.05	-49.0	80.0	8 h 58 min 49 sec
15450	174.67499817721546	80.0	134.989	70.098305	274.25	-30.050001	80.0	9 h 0 min 29 sec
15500	38.86499802917242	80.0	146.274	70.29953	267.4	-11.900001	80.0	9 h 2 min 10 sec
15550	106.66499895006419	80.0	115.56899	76.485916	300.8	-39.3	80.0	9 h 3 min 49 sec
15600	214.56999867260456	80.0	108.075	72.69738	275.25	-26.300003	80.0	9 h 5 min 32 sec
15650	159.78999772444368	80.0	103.31699	59.519367	257.15	-8.350001	80.0	9 h 7 min 15 sec
15700	240.2499979250133	80.0	144.195	73.69405	304.95	-59.2	80.0	9 h 8 min 56 sec
15750	262.71499844640493	80.0	131.79199	70.63111	287.65	-3.1000013	80.0	9 h 10 min 40 sec
15800	210.91999855302274	80.0	137.813	73.27995	304.15	-29.750002	80.0	9 h 12 min 22 sec
15850	143.9099980149418	80.0	137.506	78.54498	271.3	-64.950005	80.0	9 h 14 min 6 sec
15900	51.09999849498272	80.0	131.96301	68.75022	303.85	6.1999993	80.0	9 h 15 min 46 sec
15950	102.84999920278787	80.0	129.66199	73.63971	277.05	-44.45	80.0	9 h 17 min 31 sec
16000	190.98999796248972	80.0	118.046	61.615147	276.45	10.449999	80.0	9 h 19 min 13 sec
16050	97.48999817073346	80.0	103.272995	66.06628	242.15	-31.400003	80.0	9 h 20 min 55 sec
16100	130.33499825373292	80.0	121.371994	68.91368	319.1	1.0999995	80.0	9 h 22 min 37 sec
16150	165.224998280406	80.0	111.491005	68.75395	286.7	-95.55	80.0	9 h 24 min 18 sec
16200	66.25999850779772	80.0	126.9	70.099464	282.25	-13.050001	80.0	9 h 25 min 59 sec
16250	68.27499792724848	80.0	129.96799	94.64772	296.5	-73.15	80.0	9 h 27 min 44 sec
16300	127.40999885611237	80.0	128.57501	63.298664	272.9	4.2999997	80.0	9 h 29 min 25 sec
16350	143.05999890118838	80.0	130.176	73.03298	266.5	-61.95	80.0	9 h 31 min 9 sec
16400	206.8799980517477	80.0	115.711006	61.84975	230.2	-58.050003	80.0	9 h 32 min 53 sec
16450	215.85999833755196	80.0	131.71901	72.40429	260.85	-22.700003	80.0	9 h 34 min 36 sec
16500	189.05999852083625	80.0	125.241	62.23141	214.84999	-37.9	80.0	9 h 36 min 17 sec
16550	136.8049991607666	80.0	123.94898	71.01042	333.4	-20.45	80.0	9 h 37 min 57 sec
16600	128.6399972755462	80.0	128.319	72.62359	290.3	-19.500002	80.0	9 h 39 min 39 sec
16650	24.639999055117368	80.0	123.84799	62.0669	270.85	-13.000001	80.0	9 h 41 min 23 sec
16700	157.28999778106808	80.0	123.707	57.10431	249.4	-29.300001	80.0	9 h 43 min 4 sec
16750	141.05499861575663	80.0	127.534004	67.86857	271.95	-21.600002	80.0	9 h 44 min 45 sec
16800	155.61499840393662	80.0	122.15999	66.49256	257.5	-61.0	80.0	9 h 46 min 25 sec
16850	41.349999429658055	80.0	119.372	63.998516	256.6	-19.650002	80.0	9 h 48 min 6 sec
16900	216.3949990183115	80.0	123.652	75.75364	288.35	-94.9	80.0	9 h 49 min 49 sec
16950	198.8249984961003	80.0	142.679	69.64629	290.1	-10.150001	80.0	9 h 51 min 32 sec
17000	265.48999878019094	80.0	140.501	73.083275	283.65	-95.950005	80.0	9 h 53 min 13 sec
17050	99.80999815575778	80.0	137.94798	75.70098	285.95	-43.05	80.0	9 h 54 min 54 sec
17100	222.48999883830547	80.0	128.79199	61.231293	260.5	27.999998	80.0	9 h 56 min 36 sec
17150	182.45999891832471	80.0	146.58499	70.221855	292.7	2.5499995	80.0	9 h 58 min 20 sec
17200	193.20999878384174	80.0	137.011	66.02684	305.65	-32.600002	80.0	10 h 0 min 4 sec
17250	174.40499811545016	80.0	131.498	62.751583	282.95	-45.2	80.0	10 h 1 min 44 sec
17300	224.61999903470277	80.0	127.345	80.03693	314.55	-52.100002	80.0	10 h 3 min 27 sec
17350	236.96999843530358	80.0	136.37201	73.31993	267.5	-59.9	80.0	10 h 5 min 7 sec
17400	222.83499787822365	80.0	140.483	76.51707	298.95	-28.550001	80.0	10 h 6 min 49 sec
17450	206.34999814257026	80.0	125.66799	64.63689	283.9	6.7999997	80.0	10 h 8 min 34 sec
17500	147.22499764673412	80.0	144.205	66.04329	278.35	-28.6	80.0	10 h 10 min 17 sec
17550	148.8999986883253	80.0	139.52802	71.91991	292.35	-2.0000012	80.0	10 h 11 min 58 sec
17600	65.76999778971076	80.0	133.13101	74.31584	287.9	-30.550001	80.0	10 h 13 min 39 sec
17650	7.299998864531517	80.0	122.79199	74.75966	250.9	-93.200005	80.0	10 h 15 min 22 sec
17700	128.99999859184027	80.0	140.754	62.064804	278.7	-1.9500012	80.0	10 h 17 min 5 sec
17750	179.61999876983464	80.0	135.83899	69.35173	290.8	-7.8500013	80.0	10 h 18 min 46 sec
17800	50.764999298751356	80.0	126.272	79.39875	286.6	-88.850006	80.0	10 h 20 min 26 sec
17850	227.53999846354128	80.0	125.958	78.11144	297.4	-19.050001	80.0	10 h 22 min 9 sec
17900	127.49999902024865	80.0	119.961	67.26156	262.35	-66.65	80.0	10 h 23 min 55 sec
17950	83.0999995842576	80.0	120.575	81.68692	265.45	-53.65	80.0	10 h 25 min 37 sec
18000	93.76499880068005	80.0	135.269	70.61254	282.55	-12.700002	80.0	10 h 27 min 19 sec
18050	97.35999951511621	80.0	151.41899	60.922585	281.4	15.299999	80.0	10 h 29 min 0 sec
18100	41.33999736346304	80.0	142.58902	76.18102	289.4	-5.300001	80.0	10 h 30 min 43 sec
18150	245.35999869666995	80.0	152.376	66.93387	279.65	6.7499986	80.0	10 h 32 min 22 sec
18200	178.42499889209867	80.0	113.02	78.505196	270.95	-38.7	80.0	10 h 34 min 2 sec
18250	102.18499872721732	80.0	144.295	61.99236	294.75	21.149998	80.0	10 h 35 min 43 sec
18300	52.169999150186776	80.0	130.89499	77.71874	315.9	-46.45	80.0	10 h 37 min 24 sec
18350	160.94499812796712	80.0	159.884	72.17753	329.5	12.899999	80.0	10 h 39 min 3 sec
18400	218.13499913290144	80.0	137.722	72.12314	287.6	-25.25	80.0	10 h 40 min 41 sec
18450	293.49999771267176	80.0	126.31999	71.318375	292.3	-8.800001	80.0	10 h 42 min 22 sec
18500	228.64499837718904	80.0	127.69	70.55615	283.4	-57.45	80.0	10 h 44 min 4 sec
18550	73.42499709613621	80.0	158.64899	57.360836	269.8	13.05	80.0	10 h 45 min 44 sec
18600	117.57999846972525	80.0	144.429	71.423645	303.4	-60.5	80.0	10 h 47 min 25 sec
18650	12.909998109936714	80.0	138.783	73.46676	295.0	-19.95	80.0	10 h 49 min 4 sec
18700	153.69499831795693	80.0	128.183	59.95949	303.6	-18.95	80.0	10 h 50 min 45 sec
18750	195.21499884314835	80.0	141.37099	76.846054	297.5	-59.7	80.0	10 h 52 min 25 sec
18800	238.2749985013157	80.0	137.336	75.63988	276.2	-27.95	80.0	10 h 54 min 6 sec
18850	224.13999841846527	80.0	116.197014	82.5448	320.0	-30.950003	80.0	10 h 55 min 46 sec
18900	211.1099984049797	80.0	122.49801	79.69749	303.6	-61.100002	80.0	10 h 57 min 27 sec
18950	110.29999911412597	80.0	141.88301	64.58612	296.75	-43.300003	80.0	10 h 59 min 8 sec
19000	173.12999789193273	80.0	137.305	81.16403	298.75	-107.1	80.0	11 h 0 min 48 sec
19050	191.24499790370464	80.0	138.92401	74.06529	277.75	-8.100001	80.0	11 h 2 min 28 sec
19100	103.91999873369932	80.0	155.944	78.720245	285.25	-27.650002	80.0	11 h 4 min 11 sec
19150	249.6699988156557	80.0	130.04498	79.993454	317.1	-43.95	80.0	11 h 5 min 53 sec
19200	6.349998250603676	80.0	133.669	73.07292	293.7	-14.250001	80.0	11 h 7 min 37 sec
19250	159.16999873518944	80.0	142.68199	79.87197	282.05	-54.25	80.0	11 h 9 min 16 sec
19300	205.14999850355088	80.0	138.74998	76.58036	318.15	-36.350002	80.0	11 h 10 min 59 sec
19350	175.83999908640982	80.0	148.798	70.344666	361.95	6.1999984	80.0	11 h 12 min 38 sec
19400	227.45499868988992	80.0	133.817	63.252174	245.55	-12.900001	80.0	11 h 14 min 18 sec
19450	185.71499856300653	80.0	147.36	68.51575	269.55	-40.2	80.0	11 h 15 min 56 sec
19500	152.929998704046	80.0	154.72198	78.0309	314.15	0.54999965	80.0	11 h 17 min 36 sec
19550	146.20499916747212	80.0	156.129	72.17946	290.3	-1.5500011	80.0	11 h 19 min 15 sec
19600	232.77999807447196	80.0	149.194	71.45541	289.45	-22.5	80.0	11 h 20 min 58 sec
19650	214.46999891400338	80.0	142.188	59.317497	303.0	12.149999	80.0	11 h 22 min 40 sec
19700	292.88499883450567	80.0	160.002	70.644485	326.55	-22.050001	80.0	11 h 24 min 25 sec
19750	164.49999771267176	80.0	139.87201	88.483505	289.15	-88.35	80.0	11 h 26 min 10 sec
19800	158.81499884799123	80.0	148.134	65.901	272.45	-38.7	80.0	11 h 27 min 50 sec
19850	33.19999800436199	80.0	161.56801	74.81707	307.4	2.0999982	80.0	11 h 29 min 32 sec
19900	115.50499827302993	80.0	137.62799	79.542015	319.0	-7.7500005	80.0	11 h 31 min 13 sec
19950	26.819999251887204	80.0	137.352	72.187706	288.8	-7.3000007	80.0	11 h 32 min 56 sec
20000	61.84999809376895	80.0	128.841	73.49218	287.25	13.399999	80.0	11 h 34 min 38 sec
20050	79.124999653548	80.0	113.23599	66.09343	263.8	-54.15	80.0	11 h 36 min 19 sec
20100	139.499998793751	80.0	135.31	73.85193	282.6	-23.45	80.0	11 h 38 min 1 sec
20150	272.8149987578392	80.0	133.617	95.47035	353.55	-73.65	80.0	11 h 39 min 41 sec
20200	134.70999893285335	80.0	112.109	75.476006	267.5	-52.25	80.0	11 h 41 min 22 sec
20250	206.5999990351498	80.0	129.035	71.44015	283.2	-14.250001	80.0	11 h 43 min 4 sec
20300	221.14999803826214	80.0	137.596	71.52397	270.65	-50.850002	80.0	11 h 44 min 43 sec
20350	134.14999843761325	80.0	142.62799	79.46581	304.6	-25.800001	80.0	11 h 46 min 25 sec
20400	157.94999925419688	80.0	139.552	59.43666	269.35	-17.95	80.0	11 h 48 min 4 sec
20450	66.25999882780016	80.0	121.809006	67.52503	253.1	2.9499989	80.0	11 h 49 min 45 sec
20500	162.24999911263586	80.0	120.147995	70.56571	280.25	-24.1	80.0	11 h 51 min 25 sec
20550	40.76499818526209	80.0	118.987015	65.60322	264.05	-11.85	80.0	11 h 53 min 7 sec
20600	191.9599984765053	80.0	132.85199	65.198975	269.2	5.7999988	80.0	11 h 54 min 47 sec
20650	191.60499871224164	80.0	133.377	70.274635	252.05	-23.95	80.0	11 h 56 min 26 sec
20700	144.92499876208603	80.0	98.141	69.43487	264.25	-53.5	80.0	11 h 58 min 10 sec
20750	183.33999733291566	80.0	111.451996	70.96094	242.75	-65.0	80.0	11 h 59 min 51 sec
20800	217.58999825939537	80.0	141.663	74.979034	282.0	-40.95	80.0	12 h 1 min 31 sec
20850	226.11499817855656	80.0	131.40599	66.973434	302.85	-22.050001	80.0	12 h 3 min 13 sec
20900	196.6899978954345	80.0	144.85	77.74342	288.35	-5.3000016	80.0	12 h 4 min 54 sec
20950	199.5999975003302	80.0	143.828	70.62207	299.6	-11.800003	80.0	12 h 6 min 34 sec
21000	123.66499811783433	80.0	124.413994	66.26032	253.15	-20.35	80.0	12 h 8 min 14 sec
21050	157.82999823093414	80.0	139.758	70.07809	302.9	-32.3	80.0	12 h 9 min 57 sec
21100	245.64999790564178	80.0	129.341	71.54929	279.1	-0.8500008	80.0	12 h 11 min 40 sec
21150	46.70999926254153	80.0	140.837	70.06536	299.45	11.7	80.0	12 h 13 min 20 sec
21200	172.39999892376363	80.0	139.047	72.59882	276.3	-38.05	80.0	12 h 15 min 1 sec
21250	118.54999923706055	80.0	132.237	80.10377	295.0	-29.9	80.0	12 h 16 min 43 sec
21300	218.33999887518584	80.0	142.674	59.568687	278.5	26.25	80.0	12 h 18 min 24 sec
21350	102.71499799080193	80.0	159.196	84.79897	302.25	-75.8	80.0	12 h 20 min 7 sec
21400	164.66999866552652	80.0	139.01498	69.382545	300.7	-21.800003	80.0	12 h 21 min 45 sec
21450	166.48999762274326	80.0	146.87799	66.366516	287.6	8.799999	80.0	12 h 23 min 25 sec
21500	221.41499822959304	80.0	136.13199	69.79737	338.8	-7.4500003	80.0	12 h 25 min 5 sec
21550	155.36999863050877	80.0	144.678	73.7616	316.8	-22.7	80.0	12 h 26 min 47 sec
21600	206.34999851323664	80.0	160.311	83.987564	322.35	-41.45	80.0	12 h 28 min 26 sec
21650	120.25999912321568	80.0	147.246	69.53609	302.9	1.8999994	80.0	12 h 30 min 8 sec
21700	167.44999880865217	80.0	135.365	74.99869	274.4	-18.25	80.0	12 h 31 min 52 sec
21750	240.93999822624028	80.0	121.995	62.0012	272.1	-10.85	80.0	12 h 33 min 34 sec
21800	184.65999757014214	80.0	149.702	64.599075	303.9	17.9	80.0	12 h 35 min 17 sec
21850	68.27999800220132	80.0	127.07501	67.58191	285.7	-17.95	80.0	12 h 36 min 57 sec
21900	263.2449977889657	80.0	148.627	74.63105	312.25	14.45	80.0	12 h 38 min 38 sec
21950	73.9599983703345	80.0	151.57199	68.06293	288.75	0.9999998	80.0	12 h 40 min 20 sec
22000	160.8299985036254	80.0	143.896	64.87658	271.5	-16.850002	80.0	12 h 42 min 2 sec
22050	242.72999768145382	80.0	167.68597	79.760414	327.5	14.199999	80.0	12 h 43 min 43 sec
22100	189.72499759718775	80.0	145.58202	90.713425	310.6	-54.850002	80.0	12 h 45 min 23 sec
22150	51.50999823324382	80.0	153.802	61.715073	285.6	-18.35	80.0	12 h 47 min 5 sec
22200	189.31999915391208	80.0	171.099	71.1508	352.85	19.15	80.0	12 h 48 min 46 sec
22250	200.28999811187387	80.0	155.55	70.59155	273.9	19.449999	80.0	12 h 50 min 25 sec
22300	109.7299990274012	80.0	169.194	70.35078	318.3	13.499999	80.0	12 h 52 min 7 sec
22350	215.7549986898899	80.0	167.38301	79.171745	316.2	16.55	80.0	12 h 53 min 45 sec
22400	288.0949963260442	80.0	164.21602	83.03164	309.3	15.499999	80.0	12 h 55 min 28 sec
22450	229.92999864555895	80.0	164.51701	79.706085	386.15	-17.550001	80.0	12 h 57 min 9 sec
22500	128.88999877460301	80.0	168.534	88.77277	370.55	-5.8000007	80.0	12 h 58 min 53 sec
22550	142.8849987503141	80.0	172.715	81.014915	329.45	-7.750001	80.0	13 h 0 min 34 sec
22600	247.4399987306446	80.0	155.54301	71.37915	289.2	-27.0	80.0	13 h 2 min 13 sec
22650	209.04999855645002	80.0	167.92201	73.29334	292.25	18.499998	80.0	13 h 3 min 54 sec
22700	110.5949981816113	80.0	159.24998	69.67103	300.1	41.899998	80.0	13 h 5 min 36 sec
22750	157.8899987075478	80.0	144.76799	70.97345	282.95	-15.250001	80.0	13 h 7 min 17 sec
22800	184.95999803841113	80.0	154.02101	76.702286	315.5	-34.15	80.0	13 h 9 min 1 sec
22850	220.93499911949039	80.0	150.77199	79.44325	315.0	-26.2	80.0	13 h 10 min 42 sec
22900	194.454998415336	80.0	134.935	78.53716	333.5	-42.15	80.0	13 h 12 min 24 sec
22950	155.09999855309724	80.0	141.179	78.79945	287.85	-19.200003	80.0	13 h 14 min 5 sec
23000	-16.40000132471323	80.0	171.908	78.894554	339.9	10.849999	80.0	13 h 15 min 50 sec
23050	112.85999804213643	80.0	144.33301	71.89752	275.6	11.699999	80.0	13 h 17 min 35 sec
23100	219.59999911524355	80.0	117.68999	75.1861	348.7	-11.5	80.0	13 h 19 min 17 sec
23150	197.28499871827663	80.0	141.442	70.244484	267.55	-10.600001	80.0	13 h 20 min 58 sec
23200	227.89999816194177	80.0	134.66101	59.138863	266.7	35.2	80.0	13 h 22 min 39 sec
23250	291.15499857142566	80.0	135.71199	83.29776	325.9	-35.45	80.0	13 h 24 min 20 sec
23300	259.8299983784556	80.0	125.06601	66.838425	300.45	-2.5000002	80.0	13 h 26 min 0 sec
23350	82.34499846510589	80.0	149.27199	74.6861	295.6	-30.800001	80.0	13 h 27 min 43 sec
23400	279.6549989260733	80.0	154.989	86.57191	317.7	-17.800001	80.0	13 h 29 min 24 sec
23450	174.07499869726598	80.0	158.614	62.22116	287.95	30.75	80.0	13 h 31 min 5 sec
23500	248.23999907709657	80.0	121.71199	77.504555	294.7	-17.550001	80.0	13 h 32 min 48 sec
23550	212.61499910652637	80.0	148.03099	71.97922	287.05	-32.5	80.0	13 h 34 min 28 sec
23600	228.78499858155845	80.0	141.516	84.96195	322.05	-46.000004	80.0	13 h 36 min 7 sec
23650	222.3949990466237	80.0	155.17401	68.70381	284.25	-26.300001	80.0	13 h 37 min 49 sec
23700	193.3749983243644	80.0	147.41801	80.197205	352.9	-42.050003	80.0	13 h 39 min 29 sec
23750	251.60999860279261	80.0	142.76399	73.754684	300.85	-10.000001	80.0	13 h 41 min 8 sec
23800	175.01499922312797	80.0	149.441	70.829315	320.35	18.099998	80.0	13 h 42 min 49 sec
23850	101.50499853268266	80.0	143.358	71.95876	276.65	-13.25	80.0	13 h 44 min 29 sec
23900	109.34499903619289	80.0	140.942	74.23731	284.0	9.549999	80.0	13 h 46 min 8 sec
23950	130.38499879352747	80.0	140.703	76.532295	317.9	-39.9	80.0	13 h 47 min 48 sec
24000	211.47999902144073	80.0	131.275	69.45475	296.6	-25.25	80.0	13 h 49 min 27 sec
24050	287.3149980612099	80.0	135.343	77.905426	321.4	-58.45	80.0	13 h 51 min 9 sec
24100	145.73999871462584	80.0	118.069	76.9013	292.05	-35.9	80.0	13 h 52 min 48 sec
24150	205.72499809339644	80.0	127.565994	87.76376	344.5	-14.750001	80.0	13 h 54 min 29 sec
24200	287.3049981378019	80.0	156.627	80.12084	331.65	19.55	80.0	13 h 56 min 7 sec
24250	49.119998696818946	80.0	142.502	74.087425	300.4	30.4	80.0	13 h 57 min 49 sec
24300	222.79499839432538	80.0	127.15199	64.31977	286.85	23.699999	80.0	13 h 59 min 27 sec
24350	265.534998036176	80.0	160.325	82.56488	334.0	-80.35	80.0	14 h 1 min 9 sec
24400	244.54999671168625	80.0	151.272	70.1523	317.35	39.45	80.0	14 h 2 min 47 sec
24450	238.4099977273494	80.0	135.138	81.75808	315.15	-9.800001	80.0	14 h 4 min 29 sec
24500	162.34999891743064	80.0	143.525	81.74799	308.5	-26.7	80.0	14 h 6 min 11 sec
24550	238.31999839246274	80.0	147.23401	76.74668	324.4	18.4	80.0	14 h 7 min 51 sec
24600	170.25999896861612	80.0	127.803	69.97256	268.0	-42.0	80.0	14 h 9 min 32 sec
24650	187.32499873563648	80.0	161.971	74.507645	298.45	-17.0	80.0	14 h 11 min 14 sec
24700	265.529998569563	80.0	151.225	64.06208	260.45	34.35	80.0	14 h 12 min 52 sec
24750	302.4999984100461	80.0	145.636	73.9493	306.25	18.0	80.0	14 h 14 min 33 sec
24800	250.89999823644757	80.0	172.09698	72.764496	336.7	23.699999	80.0	14 h 16 min 11 sec
24850	254.42499831803144	80.0	148.591	83.40025	331.9	-70.0	80.0	14 h 17 min 51 sec
24900	13.099997691810131	80.0	147.678	72.460014	312.05	-3.7500007	80.0	14 h 19 min 33 sec
24950	224.22999891079962	80.0	141.746	94.22429	309.75	-26.0	80.0	14 h 21 min 12 sec
25000	190.13999760299922	80.0	160.364	70.81603	320.0	-29.350002	80.0	14 h 22 min 51 sec
25050	135.89999784901738	80.0	135.182	75.22753	310.75	22.0	80.0	14 h 24 min 34 sec
25100	159.04499834440648	80.0	125.006004	62.07303	268.2	11.299998	80.0	14 h 26 min 13 sec
25150	241.81999766379596	80.0	131.77101	75.95514	316.5	-30.6	80.0	14 h 27 min 51 sec
25200	225.95499836280942	80.0	131.481	77.38077	298.15	-14.100002	80.0	14 h 29 min 29 sec
25250	80.45499883927405	80.0	159.91899	57.126556	268.5	18.4	80.0	14 h 31 min 6 sec
25300	237.83999859765171	80.0	149.204	70.888214	269.3	11.249999	80.0	14 h 32 min 47 sec
25350	211.08499906510116	80.0	127.417	66.03695	243.25	4.7999997	80.0	14 h 34 min 27 sec
25400	246.55999918840826	80.0	150.013	68.25233	329.3	-18.150002	80.0	14 h 36 min 6 sec
25450	121.60499780364334	80.0	132.386	65.56992	278.8	-50.850002	80.0	14 h 37 min 48 sec
25500	169.32499933131038	80.0	132.974	70.67795	281.2	-28.2	80.0	14 h 39 min 26 sec
25550	164.82999885752798	80.0	151.408	87.507576	357.25	2.5999985	80.0	14 h 41 min 6 sec
25600	252.75499844253062	80.0	151.818	63.1498	282.9	13.749998	80.0	14 h 42 min 48 sec
25650	268.9199987128377	80.0	142.392	74.611534	308.4	4.599999	80.0	14 h 44 min 28 sec
25700	178.9699987232685	80.0	130.48	55.67008	224.8	-19.500002	80.0	14 h 46 min 7 sec
25750	180.34499825276436	80.0	142.63301	76.11617	294.55	-33.0	80.0	14 h 47 min 47 sec
25800	164.53499901778997	80.0	134.07	79.65094	275.25	-8.450002	80.0	14 h 49 min 26 sec
25850	243.16499814614653	80.0	126.31499	79.79589	304.1	-33.65	80.0	14 h 51 min 6 sec
25900	146.8999985128641	80.0	150.835	87.63547	308.0	-41.600002	80.0	14 h 52 min 50 sec
25950	241.0899986334145	80.0	128.879	69.24659	299.9	-14.75	80.0	14 h 54 min 32 sec
26000	173.41499867588283	80.0	151.944	64.53107	320.85	-3.4500015	80.0	14 h 56 min 11 sec
26050	254.59999798834323	80.0	145.4	78.00647	296.6	-47.4	80.0	14 h 57 min 50 sec
26100	155.4499991800636	80.0	134.18199	75.80243	295.7	-11.400002	80.0	14 h 59 min 32 sec
26150	178.68999887108802	80.0	118.007996	69.078156	298.9	-40.45	80.0	15 h 1 min 14 sec
26200	160.78499835580587	80.0	156.89401	67.304565	316.85	33.699997	80.0	15 h 2 min 53 sec
26250	103.95999871715904	80.0	159.13501	71.7554	291.5	19.199999	80.0	15 h 4 min 34 sec
26300	-5.1600014343857765	80.0	135.97	79.26798	334.35	-47.8	80.0	15 h 6 min 16 sec
26350	85.79499861113727	80.0	112.378006	84.15454	296.4	-33.9	80.0	15 h 7 min 57 sec
26400	172.53999797031284	80.0	130.93098	67.665085	270.65	20.5	80.0	15 h 9 min 40 sec
26450	37.24499883316457	80.0	123.394005	72.66211	262.75	-41.600002	80.0	15 h 11 min 20 sec
26500	147.914998954162	80.0	146.67	65.61721	281.75	29.449999	80.0	15 h 12 min 59 sec
26550	62.479998742043975	80.0	139.943	64.10666	269.8	19.499998	80.0	15 h 14 min 38 sec
26600	191.4299975335598	80.0	132.045	66.21826	282.15	-9.550001	80.0	15 h 16 min 19 sec
26650	175.88999759703876	80.0	153.055	67.08367	302.15	25.3	80.0	15 h 18 min 0 sec
26700	242.44499862901867	80.0	142.85901	72.17672	288.25	0.9499986	80.0	15 h 19 min 40 sec
26750	217.1449986834079	80.0	153.486	67.943634	286.5	-8.750001	80.0	15 h 21 min 24 sec
26800	234.3949983537197	80.0	151.09001	80.57855	330.25	-8.550001	80.0	15 h 23 min 5 sec
26850	248.2899989373982	80.0	172.00299	55.274837	298.4	66.65	80.0	15 h 24 min 45 sec
26900	248.3699982881546	80.0	152.99	88.27407	316.5	-20.85	80.0	15 h 26 min 27 sec
26950	321.0449983306229	80.0	143.636	68.78751	308.55	14.2	80.0	15 h 28 min 9 sec
27000	114.81499922201037	80.0	137.304	71.473366	298.05	-1.2500023	80.0	15 h 29 min 51 sec
27050	209.71999891847372	80.0	125.33501	79.02698	278.85	-55.75	80.0	15 h 31 min 30 sec
27100	96.20999886505305	80.0	117.671005	85.57183	264.0	-100.9	80.0	15 h 33 min 15 sec
27150	98.61499944664538	80.0	133.66	68.44888	301.35	-15.750001	80.0	15 h 34 min 56 sec
27200	92.38999852314592	80.0	146.096	84.81215	353.85	-24.400002	80.0	15 h 36 min 39 sec
27250	173.41999877914787	80.0	154.21999	72.624016	309.7	-5.3000016	80.0	15 h 38 min 21 sec
27300	250.25999803990126	80.0	165.241	69.67672	311.1	11.099999	80.0	15 h 40 min 1 sec
27350	118.43999808318912	80.0	147.425	75.14834	297.35	-20.800001	80.0	15 h 41 min 40 sec
27400	258.4349985845387	80.0	140.407	67.30524	285.15	15.8499975	80.0	15 h 43 min 19 sec
27450	154.6499980919063	80.0	147.25702	66.803154	288.85	9.249999	80.0	15 h 45 min 1 sec
27500	220.05499853231012	80.0	135.217	74.56486	295.7	-18.300001	80.0	15 h 46 min 43 sec
27550	209.8449986040592	80.0	142.097	70.47123	333.05	18.15	80.0	15 h 48 min 24 sec
27600	212.13999814540148	80.0	144.644	67.91142	254.05	-33.15	80.0	15 h 50 min 7 sec
27650	221.17999812923372	80.0	149.39499	78.431755	287.15	-15.85	80.0	15 h 51 min 47 sec
27700	128.13499882593752	80.0	166.16199	68.12659	309.65	5.3999996	80.0	15 h 53 min 28 sec
27750	214.9949986446649	80.0	132.571	71.353325	282.9	7.4499974	80.0	15 h 55 min 8 sec
27800	111.01499914750457	80.0	125.217995	78.355354	281.95	-65.65	80.0	15 h 56 min 52 sec
27850	184.7149987269193	80.0	121.50999	78.19959	269.7	-55.7	80.0	15 h 58 min 33 sec
27900	175.42999912053347	80.0	143.33699	71.01179	279.5	-35.2	80.0	16 h 0 min 14 sec
27950	165.05999852977692	80.0	131.352	78.50634	280.8	-54.4	80.0	16 h 1 min 55 sec
28000	170.1599988847971	80.0	129.481	73.95102	294.8	-28.95	80.0	16 h 3 min 35 sec
28050	219.92499776147307	80.0	121.623	63.923794	258.8	-22.2	80.0	16 h 5 min 18 sec
28100	209.27999901287257	80.0	120.08	68.30091	326.85	7.749999	80.0	16 h 6 min 59 sec
28150	251.72999907694756	80.0	144.666	66.20891	304.75	-20.700003	80.0	16 h 8 min 41 sec
28200	156.53999859690666	80.0	154.325	60.746124	276.1	2.2499993	80.0	16 h 10 min 23 sec
28250	259.1199988532811	80.0	132.601	72.40747	267.25	-37.5	80.0	16 h 12 min 3 sec
28300	259.6799985714257	80.0	112.34898	70.98696	272.6	-17.7	80.0	16 h 13 min 45 sec
28350	217.40999944768845	80.0	111.09901	65.73941	248.75	-4.150001	80.0	16 h 15 min 26 sec
28400	219.8949984446168	80.0	127.18	74.631134	332.3	-32.05	80.0	16 h 17 min 8 sec
28450	107.47999657653273	80.0	132.246	85.84802	362.65	-24.35	80.0	16 h 18 min 51 sec
28500	262.74499821551143	80.0	151.06598	84.41005	334.9	-34.45	80.0	16 h 20 min 31 sec
28550	78.8899989657104	80.0	139.7	62.074516	243.7	-5.650001	80.0	16 h 22 min 12 sec
28600	259.404998601228	80.0	141.40599	65.22326	259.45	30.699999	80.0	16 h 23 min 52 sec
28650	-17.400002044066788	80.0	129.682	76.43378	321.0	-28.400002	80.0	16 h 25 min 34 sec
28700	210.84499862790108	80.0	135.489	54.372646	235.9	14.599999	80.0	16 h 27 min 18 sec
28750	140.53499841690063	80.0	134.921	73.59253	264.6	-26.050001	80.0	16 h 29 min 1 sec
28800	161.84499884024262	80.0	134.758	62.059875	295.3	0.59999895	80.0	16 h 30 min 42 sec
28850	77.85999893583357	80.0	122.26401	58.338818	251.1	-43.600002	80.0	16 h 32 min 24 sec
28900	209.6349987216294	80.0	127.73899	51.307995	232.75	16.3	80.0	16 h 34 min 7 sec
28950	117.6599986564368	80.0	117.993	67.697975	257.55	-18.150002	80.0	16 h 35 min 49 sec
29000	95.2949984986335	80.0	132.697	65.563576	259.2	-5.8000007	80.0	16 h 37 min 28 sec
29050	156.53499870300294	80.0	140.227	78.24681	342.15	-4.750001	80.0	16 h 39 min 8 sec
29100	209.97999861426652	80.0	134.11299	82.23933	329.45	-15.450001	80.0	16 h 40 min 51 sec
29150	194.4999966174364	80.0	133.398	64.567276	313.65	-13.6	80.0	16 h 42 min 34 sec
29200	244.56999882273377	80.0	140.29	67.697105	275.25	-12.850002	80.0	16 h 44 min 15 sec
29250	90.34999942220747	80.0	138.439	65.34495	311.35	-30.95	80.0	16 h 45 min 56 sec
29300	126.99999921284616	80.0	126.671005	56.326344	254.45	20.05	80.0	16 h 47 min 39 sec
