Epoch	AverageEpRet	StdEpRet	MaxEpRet	MinEpRet	EpLen	EpNum	TotalEnvInteracts	LossPi	LossV	DeltaLossPi	DeltaLossV	Entropy	KL	ClipFrac	StopIter	Time
0	-275.86252	7.9237785	-265.55002	-290.9	100.0	12.0	80000	3.290673e-08	4.5720267	-0.016379232	-3.4879887	3.4830236	0.006569794	0.07825196	49.0	48.6087908744812
1	-274.2292	10.202868	-259.45	-295.55002	100.0	24.0	160000	-1.27280755e-08	1.2195137	-0.016989646	-0.11778394	3.4786851	0.0075676404	0.085502125	49.0	96.18423628807068
2	-277.96667	13.162328	-247.55	-291.80002	100.0	36.0	240000	-2.483527e-09	1.1423331	-0.018547416	-0.024669707	3.4673967	0.0073574274	0.097064935	49.0	144.4930715560913
3	-273.9375	11.766406	-246.85	-289.4	100.0	48.0	320000	6.3640377e-09	1.1886965	-0.018936312	-0.02517744	3.457925	0.0069692708	0.09295232	49.0	192.03912329673767
4	-271.19583	9.519354	-257.30002	-286.45	100.0	60.0	400000	4.967054e-09	1.1197746	-0.019596884	-0.027510703	3.4478676	0.007877541	0.10395261	49.0	239.1973259449005
5	-272.24582	11.543299	-251.95001	-292.6	100.0	72.0	480000	-8.537124e-09	1.0969609	-0.020224199	-0.024831852	3.4358833	0.008203729	0.1077277	49.0	286.2731366157532
6	-274.34583	11.172988	-254.15001	-290.80002	100.0	84.0	560000	9.313226e-09	1.0953573	-0.02072636	-0.02125454	3.4237747	0.007204142	0.10909023	49.0	333.32434463500977
7	-263.34167	17.918123	-229.85	-287.85	100.0	96.0	640000	-1.7384687e-08	1.1333872	-0.022055091	-0.015572369	3.4059021	0.008865953	0.11877797	49.0	380.5282053947449
8	-246.7625	19.539452	-221.55	-277.35	100.0	108.0	720000	-1.3193736e-09	1.2128897	-0.022120947	-0.022899607	3.3819854	0.008939617	0.11786544	49.0	429.4370291233063
9	-247.42918	13.268753	-213.40001	-263.7	100.0	120.0	800000	-1.6142925e-08	1.2766967	-0.022125646	-0.020422459	3.3600738	0.00847414	0.11942798	49.0	476.3624815940857
10	-231.21667	27.434866	-189.05	-269.1	100.0	132.0	880000	-6.208817e-09	1.4653177	-0.022636293	-0.03038609	3.3358517	0.008072593	0.118077956	49.0	523.4782762527466
11	-214.85002	24.743416	-157.95	-260.15	100.0	144.0	960000	3.1044087e-10	2.0620067	-0.02242986	-0.066282965	3.3074133	0.008172998	0.11650292	49.0	570.783864736557
12	-215.3	29.36554	-163.6	-263.7	100.0	156.0	1040000	2.173086e-09	2.1081834	-0.022065	-0.056265015	3.2788618	0.008278682	0.11215281	49.0	617.7253005504608
13	-189.63751	50.916283	-86.8	-274.2	100.0	168.0	1120000	-1.4901161e-08	2.5274677	-0.023112947	-0.05734243	3.2502537	0.009677	0.12937824	49.0	665.5896587371826
14	-181.17084	29.358246	-130.95	-219.3	100.0	180.0	1200000	1.2417635e-09	3.541602	-0.021907443	-0.09969064	3.210394	0.008903085	0.12039051	49.0	714.1593968868256
15	-163.4375	56.351116	-75.1	-250.95001	100.0	192.0	1280000	-2.483527e-09	3.783599	-0.022331262	-0.09264437	3.1676273	0.008532557	0.12359059	49.0	761.4687004089355
16	-125.350006	64.64299	39.649998	-228.8	100.0	204.0	1360000	6.208817e-09	5.76874	-0.021829747	-0.20645814	3.1264384	0.009036484	0.121978045	49.0	809.031848192215
17	-102.166664	94.84187	154.4	-201.90001	100.0	216.0	1440000	7.450581e-09	6.4501877	-0.021987066	-0.25465932	3.076156	0.008189223	0.1240531	49.0	856.903005361557
18	-65.466675	90.68438	69.2	-234.05	100.0	228.0	1520000	-2.483527e-09	8.597659	-0.02162592	-0.37624478	3.0226152	0.00928954	0.12684067	49.0	904.8117771148682
19	-87.62917	82.88305	9.399999	-215.6	100.0	240.0	1600000	0.0	8.468243	-0.021057948	-0.30682406	2.9743516	0.009066046	0.12744069	49.0	954.5458855628967
20	-87.43334	73.1703	62.0	-212.05	100.0	252.0	1680000	1.1175871e-08	8.16461	-0.021139413	-0.25696293	2.9287856	0.00910962	0.12255306	49.0	1002.4652602672577
21	-57.55417	70.22958	44.399998	-196.05	100.0	264.0	1760000	-6.208817e-09	7.6318984	-0.020574575	-0.29242262	2.8909218	0.008927426	0.119002976	49.0	1050.214030265808
22	-14.191669	92.21763	185.25	-167.7	100.0	276.0	1840000	4.967054e-09	11.285501	-0.020795135	-0.5059738	2.8304403	0.009041807	0.12679067	49.0	1099.0134196281433
23	-38.000004	103.68377	177.75	-219.15001	100.0	288.0	1920000	4.967054e-09	11.60894	-0.020325514	-0.4881324	2.7936337	0.009450714	0.12524064	49.0	1147.0136787891388
24	-20.995836	95.930016	152.84999	-140.0	100.0	300.0	2000000	-4.967054e-09	11.58043	-0.02011552	-0.43392023	2.7523534	0.008264956	0.12679067	49.0	1196.7683801651
25	39.175	106.310074	238.9	-130.45	100.0	312.0	2080000	-7.450581e-09	13.727328	-0.020125436	-0.6059349	2.6958573	0.00850483	0.124090604	49.0	1244.992279291153
26	-3.9625027	109.0974	214.3	-150.15001	100.0	324.0	2160000	-3.7252903e-09	13.759526	-0.019638484	-0.6455905	2.6416523	0.008502989	0.11852797	49.0	1292.4238052368164
27	47.725002	113.5882	334.1	-130.65001	100.0	336.0	2240000	-1.2417635e-09	17.841839	-0.01979834	-0.86587065	2.594024	0.010089493	0.12561566	49.0	1340.5431513786316
28	100.12916	138.33084	387.3	-100.05	100.0	348.0	2320000	-4.967054e-09	18.605356	-0.019914297	-1.0755926	2.5359552	0.008755368	0.120153	49.0	1388.7299399375916
29	74.69167	85.45954	278.85	-25.800003	100.0	360.0	2400000	-9.934108e-09	15.976674	-0.019291187	-0.9954398	2.4976084	0.008765483	0.118290454	49.0	1437.299817085266
30	121.9	129.44427	374.45	-76.9	100.0	372.0	2480000	-1.8626451e-09	19.26117	-0.019092616	-1.2352263	2.4558427	0.009268712	0.11577789	49.0	1485.304059267044
31	165.1375	134.14891	421.25	-42.850002	100.0	384.0	2560000	4.967054e-09	18.52563	-0.01952658	-1.0610838	2.4004583	0.008913529	0.11435285	49.0	1533.4336340427399
32	112.47692	158.08276	397.55	-206.6	100.0	397.0	2640000	-1.2417634e-08	15.939555	-0.019599969	-1.1727611	2.3771095	0.008950953	0.12114053	49.0	1581.4841618537903
33	179.66925	155.304	495.5	-75.850006	100.0	410.0	2720000	1.2417635e-09	21.718435	-0.01927472	-1.6646324	2.331919	0.008767999	0.11815295	49.0	1631.6195049285889
34	251.40001	204.70282	637.9	-114.450005	100.0	424.0	2800000	0.0	22.709137	-0.019824207	-1.2483639	2.2999008	0.008529528	0.120428	49.0	1679.8021185398102
35	211.88332	165.23837	554.25	-13.750003	100.0	436.0	2880000	6.208817e-09	21.667055	-0.018751033	-1.3143927	2.2620277	0.007994377	0.11182779	49.0	1727.2730402946472
36	264.71155	161.00667	488.25	-124.05	100.0	449.0	2960000	1.2417635e-09	25.310745	-0.018987441	-1.8246323	2.2158968	0.009334978	0.112327814	49.0	1774.8603155612946
37	222.32085	157.2528	524.85	-9.000002	100.0	461.0	3040000	1.8626451e-09	26.941803	-0.01895536	-1.4534155	2.188683	0.010179658	0.11771545	49.0	1822.8310098648071
38	353.79996	168.25262	627.75	8.999998	100.0	473.0	3120000	-4.346172e-09	27.607542	-0.019395648	-1.7371283	2.1285923	0.0085853515	0.11374035	49.0	1872.6660194396973
39	201.00417	174.61125	425.4	-133.55	100.0	485.0	3200000	1.2417634e-08	26.116852	-0.019108744	-2.0418253	2.1123025	0.008126043	0.11532789	49.0	1920.8487341403961
40	304.21155	229.18962	671.65	-187.40001	100.0	498.0	3280000	8.692344e-09	23.196981	-0.018680384	-1.4850532	2.102268	0.008570047	0.11365285	49.0	1970.022088766098
41	300.87915	153.12335	506.2	97.85	100.0	510.0	3360000	1.2417635e-09	20.682493	-0.018368749	-1.6232439	2.0527956	0.0087347515	0.11019025	49.0	2018.3567867279053
42	314.17307	203.36835	601.45	-98.200005	100.0	523.0	3440000	-2.483527e-09	27.724396	-0.01865054	-2.3152432	2.0255916	0.009048275	0.10864022	49.0	2067.9019000530243
43	351.25	175.16432	588.0	-63.65	100.0	536.0	3520000	4.967054e-09	26.108206	-0.01823049	-1.7518793	1.986735	0.007869821	0.103402585	49.0	2117.4111139774323
44	393.37085	164.63133	733.5	103.85	100.0	548.0	3600000	-2.483527e-09	31.24439	-0.018961778	-2.110811	1.9743801	0.009016836	0.11845296	49.0	2165.9020590782166
45	332.69644	151.62389	621.1	139.05	100.0	562.0	3680000	-2.483527e-09	26.335962	-0.018537879	-1.7911777	1.9314061	0.008296411	0.10741518	49.0	2214.224519252777
46	298.98215	187.46332	829.45	42.149998	100.0	576.0	3760000	1.2417634e-08	20.841599	-0.018203074	-1.4535537	1.9075165	0.008317934	0.11444036	49.0	2262.2805786132812
47	374.6308	232.75871	800.35	-5.250002	100.0	589.0	3840000	-1.2417634e-08	34.796314	-0.017647272	-3.4133415	1.8761688	0.009295571	0.107440196	49.0	2311.8880829811096
48	283.40768	187.63297	702.95	0.6999979	100.0	602.0	3920000	4.967054e-09	25.761724	-0.017597744	-1.9597921	1.850935	0.007760449	0.11066526	49.0	2360.295111179352
49	432.09616	195.1313	676.7	82.75	100.0	615.0	4000000	-4.346172e-09	31.00527	-0.018037515	-2.246505	1.8042139	0.009257707	0.11132779	49.0	2408.416704416275
50	360.1958	224.10118	635.35	-124.50001	100.0	627.0	4080000	2.483527e-09	29.391365	-0.016930707	-1.7093878	1.7948214	0.0072621107	0.09791494	49.0	2456.9499077796936
51	526.8125	242.44029	960.55	208.34999	100.0	639.0	4160000	-2.483527e-09	28.495638	-0.01730932	-2.362794	1.7584864	0.008777465	0.10570264	49.0	2505.6012423038483
52	377.10416	196.98036	795.3	108.95	100.0	651.0	4240000	2.483527e-09	31.268015	-0.017525086	-1.902852	1.7326341	0.0072209276	0.09950248	49.0	2554.7968826293945
53	589.4417	241.94173	1054.55	215.7	100.0	663.0	4320000	2.483527e-09	38.34508	-0.01757795	-3.0342557	1.7256489	0.008853476	0.11250281	49.0	2603.0111849308014
54	402.4458	265.5629	917.0	-0.5000027	100.0	675.0	4400000	8.692344e-09	36.482876	-0.017467298	-3.0032864	1.7039148	0.0077865254	0.106302656	49.0	2650.5688433647156
55	419.58212	178.25162	720.05	-124.75	100.0	689.0	4480000	0.0	27.019941	-0.017730504	-2.3346682	1.6814237	0.008748676	0.10634015	49.0	2698.871617078781
56	315.25668	185.62343	753.7	25.049997	100.0	704.0	4560000	0.0	26.84527	-0.017902598	-1.8742946	1.6922064	0.008653796	0.11086527	49.0	2748.277095556259
57	558.21155	197.2297	865.35	268.4	100.0	717.0	4640000	4.967054e-09	35.02017	-0.01764891	-2.9566967	1.6369724	0.009987502	0.110265255	49.0	2797.729456424713
58	503.51254	275.18033	952.6	-4.400004	100.0	729.0	4720000	6.2088173e-10	38.2403	-0.016898682	-2.984729	1.6280025	0.009063065	0.10282757	49.0	2846.212016105652
59	462.31537	276.5586	1001.55	152.75	100.0	742.0	4800000	-6.208817e-09	31.970694	-0.017082123	-2.7336857	1.6369575	0.008244936	0.103352584	49.0	2894.425772666931
60	534.7423	203.60962	896.45	228.2	100.0	755.0	4880000	-6.2088173e-10	37.825207	-0.01675771	-2.1283057	1.5984449	0.008390237	0.10161504	49.0	2943.0034639835358
61	569.575	209.52132	862.75	216.8	100.0	767.0	4960000	2.483527e-09	33.629314	-0.016792478	-1.998374	1.5749207	0.008971464	0.10187755	49.0	2992.4449410438538
62	588.11536	184.16592	925.15	72.1	100.0	780.0	5040000	-1.2417635e-09	30.167028	-0.017451711	-2.2491782	1.5618674	0.0087101115	0.10624015	49.0	3041.566344976425
63	544.89166	194.18633	856.4	129.84999	100.0	792.0	5120000	2.483527e-09	44.42575	-0.016989583	-3.645694	1.5622587	0.008792494	0.10520264	49.0	3090.0736668109894
64	566.28674	248.41785	1039.8	153.3	100.0	807.0	5200000	-1.1175871e-08	38.58195	-0.017167872	-3.5014207	1.5333313	0.008336787	0.10677767	49.0	3139.010056734085
65	662.8542	261.3585	1064.95	249.3	100.0	819.0	5280000	-1.4901161e-08	37.14642	-0.017328622	-3.1944103	1.5205421	0.009308405	0.10217756	49.0	3188.564778804779
66	643.03455	260.53403	1105.2	81.149994	100.0	832.0	5360000	9.934108e-09	35.880768	-0.016999347	-2.8780077	1.523743	0.008495757	0.09711493	49.0	3237.6689908504486
67	700.55005	310.99643	1331.85	140.4	100.0	844.0	5440000	-1.4901161e-08	41.030693	-0.016957082	-2.7544773	1.4984236	0.008344213	0.10664016	49.0	3286.196467399597
68	801.175	192.81752	1149.95	462.55	100.0	856.0	5520000	1.8626451e-09	39.323498	-0.016852073	-2.3218749	1.4816132	0.0079382295	0.10161504	49.0	3334.9160799980164
69	630.42914	195.02023	1139.85	374.55	100.0	868.0	5600000	6.2088173e-10	30.738373	-0.016447242	-2.891161	1.4834269	0.007171873	0.09483987	49.0	3384.8112332820892
70	597.37305	257.52643	1143.6	230.09999	100.0	881.0	5680000	4.967054e-09	35.88828	-0.016493494	-2.7847798	1.454744	0.008189531	0.10202756	49.0	3433.9833748340607
71	721.0846	305.1558	1377.35	284.19998	100.0	894.0	5760000	4.967054e-09	45.14166	-0.016759165	-3.54058	1.4319773	0.0077755526	0.09477737	49.0	3482.6424765586853
72	740.66925	209.75685	1018.15	429.6	100.0	907.0	5840000	-4.967054e-09	48.617126	-0.016633574	-3.7177694	1.4160055	0.008680687	0.09937748	49.0	3531.1035935878754
73	803.24225	182.62634	1144.7	435.85	100.0	920.0	5920000	-2.483527e-09	37.909016	-0.016465398	-3.9882746	1.3965372	0.007567557	0.097752444	49.0	3580.455119371414
74	656.92914	358.44	1122.15	-28.300003	100.0	932.0	6000000	8.692344e-09	41.401134	-0.01616347	-4.4825916	1.408419	0.0064231823	0.10064002	49.0	3629.7547082901
75	694.55835	305.96298	1182.6	5.349997	100.0	944.0	6080000	1.4901161e-08	43.319546	-0.016185062	-2.6341927	1.398832	0.00824027	0.0998775	49.0	3677.872878074646
76	777.9692	311.60587	1204.7	191.15	100.0	957.0	6160000	0.0	31.893394	-0.016481766	-3.3575938	1.3722229	0.008999556	0.095652394	49.0	3726.12367272377
77	719.1038	218.33633	1033.9	287.6	100.0	970.0	6240000	1.086543e-09	32.54208	-0.016809702	-2.2329652	1.3647658	0.008425836	0.102340065	49.0	3774.9076912403107
78	850.5961	273.2225	1187.0	274.6	100.0	983.0	6320000	-3.7252903e-09	37.030804	-0.016040131	-2.4840622	1.3337709	0.0077341213	0.09516487	49.0	3824.287062883377
79	897.76666	264.9207	1382.45	425.3	100.0	995.0	6400000	0.0	36.50804	-0.015779251	-2.1697266	1.3327538	0.007683084	0.09366485	49.0	3872.8216400146484
80	754.3269	303.936	1243.65	58.049995	100.0	1008.0	6480000	-4.967054e-09	31.266617	-0.015638912	-2.4929655	1.3084545	0.008162047	0.095752396	49.0	3920.886342048645
81	782.5499	285.8645	1238.5	341.1	100.0	1021.0	6560000	2.483527e-09	45.30096	-0.015619989	-3.6940858	1.2904427	0.008998486	0.09515238	49.0	3970.498801469803
82	784.0542	350.90686	1272.9	151.59999	100.0	1033.0	6640000	1.2417635e-09	46.191845	-0.015614778	-3.516925	1.3125471	0.009130479	0.09415235	49.0	4018.6879057884216
83	976.8038	205.75247	1331.0	433.75	100.0	1046.0	6720000	2.483527e-09	35.754177	-0.016133241	-3.6731215	1.2897773	0.008770977	0.09857746	49.0	4068.3542807102203
84	791.9458	263.91788	1176.05	429.1	100.0	1058.0	6800000	-3.7252903e-09	31.849619	-0.016451173	-3.0125856	1.2828082	0.008214117	0.09960249	49.0	4117.267007827759
85	836.67084	243.84615	1202.75	436.5	100.0	1070.0	6880000	-1.0554989e-08	37.48174	-0.015845306	-2.3087976	1.2973933	0.008132185	0.09983999	49.0	4165.603180646896
86	978.4543	235.83153	1379.8	541.95	100.0	1082.0	6960000	1.2417635e-09	43.437527	-0.01555717	-5.514015	1.2806345	0.010116824	0.096102394	49.0	4214.267962217331
87	909.58075	327.74893	1337.15	56.949997	100.0	1095.0	7040000	-2.483527e-09	41.259487	-0.015651407	-2.839963	1.2653655	0.0076168873	0.09526488	49.0	4264.226171731949
88	1054.6965	210.9126	1418.0	760.85	100.0	1109.0	7120000	6.208817e-09	49.66867	-0.015337188	-3.5586064	1.2720189	0.008244314	0.09646491	49.0	4312.478351354599
89	864.8929	289.94482	1173.0	-15.750004	100.0	1123.0	7200000	6.208817e-09	44.48888	-0.01572439	-3.1742847	1.2440116	0.0072534806	0.09287733	49.0	4361.091465950012
90	1004.39166	216.48419	1392.0	592.5	100.0	1135.0	7280000	-2.483527e-09	37.79266	-0.015121666	-2.7199328	1.253647	0.008494474	0.090802275	49.0	4410.152889966965
91	1154.1542	190.2137	1500.8	829.65	100.0	1147.0	7360000	2.483527e-09	50.096226	-0.015668262	-6.3869452	1.2405592	0.008848763	0.095502384	49.0	4457.829173326492
92	960.7822	293.4955	1308.35	254.0	100.0	1161.0	7440000	-7.450581e-09	47.305614	-0.015771318	-6.814963	1.2419223	0.007006705	0.094914876	49.0	4507.839505195618
93	1123.2577	190.21857	1461.5	727.45	100.0	1174.0	7520000	9.934108e-09	43.899693	-0.01588381	-3.8715312	1.2112247	0.009035922	0.09116477	49.0	4555.176243543625
94	981.7458	367.41153	1453.45	367.55	100.0	1186.0	7600000	-2.483527e-09	39.27284	-0.015350598	-3.2486856	1.2073227	0.008156331	0.09130228	49.0	4603.127566099167
95	1050.0538	282.95767	1478.15	535.85	100.0	1199.0	7680000	-1.3659398e-08	36.188007	-0.015264404	-2.0862644	1.2070872	0.008423588	0.090977274	49.0	4651.343287706375
96	1040.5958	352.19897	1500.55	376.65	100.0	1211.0	7760000	-1.4901161e-08	46.134953	-0.015200243	-2.4523604	1.2030543	0.0073911324	0.09270232	49.0	4700.683660030365
97	1073.7709	293.6733	1438.35	361.3	100.0	1223.0	7840000	9.934108e-09	46.573395	-0.0150776515	-2.5055532	1.195558	0.008171796	0.09465236	49.0	4749.5026750564575
98	1145.2167	330.94952	1500.1	351.65	100.0	1235.0	7920000	1.4280279e-08	37.58634	-0.014815167	-3.204816	1.1849895	0.00938137	0.09030225	49.0	4797.841675281525
99	1131.8154	322.795	1553.35	415.4	100.0	1248.0	8000000	-1.4901161e-08	41.383694	-0.01628275	-2.6944191	1.174996	0.008542101	0.10100254	49.0	4845.481450080872
100	1250.6708	128.1017	1486.6	1072.1	100.0	1260.0	8080000	6.208817e-09	39.884064	-0.014992821	-2.6916082	1.1769708	0.007977132	0.091552295	49.0	4893.673009395599
101	1253.8876	218.1597	1488.85	760.55	100.0	1272.0	8160000	-8.692344e-09	39.1805	-0.015402637	-3.228676	1.1731377	0.008078049	0.09058976	49.0	4942.58122086525
102	1133.6166	304.20352	1526.05	431.85	100.0	1284.0	8240000	0.0	44.404583	-0.015830422	-3.3548596	1.1725553	0.008335691	0.098089956	49.0	4990.875818014145
103	1296.4083	211.6634	1538.0	817.8	100.0	1296.0	8320000	-1.9868216e-08	44.35939	-0.015252084	-3.1454065	1.1716264	0.008741517	0.09458987	49.0	5038.468032121658
104	1399.3793	172.34491	1532.75	950.7	100.0	1308.0	8400000	2.483527e-09	38.09287	-0.01523771	-3.305641	1.180019	0.009099514	0.095377386	49.0	5086.149994134903
105	1158.9501	307.17242	1560.05	624.15	100.0	1321.0	8480000	-7.450581e-09	43.93378	-0.014980353	-4.9129605	1.15747	0.006419472	0.09338984	49.0	5134.032829999924
106	1163.4039	326.0917	1541.45	457.35	100.0	1334.0	8560000	-1.2417634e-08	38.132793	-0.014964617	-2.23996	1.1745464	0.0082544945	0.09380234	49.0	5183.531183004379
107	1064.7876	317.31735	1552.0	359.2	100.0	1346.0	8640000	-4.967054e-09	41.85008	-0.014534387	-2.6371925	1.1432891	0.008527123	0.08845221	49.0	5231.754605293274
108	1244.275	311.82593	1588.65	752.1	100.0	1358.0	8720000	-1.4901161e-08	40.136044	-0.01480632	-5.7017493	1.1493937	0.0091736475	0.09146478	49.0	5279.182440519333
109	1392.6666	247.479	1587.7	850.7	100.0	1370.0	8800000	4.967054e-09	38.13094	-0.015029947	-2.4612596	1.1597666	0.007845467	0.094302356	49.0	5326.833117723465
110	1503.8624	109.16308	1571.95	1219.7	100.0	1382.0	8880000	1.2417635e-09	39.148632	-0.015606667	-6.6870937	1.159001	0.010059792	0.09558988	49.0	5373.994953632355
111	1268.65	304.5728	1572.3	553.8	100.0	1394.0	8960000	-2.483527e-09	45.613556	-0.015240046	-4.7889714	1.1453218	0.007230991	0.09307733	49.0	5423.252481460571
112	1359.5667	421.2189	1597.9	71.399994	100.0	1406.0	9040000	-8.692344e-09	40.00417	-0.015157417	-2.8610928	1.1618391	0.00955532	0.10322758	49.0	5470.1510808467865
113	1445.8168	162.67294	1598.95	1141.45	100.0	1418.0	9120000	6.2088173e-10	39.392094	-0.0153881125	-2.2442532	1.1475271	0.008202175	0.09613991	49.0	5518.239573478699
114	1395.3627	274.58124	1611.05	642.9	100.0	1430.0	9200000	7.450581e-09	42.21085	-0.015330072	-3.1935618	1.1529015	0.008855206	0.100565016	49.0	5566.538817644119
115	1332.5751	363.1167	1611.1	411.75	100.0	1442.0	9280000	-4.656613e-09	40.919853	-0.015265084	-2.9948242	1.1526638	0.010102279	0.101315044	49.0	5615.202634096146
116	1529.0709	104.13552	1616.9	1215.95	100.0	1454.0	9360000	-9.934108e-09	31.654432	-0.015514768	-3.3038588	1.1683612	0.009872775	0.098927476	49.0	5664.332244157791
117	1305.1958	390.1832	1617.8	364.35	100.0	1466.0	9440000	-2.483527e-09	58.21854	-0.014749824	-9.494191	1.1464422	0.0066865347	0.09415235	49.0	5711.890918970108
118	1526.3168	128.86084	1609.6	1151.05	100.0	1478.0	9520000	-2.483527e-09	44.901142	-0.015079708	-4.7495894	1.1586853	0.009591776	0.098002456	49.0	5759.9625906944275
119	1565.3583	107.04707	1625.4	1233.9	100.0	1490.0	9600000	1.1175871e-08	31.375391	-0.015677774	-2.1450179	1.164836	0.010380096	0.100090005	49.0	5808.657078027725
120	1565.0499	120.21378	1625.5	1174.2	100.0	1502.0	9680000	4.967054e-09	29.350662	-0.01538754	-1.8555803	1.179845	0.008430965	0.099764995	49.0	5856.26055765152
121	1443.85	292.70477	1639.6	555.1	100.0	1514.0	9760000	-4.967054e-09	45.61305	-0.014794294	-3.4177892	1.1518179	0.008877908	0.097564936	49.0	5904.387535810471
122	1574.1792	97.82611	1645.1	1331.6	100.0	1526.0	9840000	3.7252903e-09	31.558624	-0.015212633	-3.7990339	1.1614084	0.0087683955	0.09586489	49.0	5951.117887973785
123	1578.8168	114.30233	1650.3	1207.6	100.0	1538.0	9920000	3.7252903e-09	26.322954	-0.015372614	-1.3848213	1.1767132	0.009059389	0.098039955	49.0	5997.947299957275
124	1488.3667	333.74704	1653.1	412.55	100.0	1550.0	10000000	7.450581e-09	35.671215	-0.015028943	-3.6274278	1.166984	0.008168068	0.10110253	49.0	6045.741410970688
125	1561.8375	154.82422	1655.0	1092.85	100.0	1562.0	10080000	6.829699e-09	25.718506	-0.015326797	-2.3919942	1.171345	0.009535	0.09651492	49.0	6092.5054359436035
126	1604.0123	104.239426	1658.6	1262.35	100.0	1574.0	10160000	-8.692344e-09	28.77947	-0.01496159	-1.2018923	1.1704956	0.009173867	0.100602515	49.0	6141.151226043701
127	1308.1083	434.19797	1649.9	86.399994	100.0	1586.0	10240000	4.967054e-09	47.053387	-0.014370239	-6.066279	1.1339111	0.0076941233	0.097102426	49.0	6189.203378200531
128	1585.1666	180.18236	1664.8	990.2	100.0	1598.0	10320000	0.0	28.586546	-0.014692243	-2.8279245	1.1832486	0.009575033	0.09940249	49.0	6235.944226741791
129	1616.9083	80.77156	1668.3	1353.5	100.0	1610.0	10400000	1.3038516e-08	27.720367	-0.014736113	-2.4082987	1.1806456	0.009100259	0.09655241	49.0	6282.628954172134
130	1600.0625	102.11277	1658.0	1274.1	100.0	1622.0	10480000	3.7252903e-09	28.583298	-0.014549352	-1.3604552	1.1805645	0.0081697935	0.09085228	49.0	6329.452033281326
131	1567.7457	133.21407	1676.0	1252.25	100.0	1634.0	10560000	-4.967054e-09	30.310034	-0.0149817495	-1.6507006	1.162026	0.009218949	0.10270256	49.0	6377.4792740345
132	1665.8291	54.8067	1785.1	1565.85	95.083336	1646.0	10640000	0.0	25.714167	-0.0150754675	-1.551938	1.1718271	0.009496696	0.10040251	49.0	6424.141893863678
133	1503.3042	488.6391	1816.1	-104.350006	96.666664	1658.0	10720000	4.967054e-09	36.913673	-0.014436048	-5.1260295	1.1582484	0.007957511	0.09960248	49.0	6470.636650085449
134	1623.8833	87.98338	1674.1	1346.7	100.0	1670.0	10800000	-3.7252903e-09	25.000593	-0.014867842	-2.7980378	1.1709484	0.010266152	0.09921498	49.0	6517.133685588837
135	1578.375	126.70216	1658.8	1270.0	100.0	1682.0	10880000	6.208817e-09	33.143078	-0.014839704	-1.448451	1.1555301	0.008841629	0.10110253	49.0	6564.684530735016
136	1449.5834	268.85056	1678.9	975.65	100.0	1694.0	10960000	-9.934108e-09	38.666264	-0.014752768	-3.5088718	1.1423265	0.009186591	0.101290025	49.0	6611.276927471161
137	1662.85	10.338073	1678.4	1651.3	100.0	1706.0	11040000	-6.0535967e-09	22.938683	-0.015299684	-3.9926875	1.1877958	0.010642412	0.09912748	49.0	6659.692939519882
138	1626.6709	71.5221	1679.1	1439.7	100.0	1718.0	11120000	6.208817e-09	27.128347	-0.014747743	-1.2808176	1.1727833	0.008805427	0.103740096	49.0	6706.340784311295
139	1662.8583	21.55623	1679.7	1598.85	100.0	1730.0	11200000	-6.3640377e-09	23.36882	-0.014817438	-1.1185077	1.191099	0.009784977	0.09822746	49.0	6752.889011621475
140	1664.1918	12.32377	1681.6	1638.3	100.0	1742.0	11280000	8.071463e-09	22.590797	-0.01525187	-1.0534226	1.1808429	0.009823042	0.10275257	49.0	6799.518463373184
141	1599.0083	248.0999	1686.3	776.5	100.0	1754.0	11360000	-7.450581e-09	23.88762	-0.014649964	-2.8770962	1.1885176	0.009252627	0.10427761	49.0	6845.984026670456
142	1606.6416	223.27617	1683.4	866.4	100.0	1766.0	11440000	7.450581e-09	23.066534	-0.014208806	-1.4461406	1.1788152	0.008272891	0.09630241	49.0	6892.5465841293335
143	1621.2623	196.57463	1802.9	995.1	96.333336	1778.0	11520000	6.829699e-09	33.803608	-0.014153254	-2.0960028	1.1596712	0.008733036	0.09441486	49.0	6940.734190702438
144	1657.7959	77.07657	1811.9	1505.05	96.916664	1790.0	11600000	6.208817e-09	27.903206	-0.014408275	-1.968346	1.1575516	0.0095417285	0.09652742	49.0	6987.7641134262085
145	1681.0791	122.24503	1834.3	1328.85	90.0	1802.0	11680000	-2.483527e-09	32.701614	-0.014651281	-2.291647	1.1682835	0.0085583255	0.10062751	49.0	7035.191980838776
146	1689.7084	31.613098	1793.3	1669.3	97.25	1814.0	11760000	8.692344e-09	19.712587	-0.014849442	-1.3091997	1.1907774	0.009136024	0.09846496	49.0	7081.865679979324
147	1706.2142	164.36934	1836.1	1156.75	81.78571	1828.0	11840000	4.967054e-09	26.909922	-0.014211106	-1.9479729	1.1264626	0.008243162	0.09218981	49.0	7129.02638053894
148	1712.9083	43.18533	1816.3	1679.8	91.75	1840.0	11920000	-4.5013926e-09	19.027771	-0.014381061	-1.139382	1.1825858	0.009348231	0.09227731	49.0	7175.609223365784
149	1681.4	91.72991	1811.1	1415.4	93.916664	1852.0	12000000	4.967054e-09	20.120474	-0.014627225	-1.1447641	1.1652466	0.008711868	0.09346483	49.0	7223.958326339722
150	1695.7924	100.99119	1820.5	1392.5	89.92308	1865.0	12080000	-9.934108e-09	19.849558	-0.0148160895	-1.3245978	1.1703774	0.009363848	0.094352365	49.0	7270.558761358261
151	1736.1886	56.615227	1814.2	1688.4	85.92308	1878.0	12160000	1.2417635e-09	21.929392	-0.0147347255	-1.3593174	1.14924	0.009601249	0.09930248	49.0	7317.129859209061
152	1641.9963	243.62444	1831.9	982.6	86.78571	1892.0	12240000	2.483527e-09	29.595041	-0.014521659	-2.6495702	1.1241362	0.00809461	0.09815246	49.0	7365.251127958298
153	1743.1733	61.794285	1842.6	1681.0	83.4	1907.0	12320000	1.4280279e-08	21.374199	-0.013876032	-1.986296	1.1261631	0.008609489	0.084402114	49.0	7411.820573568344
154	1743.7733	60.85888	1848.6	1689.5	84.066666	1922.0	12400000	-7.450581e-09	19.184412	-0.014082104	-0.92026854	1.1311785	0.008612898	0.09055227	49.0	7458.788732290268
155	1668.057	310.5076	1827.2	570.25	81.28571	1936.0	12480000	9.934108e-09	29.349518	-0.0141008375	-3.9446208	1.1143459	0.007694173	0.09112728	49.0	7507.1132090091705
156	1755.2533	67.77713	1833.6	1680.0	79.13333	1951.0	12560000	0.0	22.154411	-0.014501887	-2.2758353	1.1035393	0.009250149	0.09605241	49.0	7553.732122898102
157	1745.3406	88.5265	1851.4	1505.2	79.4375	1967.0	12640000	2.483527e-09	31.475113	-0.014435224	-1.9685726	1.0779685	0.008597005	0.09480237	49.0	7600.593469381332
158	1748.8412	118.89175	1850.4	1355.85	75.29412	1984.0	12720000	-1.2417635e-09	23.332838	-0.014224683	-1.9158863	1.0713209	0.00887167	0.08953974	49.0	7647.632695913315
159	1780.9624	64.00515	1849.8	1681.6	71.9375	2000.0	12800000	1.2417635e-09	21.397112	-0.014132618	-1.2822431	1.080712	0.008900701	0.096164905	49.0	7694.4387974739075
160	1750.2733	65.85704	1853.4	1676.7	81.0	2015.0	12880000	-1.3659398e-08	19.738453	-0.013800852	-1.0604812	1.0965227	0.009078268	0.09101478	49.0	7741.632919549942
161	1758.0399	63.100365	1839.0	1684.9	79.13333	2030.0	12960000	-4.967054e-09	20.65735	-0.013697882	-0.95753986	1.1210132	0.008205712	0.08316458	49.0	7789.60452580452
162	1764.9907	62.94093	1849.8	1681.55	77.1875	2046.0	13040000	4.967054e-09	22.295807	-0.013852887	-1.2381363	1.0890124	0.0078358995	0.09048977	49.0	7836.280524730682
163	1768.5205	64.51352	1852.9	1690.6	76.588234	2063.0	13120000	-2.483527e-09	21.076927	-0.0140535785	-1.0906839	1.0836303	0.00919704	0.090389766	49.0	7883.030572414398
164	1774.5063	58.832104	1844.7	1692.3	74.625	2079.0	13200000	1.1175871e-08	20.298532	-0.014418983	-1.0434732	1.0876037	0.008598461	0.08577714	49.0	7929.555597066879
165	1751.3794	106.28405	1845.9	1433.65	75.76471	2096.0	13280000	-1.2417635e-09	36.58573	-0.013458225	-2.4507732	1.0299295	0.008218161	0.087627195	49.0	7977.198318481445
166	1702.5536	135.11523	1865.2	1390.4	84.64286	2110.0	13360000	0.0	24.180084	-0.013883541	-2.1809442	1.0819298	0.008538563	0.08973974	49.0	8024.743767261505
167	1767.6688	66.1128	1852.7	1690.6	76.875	2126.0	13440000	-1.27280755e-08	21.050745	-0.013823523	-1.4905659	1.070594	0.008327398	0.08176454	49.0	8072.753308296204
168	1819.116	37.62627	1849.2	1697.1	60.05263	2145.0	13520000	6.2088173e-10	24.216354	-0.01405907	-1.4358543	0.9793682	0.009182797	0.08890223	49.0	8119.560770750046
169	1759.1345	112.01882	1858.0	1415.4	74.125	2161.0	13600000	1.3038516e-08	30.307257	-0.0133857345	-1.9272023	1.030369	0.0085454	0.08581465	49.0	8166.239530324936
170	1809.942	47.02048	1857.0	1692.5	63.473682	2180.0	13680000	-4.811833e-09	23.052713	-0.013976306	-1.7903668	0.97953767	0.008157805	0.087302186	49.0	8213.460061073303
171	1777.8562	62.644753	1848.4	1689.9	73.25	2196.0	13760000	-2.483527e-09	25.595154	-0.01388126	-1.351112	1.0330222	0.0090205055	0.08922723	49.0	8260.281567335129
172	1779.3411	64.61178	1852.2	1687.9	73.0	2213.0	13840000	-9.934108e-09	22.92378	-0.013886832	-1.4264902	1.0293669	0.008302084	0.08876472	49.0	8307.47292304039
173	1812.975	48.98555	1858.9	1695.0	62.75	2233.0	13920000	-8.071463e-09	23.320704	-0.013153084	-1.5033636	0.9547994	0.0077681565	0.08031451	49.0	8355.730108261108
174	1800.71	75.30851	1863.8	1563.5	64.9	2253.0	14000000	1.8626451e-08	25.98803	-0.013524923	-1.2476496	0.9561694	0.00826773	0.08208955	49.0	8402.766951322556
175	1823.6715	43.54916	1868.9	1688.1	59.190475	2274.0	14080000	6.6744783e-09	23.974066	-0.013928731	-1.1796929	0.93757445	0.0086158635	0.08361459	49.0	8449.675479412079
176	1808.6025	85.11387	1859.4	1493.35	61.1	2294.0	14160000	-8.071463e-09	25.349447	-0.0136504	-1.2588854	0.93929595	0.0075283046	0.08162704	49.0	8496.450886964798
177	1801.3556	64.1344	1868.6	1690.2	66.666664	2312.0	14240000	-4.656613e-09	21.734137	-0.013670221	-1.3985286	0.99739414	0.008708757	0.086127155	49.0	8543.153128623962
178	1811.7725	76.458336	1866.2	1559.35	61.05	2332.0	14320000	1.0554989e-08	24.683548	-0.013816159	-1.5126686	0.9240834	0.008351614	0.08241456	49.0	8590.434335947037
179	1808.3314	54.332603	1851.0	1694.6	64.31579	2351.0	14400000	7.450581e-09	22.33745	-0.013597549	-1.2527453	0.96470624	0.007884961	0.082352065	49.0	8638.69652891159
180	1802.5896	63.123844	1861.7	1663.3	65.63158	2370.0	14480000	-7.450581e-09	24.08828	-0.013465879	-1.1947416	0.95819736	0.007627109	0.08293957	49.0	8685.606002807617
181	1826.619	34.143616	1859.7	1699.3	58.57143	2391.0	14560000	3.1044085e-09	22.477081	-0.013260648	-1.2423846	0.94140625	0.009244991	0.08666467	49.0	8732.968943357468
182	1827.0886	41.17417	1863.5	1698.15	58.590908	2413.0	14640000	-1.1175871e-08	21.972954	-0.013721266	-1.1607889	0.9180587	0.008635108	0.08213955	49.0	8777.721440076828
183	1825.5454	42.87361	1864.5	1700.0	59.363636	2435.0	14720000	-2.483527e-09	21.763144	-0.013950754	-1.0350507	0.9239548	0.008432221	0.08535213	49.0	8823.614172697067
184	1826.4524	53.679733	1860.5	1689.4	58.761906	2456.0	14800000	8.692344e-09	23.579916	-0.013514421	-1.2627125	0.88320327	0.0074445657	0.08180205	49.0	8869.566593647003
185	1826.0349	45.04732	1860.0	1698.4	59.15	2476.0	14880000	-4.967054e-09	21.408548	-0.013361432	-1.2255007	0.9234889	0.0074450136	0.07758944	49.0	8915.346664905548
186	1829.4946	43.86943	1868.3	1695.8	57.842106	2495.0	14960000	9.934108e-09	22.720953	-0.013390991	-1.237915	0.92340326	0.008215415	0.08055202	49.0	8960.593563318253
187	1832.8666	37.529263	1863.0	1694.8	56.47619	2516.0	15040000	-1.5522043e-09	23.180023	-0.014120211	-1.4325482	0.88313454	0.0077941804	0.08731469	49.0	9000.626047849655
188	1822.055	37.46095	1862.6	1689.1	59.95	2536.0	15120000	-2.7939677e-09	25.811266	-0.013577148	-1.5066935	0.93008584	0.00912052	0.087052174	49.0	9040.617734193802
189	1830.441	34.69643	1857.7	1699.5	57.590908	2558.0	15200000	-1.2417635e-09	22.567896	-0.01307328	-1.4083773	0.89851373	0.00835772	0.07970199	49.0	9079.916899681091
190	1828.9072	41.054325	1867.5	1718.25	58.42857	2579.0	15280000	1.3038516e-08	24.980265	-0.013415472	-1.431826	0.89182734	0.008449606	0.082577065	49.0	9120.313803195953
191	1841.6459	17.38843	1866.9	1805.8	54.041668	2603.0	15360000	9.4684465e-09	22.879736	-0.0133707775	-1.4061422	0.8428464	0.007402548	0.077864446	49.0	9160.526497125626
192	1828.1239	44.265053	1867.4	1697.7	58.333332	2624.0	15440000	1.3659398e-08	21.943144	-0.013392174	-1.4300861	0.91482705	0.008647174	0.07950199	49.0	9200.626448631287
193	1826.3817	52.173275	1875.7	1667.9	58.18182	2646.0	15520000	9.313226e-10	24.816772	-0.013510118	-1.4398006	0.8625865	0.008710093	0.08356459	49.0	9241.051636457443
194	1840.681	40.229668	1871.2	1703.6	54.47619	2667.0	15600000	-1.5522043e-09	23.430244	-0.013227905	-1.4011335	0.8632472	0.008346519	0.07812696	49.0	9281.871288061142
195	1834.7955	34.10464	1869.3	1700.4	56.217392	2690.0	15680000	1.4590721e-08	21.845026	-0.0133772055	-1.2734007	0.85403794	0.008033509	0.081089534	49.0	9320.526223897934
196	1837.7091	22.567245	1868.0	1767.3	55.545456	2712.0	15760000	-1.1796753e-08	21.589472	-0.0133832395	-1.2814888	0.86285686	0.008321633	0.08040201	49.0	9360.799785614014
197	1830.3136	50.24099	1873.1	1661.4	57.454544	2734.0	15840000	1.2417635e-09	26.905222	-0.013599791	-1.5758766	0.85916084	0.0077224956	0.0763519	49.0	9401.540691614151
198	1831.8546	45.25575	1874.3	1696.8	57.68182	2756.0	15920000	-3.7252903e-09	21.281883	-0.013187643	-1.5604877	0.8714803	0.008136093	0.077289425	49.0	9441.793271303177
199	1830.7273	39.194977	1867.7	1697.7	57.772728	2778.0	16000000	6.829699e-09	21.384333	-0.013245272	-1.1754824	0.87138695	0.008594644	0.07816445	49.0	9481.987936496735
200	1848.5739	22.34264	1869.1	1755.8	52.04348	2801.0	16080000	3.7252903e-09	23.430334	-0.01337109	-1.3640932	0.80531	0.007434482	0.07802695	49.0	9522.593342781067
201	1841.4022	49.340633	1874.0	1619.55	53.0	2824.0	16160000	-3.7252903e-09	26.786345	-0.013343852	-1.5958647	0.80615026	0.008085535	0.07807695	49.0	9561.758902549744
202	1826.5573	56.5233	1870.5	1698.5	59.095238	2845.0	16240000	6.2088173e-10	20.100027	-0.013322179	-1.2512683	0.8667659	0.008312877	0.083289586	49.0	9601.804935216904
203	1815.924	106.58095	1867.7	1349.05	57.869564	2868.0	16320000	-1.2417635e-09	32.62263	-0.012843271	-2.8273761	0.85149026	0.008133973	0.080439515	49.0	9642.169489860535
204	1842.6183	37.734688	1875.2	1698.6	54.045456	2890.0	16400000	-2.483527e-09	22.5196	-0.013176809	-1.7629284	0.83375436	0.0091015035	0.075101875	49.0	9682.45829629898
205	1841.754	28.033493	1870.5	1768.9	54.291668	2914.0	16480000	1.7384687e-08	21.65216	-0.013207805	-1.2680187	0.82175654	0.008005057	0.07971449	49.0	9722.715366601944
206	1851.591	21.31827	1872.9	1768.3	51.31818	2936.0	16560000	-1.6763806e-08	22.744934	-0.01308203	-1.4290527	0.8206045	0.00840144	0.07922698	49.0	9762.880561590195
207	1851.3721	16.527817	1877.3	1817.2	50.96	2961.0	16640000	-8.071463e-09	23.402847	-0.013002041	-1.379126	0.773074	0.007852939	0.07477687	49.0	9803.222897291183
208	1839.5543	44.172832	1883.6	1658.55	54.608696	2984.0	16720000	-6.2088173e-10	23.9067	-0.013034656	-1.4028381	0.80628395	0.0075575695	0.0758644	49.0	9842.417125940323
209	1853.8047	15.825516	1878.4	1800.4	50.409092	3006.0	16800000	-1.3542983e-08	22.602472	-0.013182585	-1.4161711	0.80813503	0.008031583	0.07913948	49.0	9882.58633184433
210	1850.3917	30.327938	1875.0	1715.1	51.708332	3030.0	16880000	-3.8805106e-09	23.501974	-0.01299519	-1.3836924	0.7903678	0.008102658	0.074776866	49.0	9922.906732320786
211	1840.1042	34.088093	1871.5	1725.3	55.52174	3053.0	16960000	0.0	20.672106	-0.013053618	-1.3347439	0.8375017	0.007762706	0.0759769	49.0	9963.487198591232
212	1828.2952	52.34277	1878.6	1697.0	59.47619	3074.0	17040000	9.934108e-09	22.97537	-0.013508228	-1.5707064	0.85276824	0.008473374	0.08305208	49.0	10003.908418655396
213	1841.9261	33.615425	1872.8	1705.9	54.913044	3097.0	17120000	-3.7252903e-09	21.397156	-0.012819481	-1.471374	0.8157998	0.0077780634	0.07727694	49.0	10044.534955978394
214	1851.1957	26.58509	1874.1	1752.7	51.782608	3120.0	17200000	1.4280279e-08	22.394714	-0.012980059	-1.3929682	0.814945	0.007784588	0.07903948	49.0	10083.355560779572
215	1849.1	38.45231	1886.4	1702.2	52.291668	3144.0	17280000	-9.934108e-09	22.57514	-0.012903887	-1.5375105	0.8004691	0.008092013	0.0758394	49.0	10123.71334862709
216	1850.768	23.440838	1877.5	1769.5	51.76	3169.0	17360000	6.208817e-09	22.357302	-0.012539485	-1.4776274	0.78341514	0.008320395	0.07338934	49.0	10163.937492132187
217	1856.1282	18.962343	1886.5	1795.3	50.2	3194.0	17440000	-3.0267984e-09	22.684326	-0.012903348	-1.53836	0.7665023	0.008047888	0.07462687	49.0	10204.028534173965
218	1857.9879	13.975016	1876.7	1818.8	49.56	3219.0	17520000	7.761021e-10	23.50968	-0.012837061	-1.7187818	0.7626512	0.0071812533	0.07256431	49.0	10244.407833337784
219	1852.4291	16.744219	1874.9	1798.8	51.333332	3243.0	17600000	7.605801e-09	22.902473	-0.012976683	-1.448933	0.77031153	0.007922513	0.07711443	49.0	10284.650871753693
220	1846.6063	48.650887	1875.4	1627.45	52.416668	3267.0	17680000	7.450581e-09	23.276545	-0.012574294	-1.5670834	0.7777712	0.007092144	0.072539315	49.0	10324.92363333702
221	1859.0741	16.299366	1883.1	1802.0	49.296295	3294.0	17760000	-5.355105e-09	22.527817	-0.012395148	-1.4660381	0.7451425	0.0076040043	0.072964326	49.0	10364.545413017273
222	1853.1641	20.004318	1881.5	1796.9	51.08	3319.0	17840000	-1.2417635e-09	22.774897	-0.012808449	-1.5668606	0.76710004	0.007527078	0.075426884	49.0	10404.867609739304
223	1857.8441	11.26044	1874.4	1827.4	49.76	3344.0	17920000	-4.967054e-09	21.747192	-0.0127513185	-1.434289	0.7708554	0.007507836	0.07331433	49.0	10445.145031929016
224	1857.068	31.298693	1875.6	1709.9	50.08	3369.0	18000000	4.0357313e-09	22.320597	-0.012985115	-1.5626684	0.76234883	0.007978947	0.07566439	49.0	10485.78499674797
225	1850.5308	25.202116	1883.0	1766.5	52.076923	3395.0	18080000	-4.967054e-09	21.35998	-0.012983815	-1.6015663	0.7850754	0.007192859	0.07378935	49.0	10526.207704544067
226	1854.4791	24.412766	1890.2	1758.4	50.875	3419.0	18160000	-3.1044085e-09	20.981386	-0.0127750235	-1.4753004	0.7561733	0.007484693	0.075051874	49.0	10566.999100208282
227	1850.8959	32.21154	1882.0	1711.4	51.708332	3443.0	18240000	1.3969839e-08	20.773523	-0.012662835	-1.5082792	0.7577632	0.009317915	0.07540188	49.0	10605.984178304672
228	1850.5499	33.632275	1882.1	1719.1	52.5	3467.0	18320000	-1.5522043e-09	23.503332	-0.012806593	-1.5262505	0.7604744	0.008055996	0.07546438	49.0	10646.369870901108
229	1862.0358	15.833756	1886.1	1822.6	48.214287	3495.0	18400000	-1.0554989e-08	22.01184	-0.01291268	-1.5897394	0.72700596	0.008309058	0.07526439	49.0	10686.55652999878
230	1855.9309	27.365892	1878.4	1734.2	50.346153	3521.0	18480000	9.313226e-09	20.573092	-0.012154064	-1.4272985	0.7501338	0.008281042	0.07473937	49.0	10726.969440698624
231	1857.7538	19.342278	1883.5	1813.4	49.846153	3547.0	18560000	3.1044087e-10	21.098038	-0.012507225	-1.4003502	0.74171144	0.008095342	0.073376834	49.0	10767.081300020218
232	1862.7018	29.260847	1888.6	1727.75	48.642857	3575.0	18640000	-1.2417634e-08	25.012718	-0.012569058	-1.6747156	0.7161985	0.007655743	0.07260182	49.0	10807.377244234085
233	1837.2438	63.438705	1878.8	1547.15	54.541668	3599.0	18720000	-1.3659398e-08	20.103355	-0.012795739	-1.586586	0.7731714	0.008305218	0.07916448	49.0	10846.78134393692
234	1853.7457	18.944399	1874.9	1786.6	50.958332	3623.0	18800000	5.7431557e-09	21.580297	-0.012468852	-1.3716316	0.7496342	0.0075387624	0.07303932	49.0	10886.727278232574
235	1856.75	33.16419	1885.1	1706.7	50.076923	3649.0	18880000	-6.208817e-09	20.878935	-0.012231092	-1.3327402	0.7411289	0.008078109	0.070576765	49.0	10927.075936555862
236	1859.792	15.870864	1885.6	1805.3	49.32	3674.0	18960000	8.8475645e-09	20.936087	-0.012359973	-1.5224594	0.7369105	0.008425976	0.07648941	49.0	10967.224046230316
237	1852.432	36.857155	1889.6	1710.1	51.76	3699.0	19040000	-1.1796753e-08	21.215551	-0.0125594335	-1.3706862	0.74835235	0.007738421	0.07528938	49.0	11007.445453643799
238	1854.808	17.288584	1882.0	1809.9	51.0	3724.0	19120000	2.7939677e-09	20.554945	-0.012862246	-1.4373575	0.74017286	0.008100124	0.07440186	49.0	11047.46776843071
239	1835.482	105.244	1884.0	1334.65	52.72	3749.0	19200000	5.5879354e-09	24.54429	-0.012649544	-2.4596345	0.7376134	0.007301595	0.076839425	49.0	11088.024480342865
240	1858.4111	21.32202	1886.6	1784.0	49.62963	3776.0	19280000	-1.2417635e-09	20.510061	-0.012399398	-1.4471554	0.7228505	0.007810749	0.06966425	49.0	11127.374180078506
241	1853.6583	36.847473	1881.2	1705.3	51.458332	3800.0	19360000	-6.2088173e-10	20.049221	-0.012691767	-1.2353567	0.7430689	0.0078007933	0.07418936	49.0	11167.39859843254
242	1861.3	33.405224	1888.2	1713.9	48.962963	3827.0	19440000	6.2088173e-10	21.313702	-0.012557749	-1.3707466	0.721405	0.008063101	0.07287682	49.0	11207.905639410019
243	1866.0593	12.891732	1885.4	1830.7	47.333332	3854.0	19520000	1.1175871e-08	20.934679	-0.012449074	-1.2541596	0.70184976	0.00753086	0.06888922	49.0	11249.284838914871
244	1865.5648	15.015292	1883.1	1804.85	47.666668	3881.0	19600000	-9.4684465e-09	23.386482	-0.011991723	-1.4570869	0.6837643	0.0067898254	0.06946424	49.0	11293.363508701324
245	1860.8281	14.233212	1881.3	1819.5	49.0	3906.0	19680000	1.0244548e-08	21.01412	-0.012608978	-1.3466825	0.70560294	0.006881287	0.07120178	49.0	11335.897470712662
246	1861.4327	19.694424	1885.2	1801.6	48.923077	3932.0	19760000	-4.346172e-09	19.65706	-0.012349072	-1.267973	0.70026904	0.0075451136	0.06908923	49.0	11384.25645160675
247	1859.2155	30.415907	1893.2	1739.6	49.807693	3958.0	19840000	9.313226e-09	20.6784	-0.0121406345	-1.4049572	0.70787746	0.008370552	0.07182679	49.0	11428.251280546188
248	1868.6357	12.587472	1886.4	1844.1	46.642857	3986.0	19920000	-1.5522043e-10	20.425978	-0.012608834	-1.3821493	0.6818729	0.007879209	0.0721018	49.0	11472.877007961273
249	1864.8776	13.506606	1885.3	1821.8	47.703705	4013.0	20000000	-4.346172e-09	21.832184	-0.012238209	-1.4813023	0.6892058	0.0077747405	0.0721518	49.0	11518.092646121979
250	1868.9929	12.271101	1892.0	1834.8	46.57143	4041.0	20080000	1.3348957e-08	21.032324	-0.012218341	-1.3653193	0.6766066	0.007404655	0.06972674	49.0	11559.869501590729
251	1867.4142	12.04093	1886.1	1835.9	46.964287	4069.0	20160000	-7.3729702e-09	20.295258	-0.0128533365	-1.3414549	0.67935014	0.0077039134	0.07277682	49.0	11599.44240641594
252	1863.137	19.10277	1891.8	1807.4	48.51852	4096.0	20240000	-1.14863115e-08	20.196426	-0.011940982	-1.2977663	0.6918762	0.0076660044	0.072251804	49.0	11639.814952373505
253	1863.76	17.999275	1891.3	1797.7	48.32	4121.0	20320000	-1.8626451e-09	20.598085	-0.011743583	-1.5110115	0.69256973	0.0070387875	0.06738918	49.0	11679.951303720474
254	1855.728	40.796856	1894.0	1735.4	51.2	4146.0	20400000	-4.656613e-09	19.67364	-0.012030245	-1.285407	0.71090287	0.008205452	0.07163929	49.0	11720.111641168594
255	1865.2616	12.844633	1877.6	1825.9	47.653847	4172.0	20480000	-1.1331092e-08	20.16899	-0.012301928	-1.3774809	0.6881606	0.0071713612	0.06912673	49.0	11760.38429760933
256	1865.7555	21.943478	1892.6	1796.6	47.703705	4199.0	20560000	5.122274e-09	20.320456	-0.012150519	-1.3029493	0.6850274	0.007677534	0.073251836	49.0	11800.806353092194
257	1855.8691	49.1955	1889.7	1622.0	50.0	4225.0	20640000	1.3814618e-08	32.97547	-0.012469906	-2.9114685	0.6870993	0.008337981	0.0718518	49.0	11840.034679889679
258	1872.4553	10.021754	1891.8	1843.0	45.551723	4254.0	20720000	-8.692344e-09	21.929876	-0.012229539	-2.0740871	0.6411279	0.00694821	0.065301634	49.0	11880.78122663498
259	1867.3192	14.892415	1889.8	1838.1	47.115383	4280.0	20800000	1.4008644e-08	20.226063	-0.012159851	-1.216052	0.67973113	0.0077811438	0.069226734	49.0	11921.306541204453
260	1872.5208	12.232941	1886.6	1843.9	45.482758	4309.0	20880000	-1.3193737e-08	20.714842	-0.011765513	-1.3684549	0.6343921	0.007976748	0.07145178	49.0	11961.686631441116
261	1866.9357	11.923476	1885.8	1839.8	47.5	4337.0	20960000	-8.381903e-09	20.107645	-0.012299978	-1.2276188	0.6664817	0.007476013	0.06882671	49.0	12002.04056096077
262	1866.9242	19.768541	1893.7	1776.3	47.275864	4366.0	21040000	-3.8805106e-09	19.533602	-0.012136523	-1.1470547	0.6627695	0.007568029	0.06960174	49.0	12043.500311851501
263	1869.9857	15.330246	1891.7	1829.7	46.57143	4394.0	21120000	4.346172e-09	20.001013	-0.0119729405	-1.1430756	0.64550936	0.006858568	0.07007675	49.0	12082.36086320877
264	1864.8428	16.432354	1891.2	1833.3	48.07143	4422.0	21200000	-1.3659398e-08	19.692263	-0.012197889	-1.2030153	0.6725953	0.0074783876	0.07031426	49.0	12122.829190015793
265	1868.6964	13.602507	1888.3	1841.4	46.714287	4450.0	21280000	-1.0089328e-08	19.814964	-0.0117423935	-1.2012688	0.64794075	0.007766176	0.068989225	49.0	12162.983487129211
266	1870.0621	13.985147	1891.4	1819.4	46.41379	4479.0	21360000	-2.0178657e-09	20.469841	-0.01232693	-1.3836676	0.64617026	0.007423183	0.07255181	49.0	12203.295564889908
267	1869.6106	16.114313	1893.4	1813.6	46.642857	4507.0	21440000	4.5013926e-09	20.964655	-0.01220611	-1.3204714	0.64986616	0.006857027	0.06978924	49.0	12243.748064279556
268	1871.875	17.902208	1891.5	1823.8	45.607143	4535.0	21520000	-1.094304e-08	20.004274	-0.011846803	-1.2853416	0.6344431	0.0077984314	0.070664264	49.0	12284.589228391647
269	1870.6758	16.214348	1892.0	1820.0	46.206898	4564.0	21600000	-2.483527e-09	18.90991	-0.011942622	-1.1756014	0.63677233	0.0071070935	0.06878922	49.0	12324.426568746567
270	1869.4777	13.054629	1891.7	1842.0	46.48148	4591.0	21680000	-1.3038516e-08	19.3399	-0.011889327	-1.1613547	0.6443971	0.007404555	0.06722668	49.0	12365.764351844788
271	1872.8828	13.906705	1897.8	1838.4	45.62069	4620.0	21760000	3.259629e-09	19.278936	-0.011938531	-1.2506762	0.62509984	0.008118429	0.06933924	49.0	12406.842871427536
272	1872.2928	19.985374	1892.0	1790.7	45.892857	4648.0	21840000	5.5879354e-09	23.027384	-0.012070753	-1.6934294	0.63723	0.0075185094	0.070914276	49.0	12447.535938501358
273	1874.3302	9.497689	1898.4	1853.6	44.966667	4678.0	21920000	-7.2953603e-09	20.019472	-0.011984539	-1.5231047	0.6102477	0.008034606	0.069651745	49.0	12488.381424665451
274	1874.2137	11.857845	1892.6	1846.4	45.24138	4707.0	22000000	-2.0178657e-09	19.582636	-0.0122242095	-1.387689	0.6146655	0.0075645703	0.070064254	49.0	12529.08549284935
275	1879.1105	8.145374	1892.1	1860.1	43.448277	4736.0	22080000	-8.537124e-09	18.712591	-0.012161116	-1.2863868	0.59313196	0.0075263306	0.06771419	49.0	12570.720142126083
276	1870.163	14.619654	1889.2	1819.2	46.37037	4763.0	22160000	-1.21071935e-08	19.621319	-0.011899147	-1.276522	0.6285195	0.006878242	0.06867672	49.0	12611.011372089386
277	1870.7723	12.983055	1889.1	1825.8	46.206898	4792.0	22240000	-9.313226e-10	18.714016	-0.012260388	-1.2588726	0.62848634	0.007930042	0.070626765	49.0	12652.466765642166
278	1871.2794	17.737097	1889.2	1794.8	45.931034	4821.0	22320000	9.002785e-09	19.96105	-0.0124022	-1.2313808	0.6152374	0.007595429	0.0722268	49.0	12692.931501150131
279	1865.5394	42.299206	1894.3	1705.8	48.07143	4849.0	22400000	-1.0554989e-08	16.939735	-0.01222876	-1.0933542	0.64690804	0.008351412	0.07252681	49.0	12734.461584329605
280	1867.3407	22.150248	1893.7	1810.6	47.555557	4876.0	22480000	-1.14863115e-08	18.048784	-0.011639685	-1.1015216	0.6373795	0.007914278	0.07268932	49.0	12775.537822008133
281	1874.0138	15.236515	1894.0	1832.5	45.206898	4905.0	22560000	-3.5700698e-09	18.381395	-0.012095253	-1.1140943	0.60896593	0.0072936197	0.06753919	49.0	12816.531238794327
282	1875.8862	20.834978	1895.0	1778.5	44.517242	4934.0	22640000	-4.656613e-10	18.548018	-0.011876356	-1.1396974	0.5816866	0.007815347	0.06975175	49.0	12857.569738864899
283	1866.3483	25.380306	1896.3	1753.3	47.88889	4961.0	22720000	-4.967054e-09	18.348295	-0.012084509	-1.0577949	0.6403342	0.0069813766	0.068526715	49.0	12897.248763799667
284	1877.8334	7.9438934	1894.1	1858.1	43.866665	4991.0	22800000	-7.1401396e-09	19.877611	-0.011468333	-1.2785257	0.5724949	0.0074569867	0.06300157	49.0	12938.116842031479
285	1876.2656	12.272339	1894.3	1835.3	44.37931	5020.0	22880000	1.1874363e-08	20.084885	-0.012031811	-1.2381977	0.58112985	0.007525513	0.07000175	49.0	12979.454533576965
286	1876.2567	10.431182	1892.4	1849.8	44.3	5050.0	22960000	1.2417635e-09	18.993158	-0.011937156	-1.1948429	0.57744807	0.007846178	0.06988925	49.0	13021.928945064545
287	1874.6931	16.090357	1894.7	1818.2	45.068966	5079.0	23040000	1.1796753e-08	19.685862	-0.0117239505	-1.1707668	0.5901687	0.0072139422	0.07120178	49.0	13064.251635313034
288	1877.8867	11.26969	1897.5	1846.6	43.9	5109.0	23120000	-6.829699e-09	19.039883	-0.011366193	-1.1296066	0.5761635	0.0074288337	0.068389215	49.0	13106.652044057846
289	1878.2723	10.19766	1895.7	1843.0	43.86207	5138.0	23200000	2.483527e-09	18.891481	-0.012211208	-1.2433351	0.5855018	0.0081073195	0.071139276	49.0	13148.052518367767
290	1876.0367	12.152575	1897.6	1840.8	44.6	5168.0	23280000	3.1044085e-09	19.031298	-0.0120583	-1.1572326	0.583804	0.007808991	0.06886422	49.0	13190.05768752098
291	1874.3265	15.411418	1898.4	1826.8	45.266666	5198.0	23360000	-1.2417634e-08	18.395496	-0.012369469	-1.2433988	0.58938503	0.0076278467	0.06972674	49.0	13232.174857616425
292	1879.8	9.121296	1896.6	1857.2	43.366665	5228.0	23440000	2.7939677e-09	18.909225	-0.01179454	-1.2573954	0.5501711	0.007000414	0.06706417	49.0	13274.957552194595
293	1876.8201	10.36023	1892.9	1851.4	44.366665	5258.0	23520000	-1.8626451e-09	18.894007	-0.012194574	-1.1648785	0.5737985	0.007629248	0.06878922	49.0	13317.692682743073
294	1877.6034	10.718881	1897.5	1851.1	44.033333	5288.0	23600000	1.3038516e-08	18.576616	-0.012071607	-1.2087746	0.569322	0.0074512786	0.06780169	49.0	13360.77248263359
295	1871.3896	14.760116	1895.8	1838.5	46.03448	5317.0	23680000	8.381903e-09	18.75348	-0.011694595	-1.1609982	0.5989837	0.0066941194	0.0638766	49.0	13403.653175592422
296	1871.8121	22.237278	1894.6	1795.45	46.275864	5346.0	23760000	6.6744783e-09	18.200052	-0.012131076	-1.2303406	0.6006076	0.006929163	0.06725168	49.0	13443.337230443954
