Epoch	AverageEpRet	StdEpRet	MaxEpRet	MinEpRet	EpLen	TotalEnvInteracts	LossPi	LossV	DeltaLossPi	DeltaLossV	Entropy	KL	ClipFrac	StopIter	Time
0	-38.138332	3.5546253	-30.800001	-44.8	80.0	40000	2.142042e-08	4.562297	-0.04070084	-3.7712612	3.4721787	0.012968439	0.1601	49.0	8.188415765762329
1	-38.02242	4.09531	-26.5	-44.350002	80.0	80000	1.6763806e-08	0.7670234	-0.042273734	-0.069279596	3.4628868	0.01109132	0.17805	49.0	16.196820735931396
2	-38.391964	3.2450893	-31.1	-45.8	80.0	120000	-3.259629e-09	0.7721235	-0.044861928	-0.08997595	3.450254	0.012945745	0.190175	49.0	24.20958971977234
3	-36.931896	3.0635047	-29.35	-42.5	80.0	160000	-6.9849193e-09	0.7778707	-0.044968188	-0.09378294	3.4373016	0.013962605	0.197675	49.0	32.20731163024902
4	-37.520172	3.0490131	-26.800001	-42.4	80.0	200000	-9.313226e-10	0.75013685	-0.046591885	-0.10893612	3.418034	0.0139182955	0.20485	49.0	40.15839433670044
5	-36.548244	2.9275908	-29.45	-42.05	80.0	240000	-1.3737008e-08	0.6863421	-0.04719783	-0.096821435	3.4020596	0.013736933	0.210625	49.0	48.19798827171326
6	-36.2307	3.3511422	-28.0	-43.0	80.0	280000	-2.3283064e-09	0.69965446	-0.046418738	-0.09338478	3.3871984	0.012091083	0.20047499	49.0	56.207494258880615
7	-34.94474	3.2725828	-27.300001	-41.600002	80.0	320000	-1.8626451e-09	0.7239717	-0.04774393	-0.11658315	3.364374	0.01255904	0.213625	49.0	64.28320002555847
8	-34.60517	3.5199883	-27.35	-41.8	80.0	360000	-1.1641532e-08	0.696852	-0.04825232	-0.12421029	3.3458986	0.014410107	0.213375	49.0	72.27672171592712
9	-33.802586	3.7079413	-25.85	-41.7	80.0	400000	1.8626451e-09	0.6879551	-0.04799649	-0.10839734	3.3252387	0.012410769	0.214175	49.0	80.35868382453918
10	-30.150793	5.0210233	-12.1	-38.850002	80.0	440000	-3.7252903e-09	0.8267219	-0.046803415	-0.10532442	3.2961187	0.011956161	0.2099	49.0	88.39578366279602
11	-29.116667	6.2884502	-11.1	-40.25	80.0	480000	7.450581e-09	0.86489016	-0.046746064	-0.09176015	3.2770534	0.011904186	0.2162	49.0	96.47705006599426
12	-26.734375	7.586331	-6.4	-39.0	80.0	520000	7.916242e-09	1.1106818	-0.045970574	-0.12988693	3.2430334	0.014868991	0.22039999	49.0	104.50197744369507
13	-22.716408	10.878003	7.3999996	-41.45	80.0	560000	1.6763806e-08	1.8270216	-0.044817824	-0.2350113	3.213357	0.013615247	0.216475	49.0	112.58070707321167
14	-18.942188	12.065933	3.2	-40.8	80.0	600000	9.313226e-10	2.0209122	-0.043482654	-0.16833442	3.175492	0.014542021	0.2168	49.0	120.84515142440796
15	-14.0710945	15.304145	17.45	-39.45	80.0	640000	5.5879354e-09	2.5844097	-0.038171634	-0.27460593	3.130815	0.0151536325	0.200875	37.0	128.67267775535583
16	-2.905469	20.05519	37.5	-39.600002	80.0	680000	0.0	4.797307	-0.035040773	-0.7250299	3.0624173	0.015035068	0.20045	31.0	136.41656112670898
17	5.5476923	17.395933	41.8	-29.15	80.0	720000	0.0	6.0691767	-0.041824177	-0.6280328	2.9998362	0.015003549	0.21705	48.0	144.5136308670044
18	10.942647	19.232656	51.05	-27.95	80.0	760000	-3.259629e-09	6.973969	-0.039236225	-0.5540758	2.970141	0.0143213365	0.200075	49.0	152.70538544654846
19	19.731617	17.808266	61.55	-19.300001	80.0	800000	6.519258e-09	8.299841	-0.03945027	-0.937542	2.8682618	0.014520111	0.206575	49.0	160.9223358631134
20	25.19559	19.890862	72.9	-18.2	80.0	840000	5.5879354e-09	9.44747	-0.038033158	-1.1373278	2.8546903	0.01293486	0.189275	49.0	169.07845163345337
21	31.747828	17.18457	68.35	-8.7	80.0	880000	-1.1175871e-08	10.37263	-0.03751734	-1.2515872	2.768206	0.014583709	0.186575	49.0	177.3565709590912
22	34.707043	13.71161	63.7	2.6	80.0	920000	3.7252903e-09	10.517592	-0.03548595	-1.0110625	2.7213576	0.012765346	0.17144999	49.0	185.57802438735962
23	36.245136	16.362564	73.35	-4.05	80.0	960000	1.8626451e-09	10.325146	-0.035413735	-1.0949824	2.628726	0.012579156	0.17235	49.0	193.88582634925842
24	37.24722	16.902973	71.6	-5.8500004	80.0	1000000	1.1175871e-08	9.70088	-0.03166202	-0.9434826	2.57844	0.012023901	0.155625	49.0	202.1196572780609
25	42.672916	17.276598	72.7	-5.55	80.0	1040000	-5.5879354e-09	10.091013	-0.032478005	-1.1010787	2.521457	0.012161957	0.15997499	49.0	210.31228637695312
26	41.91419	14.962307	79.45	3.8	80.0	1080000	-3.7252903e-09	10.786337	-0.03420402	-1.3954408	2.4448886	0.012109287	0.1717	49.0	218.56002140045166
27	44.61389	17.077995	74.9	3.2999997	80.0	1120000	7.450581e-09	10.530366	-0.031758346	-1.1967728	2.418914	0.012308426	0.157325	49.0	226.74997210502625
28	48.92857	16.830069	90.6	9.95	80.0	1160000	-9.313226e-10	10.180676	-0.02982223	-1.2118146	2.3489032	0.011917016	0.14455	49.0	234.96336197853088
29	47.745136	16.850464	82.05	9.549999	80.0	1200000	5.5879354e-09	10.3534355	-0.030945659	-1.2951727	2.3064003	0.010001443	0.158175	49.0	243.33987092971802
30	47.827465	16.704485	81.85	1.2999996	80.0	1240000	-3.7252903e-09	11.46838	-0.030087138	-1.1753676	2.2611966	0.012631791	0.15527499	49.0	251.58539509773254
31	49.635418	16.076723	82.2	14.599999	80.0	1280000	1.3969839e-09	11.492035	-0.028118879	-1.2330436	2.2283773	0.010907979	0.14615	49.0	259.88277792930603
32	48.627777	17.417652	83.15	4.8499994	80.0	1320000	-6.519258e-09	11.100853	-0.028153952	-1.463795	2.1515489	0.011114616	0.147175	49.0	268.1231498718262
33	52.762497	17.171303	94.15	2.2999992	80.0	1360000	-4.656613e-09	11.64077	-0.028805478	-1.3791277	2.1680145	0.012706211	0.156325	49.0	276.3565881252289
34	54.0625	18.090282	86.95	7.149999	80.0	1400000	-3.7252903e-09	10.629315	-0.028441656	-1.1375077	2.1274989	0.010712422	0.1542	49.0	284.6113271713257
35	50.70608	20.074802	93.7	4.199999	80.0	1440000	-8.1490725e-09	10.660329	-0.027116586	-1.2162797	2.0580144	0.013116939	0.14272499	49.0	292.8373143672943
36	55.01338	19.057476	98.35	11.599999	80.0	1480000	-6.0535967e-09	11.486836	-0.02799371	-1.5421753	2.0678973	0.01093746	0.148625	49.0	301.02636790275574
37	58.22394	18.629065	98.799995	-4.15	80.0	1520000	0.0	10.987667	-0.02774366	-1.3948723	2.0244293	0.014048178	0.15185	49.0	309.2698264122009
38	55.131943	17.500338	90.1	4.2999997	80.0	1560000	-3.7252903e-09	12.409012	-0.027866835	-1.4280999	1.9803262	0.010881252	0.148525	49.0	317.39297223091125
39	62.241436	17.448435	97.549995	13.049999	80.0	1600000	-1.1175871e-08	11.81497	-0.02681502	-1.399689	2.0167382	0.012736853	0.148125	49.0	325.61985039711
40	62.683098	20.008026	94.7	19.1	80.0	1640000	2.3283064e-10	13.306714	-0.026845356	-1.881484	1.9067413	0.012853599	0.155925	49.0	333.8009912967682
41	65.187675	21.06959	123.8	-7.8500004	79.46575	1680000	-9.313226e-09	14.78854	-0.026356928	-1.5985082	1.8698082	0.012550795	0.146375	49.0	342.0495834350586
42	67.67857	19.223866	107.2	26.05	80.0	1720000	-1.0244548e-08	11.444967	-0.026797626	-1.4186893	1.8195288	0.011392383	0.14610001	49.0	350.32621598243713
43	67.06972	23.745468	105.15	-3.8000004	80.0	1760000	9.313226e-09	13.101807	-0.027071761	-2.5087929	1.8591244	0.014267409	0.14755	49.0	358.56631207466125
44	70.796425	22.55294	126.65	4.4499993	79.442856	1800000	-1.8626451e-09	13.389387	-0.027180316	-1.6977898	1.7973561	0.013815389	0.14825	49.0	366.7516140937805
45	76.19565	21.613945	130.3	28.449999	78.21739	1840000	7.450581e-09	13.329744	-0.02797512	-1.8089205	1.8402451	0.01304184	0.15762499	49.0	374.90357732772827
46	78.52643	17.52058	134.8	34.6	79.02857	1880000	1.1175871e-08	12.149387	-0.027069196	-1.3745795	1.8777884	0.014328972	0.152925	49.0	383.08227729797363
47	74.72173	24.758303	132.4	1.9999995	78.202896	1920000	3.259629e-09	12.331364	-0.027557194	-2.0320368	1.8213375	0.01300146	0.15900001	49.0	391.3341908454895
48	82.24493	20.035181	127.65	24.4	78.50725	1960000	-1.3969839e-08	13.100351	-0.027722094	-1.6952283	1.804467	0.0144053195	0.15602499	49.0	399.4253761768341
49	84.21087	24.613152	136.0	12.599999	75.202896	2000000	1.8626451e-09	13.361812	-0.026692245	-1.6142731	1.7737119	0.012494244	0.15117499	49.0	407.5795876979828
50	85.55075	20.689833	131.35	6.6499987	78.181816	2040000	-1.21071935e-08	13.104198	-0.0269862	-1.505089	1.7500366	0.01293326	0.15599999	49.0	415.7378714084625
51	87.21102	25.972189	131.75	-1.4000008	75.617645	2080000	4.656613e-10	15.12905	-0.025782872	-1.7018849	1.7267978	0.012196306	0.1392	49.0	423.8658196926117
52	91.645584	19.713568	131.75	28.75	76.20588	2120000	-3.259629e-09	11.899349	-0.026415918	-1.2567732	1.769185	0.0150337005	0.14860001	46.0	431.89329981803894
53	98.11892	23.60003	137.55	35.95	68.24324	2160000	1.21071935e-08	15.740067	-0.02571034	-1.7458297	1.6307635	0.0130136255	0.142	49.0	440.05917143821716
54	93.00694	25.467154	137.25	9.599999	70.52778	2200000	-9.313226e-10	14.531254	-0.0258536	-2.1095152	1.634556	0.014601767	0.1525	49.0	448.12852144241333
55	101.54658	23.920706	138.85	20.599998	67.27397	2240000	-5.5879354e-09	14.195193	-0.025794767	-1.773371	1.643204	0.013304224	0.14395	49.0	456.1796519756317
56	102.08733	23.933086	139.3	13.599999	66.30666	2280000	6.7520887e-09	14.596041	-0.025214106	-1.8259699	1.6168582	0.013411867	0.145975	49.0	464.230929851532
57	105.21687	25.587772	138.15	45.75	61.7	2320000	4.656613e-09	14.674952	-0.023284858	-1.3821388	1.6108955	0.015116328	0.14552501	43.0	472.1966965198517
58	108.34814	22.804142	139.3	45.5	60.098766	2360000	-2.7939677e-09	15.130851	-0.026031248	-1.5040935	1.5605378	0.013883155	0.154	49.0	480.2747688293457
59	110.40437	20.937372	139.8	49.85	60.05	2400000	3.3760443e-09	15.426836	-0.025445731	-1.6227962	1.5073645	0.014278708	0.14607501	49.0	488.31556010246277
60	117.168274	21.97033	142.85	41.95	51.322582	2440000	-1.0477379e-08	15.816353	-0.023589388	-1.8490034	1.4854513	0.014569599	0.1409	49.0	496.3683543205261
61	116.10769	20.350256	139.8	62.95	53.593407	2480000	6.0535967e-09	13.647961	-0.026232718	-1.5915744	1.4524052	0.014715118	0.14880002	49.0	504.4212381839752
62	123.764496	16.336378	140.75	73.25	45.81	2520000	-1.8626451e-09	15.495288	-0.024618788	-1.2177721	1.3889308	0.012283861	0.145625	49.0	512.4239013195038
63	122.00521	17.263056	142.2	78.2	48.135418	2560000	1.3969839e-08	14.914209	-0.024622621	-1.2130288	1.3773588	0.014018085	0.133025	49.0	520.4872708320618
64	125.11513	19.06282	141.65	55.4	42.66055	2600000	1.1641532e-09	15.576618	-0.023072105	-1.4457164	1.2991126	0.012499049	0.128125	49.0	528.5201239585876
65	128.04518	14.525036	140.55	58.2	40.403507	2640000	-8.381903e-09	16.476622	-0.022989064	-1.407793	1.2273724	0.012894271	0.121125	49.0	536.5853025913239
66	129.3555	15.311313	142.35	57.65	38.432205	2680000	1.3969839e-09	15.85262	-0.02299701	-1.232508	1.2123919	0.011336302	0.118	49.0	544.5599219799042
67	131.61377	12.3897	143.15	78.049995	36.007874	2720000	-1.7695129e-08	15.268481	-0.02369748	-1.0973704	1.1530246	0.012611564	0.1248	49.0	552.5701696872711
68	131.33243	12.585807	142.65	82.75	35.96875	2760000	5.122274e-09	15.016314	-0.023062475	-0.95003045	1.138175	0.012070613	0.12207501	49.0	560.5852212905884
69	132.40515	14.474154	143.3	37.6	34.0	2800000	2.7939677e-09	16.188698	-0.022164766	-1.5993956	1.0872538	0.01261943	0.124175	49.0	568.6068193912506
70	134.94511	8.299264	142.2	95.5	31.783216	2840000	-6.0535967e-09	16.118738	-0.021713924	-0.9080254	1.0542827	0.008827688	0.1011	49.0	576.7151827812195
71	134.5376	9.698887	143.25	87.35	31.723404	2880000	1.1641532e-08	15.497332	-0.020824278	-0.96374226	1.0176435	0.010459139	0.10699999	49.0	584.7455792427063
72	135.46013	10.026336	143.25	80.25	30.871622	2920000	-1.21071935e-08	13.730104	-0.020979498	-0.86233115	1.003398	0.010275837	0.105725005	49.0	592.7738103866577
73	136.00972	9.703726	143.55	75.8	30.214766	2960000	6.4028427e-09	13.914912	-0.021212807	-0.8532758	0.9927996	0.009830722	0.108775005	49.0	600.8185939788818
74	135.96967	9.990093	144.5	85.85	30.133333	3000000	-6.0535967e-09	13.862904	-0.020338656	-1.1526054	0.9868405	0.010313902	0.106575005	49.0	608.8103172779083
75	137.2171	7.445548	143.95	101.85	28.658064	3040000	9.080395e-09	13.825806	-0.02052247	-0.7722174	0.92967373	0.011486695	0.1084	49.0	616.8673913478851
76	138.17714	6.0980916	143.5	97.549995	26.841463	3080000	6.0535967e-09	14.106548	-0.019904226	-0.6277988	0.88047767	0.008839296	0.09845	49.0	624.8912127017975
77	137.87761	7.7938867	143.4	85.55	27.398773	3120000	9.313226e-10	13.791336	-0.020076422	-0.831162	0.88977987	0.01155556	0.101349995	49.0	632.902999162674
78	139.3119	4.4660826	143.4	101.2	25.517443	3160000	-1.7462298e-09	13.264383	-0.018597113	-0.62352717	0.8326702	0.010172388	0.085225	49.0	640.85826587677
79	139.4615	5.83672	143.9	86.75	25.241379	3200000	-3.7252903e-09	12.507141	-0.017766915	-0.6879984	0.8164966	0.010263482	0.08895	49.0	648.9065809249878
80	139.59856	5.3579545	143.9	107.95	25.473988	3240000	-5.5879354e-09	13.417383	-0.017884623	-0.57344186	0.8140195	0.01055914	0.09205	49.0	656.9363903999329
81	139.54686	6.216686	144.05	100.2	25.211428	3280000	2.3283064e-09	12.557274	-0.018396698	-0.5747906	0.7956984	0.009913819	0.09615	49.0	664.9871735572815
82	139.86028	5.350851	143.8	99.45	24.683332	3320000	1.8626451e-09	12.276276	-0.017359732	-0.567577	0.7817516	0.0096360855	0.088874996	49.0	673.0677828788757
83	140.39726	5.8384156	144.15	67.0	23.726776	3360000	-5.820766e-09	12.607498	-0.016730268	-0.6744938	0.76397526	0.008787366	0.085824996	49.0	681.1317548751831
84	140.63206	2.7413359	144.25	124.7	23.744566	3400000	2.6193447e-09	12.93895	-0.017524201	-0.5149447	0.7485462	0.01080536	0.086950004	49.0	689.1967759132385
85	141.19685	3.286736	144.7	105.0	22.86911	3440000	2.7939677e-09	11.586895	-0.016231306	-0.517156	0.7173736	0.009541539	0.077225	49.0	697.2587954998016
86	141.07225	4.388934	144.35	94.2	22.942408	3480000	-2.0954758e-09	11.299086	-0.01641743	-0.48851645	0.71417916	0.009034172	0.081424996	49.0	705.3124701976776
87	141.70761	1.8724805	144.8	129.6	22.299492	3520000	-2.4447218e-09	11.480028	-0.015851837	-0.43216693	0.6896852	0.008859092	0.07885	49.0	713.4149532318115
88	141.36693	3.9061532	144.7	105.9	22.848959	3560000	1.8626451e-09	10.976421	-0.016589016	-0.5209453	0.6880141	0.0103197	0.08305	49.0	721.5214192867279
89	142.07712	1.6918514	144.6	130.1	21.721394	3600000	-3.4924597e-10	11.041861	-0.015029948	-0.4599067	0.65127134	0.009087676	0.07540001	49.0	729.6235480308533
90	142.1604	1.4077283	144.35	135.7	21.534653	3640000	-7.21775e-09	11.330028	-0.015333237	-0.42098308	0.6414648	0.009436795	0.077125	49.0	737.6775243282318
91	142.18799	1.543611	144.8	131.6	21.436274	3680000	-1.5716068e-08	10.984495	-0.015533342	-0.44308972	0.62496436	0.009826044	0.076349996	49.0	745.7890264987946
92	142.14479	2.579335	144.6	113.75	21.756218	3720000	4.4237822e-09	10.722379	-0.015015161	-0.47708642	0.632905	0.009411964	0.077975	49.0	753.8481492996216
93	142.49808	1.4417002	144.8	133.05	21.173914	3760000	-5.2386895e-09	9.90399	-0.014604263	-0.37490582	0.6067125	0.0079516135	0.07115	49.0	761.9964020252228
94	142.44269	2.0122533	145.25	126.4	21.27805	3800000	-1.17579475e-08	10.131147	-0.014958845	-0.4237151	0.6122006	0.008625129	0.0749	49.0	770.135064125061
95	142.32597	2.597135	144.4	112.4	21.490196	3840000	-1.7695129e-08	10.493378	-0.015022343	-0.40959203	0.60763955	0.0108849425	0.075925	49.0	778.2624719142914
96	142.4071	3.320286	145.05	104.5	21.27451	3880000	1.14087015e-08	9.62884	-0.014912622	-0.44020605	0.60239255	0.009364778	0.074999996	49.0	786.3649125099182
97	142.8757	1.3851575	145.25	132.7	20.551401	3920000	8.818461e-09	9.6644945	-0.0141530465	-0.38848186	0.55960166	0.008616734	0.069350004	49.0	794.4499423503876
98	142.79578	1.3140914	144.95	136.0	20.610329	3960000	-7.799827e-09	9.326111	-0.014212962	-0.32703364	0.5567238	0.009027263	0.070999995	49.0	802.5909259319305
99	142.95093	1.4690176	145.05	135.8	20.453272	4000000	4.48199e-09	9.043526	-0.0136700645	-0.38378805	0.54318714	0.008904254	0.0656	49.0	810.7152378559113
100	143.20114	1.2776523	144.95	134.3	19.93578	4040000	-1.4930265e-08	9.027243	-0.01359703	-0.37187195	0.51656574	0.0072476016	0.0634	49.0	818.8273508548737
101	143.24701	1.1976756	145.35	136.75	19.972351	4080000	-3.958121e-09	8.683264	-0.012817681	-0.3905869	0.5141378	0.0095315	0.06705	49.0	826.9988169670105
102	143.17317	1.0742081	145.15	138.1	20.059633	4120000	2.7939677e-09	8.62372	-0.013443761	-0.3253923	0.5161187	0.008586533	0.06830001	49.0	835.0772404670715
103	143.06308	1.4588	145.25	134.85	20.197248	4160000	7.3341653e-09	9.031912	-0.013645661	-0.38155514	0.52073795	0.010581694	0.07175	49.0	843.1968705654144
104	143.1765	1.3278136	145.35	134.85	20.009216	4200000	1.792796e-08	8.519264	-0.012305304	-0.33470237	0.5066261	0.0074964967	0.06215	49.0	851.282178401947
105	143.34479	1.1863787	145.25	136.2	19.80543	4240000	-4.773028e-09	8.387081	-0.013215017	-0.34654015	0.49106902	0.00859328	0.068124995	49.0	859.4015831947327
106	143.41824	1.0727867	145.15	137.7	19.68018	4280000	1.4551915e-08	8.076783	-0.0121662095	-0.30870944	0.4852131	0.009173056	0.0585	49.0	867.5740392208099
107	143.35135	1.8216494	145.25	124.4	19.663677	4320000	1.6763806e-08	7.8055115	-0.013076001	-0.3969444	0.47747546	0.010357107	0.071075	49.0	875.6877291202545
108	143.14728	3.0034862	145.25	103.549995	19.981817	4360000	9.313226e-10	7.9677267	-0.012788466	-0.40661645	0.48585168	0.00942521	0.0638	49.0	883.8360834121704
109	143.14166	4.719853	145.35	75.15	19.828829	4400000	1.8626451e-08	8.294432	-0.013544003	-0.5370819	0.47191048	0.010201996	0.07155	49.0	891.9990236759186
110	143.45892	1.3455653	145.25	132.25	19.517857	4440000	4.0745363e-09	7.9790487	-0.01312229	-0.3635201	0.46118376	0.009428449	0.068775	49.0	900.1460561752319
111	143.53355	1.16347	145.25	133.5	19.471111	4480000	-6.519258e-09	7.621036	-0.012246204	-0.30074888	0.45748436	0.009503187	0.065675	49.0	908.3194572925568
112	143.52942	1.1119862	145.25	137.5	19.358408	4520000	1.9499566e-08	7.5145493	-0.0121684475	-0.32727396	0.44759208	0.009722567	0.064725004	49.0	916.4711906909943
113	143.34148	3.4259224	145.25	108.8	19.829596	4560000	-4.8894435e-09	6.881723	-0.012604265	-0.3388546	0.46622387	0.010571996	0.067275	49.0	924.6673555374146
114	143.54129	1.1114775	145.15	137.4	19.40625	4600000	-1.3795216e-08	7.348116	-0.012499036	-0.30969477	0.45013508	0.008856564	0.066025004	49.0	932.7920408248901
115	143.50978	1.2535346	145.25	135.95	19.484444	4640000	1.8044375e-09	7.218914	-0.012662035	-0.36873347	0.45236015	0.00978047	0.06640001	49.0	940.9143679141998
116	143.71689	1.0598583	145.25	139.5	19.166666	4680000	1.2048986e-08	6.9133306	-0.012147107	-0.29923898	0.4304994	0.009527875	0.062250003	49.0	949.020295381546
117	143.49269	3.0187724	145.25	100.55	19.438053	4720000	-1.3969839e-09	6.600931	-0.0113891335	-0.39090836	0.43904462	0.009543382	0.064475	49.0	957.1867568492889
118	143.67642	0.9138467	145.25	139.85	19.246696	4760000	0.0	7.1237593	-0.011987772	-0.32391894	0.43312448	0.008297701	0.059425	49.0	965.3701009750366
119	143.73027	1.7242863	145.35	121.9	19.105263	4800000	-2.7939677e-09	6.543372	-0.011827476	-0.32861137	0.41630703	0.009869745	0.061425	49.0	973.5113017559052
120	143.73326	1.1783316	145.25	134.4	19.202642	4840000	-6.868504e-09	6.680687	-0.011350162	-0.26974547	0.42717004	0.007843738	0.05805	49.0	981.663498878479
121	143.40887	4.2352376	145.25	81.799995	19.528889	4880000	-4.656613e-10	6.789397	-0.012159374	-0.3956374	0.42772037	0.008717251	0.060275	49.0	989.8270864486694
122	143.82	1.0055236	145.25	139.05	19.034782	4920000	-1.0360964e-08	6.502694	-0.012510375	-0.37369877	0.40771854	0.010077933	0.062275	49.0	997.934467792511
123	143.83696	0.88241434	145.35	139.6	19.034782	4960000	5.9080776e-09	6.5336027	-0.011710601	-0.2453084	0.41003793	0.007950271	0.0628	49.0	1006.1052694320679
124	143.94264	0.74387103	145.25	139.9	18.861471	5000000	-9.313226e-09	6.4354568	-0.011408042	-0.26189035	0.3971938	0.007626595	0.060499996	49.0	1014.278088092804
125	143.825	1.5208958	145.25	123.55	18.960869	5040000	-1.1641532e-09	6.2643385	-0.01108441	-0.22796941	0.39982092	0.006356074	0.056475	49.0	1022.4422643184662
126	143.92046	0.8146563	145.35	139.8	18.900862	5080000	-3.608875e-09	6.284626	-0.011156989	-0.26244247	0.4004782	0.0099629685	0.057775	49.0	1030.5682625770569
127	143.91531	0.8438751	145.7	137.35	18.896551	5120000	-3.958121e-09	6.587779	-0.0103862	-0.24215126	0.39836842	0.008566468	0.053075	49.0	1038.7679324150085
128	143.93016	1.0118984	145.7	133.8	18.896551	5160000	3.3178367e-09	6.477559	-0.011115329	-0.32496023	0.40169993	0.010772842	0.0611	49.0	1046.9329588413239
129	144.01738	0.7974533	145.35	138.05	18.733906	5200000	4.0454324e-09	5.815402	-0.010694878	-0.25301152	0.3864908	0.008917648	0.0583	49.0	1055.0920941829681
130	143.92122	1.0094277	145.25	135.4	18.926407	5240000	-7.799827e-09	6.4160347	-0.0118699595	-0.28547502	0.39760065	0.009020051	0.065050006	49.0	1063.306381702423
131	144.08804	0.6933028	145.35	139.7	18.700855	5280000	8.090865e-09	6.346596	-0.010479951	-0.2920242	0.38148516	0.0075623174	0.0567	49.0	1071.4908390045166
132	144.0206	0.7810008	145.35	140.65	18.712446	5320000	-8.236384e-09	6.1718607	-0.0107747	-0.30373502	0.38091472	0.010751394	0.060475	49.0	1079.6502058506012
133	144.06331	0.7292295	145.35	141.1	18.699572	5360000	-3.4924597e-10	6.08827	-0.011066042	-0.2293495	0.3866468	0.008338596	0.061075	49.0	1087.8400366306305
134	144.05756	0.7473208	145.35	140.95	18.737068	5400000	5.7043508e-09	5.9842167	-0.010412219	-0.21736121	0.37646997	0.007972397	0.055200003	49.0	1095.9885902404785
135	144.16064	0.8106297	145.35	138.3	18.557447	5440000	1.4202669e-08	5.4250126	-0.009427806	-0.19932002	0.36606497	0.0070509342	0.05195	49.0	1104.1919231414795
136	144.08214	0.7382695	145.35	141.05	18.65532	5480000	-9.371433e-09	5.7489815	-0.010357568	-0.26563966	0.36315757	0.009153033	0.057800002	49.0	1112.312849521637
137	144.1669	0.75371814	145.8	140.45	18.561182	5520000	-1.1175871e-08	5.4938397	-0.009725135	-0.23142338	0.3594003	0.0075071277	0.0512	49.0	1120.4873695373535
138	144.17343	0.7870191	145.8	139.45	18.565401	5560000	-6.504706e-09	5.8108506	-0.009988559	-0.25745285	0.36108148	0.008235978	0.052775	49.0	1128.6205298900604
139	144.14319	0.7548121	145.8	139.55	18.570213	5600000	1.9790605e-09	5.6607985	-0.010281606	-0.33569992	0.35393757	0.009301119	0.056625	49.0	1136.7581498622894
140	143.96472	1.1833075	145.8	135.9	18.904762	5640000	-5.122274e-09	6.1965513	-0.010768208	-0.37981242	0.37565613	0.008299303	0.0574	49.0	1144.867581129074
141	144.16945	0.9087867	145.8	137.0	18.602564	5680000	1.071021e-08	5.58486	-0.011006497	-0.26887995	0.35163403	0.009673068	0.059550002	49.0	1153.0049335956573
142	144.0291	2.2532265	145.35	111.3	18.849138	5720000	8.1490725e-09	5.5740066	-0.011195457	-0.31405556	0.35944188	0.009961853	0.0603	49.0	1161.1849727630615
143	144.19473	0.8272548	145.8	138.75	18.510548	5760000	2.8230716e-09	5.3298244	-0.0100779785	-0.27332842	0.34497663	0.009399636	0.05875	49.0	1169.3804514408112
144	144.18279	0.78732705	145.35	139.35	18.531916	5800000	6.9849193e-09	5.5389953	-0.010629532	-0.25484675	0.3411755	0.008636334	0.0599	49.0	1177.4840154647827
145	144.146	0.8770002	145.8	138.05	18.531645	5840000	-1.071021e-08	5.532814	-0.010181887	-0.21777856	0.3429674	0.008426022	0.054775	49.0	1185.665322303772
146	143.99492	1.9786512	145.35	120.35	18.66949	5880000	-7.450581e-09	5.5340004	-0.010447107	-0.29121673	0.3381086	0.009162551	0.058825	49.0	1193.7829599380493
147	144.11852	0.9356914	145.35	138.05	18.608511	5920000	-7.043127e-09	5.9097223	-0.0111507205	-0.29382336	0.35139975	0.009372371	0.062374998	49.0	1201.948763847351
148	144.08931	1.0125039	145.8	136.9	18.65812	5960000	8.3236955e-09	5.845056	-0.010751243	-0.27408826	0.34987622	0.008754639	0.0599	49.0	1210.0842385292053
149	144.06837	1.6007824	145.25	123.15	18.692308	6000000	-3.4924597e-10	5.4985647	-0.011053324	-0.27685165	0.34637955	0.008338222	0.0605	49.0	1218.2561619281769
150	144.28003	0.7295033	145.35	140.4	18.39916	6040000	-3.1432137e-09	5.2970233	-0.010445706	-0.22807735	0.3368317	0.009916265	0.057875	49.0	1226.4160068035126
151	144.12721	1.2113081	145.5	131.15	18.603376	6080000	-1.1641532e-09	5.509568	-0.010793338	-0.22036046	0.34187216	0.008740143	0.056025002	49.0	1234.5760576725006
152	144.2866	0.75503135	145.35	140.0	18.37657	6120000	2.4447218e-09	5.4718423	-0.009912906	-0.22567642	0.3341551	0.007782811	0.054849997	49.0	1242.7316234111786
153	144.30547	0.7020909	145.35	142.0	18.37815	6160000	-4.0745363e-09	5.436161	-0.009697646	-0.19303453	0.33422402	0.010175023	0.0595	49.0	1250.9153380393982
154	144.31577	0.73647016	145.8	140.4	18.264706	6200000	-4.307367e-09	5.5671043	-0.010634644	-0.29275244	0.3163574	0.008607173	0.056025	49.0	1259.1143655776978
155	144.30858	0.7224	145.8	140.9	18.322176	6240000	2.4447218e-09	5.5849867	-0.010323605	-0.25037235	0.3207968	0.009506442	0.05285	49.0	1267.327597618103
156	144.37573	0.81129354	145.8	139.6	18.178423	6280000	-1.8626451e-09	5.1410446	-0.010018481	-0.23080963	0.3195784	0.007965045	0.055749997	49.0	1275.4973182678223
157	144.37302	0.82884866	145.8	139.75	18.224066	6320000	8.731149e-10	5.1015987	-0.009462515	-0.21805692	0.31801438	0.007895272	0.050724998	49.0	1283.6932065486908
158	144.345	0.8016492	145.8	140.25	18.2	6360000	7.9744495e-09	5.381576	-0.010335779	-0.2906595	0.31619364	0.009134358	0.058325	49.0	1291.8590841293335
159	144.09703	4.0389986	145.7	83.549995	18.432203	6400000	-1.8626451e-09	5.6199045	-0.01064562	-0.40548265	0.32233196	0.009396771	0.052775	49.0	1300.0190892219543
160	144.09744	1.5091468	145.8	127.8	18.544682	6440000	-2.910383e-09	5.7713957	-0.011205377	-0.30457652	0.33014727	0.007924613	0.060524996	49.0	1308.2522838115692
161	144.11618	0.9909019	145.8	137.8	18.638298	6480000	-5.296897e-09	5.974458	-0.012070851	-0.3629663	0.3395071	0.011050911	0.064275	49.0	1316.417669057846
162	144.18988	0.9704722	145.7	138.85	18.481012	6520000	-4.5110937e-09	5.5929565	-0.012165468	-0.30093187	0.32286707	0.0100922845	0.0656	49.0	1324.5941636562347
163	144.14705	1.067437	145.7	136.65	18.518988	6560000	-2.2700988e-09	5.7810087	-0.0120114265	-0.29295468	0.32966867	0.010752495	0.0629	49.0	1332.765127658844
164	144.25858	0.8915221	145.8	139.3	18.28452	6600000	-1.3969839e-09	5.702082	-0.011082534	-0.31167197	0.31438112	0.01239893	0.060075	49.0	1340.937344789505
165	144.05254	1.1474237	145.8	137.6	18.584745	6640000	1.0244548e-08	6.7915115	-0.012703948	-0.41701156	0.3291105	0.010348287	0.063675	49.0	1349.2087087631226
166	144.2437	0.9135436	146.25	139.9	18.361345	6680000	-2.5029294e-09	6.1832037	-0.011301804	-0.30279243	0.31539717	0.009565665	0.0608	49.0	1357.4058129787445
167	144.17932	0.93858546	145.7	139.85	18.489452	6720000	1.094304e-08	6.184369	-0.011470981	-0.3042075	0.32203043	0.010962632	0.060975	49.0	1365.63955950737
168	144.3375	0.86528516	145.8	139.55	18.166666	6760000	1.0360964e-08	5.42035	-0.01015477	-0.269983	0.29786938	0.008502204	0.0528	49.0	1373.865460395813
169	144.26959	1.0228592	145.8	138.05	18.283333	6800000	7.916242e-09	5.621484	-0.011127781	-0.32420486	0.30246282	0.010761844	0.05755	49.0	1382.1133353710175
170	144.10864	2.6545916	145.7	106.049995	18.443037	6840000	-5.122274e-09	5.722658	-0.010941117	-0.3306237	0.2944647	0.01081037	0.058250003	49.0	1390.3035600185394
171	144.3862	0.7345846	145.8	141.25	18.10288	6880000	-4.452886e-09	5.4346447	-0.00951304	-0.26291686	0.27743578	0.009828806	0.057375	49.0	1398.503396987915
172	144.27658	0.8536254	145.8	140.3	18.317991	6920000	1.1641532e-10	5.2924438	-0.009877609	-0.29195255	0.29341006	0.007946723	0.0536	49.0	1406.7170631885529
173	144.47098	0.81353784	145.8	138.8	17.979424	6960000	2.0954758e-09	5.0945587	-0.009576249	-0.2293663	0.27755636	0.0100964485	0.0559	49.0	1414.95108294487
174	144.38603	0.7286136	145.7	141.2	18.0625	7000000	7.566996e-09	5.2827888	-0.009299436	-0.23018315	0.26750463	0.009108894	0.0507	49.0	1423.144082069397
175	144.33585	0.87644327	145.6	138.1	18.183332	7040000	-1.2747478e-08	5.4529457	-0.008888267	-0.26593143	0.27264977	0.0071209576	0.051875	49.0	1431.4095795154572
176	144.4422	0.7947965	145.8	138.9	18.0	7080000	-1.0004442e-09	4.94538	-0.00885207	-0.195708	0.2673301	0.008283796	0.0459	49.0	1439.5837497711182
177	144.26904	0.99770814	145.6	138.85	18.27615	7120000	8.556526e-09	5.7747006	-0.010120292	-0.35806608	0.28183097	0.010539208	0.05385	49.0	1447.8238141536713
178	144.33015	1.3979021	145.8	126.3	18.198347	7160000	6.4028427e-09	5.4578624	-0.010206651	-0.36168784	0.26722765	0.012115454	0.051425003	49.0	1456.1476368904114
179	144.39876	0.80421865	145.8	139.55	18.02469	7200000	8.1490725e-09	5.370385	-0.008505989	-0.23733181	0.2639071	0.0076982016	0.0485	49.0	1464.4119837284088
180	144.34251	1.1890063	145.8	132.25	18.141666	7240000	6.9849193e-10	5.292707	-0.008630505	-0.3046491	0.26172054	0.009030552	0.04965	49.0	1472.661455631256
181	144.36667	0.69368696	145.8	140.5	18.116667	7280000	-5.151378e-09	5.107378	-0.00835605	-0.26345918	0.25588074	0.00881981	0.051375	49.0	1480.911561012268
182	144.4027	0.67521536	145.8	142.15	18.06224	7320000	-1.7462298e-10	5.175168	-0.008386731	-0.25713503	0.25602987	0.010444948	0.05245	49.0	1489.1335248947144
183	144.30081	0.7901209	145.8	141.15	18.133333	7360000	-5.529728e-10	5.5071526	-0.00902204	-0.29901052	0.25411683	0.008308554	0.050350003	49.0	1497.4046411514282
184	144.41502	0.7088581	145.8	141.5	18.037037	7400000	9.313226e-09	4.9416986	-0.008185564	-0.20965984	0.26324028	0.0090121515	0.045825	49.0	1505.604329109192
185	144.23024	0.9617304	145.8	136.9	18.294117	7440000	-1.5832484e-08	5.631375	-0.009437023	-0.28080052	0.27063394	0.009418888	0.058975	49.0	1513.8712832927704
186	144.49368	0.7887029	145.8	141.2	17.914286	7480000	-4.8894435e-09	5.3422194	-0.009413753	-0.26364762	0.2581777	0.012524454	0.05465	49.0	1522.1386971473694
187	144.08263	3.2363496	145.8	97.4	18.542374	7520000	-7.450581e-09	5.8553543	-0.011516542	-0.45570654	0.29122382	0.013389684	0.061625	49.0	1530.4004909992218
188	144.2209	1.2429217	145.8	134.9	18.259415	7560000	1.36788e-08	5.890296	-0.011075008	-0.44919503	0.27839673	0.009619676	0.058650002	49.0	1538.6225264072418
189	144.38908	1.079206	145.8	134.3	18.012346	7600000	1.3969839e-09	5.8203287	-0.009811744	-0.31693637	0.26277018	0.010846031	0.0533	49.0	1546.860481262207
190	144.46823	0.8312574	145.8	140.75	17.946722	7640000	-1.4493708e-08	5.7928834	-0.009840416	-0.3395568	0.265531	0.009961755	0.053425	49.0	1555.1461083889008
191	144.23604	2.386303	145.8	114.95	18.204166	7680000	1.3969839e-09	5.765053	-0.010498496	-0.4504007	0.27747396	0.010944551	0.05905	49.0	1563.4220521450043
192	144.43054	0.882898	145.8	140.45	18.004099	7720000	3.7252903e-09	5.7736926	-0.009991753	-0.28446466	0.26617813	0.009627107	0.057125002	49.0	1571.6990673542023
193	144.51846	1.1243442	145.8	137.9	17.846474	7760000	3.0267984e-09	5.3116198	-0.0102917	-0.3128661	0.26632592	0.01167669	0.0592	49.0	1579.9726700782776
194	144.43607	1.0328668	145.8	137.5	17.967213	7800000	1.5599653e-08	6.408826	-0.010919739	-0.35932332	0.25521874	0.009155476	0.055074997	49.0	1588.1842947006226
195	144.58614	0.8809961	145.8	139.25	17.763266	7840000	1.3329554e-08	5.812245	-0.010068527	-0.33981985	0.25099766	0.011579667	0.051425003	49.0	1596.4277002811432
196	144.51137	1.2313044	145.8	131.0	17.837399	7880000	5.9371814e-09	5.664635	-0.01029291	-0.29918468	0.25606978	0.010114888	0.05755	49.0	1604.714037179947
197	144.38956	1.0055392	145.8	139.8	17.995901	7920000	4.656613e-09	5.800972	-0.010769213	-0.35824025	0.26812923	0.009933686	0.0567	49.0	1612.956633090973
198	144.37715	1.2541219	145.7	135.05	18.012346	7960000	-6.868504e-09	5.7594395	-0.010257112	-0.31275994	0.2649026	0.009299409	0.057275	49.0	1621.201014995575
199	144.38547	1.1963016	145.8	136.45	18.033195	8000000	-1.7462298e-08	6.1114287	-0.010129927	-0.38948286	0.26976	0.008316202	0.05035	49.0	1629.44864320755
200	144.39732	1.1633505	145.8	136.4	18.061476	8040000	3.1432137e-09	6.1145635	-0.010157649	-0.33324337	0.26282513	0.0095313415	0.051225	49.0	1637.718650341034
201	144.41762	0.99144757	145.8	138.55	18.0	8080000	8.381903e-09	5.9084115	-0.0109625505	-0.37715834	0.26166177	0.009421626	0.053125	49.0	1646.014300584793
202	144.38649	0.8760717	145.7	140.8	18.09836	8120000	1.1670636e-08	5.988732	-0.010209093	-0.3040523	0.2701571	0.008565824	0.05315	49.0	1654.2456822395325
203	144.32855	1.0076623	145.7	138.15	18.195833	8160000	-6.2864274e-09	6.320175	-0.011407162	-0.36797613	0.2625174	0.011189163	0.0599	49.0	1662.501830816269
204	144.22238	1.3302207	145.7	135.6	18.393305	8200000	-1.4377292e-08	6.267068	-0.011877749	-0.3881908	0.28443468	0.010856759	0.060975	49.0	1670.6952030658722
205	144.41515	0.85848737	145.8	140.2	18.078838	8240000	-1.4202669e-08	6.2829776	-0.011084594	-0.41222227	0.2640381	0.011613302	0.05785	49.0	1678.9140827655792
206	144.11435	3.2118626	145.8	97.2	18.447258	8280000	-1.1175871e-08	6.668353	-0.012547499	-0.5378153	0.28094935	0.0125940805	0.0663	49.0	1687.1297345161438
207	144.35454	0.9107362	145.8	138.65	18.095436	8320000	-1.1874363e-08	6.1295934	-0.010866543	-0.39105052	0.26624155	0.0099997455	0.060325	49.0	1695.3347182273865
208	144.26353	1.1241637	145.7	137.05	18.229166	8360000	5.7043508e-09	6.6910744	-0.012810195	-0.5227175	0.26915663	0.0114411665	0.062725	49.0	1703.5947895050049
209	144.42271	0.9577111	145.7	138.95	18.057852	8400000	-1.0244548e-08	5.8998084	-0.010263493	-0.33210117	0.25782895	0.0077016978	0.049	49.0	1711.7723896503448
210	144.34111	1.571352	145.8	126.0	18.177687	8440000	7.916242e-09	5.938049	-0.0108103175	-0.35257643	0.26740846	0.010680184	0.055975	49.0	1719.9439237117767
211	144.47162	0.8234454	145.7	139.6	17.958847	8480000	-6.519258e-09	5.803604	-0.010303832	-0.35326684	0.24920587	0.010084522	0.056900002	49.0	1728.2253456115723
212	144.3632	0.9837403	145.7	137.8	18.100418	8520000	2.73576e-09	6.4422398	-0.012021428	-0.49253625	0.27359185	0.0145921	0.060075	49.0	1736.4228065013885
213	144.25766	1.0904152	145.8	139.55	18.378723	8560000	-6.9849193e-09	7.110656	-0.012495985	-0.51158905	0.28516275	0.0115680285	0.065725	49.0	1744.6435942649841
214	144.49837	0.9184822	145.8	139.55	17.92653	8600000	-8.8475645e-09	5.8070254	-0.010235357	-0.38745552	0.25041693	0.009683743	0.05595	49.0	1752.8902218341827
215	144.61627	0.893165	145.8	139.5	17.772358	8640000	-8.556526e-09	5.468895	-0.009732705	-0.2842067	0.23588434	0.010572661	0.053099997	49.0	1761.1070058345795
216	144.60283	0.8987581	145.8	136.15	17.793522	8680000	-2.9685907e-09	5.499015	-0.010186439	-0.315103	0.24920054	0.009993464	0.051225	49.0	1769.335296869278
217	144.4004	1.027916	145.8	134.6	18.140495	8720000	1.0593794e-08	6.325286	-0.010904882	-0.47501087	0.26722562	0.009288216	0.057324998	49.0	1777.5415089130402
218	144.51857	0.9714559	145.8	137.55	17.84898	8760000	-8.4983185e-09	5.781873	-0.010486516	-0.35641712	0.24549387	0.009247782	0.052474998	49.0	1785.7755854129791
219	144.56822	1.3379517	145.8	127.45	17.777328	8800000	-4.1909516e-09	5.705025	-0.010569567	-0.35733223	0.24140993	0.009674862	0.0518	49.0	1794.0005762577057
220	144.62247	0.83589214	145.8	140.65	17.753036	8840000	-8.352799e-09	5.4946012	-0.010053831	-0.27684903	0.23774901	0.0092714075	0.052375	49.0	1802.2124330997467
221	144.45721	1.0200357	145.7	136.45	17.950617	8880000	1.5366822e-08	5.8254976	-0.010482328	-0.33047187	0.24766283	0.010242295	0.0537	49.0	1810.4361279010773
222	144.66391	0.71632665	145.7	140.65	17.592741	8920000	-1.0011718e-08	5.171933	-0.008126392	-0.27521956	0.23288229	0.0069971406	0.0453	49.0	1818.6473882198334
223	144.49837	1.039229	145.7	135.75	17.886179	8960000	1.2922101e-08	5.941649	-0.010412057	-0.3321228	0.24339412	0.010458687	0.0536	49.0	1826.854082584381
224	144.67078	0.7047665	145.7	141.3	17.633064	9000000	2.7939677e-09	5.415679	-0.008372097	-0.22357333	0.22835572	0.00943315	0.0468	49.0	1835.0564494132996
225	144.7504	0.642725	145.7	139.5	17.5	9040000	-9.313226e-09	5.2286873	-0.00849783	-0.23894596	0.22242475	0.009515076	0.045900002	49.0	1843.2263879776
226	144.61615	0.96465844	145.8	138.65	17.637096	9080000	9.167707e-09	5.747448	-0.010515713	-0.41231883	0.22565317	0.011066001	0.05325	49.0	1851.461811542511
227	144.36761	1.4006717	145.8	129.85	18.07377	9120000	-4.0163286e-09	6.815954	-0.011377866	-0.47927117	0.24877383	0.011859992	0.055200003	49.0	1860.8964149951935
228	144.32335	1.6321545	145.7	126.55	18.144629	9160000	0.0	6.944133	-0.01241637	-0.66420555	0.24267435	0.011587814	0.062200002	49.0	1870.2459411621094
229	144.40433	1.5102438	145.8	124.9	18.06996	9200000	2.0954758e-09	6.0839996	-0.01123555	-0.41626477	0.2522741	0.011959558	0.05715	49.0	1879.655081987381
230	144.35124	1.0860682	145.7	138.25	18.14876	9240000	3.0267984e-09	6.127472	-0.012065494	-0.4399621	0.26118773	0.011493539	0.063700005	49.0	1889.0218212604523
231	144.33318	1.1393919	145.8	137.65	18.207468	9280000	-3.608875e-09	6.572958	-0.011045722	-0.43026537	0.25893307	0.010298143	0.058775	49.0	1898.411146402359
232	144.44795	1.1505059	145.8	136.85	18.02459	9320000	-7.741619e-09	6.3957562	-0.012376938	-0.42883235	0.2488203	0.0122764865	0.060975	49.0	1907.8383417129517
233	144.5168	1.097933	145.8	137.85	17.931173	9360000	3.259629e-09	5.9161234	-0.010608472	-0.37041527	0.24789487	0.009345856	0.053225003	49.0	1917.2606825828552
234	144.19896	2.6831598	145.7	107.2	18.377594	9400000	1.3969839e-08	6.210924	-0.011728477	-0.46740025	0.26602697	0.011651398	0.061775003	49.0	1926.6148340702057
235	144.51959	0.98953897	145.8	139.05	17.869389	9440000	4.9185473e-09	6.201891	-0.010866296	-0.4792742	0.24064496	0.010120615	0.057475	49.0	1936.0030546188354
236	144.4965	0.8020706	145.8	139.35	17.897541	9480000	-1.0069925e-08	5.9652777	-0.010755443	-0.3381102	0.24668202	0.011730838	0.061775	49.0	1945.4013650417328
237	144.44733	1.0953808	145.8	136.35	17.995901	9520000	-1.1641532e-08	6.1893573	-0.0110914055	-0.3061775	0.2522729	0.010139335	0.0577	49.0	1954.7962336540222
238	144.47055	0.9932786	145.8	138.8	17.922764	9560000	2.4447218e-09	6.4100103	-0.011192246	-0.3754108	0.25374967	0.012353428	0.055725	49.0	1964.231605052948
239	144.56075	0.8895575	145.8	141.1	17.732794	9600000	1.816079e-08	6.1294613	-0.0099299885	-0.36805928	0.23599076	0.010332028	0.051175002	49.0	1973.7294301986694
240	144.48631	0.9803828	145.8	139.1	17.840816	9640000	-8.4983185e-09	6.003561	-0.010956409	-0.36614245	0.2443844	0.010535753	0.056325004	49.0	1983.1204159259796
241	144.44427	1.2366282	145.8	132.1	17.934425	9680000	6.519258e-09	6.036442	-0.010260493	-0.31974554	0.24130982	0.009837143	0.052175	49.0	1992.5687370300293
242	144.45493	0.9653082	146.25	136.3	17.934425	9720000	4.132744e-09	6.594246	-0.010415738	-0.42256784	0.2534294	0.011387408	0.05525	49.0	2001.9757249355316
243	144.56586	0.95334965	145.8	138.3	17.707317	9760000	6.1118044e-09	5.9682775	-0.00960453	-0.34446037	0.23385979	0.008339761	0.05235	49.0	2011.3931818008423
244	144.42714	1.2606554	145.7	133.1	17.938776	9800000	5.8789738e-09	5.9377384	-0.0112617165	-0.35539722	0.25137967	0.011739565	0.065799996	49.0	2020.8331763744354
245	144.55548	0.7417021	145.8	141.7	17.757086	9840000	4.292815e-09	6.0418158	-0.009481828	-0.34841883	0.24420777	0.008290703	0.047975004	49.0	2030.265480041504
246	144.54675	0.9855331	145.8	139.25	17.77551	9880000	-1.2340024e-08	5.3573847	-0.010505678	-0.3837189	0.23885852	0.010768317	0.057475	49.0	2039.743757724762
247	144.49637	0.9160329	145.8	139.7	17.805668	9920000	1.1641532e-08	5.8054776	-0.010766243	-0.36326408	0.23770955	0.012780994	0.0557	49.0	2049.1331791877747
248	144.47244	0.93762994	145.8	139.3	17.82449	9960000	-1.0448275e-08	6.0375423	-0.010305718	-0.4159271	0.2377871	0.010281464	0.054275	49.0	2058.5661969184875
249	144.65762	0.8316422	145.8	138.65	17.60241	10000000	7.799827e-09	5.67284	-0.008609764	-0.2949105	0.22758852	0.0075478973	0.047975	49.0	2068.0092401504517
250	144.671	0.7893726	145.8	140.25	17.572	10040000	-1.2631062e-08	5.7193537	-0.008688467	-0.29825485	0.22251424	0.010428807	0.0472	49.0	2077.5015683174133
251	144.54779	0.9312483	145.8	139.9	17.737904	10080000	-1.1816155e-08	5.9821033	-0.009515874	-0.32111347	0.2283142	0.009661349	0.048425	49.0	2086.9220271110535
252	144.56593	0.8656756	145.8	139.45	17.69758	10120000	2.3283064e-09	6.06135	-0.009706629	-0.3253742	0.22644418	0.009407211	0.04915	49.0	2096.3768362998962
253	144.58931	0.7485983	145.8	141.5	17.641129	10160000	-7.450581e-09	5.7258782	-0.009497253	-0.33905774	0.23130536	0.009371886	0.055175	49.0	2105.888122320175
254	144.42336	1.028631	145.8	139.55	17.885246	10200000	5.7043508e-09	5.885209	-0.010209115	-0.298065	0.2330449	0.010708913	0.054275	49.0	2115.3197700977325
255	144.48578	0.88807636	145.8	138.3	17.804878	10240000	1.3853423e-08	6.337844	-0.009921917	-0.30625296	0.23637992	0.011137783	0.056925	49.0	2124.742048025131
256	144.63335	0.8381313	145.8	140.15	17.550201	10280000	4.307367e-09	5.694241	-0.009376325	-0.29376677	0.22435847	0.009857841	0.050925	49.0	2134.181344985962
257	144.66615	0.90925324	145.8	138.45	17.505976	10320000	-4.5401976e-09	5.5016522	-0.0093776025	-0.32328105	0.22140092	0.0076480843	0.045275003	49.0	2143.6297523975372
258	144.63977	0.8939701	146.15	138.85	17.566265	10360000	1.7753337e-09	5.597365	-0.009231225	-0.3084727	0.22065428	0.009069905	0.052924998	49.0	2153.1270411014557
259	144.68605	0.94293654	145.8	136.9	17.49004	10400000	8.119969e-09	5.346054	-0.008589951	-0.2578683	0.2143687	0.008970825	0.051675	49.0	2162.581367969513
260	144.64377	0.8733744	145.8	139.15	17.574297	10440000	-2.8667273e-09	5.425727	-0.009477737	-0.25328183	0.22109197	0.0107369535	0.050899997	49.0	2171.9201555252075
261	144.8233	0.7635664	146.25	140.5	17.304348	10480000	1.9499566e-09	5.212301	-0.009078361	-0.2201814	0.20581654	0.009309003	0.0492	49.0	2181.3590693473816
262	144.64459	0.9999899	145.8	139.3	17.54217	10520000	-4.5401976e-09	5.442984	-0.010078516	-0.30702174	0.22013402	0.010344004	0.051675	49.0	2190.728627681732
263	144.79527	0.7774347	146.25	141.75	17.375494	10560000	-8.8475645e-09	5.4632397	-0.009341071	-0.32645613	0.20491421	0.009126722	0.04705	49.0	2200.208185195923
264	144.82364	0.9342421	146.25	138.75	17.346457	10600000	1.14087015e-08	5.2446384	-0.010205178	-0.34669375	0.2085774	0.008452073	0.051025003	49.0	2209.5876870155334
265	144.79681	0.82036453	146.25	138.55	17.426294	10640000	-1.0477379e-08	5.391585	-0.009893376	-0.28069788	0.20852512	0.010053964	0.053925	49.0	2218.985967874527
266	144.80435	0.88535535	146.25	140.45	17.335968	10680000	1.9208528e-09	5.2902603	-0.01026703	-0.3521518	0.20157067	0.009875533	0.051675	49.0	2228.3364436626434
267	144.7385	1.0719486	146.25	134.5	17.396826	10720000	-9.080395e-09	5.735468	-0.0099665215	-0.35782403	0.20740381	0.010058562	0.05235	49.0	2237.768746137619
268	144.90858	0.7201372	146.15	142.35	17.195312	10760000	-1.8044375e-09	5.0791817	-0.009132281	-0.29209542	0.20049402	0.007139298	0.0458	49.0	2247.2175981998444
269	144.59557	1.0642565	145.8	136.8	17.637096	10800000	2.3283064e-09	5.5478563	-0.010617567	-0.36251307	0.21672377	0.011382513	0.053225	49.0	2256.566920518875
270	144.79306	0.9633679	146.25	137.4	17.400793	10840000	-1.4202669e-08	4.8066406	-0.009596784	-0.2744164	0.20508206	0.00809891	0.050275	49.0	2265.9284329414368
271	144.75458	0.86122113	145.8	139.1	17.4502	10880000	-8.96398e-09	4.8636827	-0.009379942	-0.26343638	0.21068038	0.0106276665	0.052575	49.0	2275.339863061905
272	144.67339	0.9244148	146.25	136.95	17.556	10920000	-3.4924597e-09	5.1706963	-0.009994451	-0.28309464	0.21077916	0.014461467	0.05905	49.0	2284.7183043956757
273	144.4796	1.1170173	146.25	139.0	17.893877	10960000	-2.7939677e-09	5.93422	-0.0128413625	-0.44197297	0.23752743	0.0122099435	0.062924996	49.0	2294.150954723358
274	144.73845	0.89472014	145.8	140.95	17.494024	11000000	5.646143e-09	5.369132	-0.010794012	-0.38505632	0.21369344	0.009022705	0.050775	49.0	2303.523543357849
275	144.78047	0.94580066	145.8	140.0	17.36255	11040000	-1.21071935e-08	5.173	-0.010427192	-0.3441825	0.20006752	0.010686541	0.050025	49.0	2312.88671207428
276	144.72968	0.98323935	145.8	136.9	17.47012	11080000	-3.1432137e-09	4.8066626	-0.009366436	-0.2683696	0.20295298	0.010460831	0.053200003	49.0	2322.3157148361206
277	144.732	0.9269605	146.15	140.8	17.448	11120000	-2.9685907e-09	4.662755	-0.009139697	-0.2529373	0.21106069	0.00892666	0.046400003	49.0	2331.8218247890472
278	144.74881	0.8680926	145.8	138.0	17.446215	11160000	1.0593794e-08	5.054499	-0.009062694	-0.28581148	0.20846632	0.009444628	0.04735	49.0	2341.163619995117
279	144.83557	0.755297	145.8	141.6	17.296442	11200000	-3.958121e-09	4.4967756	-0.008377984	-0.21219602	0.19749135	0.007801755	0.047399998	49.0	2350.5183658599854
280	144.84547	0.92549396	145.8	139.2	17.286274	11240000	6.7520887e-09	4.8597445	-0.010243449	-0.3140706	0.20413497	0.011899866	0.053450003	49.0	2359.9094841480255
281	144.7494	0.8072485	145.8	140.95	17.428	11280000	9.662472e-09	5.2304983	-0.010111311	-0.31146175	0.21692151	0.008499466	0.052875	49.0	2369.2394428253174
282	144.78287	0.967997	145.8	140.2	17.418327	11320000	-1.7462298e-09	4.834676	-0.010431134	-0.31174043	0.21333721	0.010874518	0.056375	49.0	2378.597798347473
283	144.73427	1.0519863	145.8	140.1	17.394423	11360000	-1.3387762e-08	5.2004795	-0.009377647	-0.36835212	0.1969235	0.010611498	0.04965	49.0	2388.011383533478
284	144.59657	1.2177032	146.25	136.8	17.641129	11400000	-7.508788e-09	5.768272	-0.0113046905	-0.5201558	0.22092019	0.011604259	0.061750002	49.0	2397.358285665512
285	144.64021	1.0587987	145.8	138.45	17.524	11440000	1.46683306e-08	5.325604	-0.011361361	-0.3463645	0.2138535	0.011297321	0.059350003	49.0	2406.732206106186
286	144.69702	1.1219674	146.25	139.15	17.40873	11480000	-1.2340024e-08	5.55274	-0.011706184	-0.43397385	0.2146518	0.013008811	0.060875002	49.0	2416.096753358841
287	144.59416	1.1552291	145.8	137.65	17.588709	11520000	-8.1490725e-09	5.4208755	-0.011603963	-0.41508847	0.22071074	0.011826616	0.061974995	49.0	2425.445452928543
288	144.76837	1.1305535	146.25	137.55	17.312252	11560000	1.4901161e-08	5.2408266	-0.010297164	-0.35218114	0.20569642	0.009357655	0.051475	49.0	2434.856618642807
289	144.79982	1.2512778	145.8	131.0	17.356863	11600000	1.3969839e-08	5.634965	-0.0095198685	-0.41640866	0.20452686	0.0097054355	0.05105	49.0	2444.257942676544
290	144.77924	1.1416285	145.8	134.75	17.33992	11640000	-8.614734e-09	5.381927	-0.010529627	-0.34408683	0.206432	0.008522751	0.051349998	49.0	2453.633892059326
291	144.7251	1.0381125	146.05	136.25	17.466135	11680000	-5.4133125e-09	5.690375	-0.011538613	-0.48914966	0.21222848	0.011323698	0.058875	49.0	2462.9859244823456
292	144.82657	0.78729606	145.8	141.1	17.263779	11720000	1.0477379e-09	5.0009947	-0.009959865	-0.3224628	0.20524673	0.009856069	0.05385	49.0	2472.4342834949493
293	144.88158	0.77850664	146.25	141.0	17.192158	11760000	-8.8475645e-09	5.0760984	-0.009598735	-0.3492965	0.1983371	0.009092782	0.04865	49.0	2481.934374809265
294	144.78897	0.81532884	146.25	140.9	17.259842	11800000	1.36496965e-08	5.049785	-0.009727537	-0.32254577	0.19846782	0.010527512	0.055425003	49.0	2491.439069032669
295	144.82086	0.79797906	146.25	141.75	17.259842	11840000	-2.7939677e-09	5.1684713	-0.009501213	-0.34121454	0.19579774	0.010638202	0.054425	49.0	2500.9358625411987
296	144.91098	0.84715044	146.25	141.05	17.15294	11880000	-1.3620593e-08	5.229787	-0.009403028	-0.30267435	0.1956054	0.0086548645	0.048675	49.0	2510.406512260437
297	144.76833	1.0961373	146.25	137.6	17.350597	11920000	7.916242e-09	5.5746346	-0.010823507	-0.60543245	0.1990163	0.011114707	0.051650003	49.0	2519.846039533615
298	144.91446	0.88945997	146.25	138.45	17.132812	11960000	1.268927e-08	5.1056585	-0.009581798	-0.3476287	0.18831345	0.010266801	0.051375	49.0	2529.324521780014
299	144.70924	1.0416067	146.25	138.05	17.429134	12000000	1.0273652e-08	5.22153	-0.009458601	-0.33679524	0.20615624	0.009820186	0.0506	49.0	2538.7389619350433
300	144.84863	0.78309864	146.25	140.95	17.192158	12040000	-8.8475645e-09	4.900474	-0.009138389	-0.28623152	0.19285856	0.009178803	0.050225	49.0	2548.1790437698364
301	144.64803	1.391669	146.25	130.3	17.444445	12080000	-3.4924597e-09	4.9789805	-0.009978954	-0.28939113	0.2006748	0.010630665	0.05325	49.0	2557.645411014557
302	144.69801	1.0831213	146.25	135.25	17.404762	12120000	-2.6775524e-08	5.1618214	-0.010414065	-0.32880357	0.20214793	0.010773437	0.060274996	49.0	2567.14443564415
303	144.623	0.9583321	146.15	140.65	17.548	12160000	-1.0244548e-08	5.7656417	-0.009735981	-0.4340679	0.20585501	0.009554613	0.055924997	49.0	2576.5723719596863
304	144.78404	0.959132	146.15	139.95	17.350393	12200000	2.4447218e-08	4.824752	-0.009676371	-0.29724538	0.1963577	0.01095379	0.0554	49.0	2585.991173028946
305	144.67271	1.0473564	146.25	139.45	17.46215	12240000	-1.5133992e-09	4.9280148	-0.009282356	-0.29170513	0.19937027	0.008454021	0.0525	49.0	2595.411303758621
306	144.80376	0.91321933	145.8	137.95	17.3083	12280000	7.683411e-09	5.147092	-0.009799138	-0.3306548	0.1975145	0.010950109	0.053099997	49.0	2604.8897309303284
307	144.81609	0.82964474	146.25	141.3	17.309803	12320000	-1.44355e-08	4.7940197	-0.009542821	-0.29537028	0.20069441	0.009737845	0.051824998	49.0	2614.389455318451
308	144.82066	0.88454413	145.8	137.6	17.287401	12360000	8.2945917e-10	4.900758	-0.0088829715	-0.31076583	0.18949771	0.007812619	0.047624998	49.0	2623.8537220954895
309	144.8817	0.737354	146.25	140.6	17.177166	12400000	3.6670826e-09	5.0023184	-0.008607946	-0.22795892	0.18717122	0.0098976	0.047700003	49.0	2633.3009905815125
310	144.86256	0.6948551	145.8	142.2	17.25098	12440000	-1.5686965e-08	4.967789	-0.008520462	-0.2305603	0.19371238	0.008569177	0.04965	49.0	2642.7194118499756
311	144.78162	0.85161364	145.8	140.0	17.363636	12480000	2.0329026e-08	4.8334894	-0.009333437	-0.26931366	0.20225847	0.008472238	0.050025	49.0	2652.11345410347
312	144.834	0.7832806	146.05	139.7	17.335968	12520000	1.071021e-08	4.604718	-0.009545092	-0.29585022	0.1979932	0.008649869	0.048575003	49.0	2661.48935008049
313	144.87196	0.710529	146.25	140.4	17.227451	12560000	-3.4924597e-09	4.6922054	-0.008051875	-0.3120347	0.19163398	0.0077963285	0.0454	49.0	2670.9133789539337
314	144.94238	0.6668275	145.8	140.95	17.144531	12600000	-7.858034e-09	4.350878	-0.0077977385	-0.20186266	0.18149848	0.01212258	0.0462	49.0	2680.3416078090668
315	144.72661	0.8383215	146.25	140.2	17.508	12640000	1.6705599e-08	5.2335258	-0.009523857	-0.38890064	0.20717557	0.01465065	0.05765	49.0	2689.7394881248474
316	144.78009	0.84063965	145.8	138.75	17.410358	12680000	-4.656613e-09	4.826485	-0.009063287	-0.35405228	0.19679509	0.010483576	0.05245	49.0	2699.1539244651794
317	144.81764	0.72414166	145.8	142.05	17.353174	12720000	1.6007107e-08	4.9902177	-0.00874474	-0.32283014	0.1899578	0.010189472	0.051574998	49.0	2708.4987070560455
318	144.74684	0.80910736	145.8	140.2	17.434782	12760000	-1.4901161e-08	4.9825783	-0.0092915	-0.31407586	0.1979138	0.011892248	0.053975	49.0	2717.8811779022217
319	144.77971	0.76675034	145.8	141.5	17.311024	12800000	-3.4924597e-10	4.847909	-0.00874018	-0.3234157	0.18962425	0.010023099	0.051074997	49.0	2727.2732849121094
320	144.72609	0.79538393	145.8	141.05	17.46215	12840000	-6.7520887e-09	4.885614	-0.009069365	-0.3192016	0.19308777	0.01048963	0.05385	49.0	2736.648205757141
321	144.79803	0.6952429	145.8	141.05	17.33071	12880000	-1.2514647e-08	5.060321	-0.008922525	-0.25524515	0.18871641	0.009718459	0.0516	49.0	2746.0506699085236
322	144.7498	0.85939264	145.8	140.3	17.458168	12920000	-4.1909516e-09	5.125961	-0.00954596	-0.29599148	0.19930482	0.010630241	0.05385	49.0	2755.4440305233
323	144.76236	0.8006022	145.8	139.45	17.430279	12960000	1.0477379e-08	4.9750576	-0.009829262	-0.3113054	0.1993855	0.01142171	0.053625003	49.0	2764.8730647563934
324	144.88466	0.67082095	145.8	141.95	17.244095	13000000	-5.0204108e-09	4.7033634	-0.008282797	-0.29253164	0.18854366	0.009822004	0.05165	49.0	2774.2677280902863
325	144.85689	0.6455954	145.7	142.45	17.248032	13040000	-2.910383e-10	5.016157	-0.0083990395	-0.28825653	0.19291407	0.009807636	0.048	49.0	2783.6318793296814
326	144.72928	0.7683797	145.7	140.75	17.42231	13080000	-4.1909516e-09	5.193486	-0.0089101605	-0.32028794	0.19411506	0.009484354	0.050800003	49.0	2792.9988508224487
327	144.83809	0.6897293	145.8	141.3	17.253906	13120000	7.043127e-09	5.1051054	-0.008475217	-0.29835165	0.18917494	0.010477856	0.04895	49.0	2802.382012605667
328	144.7243	0.8361046	145.8	141.7	17.426294	13160000	-5.6170393e-09	5.2550726	-0.00885578	-0.30702037	0.18882892	0.010358168	0.05175	49.0	2811.737946033478
329	144.75674	0.7539543	146.25	141.4	17.36508	13200000	-8.1490725e-10	5.469061	-0.009375403	-0.37582976	0.19253117	0.010978084	0.053075	49.0	2821.0874729156494
330	144.70634	0.81866884	145.8	141.25	17.412699	13240000	9.313226e-09	5.540501	-0.009473363	-0.35241193	0.18988079	0.011064747	0.05525	49.0	2830.5051379203796
331	144.70953	0.91331017	145.8	140.1	17.436508	13280000	-1.2805685e-09	5.686198	-0.010769086	-0.42555743	0.20405233	0.011566274	0.058300003	49.0	2839.963093519211
332	144.8176	0.76127696	145.8	141.4	17.332016	13320000	5.820766e-10	5.2371235	-0.009344273	-0.4118644	0.19581518	0.008346604	0.0531	49.0	2849.389295578003
333	144.78023	0.66123956	145.8	142.3	17.367588	13360000	1.0477379e-08	5.0801497	-0.008600026	-0.26894352	0.18910593	0.011042146	0.054624997	49.0	2858.7582383155823
334	144.749	0.7692006	145.8	139.5	17.468	13400000	-7.82893e-09	5.4489737	-0.009500689	-0.33032644	0.19891599	0.010566538	0.049550004	49.0	2868.161959886551
335	144.78598	0.7769224	145.8	140.65	17.363636	13440000	-1.0477379e-09	5.4121866	-0.009588732	-0.30836135	0.19918458	0.011426758	0.053725	49.0	2877.589498758316
336	144.83987	0.71685135	145.8	140.15	17.289682	13480000	6.6356733e-09	5.0273247	-0.008796744	-0.32205075	0.18912178	0.011204482	0.053275	49.0	2887.0024354457855
337	144.72928	0.7737665	145.8	140.3	17.47012	13520000	3.0267984e-09	6.0084114	-0.009076776	-0.36255622	0.20030066	0.011059593	0.055875	49.0	2896.425182580948
338	144.65143	0.8485091	145.8	140.2	17.595142	13560000	-3.085006e-09	5.7206745	-0.009267311	-0.3858322	0.20265076	0.012240003	0.054225	49.0	2905.8016486167908
339	144.85019	0.6664291	145.7	141.5	17.22353	13600000	7.916242e-09	5.023983	-0.008440414	-0.3330183	0.18200055	0.011721864	0.0569	49.0	2915.2200191020966
340	144.64778	0.8093863	145.8	141.35	17.584677	13640000	1.7345883e-08	5.671323	-0.00899349	-0.36242515	0.20554113	0.008974676	0.05395	49.0	2924.5624690055847
341	144.78104	0.98645824	146.25	135.4	17.359684	13680000	4.2491592e-09	4.9796486	-0.00878707	-0.30873054	0.18966153	0.011322422	0.0489	49.0	2933.9423966407776
342	144.79504	0.9485611	146.05	138.2	17.305555	13720000	-9.778887e-09	4.986754	-0.008559668	-0.31377503	0.18834795	0.009582439	0.0507	49.0	2943.368376016617
343	144.75694	0.8949937	146.25	137.5	17.38492	13760000	-1.7695129e-08	5.369077	-0.008680383	-0.34094065	0.18482736	0.0087722335	0.049149998	49.0	2952.8771345615387
344	144.74065	0.8909141	146.25	139.3	17.40239	13800000	6.1409082e-09	5.2343607	-0.009799344	-0.34279525	0.1896948	0.014340504	0.057950005	49.0	2962.3567616939545
345	144.73868	0.7125864	145.8	140.7	17.416666	13840000	-9.429641e-09	5.081271	-0.008057031	-0.3087905	0.18828788	0.00981511	0.051075	49.0	2971.8212535381317
346	144.76668	0.8369685	145.8	137.55	17.396826	13880000	8.731149e-09	5.091263	-0.008211273	-0.27937484	0.18704094	0.010856236	0.049975	49.0	2981.356521844864
347	144.76587	0.7854872	145.7	140.6	17.420635	13920000	-2.0372681e-09	5.0544777	-0.008208474	-0.30363667	0.18792048	0.00969884	0.051	49.0	2990.804761648178
348	144.93477	0.66603017	145.8	142.3	17.148438	13960000	-3.3178367e-09	4.797017	-0.007523474	-0.24353075	0.17842144	0.009811134	0.046674997	49.0	3000.2857389450073
349	144.75377	0.79806095	145.8	140.5	17.416666	14000000	1.1641532e-09	5.357469	-0.008641193	-0.2816496	0.18267238	0.010130568	0.05	49.0	3009.735020875931
350	144.84117	0.8136528	146.25	140.25	17.27843	14040000	6.2864274e-09	5.1560693	-0.00854775	-0.37155437	0.18400538	0.008765036	0.049275	49.0	3019.2224748134613
351	144.90704	0.7702543	145.8	141.75	17.1875	14080000	7.392373e-09	4.808566	-0.008603375	-0.29800332	0.17961006	0.010296185	0.051574998	49.0	3028.7320506572723
352	144.73074	0.9529181	145.8	141.1	17.432539	14120000	5.820766e-09	5.703294	-0.005468725	-0.41823727	0.19239968	0.015279821	0.044225	12.0	3037.2695577144623
353	144.85411	0.8940398	145.8	138.5	17.215687	14160000	1.14087015e-08	5.1186123	-0.008649413	-0.3718316	0.18000977	0.009303878	0.0508	49.0	3046.722685098648
354	144.98372	0.6474364	145.8	142.05	17.007751	14200000	-1.0011718e-08	5.014018	-0.008267213	-0.3537948	0.17389798	0.009891277	0.048625	49.0	3056.1387224197388
355	144.83578	0.7436928	145.8	141.9	17.26087	14240000	3.6670826e-09	5.5122643	-0.009193446	-0.40405393	0.18509555	0.01204337	0.053925	49.0	3065.595999479294
356	144.6836	0.9384946	145.8	139.05	17.464	14280000	7.508788e-09	5.424904	-0.009326733	-0.3848163	0.19268401	0.011191953	0.052050002	49.0	3075.060651779175
357	144.79266	0.9605799	146.25	137.5	17.321428	14320000	-1.839362e-08	5.003865	-0.009441853	-0.33962965	0.18647243	0.01066789	0.0517	49.0	3084.531583070755
358	144.80847	0.816897	146.25	140.4	17.32677	14360000	-1.7520506e-08	5.259969	-0.008910133	-0.36541712	0.18272997	0.009048156	0.04875	49.0	3094.0815460681915
359	144.87854	0.6936602	146.25	142.45	17.177166	14400000	2.910383e-09	4.7047977	-0.0074332557	-0.23127204	0.17205825	0.007720487	0.041050002	49.0	3103.5186121463776
360	144.7907	0.7096616	146.25	141.25	17.316206	14440000	9.313226e-09	5.18583	-0.007475045	-0.2459535	0.17419475	0.008114351	0.042025	49.0	3112.9399812221527
361	144.74348	0.81751305	146.25	140.4	17.367588	14480000	-2.3283064e-09	4.892636	-0.008222205	-0.28048033	0.18409452	0.009914154	0.048425	49.0	3122.388107061386
362	144.8219	0.710913	145.8	142.3	17.338646	14520000	1.7229468e-08	4.763055	-0.007822199	-0.28402868	0.17478998	0.009820737	0.051775	49.0	3131.8505260944366
363	144.82803	0.69284046	145.7	141.85	17.25098	14560000	5.7771103e-09	5.263051	-0.008111267	-0.35415328	0.17651606	0.010156088	0.052725	49.0	3141.298048734665
364	144.73721	0.7761037	145.8	139.75	17.456	14600000	-6.868504e-09	5.4295354	-0.009203138	-0.34105456	0.18741181	0.01139595	0.0515	49.0	3150.7469050884247
365	144.91406	0.6383711	146.25	142.25	17.164062	14640000	2.3283064e-10	5.1014605	-0.008273741	-0.34335804	0.17520235	0.009231331	0.047775	49.0	3160.177623271942
366	144.73909	0.8556365	146.25	140.1	17.424603	14680000	5.2386895e-09	5.3241205	-0.00807515	-0.3743599	0.17752549	0.009509853	0.045025	49.0	3169.61532664299
367	144.70853	0.78845584	145.7	139.8	17.440475	14720000	2.3283064e-10	5.3998637	-0.00814352	-0.31416225	0.18080172	0.010140785	0.0488	49.0	3179.0803141593933
368	144.77351	0.6953768	146.25	142.25	17.320158	14760000	1.268927e-08	5.4589934	-0.0076784096	-0.31340867	0.17923363	0.009737653	0.0492	49.0	3188.6233637332916
369	144.7271	0.91679984	146.15	136.9	17.386454	14800000	2.2700988e-09	5.5095363	-0.008045768	-0.33323753	0.17814313	0.008930416	0.047475	49.0	3198.0483388900757
370	144.74129	0.6983424	145.7	141.35	17.38889	14840000	6.0535967e-09	5.4668703	-0.007554084	-0.32755047	0.18284175	0.008915197	0.05155	49.0	3207.5429916381836
371	144.80316	0.60956687	146.25	142.65	17.335968	14880000	-6.868504e-09	5.2004795	-0.0070862425	-0.32268983	0.18017492	0.009347019	0.047799997	49.0	3216.9561700820923
372	144.69781	0.7248072	145.8	141.75	17.548	14920000	-1.9004801e-08	5.4929857	-0.00849464	-0.39993	0.18709618	0.01072761	0.049325	49.0	3226.415052175522
373	144.78142	0.74870867	145.8	140.95	17.343874	14960000	-1.1335942e-08	5.1557117	-0.007873461	-0.37508386	0.17955841	0.009720437	0.0501	49.0	3235.872260093689
374	144.46693	1.2311058	146.25	134.15	17.820408	15000000	2.3574103e-09	5.8667765	-0.009703567	-0.47956306	0.19719872	0.012500027	0.058	49.0	3245.2373275756836
375	144.45021	1.0528017	146.25	137.7	17.889345	15040000	-1.2340024e-08	6.138585	-0.010113394	-0.41260296	0.20649481	0.010825453	0.0542	49.0	3254.6733927726746
376	144.643	0.7792443	146.25	141.5	17.62	15080000	1.6298145e-09	5.6473856	-0.008895185	-0.42304522	0.20037836	0.009973081	0.0532	49.0	3264.0733811855316
377	144.7014	0.6897597	146.15	141.3	17.5	15120000	-1.5832484e-08	5.302451	-0.0073977876	-0.35312024	0.19128522	0.008917833	0.0471	49.0	3273.4804968833923
378	144.64616	0.78103507	145.8	140.7	17.608871	15160000	3.259629e-09	5.598193	-0.008776192	-0.4273175	0.19548243	0.010193495	0.0539	49.0	3282.984971523285
379	144.62592	0.6869939	146.25	140.7	17.668016	15200000	1.6185368e-08	5.5830517	-0.009279218	-0.38245916	0.19114104	0.010671975	0.0544	49.0	3292.392688035965
380	144.67268	0.7355279	146.25	141.0	17.582329	15240000	8.1490725e-10	5.6494474	-0.009073872	-0.33319408	0.1936816	0.010304615	0.049900003	49.0	3301.844185113907
381	144.6406	1.2265898	146.25	129.9	17.612	15280000	-8.1490725e-10	5.714446	-0.00955805	-0.4214226	0.19534099	0.010248391	0.051625	49.0	3311.334866285324
382	144.80377	0.6886232	145.8	142.2	17.321428	15320000	-7.858034e-10	5.3800077	-0.008544009	-0.35035712	0.18577743	0.009518076	0.050849997	49.0	3320.816262245178
383	144.75769	0.7339826	146.25	141.0	17.34252	15360000	8.556526e-09	5.3589478	-0.008118524	-0.28835946	0.18009606	0.011914707	0.049475	49.0	3330.252679347992
384	144.7292	0.8623498	145.7	136.9	17.424	15400000	-5.2386895e-10	5.801808	-0.009555861	-0.44675952	0.18912132	0.011858992	0.055074997	49.0	3339.665333509445
385	144.76958	0.6250555	145.7	142.5	17.375494	15440000	1.1641532e-09	5.2931576	-0.008167727	-0.30077267	0.18079679	0.013099043	0.050325	49.0	3349.137632369995
386	144.85547	0.53883326	145.7	141.6	17.195312	15480000	-5.47152e-09	5.0534306	-0.006837271	-0.2630409	0.16943638	0.009749468	0.044225	49.0	3358.580208301544
387	144.82906	0.61348176	145.8	140.85	17.27668	15520000	1.0855729e-08	5.090094	-0.006702788	-0.26782626	0.16847977	0.008889504	0.043375	49.0	3367.982774734497
388	144.77519	0.57280505	145.7	143.0	17.369047	15560000	-1.5716068e-09	5.514811	-0.007793036	-0.31446832	0.17594464	0.0104835015	0.051325	49.0	3377.3621649742126
389	144.7998	0.5955453	145.8	142.8	17.371542	15600000	-8.643838e-09	5.2848105	-0.007263057	-0.34298295	0.17490044	0.008106642	0.0435	49.0	3386.799010515213
390	144.83685	0.59482604	145.8	142.5	17.231373	15640000	3.0267984e-09	5.350588	-0.007965858	-0.31157374	0.17726848	0.009521456	0.048299998	49.0	3396.2924790382385
391	144.71112	0.8090845	145.8	139.6	17.420635	15680000	9.546056e-09	5.5000634	-0.008000936	-0.35333228	0.18399738	0.0086315	0.049850002	49.0	3405.684801340103
392	144.7666	0.6759429	145.8	142.3	17.33992	15720000	-2.240995e-09	5.2830896	-0.008104082	-0.26465333	0.18124942	0.009273061	0.050975	49.0	3415.0892384052277
393	144.80492	0.7241378	145.8	141.1	17.279528	15760000	-1.0477379e-08	5.448615	-0.008345991	-0.2738515	0.17878422	0.010628134	0.0511	49.0	3424.5456426143646
394	144.78233	0.6342384	145.8	142.15	17.376984	15800000	1.094304e-08	5.457237	-0.00866274	-0.33109897	0.18135346	0.010230416	0.05065	49.0	3434.0811264514923
395	144.82748	0.6697784	145.8	141.35	17.26087	15840000	-9.662472e-09	5.272097	-0.008204054	-0.32330436	0.17846479	0.009711466	0.04925	49.0	3443.5742692947388
396	144.76779	0.78321	145.8	141.75	17.347826	15880000	-5.820766e-09	5.2382307	-0.008368916	-0.32359022	0.1811483	0.010537919	0.055225	49.0	3453.0720160007477
397	144.56995	1.1008037	145.8	139.25	17.641129	15920000	-7.392373e-09	5.9425025	-0.00954737	-0.3616119	0.19508255	0.00954177	0.0554	49.0	3462.5514397621155
398	144.68318	1.0256692	145.8	138.45	17.52	15960000	3.3760443e-09	5.3861604	-0.008886792	-0.31482035	0.19331951	0.008995094	0.051025	49.0	3472.0206050872803
399	144.74663	0.89063585	145.8	138.55	17.353174	16000000	6.9849193e-09	5.1617846	-0.0087052435	-0.36029327	0.17994499	0.009678312	0.051025	49.0	3481.5933544635773
400	144.72975	1.1574751	145.8	132.3	17.420635	16040000	1.816079e-08	5.383578	-0.009816614	-0.4122867	0.18591139	0.012176307	0.05715	49.0	3491.0704374313354
401	144.81464	0.8010885	145.7	141.7	17.296442	16080000	-6.6356733e-09	5.3183813	-0.009302257	-0.34607977	0.18359175	0.010073362	0.055775	49.0	3500.5212309360504
402	144.77509	0.7445143	145.8	141.5	17.343874	16120000	-2.7939677e-09	5.0962715	-0.008615879	-0.3458981	0.18235442	0.010137044	0.055675	49.0	3510.0499453544617
403	144.86989	0.66797465	145.8	142.2	17.22441	16160000	-9.546056e-09	4.967896	-0.007834695	-0.31871787	0.17323175	0.0099925315	0.047399998	49.0	3519.5293860435486
404	144.86765	0.64633423	145.8	141.15	17.235294	16200000	-6.9849193e-09	4.913113	-0.008357208	-0.31440994	0.17440805	0.009196795	0.05085	49.0	3529.033331632614
405	144.85078	0.84113014	145.8	138.1	17.299213	16240000	-9.313226e-10	4.812088	-0.007371838	-0.25259778	0.18130702	0.00923365	0.050225005	49.0	3538.5617871284485
406	144.8303	0.7190781	145.8	139.9	17.31496	16280000	-1.0360964e-08	4.969581	-0.00827775	-0.26898777	0.17517422	0.008942964	0.04835	49.0	3548.00226187706
407	144.81126	0.70945144	145.8	139.6	17.347826	16320000	-1.9645086e-08	4.7339773	-0.008253538	-0.25308698	0.18341458	0.010877558	0.052625	49.0	3557.4693536758423
408	144.88046	0.5430758	145.8	142.75	17.210938	16360000	8.032657e-09	5.0889254	-0.008003861	-0.39598048	0.17656028	0.0122013	0.053125	49.0	3566.9475548267365
409	144.71872	0.85906696	145.8	139.3	17.48207	16400000	1.3969839e-09	5.5270176	-0.009664909	-0.39705557	0.18873261	0.011731394	0.054475	49.0	3576.3542671203613
410	144.7324	0.7344282	145.8	141.2	17.39921	16440000	1.0069925e-08	5.2243004	-0.008531807	-0.33186775	0.18699363	0.009127668	0.0542	49.0	3585.8433561325073
411	144.78519	0.67899615	145.8	140.3	17.347826	16480000	6.4610504e-09	5.4493246	-0.008960913	-0.36066043	0.18701354	0.011171272	0.057974998	49.0	3595.3642616271973
412	144.7998	0.7475425	145.8	139.2	17.369047	16520000	-1.0302756e-08	5.336168	-0.010396024	-0.3872471	0.19887002	0.011737499	0.0586	49.0	3604.826777935028
413	144.86969	0.57413626	145.8	142.5	17.228346	16560000	-2.3283064e-10	5.116542	-0.008257185	-0.30040264	0.18270183	0.010387586	0.053025	49.0	3614.337730884552
414	144.72232	0.6025842	145.8	142.85	17.498009	16600000	-1.5366822e-08	5.121247	-0.008038464	-0.31036943	0.19432913	0.008004827	0.050425	49.0	3623.849389076233
415	144.76569	0.65099335	145.8	141.95	17.432539	16640000	-4.656613e-10	5.443078	-0.008010917	-0.3609389	0.1906529	0.0090532685	0.0522	49.0	3633.33163356781
416	144.799	0.6420061	145.8	142.25	17.392857	16680000	-1.1175871e-08	4.9756746	-0.008284699	-0.3310315	0.19248581	0.009849537	0.05025	49.0	3642.784908771515
417	144.74982	0.6534996	146.25	140.75	17.48207	16720000	2.561137e-09	5.0415354	-0.009423734	-0.32336384	0.19907257	0.011233145	0.0545	49.0	3652.2429752349854
418	144.61755	0.8553586	146.25	138.15	17.72984	16760000	-8.731149e-10	5.8329945	-0.010057233	-0.41792303	0.20124316	0.010149188	0.055475	49.0	3661.7527997493744
419	144.67795	0.71539587	146.25	142.15	17.631578	16800000	1.2223609e-09	5.0264683	-0.009386642	-0.3262717	0.20146583	0.01099381	0.058025002	49.0	3671.173171520233
420	144.67522	0.8314414	145.8	138.65	17.674797	16840000	-3.4924597e-09	5.0735917	-0.008985879	-0.3367595	0.205798	0.009290053	0.05255	49.0	3680.616480112076
421	144.7466	0.63486904	145.8	141.4	17.556	16880000	7.450581e-09	5.184472	-0.008262545	-0.27208322	0.19474962	0.010780792	0.053825	49.0	3690.064424276352
422	144.70322	0.77287704	145.8	140.05	17.574297	16920000	-4.598405e-09	5.8009205	-0.009377573	-0.47632092	0.19795096	0.014563592	0.058174998	49.0	3699.4705040454865
423	144.69235	0.69356376	145.7	141.45	17.629032	16960000	-4.0745363e-09	5.089989	-0.008884441	-0.33854276	0.20193493	0.011408288	0.0562	49.0	3708.9231626987457
424	144.786	0.7096082	145.8	142.1	17.48	17000000	-8.614734e-09	5.186016	-0.009791493	-0.30627078	0.19887432	0.01308266	0.0577	49.0	3718.378061056137
425	144.54756	2.694218	145.8	104.1	17.857143	17040000	-6.0535967e-09	5.6918087	-0.0066066077	-0.51249945	0.20415668	0.015586413	0.05055	15.0	3726.9481930732727
426	144.75339	0.8240013	145.8	140.1	17.476	17080000	-5.005859e-09	5.263651	-0.00860575	-0.44062334	0.18722247	0.00964036	0.055475	49.0	3736.3548493385315
427	144.85532	0.7178142	145.8	141.2	17.32677	17120000	7.5961e-09	4.9371305	-0.008511047	-0.3398994	0.1841296	0.009862488	0.052150004	49.0	3745.7526590824127
428	144.80278	0.71061426	145.8	141.75	17.349207	17160000	1.1641532e-09	4.9987907	-0.0083361715	-0.3376938	0.18253252	0.008338389	0.049125	49.0	3755.1694638729095
429	144.73207	0.79657966	145.8	139.4	17.446215	17200000	1.1990778e-08	5.140549	-0.008327061	-0.33150983	0.17946336	0.009605694	0.047925	49.0	3764.621214389801
430	144.85039	0.6755174	145.7	140.65	17.27668	17240000	-6.2864274e-09	4.7948103	-0.0077971085	-0.28992927	0.17636716	0.0096792	0.0494	49.0	3774.011642932892
431	144.84645	0.6691215	145.7	142.0	17.259842	17280000	-5.7043508e-09	5.0219955	-0.008460356	-0.27529192	0.1801057	0.009809784	0.049374998	49.0	3783.3688027858734
432	144.80515	0.7586364	145.8	141.7	17.357143	17320000	-1.5133992e-08	5.0951967	-0.008420263	-0.3275357	0.18157217	0.010892656	0.053075	49.0	3792.8253815174103
433	144.82806	0.7059195	146.25	142.35	17.272728	17360000	6.519258e-09	5.069229	-0.00842057	-0.35034978	0.17907429	0.010970593	0.051375	49.0	3802.3098051548004
434	144.89882	0.68783414	145.8	142.05	17.207844	17400000	1.0768417e-09	5.1669436	-0.008352991	-0.3198375	0.17717516	0.010068385	0.048249997	49.0	3811.766745567322
435	144.86954	0.7737575	145.8	140.45	17.21875	17440000	-5.2386895e-09	5.202653	-0.008720053	-0.32145214	0.17602691	0.01243655	0.053650003	49.0	3821.201312303543
436	144.77133	1.0520258	145.8	132.0	17.403162	17480000	1.2834789e-08	5.487827	-0.009057438	-0.4498418	0.18616343	0.010581365	0.05225	49.0	3830.6557466983795
437	144.86293	0.7074046	145.8	141.15	17.258823	17520000	1.268927e-08	5.2475314	-0.008139936	-0.28690583	0.1754807	0.009443771	0.051925	49.0	3840.1141283512115
438	144.89078	0.70674855	145.8	140.75	17.188236	17560000	-7.2759576e-09	5.478553	-0.007801295	-0.3373105	0.1744832	0.010531005	0.049625	49.0	3849.567915201187
439	144.90157	0.6443088	145.8	142.05	17.1875	17600000	6.2282197e-09	4.8194	-0.007159499	-0.27571452	0.17423096	0.00982205	0.044974998	49.0	3859.0282542705536
440	144.82147	0.7730591	145.8	140.95	17.255905	17640000	1.0477379e-08	5.208958	-0.008200843	-0.3835464	0.17829493	0.010821281	0.050025	49.0	3868.4923746585846
441	144.89981	0.6462257	145.8	142.8	17.160156	17680000	-5.5879354e-09	4.9361906	-0.008265782	-0.34759337	0.17515808	0.00857553	0.048299998	49.0	3877.9514453411102
442	144.95352	0.68141234	145.8	142.1	17.078125	17720000	-9.415089e-09	4.7734156	-0.008149138	-0.23796433	0.16970125	0.010076358	0.043175	49.0	3887.5133488178253
443	144.99553	0.7448585	145.8	138.85	17.023346	17760000	3.0267984e-09	4.7225027	-0.0081214765	-0.29844257	0.1704644	0.008551171	0.050724998	49.0	3897.057427883148
444	144.9832	0.64097583	145.8	141.8	17.03125	17800000	1.5133992e-08	4.606639	-0.007835072	-0.2436383	0.16795759	0.009761717	0.049850002	49.0	3906.5201020240784
445	144.79547	0.73890084	145.8	140.7	17.30315	17840000	-1.0826625e-08	5.449051	-0.009781235	-0.38359284	0.18454441	0.013827432	0.059625	49.0	3916.0662043094635
446	144.88333	0.8497794	146.25	136.4	17.219608	17880000	3.958121e-09	5.165535	-0.009794906	-0.36846673	0.1799278	0.012153307	0.05365	49.0	3925.5614380836487
447	144.87677	0.62450916	146.15	142.15	17.220472	17920000	-1.0448275e-08	5.097431	-0.008196283	-0.291003	0.17908165	0.0104606375	0.0494	49.0	3935.057587146759
448	144.81027	0.66632247	146.25	141.3	17.328064	17960000	9.895302e-10	4.975317	-0.008791327	-0.257364	0.18807402	0.011061908	0.054725	49.0	3944.5389885902405
449	144.84311	0.61455584	145.8	140.95	17.287401	18000000	-5.820766e-10	5.180931	-0.0086416565	-0.32848948	0.18713838	0.010286854	0.05365	49.0	3954.023962497711
450	144.75835	0.81849325	146.15	138.65	17.420635	18040000	1.8859282e-08	5.119611	-0.009530755	-0.35532326	0.18831028	0.011354965	0.055225	49.0	3963.498551607132
451	144.78532	0.795238	146.25	140.85	17.373016	18080000	-2.3283064e-10	5.0462227	-0.009305218	-0.33331493	0.18568508	0.011637846	0.054425	49.0	3972.937669992447
452	144.8502	0.59941274	146.25	142.55	17.329365	18120000	-5.122274e-09	5.1478252	-0.0094044525	-0.3366048	0.18945664	0.013190225	0.057299998	49.0	3982.39608669281
453	144.7424	0.75077474	145.8	139.25	17.488	18160000	-2.0954758e-09	5.3847184	-0.009217624	-0.3710329	0.18924409	0.013032562	0.052075002	49.0	3991.8607437610626
454	144.8026	0.63754034	146.25	142.2	17.42231	18200000	5.9371814e-09	5.1257453	-0.00890642	-0.36485416	0.19072996	0.010283703	0.05105	49.0	4001.310226202011
455	144.80435	0.775515	146.25	140.05	17.41502	18240000	-3.0267984e-09	4.891982	-0.009313876	-0.33901805	0.1881893	0.0111014	0.053425	49.0	4010.7741651535034
456	144.84503	0.60614806	146.25	141.85	17.354582	18280000	1.4144462e-08	4.9486847	-0.009339963	-0.35573027	0.18679768	0.011453059	0.052825	49.0	4020.273134946823
457	144.82588	0.63722736	146.25	142.3	17.363636	18320000	4.48199e-09	4.8804884	-0.008239203	-0.33951575	0.1882613	0.008989042	0.049050003	49.0	4029.7442457675934
458	144.80757	0.62709635	146.25	141.65	17.434263	18360000	-1.7462298e-10	5.0267205	-0.009379974	-0.32640907	0.18960194	0.010684088	0.051925004	49.0	4039.193785429001
459	144.7176	0.8049038	146.25	138.8	17.52	18400000	5.47152e-09	5.1783686	-0.008787238	-0.3149786	0.18741068	0.0107230395	0.05055	49.0	4048.74582695961
460	144.75682	0.7574622	146.25	139.95	17.473896	18440000	6.2864274e-09	5.391205	-0.009008829	-0.37961954	0.18406484	0.011688713	0.055225	49.0	4058.235971212387
461	144.66205	0.74822116	145.8	140.7	17.698795	18480000	-7.916242e-09	5.548705	-0.009578578	-0.34389418	0.1971214	0.012651253	0.064225	49.0	4067.653139591217
462	144.83835	0.57298553	145.8	142.0	17.391304	18520000	4.0745363e-10	4.9605675	-0.008196791	-0.31309748	0.17836201	0.010041105	0.0502	49.0	4077.158719062805
463	144.73882	0.7474989	145.8	139.5	17.504	18560000	2.2700988e-09	5.183884	-0.008275535	-0.34299958	0.1817811	0.009922684	0.050449997	49.0	4086.6290440559387
464	144.73552	0.8214745	145.8	137.25	17.49603	18600000	-2.0954758e-09	5.1826096	-0.009668782	-0.45535684	0.1815306	0.010965703	0.054775	49.0	4096.095839738846
465	144.77232	0.95034075	145.8	135.55	17.398407	18640000	4.947651e-09	5.046998	-0.008662963	-0.35075498	0.1839517	0.01020385	0.054175	49.0	4105.529181241989
466	144.86902	0.5610222	145.8	142.7	17.247059	18680000	-1.21071935e-08	5.044897	-0.008149978	-0.34244776	0.17082666	0.009744719	0.052025	49.0	4114.960488557816
467	144.84901	0.6713969	145.8	139.9	17.286274	18720000	2.3283064e-10	4.883456	-0.0082626175	-0.28742886	0.18030554	0.011252939	0.051850002	49.0	4124.388442516327
468	144.94922	0.6275846	145.8	142.3	17.14902	18760000	1.094304e-08	4.6357	-0.008103335	-0.27495304	0.1712621	0.010804518	0.049725	49.0	4133.850648403168
469	144.87999	0.66143984	145.8	140.25	17.22353	18800000	-9.313226e-09	4.9507437	-0.008446173	-0.2859655	0.17273685	0.00815844	0.0479	49.0	4143.276197910309
470	144.84486	0.62465256	145.8	142.75	17.379446	18840000	-6.9849193e-09	5.0798073	-0.008101734	-0.32702148	0.17639406	0.010882874	0.051250003	49.0	4152.753260850906
471	144.80655	0.7306823	145.8	141.5	17.38492	18880000	1.17579475e-08	5.191892	-0.008961625	-0.38529992	0.18485534	0.010506315	0.052625	49.0	4162.193003416061
472	144.89804	0.61588144	145.8	140.95	17.22353	18920000	8.265488e-09	4.712821	-0.0079692155	-0.19949135	0.17086875	0.011001619	0.04575	49.0	4171.632711172104
473	144.87247	0.6798104	146.15	141.45	17.277344	18960000	9.313226e-10	4.964698	-0.007887352	-0.34710327	0.17306843	0.010220285	0.04985	49.0	4181.042403459549
474	144.94238	0.74501646	146.25	140.35	17.113281	19000000	1.6298145e-09	4.6618195	-0.008185262	-0.30326363	0.16736715	0.0116806235	0.048375	49.0	4190.478882074356
475	145.00737	0.6043321	146.25	142.3	16.976744	19040000	1.2456439e-08	4.5452313	-0.007661503	-0.26279587	0.1614798	0.009834586	0.0484	49.0	4199.996205806732
476	144.99826	0.6893763	146.25	140.85	17.003876	19080000	-1.839362e-08	4.62288	-0.00786276	-0.31396502	0.16554368	0.010163292	0.046675	49.0	4209.446781158447
477	144.85825	0.8101869	146.25	138.45	17.219608	19120000	-1.2514647e-08	4.854474	-0.008757772	-0.33535373	0.17348352	0.010532944	0.054375	49.0	4218.847013473511
478	144.84842	1.0077931	146.25	135.3	17.283464	19160000	7.450581e-09	4.992429	-0.010027075	-0.3673461	0.17524466	0.014413371	0.057725005	49.0	4228.278448820114
479	144.9357	0.87473327	146.25	138.95	17.15294	19200000	-4.0745363e-09	4.8967705	-0.008805912	-0.3223469	0.16512404	0.010464015	0.050025	49.0	4237.697169303894
480	144.82788	0.9702751	146.25	135.75	17.346613	19240000	3.5506673e-09	5.2297378	-0.009526974	-0.4250756	0.17545894	0.010777199	0.0527	49.0	4247.061823129654
481	145.01569	0.69067466	146.25	140.9	17.011627	19280000	2.4447218e-09	4.913287	-0.007900271	-0.3220421	0.16028816	0.009938799	0.052425	49.0	4256.45698595047
482	144.93568	0.9232942	146.25	136.9	17.113726	19320000	3.8999133e-09	5.107461	-0.009285417	-0.34467697	0.16805556	0.010762762	0.0522	49.0	4265.881500482559
483	144.87639	0.7982595	146.25	140.95	17.236221	19360000	3.608875e-09	4.913251	-0.009359098	-0.34968385	0.16871458	0.011584738	0.05565	49.0	4275.290377378464
484	144.85138	0.8905282	146.25	137.45	17.263779	19400000	-8.1490725e-10	4.802248	-0.009249811	-0.33590996	0.17067115	0.009476034	0.0514	49.0	4284.685104131699
485	144.87529	0.77368593	146.25	141.95	17.268774	19440000	6.7520887e-09	5.157281	-0.009028619	-0.3713692	0.16728656	0.010248108	0.055549998	49.0	4294.099221944809
486	144.75041	1.2302036	146.25	132.0	17.44	19480000	-7.916242e-09	5.4036365	-0.010124678	-0.4367844	0.17745689	0.013736416	0.05885	49.0	4303.518965959549
487	144.87599	0.94391704	146.25	140.05	17.244095	19520000	-1.2805685e-09	5.13449	-0.009361943	-0.40295547	0.16526487	0.011526436	0.053475	49.0	4312.954133272171
488	144.82619	0.9745653	145.8	139.8	17.287401	19560000	2.3283064e-10	5.241604	-0.009454638	-0.34979162	0.17054893	0.011790053	0.054275	49.0	4322.415945053101
489	144.95078	0.93722904	146.25	138.6	17.109375	19600000	8.3236955e-09	4.93421	-0.008758485	-0.2782091	0.16197169	0.011468787	0.053400002	49.0	4331.84686088562
490	144.7082	1.1151696	146.25	138.75	17.476	19640000	2.561137e-09	5.6847076	-0.0075924774	-0.47423333	0.1783891	0.015032854	0.048775002	18.0	4340.499643802643
491	144.87737	0.8972675	145.7	141.35	17.248032	19680000	4.947651e-10	4.9153905	-0.008703414	-0.37206087	0.16300824	0.009372527	0.048200004	49.0	4349.874636173248
492	144.96152	0.7916521	145.8	141.7	17.074219	19720000	-8.556526e-09	4.9647207	-0.008283737	-0.34292293	0.15671238	0.009812694	0.0474	49.0	4359.4053547382355
493	144.9877	0.77168953	145.8	142.25	17.074219	19760000	1.1001248e-08	4.822958	-0.008168263	-0.26052704	0.15262726	0.009936468	0.046525	49.0	4368.908350944519
494	144.97887	0.7077438	146.25	142.7	17.05814	19800000	9.8661985e-09	5.0196157	-0.008058973	-0.35412556	0.15429868	0.010148938	0.046925	49.0	4378.424416303635
495	145.0008	0.79981744	145.8	138.9	17.03125	19840000	-5.7480065e-09	4.753724	-0.008337641	-0.2806707	0.1488119	0.011144474	0.047075003	49.0	4387.911369562149
496	144.94043	0.76044637	145.8	142.15	17.128906	19880000	-1.0477379e-09	4.9834104	-0.009035317	-0.34777182	0.15703769	0.01226786	0.0527	49.0	4397.377215147018
497	145.0159	0.6299531	146.25	141.1	17.007751	19920000	2.575689e-09	4.875216	-0.0077853617	-0.33186418	0.15300539	0.010967443	0.04925	49.0	4406.8921275138855
498	144.92432	0.70067024	145.8	142.3	17.145098	19960000	5.005859e-09	5.1042986	-0.008252537	-0.3053726	0.16153876	0.009040623	0.046800002	49.0	4416.360985517502
499	144.75572	0.8777091	145.8	140.1	17.375494	20000000	-8.905772e-09	5.711465	-0.010249879	-0.3720135	0.17518814	0.01107803	0.05725	49.0	4425.809777975082
500	144.8143	0.7913886	145.8	141.75	17.25098	20040000	5.005859e-09	5.3152723	-0.00923878	-0.35779983	0.17134243	0.010537907	0.052199997	49.0	4435.314411878586
501	144.93222	0.6695867	145.8	142.3	17.058594	20080000	-2.6193447e-09	5.0054436	-0.008233411	-0.2907018	0.15545103	0.010150027	0.046724997	49.0	4444.824222326279
502	144.93565	0.76742554	146.15	138.85	17.062016	20120000	9.313226e-10	5.166443	-0.008286977	-0.30700904	0.15656008	0.00895802	0.047	49.0	4454.320370674133
503	144.92538	0.63658077	145.8	141.05	17.148438	20160000	-5.9371814e-09	5.319496	-0.008156527	-0.30724686	0.16073978	0.010782998	0.049599998	49.0	4463.930153369904
504	144.90723	0.57716745	146.25	142.9	17.144531	20200000	8.905772e-09	5.0765896	-0.0073354384	-0.2646644	0.16021083	0.0075752363	0.045675002	49.0	4473.438271045685
505	145.03891	0.54366165	145.8	143.3	16.996109	20240000	4.3655746e-09	4.8663144	-0.007493561	-0.26706105	0.15798423	0.008469233	0.04565	49.0	4482.915847539902
506	144.96216	0.5863564	145.8	141.4	17.101961	20280000	-1.565786e-08	4.536723	-0.007393688	-0.23405519	0.16183196	0.010894749	0.0467	49.0	4492.382241010666
507	144.81284	0.8021365	145.8	140.5	17.347826	20320000	-7.916242e-09	5.3014154	-0.009159889	-0.3801766	0.17795414	0.0120264385	0.0519	49.0	4501.868098735809
508	144.8	0.6997593	146.25	142.35	17.404762	20360000	-7.799827e-09	4.974044	-0.0076147164	-0.38756466	0.17408681	0.007955494	0.045725003	49.0	4511.320634126663
509	144.78568	0.7108952	145.8	141.95	17.458168	20400000	-7.683411e-09	5.134636	-0.008611476	-0.31182373	0.17781359	0.011044975	0.051925	49.0	4520.831211090088
510	144.91142	0.66496056	145.8	142.25	17.251968	20440000	-1.6996637e-08	4.909607	-0.007550683	-0.27850085	0.1699951	0.00897501	0.044025	49.0	4530.29718542099
511	144.88452	0.6280789	145.8	141.8	17.293652	20480000	1.3387762e-09	4.6453023	-0.008655766	-0.30259842	0.1777308	0.012140732	0.056950003	49.0	4539.77583861351
512	144.8683	0.7124939	145.8	141.15	17.30315	20520000	-1.3969839e-09	4.663026	-0.008083344	-0.2838673	0.18283889	0.009564747	0.050775	49.0	4549.204968690872
513	144.90411	0.698074	145.8	141.65	17.25098	20560000	-1.1641532e-09	4.551631	-0.008513338	-0.2527872	0.17532447	0.010360088	0.0511	49.0	4558.728056669235
514	144.96568	0.6424293	145.8	141.95	17.14902	20600000	-1.4551915e-09	4.4487753	-0.008682614	-0.2681682	0.17168309	0.009466087	0.0497	49.0	4568.172337770462
515	145.02043	0.6520853	145.8	142.3	17.07004	20640000	-1.0244548e-08	4.359955	-0.008017287	-0.25503048	0.16255331	0.009924678	0.04905	49.0	4577.675577163696
516	145.05	0.5742704	146.25	142.8	17.0	20680000	-1.1874363e-08	4.3786945	-0.0074506467	-0.22354057	0.16310439	0.00786578	0.045025002	49.0	4587.158269882202
517	144.9492	0.65234095	145.8	142.5	17.180391	20720000	-1.0913936e-08	4.663925	-0.009341975	-0.33911306	0.1754891	0.01263929	0.05555	49.0	4596.617506742477
518	145.02538	0.64485556	145.8	142.1	17.003876	20760000	5.9371814e-09	4.5962715	-0.007901993	-0.31782052	0.16315988	0.01052046	0.04585	49.0	4606.063081741333
519	144.84032	0.95756567	145.8	134.75	17.351778	20800000	1.0477379e-09	5.034834	-0.009843965	-0.3161497	0.18080217	0.010078705	0.05635	49.0	4615.562327384949
520	144.89569	0.64327735	146.25	142.2	17.231373	20840000	-1.6298145e-08	4.943208	-0.009543913	-0.32597226	0.17732118	0.011715184	0.05535	49.0	4624.979568719864
521	144.76793	0.7824125	146.25	141.4	17.478088	20880000	-4.656613e-09	5.7517805	-0.0104742795	-0.450248	0.19538449	0.0108634755	0.0625	49.0	4634.395008087158
522	144.9102	0.6419748	145.8	141.95	17.215687	20920000	4.2200554e-10	4.6745768	-0.009513732	-0.35156244	0.18204422	0.0111254575	0.058725	49.0	4643.887207269669
523	144.77449	0.82737494	146.25	139.55	17.418327	20960000	1.2805685e-08	5.6316185	-0.010245452	-0.45090187	0.19564909	0.0110876	0.056175	49.0	4653.261550664902
524	144.77164	0.74920493	145.8	142.55	17.456348	21000000	9.778887e-09	5.2151904	-0.010025205	-0.42534715	0.19896707	0.011310283	0.060725	49.0	4662.689354896545
525	144.93808	0.6065922	146.25	142.8	17.199219	21040000	-5.355105e-09	4.9126	-0.008956726	-0.31118363	0.18345582	0.0125183035	0.056475002	49.0	4672.154277801514
526	144.70764	0.90631545	146.25	137.25	17.606426	21080000	-9.604264e-09	5.1317196	-0.011221169	-0.42703718	0.19685295	0.013656487	0.0598	49.0	4681.590858221054
527	144.71486	1.339649	146.25	129.45	17.526104	21120000	8.643838e-09	5.605082	-0.009764573	-0.49484855	0.19235945	0.010180664	0.056	49.0	4691.016297578812
528	144.738	0.8025561	146.15	141.1	17.512	21160000	-5.122274e-09	5.695961	-0.010224605	-0.4288352	0.1916938	0.012530711	0.0595	49.0	4700.517269849777
529	144.77629	0.69196147	146.25	141.8	17.454184	21200000	1.3154931e-08	5.5225925	-0.011005378	-0.4695735	0.19115365	0.013142107	0.06475	49.0	4709.955367565155
530	144.80678	0.7285816	146.25	139.95	17.394423	21240000	6.8102963e-09	5.5042315	-0.010143032	-0.34263748	0.19440949	0.012833385	0.0611	49.0	4719.370176792145
531	144.84586	0.8573288	146.25	137.9	17.351778	21280000	-1.2922101e-08	5.076297	-0.00943597	-0.37104532	0.18973611	0.009614646	0.0538	49.0	4728.828607082367
532	144.89258	0.65338886	146.25	142.65	17.210938	21320000	4.656613e-10	5.3395433	-0.009066073	-0.39041662	0.18655843	0.011978017	0.056374997	49.0	4738.238158941269
533	144.90923	0.63510334	146.25	143.0	17.19608	21360000	1.4086254e-08	5.1371984	-0.008977728	-0.3616739	0.18109669	0.009079482	0.057225004	49.0	4747.671795845032
534	144.97548	0.55927116	146.25	142.65	17.081713	21400000	-8.236384e-09	5.4178696	-0.008766432	-0.37084854	0.174304	0.011228536	0.055324998	49.0	4757.186268091202
535	144.8022	0.66835505	145.7	141.7	17.366533	21440000	7.916242e-09	5.7324934	-0.009519616	-0.4393741	0.18759513	0.0117719695	0.054475002	49.0	4766.652610063553
536	144.90923	0.68872106	146.25	141.05	17.180391	21480000	-1.2340024e-08	5.352956	-0.008808635	-0.38938516	0.17552842	0.009138731	0.04905	49.0	4776.064329624176
537	145.01035	0.5937009	145.8	141.75	17.019531	21520000	1.3198587e-08	5.0356326	-0.008413422	-0.28248316	0.16875765	0.010620167	0.052275002	49.0	4785.478456258774
538	144.92773	0.6607373	146.25	142.05	17.179688	21560000	-1.3271347e-08	5.09777	-0.008679716	-0.2649628	0.1756536	0.009516895	0.04835	49.0	4794.87370634079
539	145.0002	0.5086886	145.8	142.5	17.007782	21600000	-2.386514e-09	4.846033	-0.0080045555	-0.25937277	0.16769926	0.010202404	0.05215	49.0	4804.299735784531
540	144.90686	0.6895309	145.8	140.25	17.141176	21640000	-7.799827e-09	4.946705	-0.008498005	-0.34094292	0.17400025	0.010301143	0.049925	49.0	4813.736916303635
541	145.00545	0.57067555	146.25	142.75	17.011673	21680000	-7.3341653e-09	4.744084	-0.00885567	-0.32786953	0.16691896	0.01078761	0.053575	49.0	4823.223737716675
542	144.97392	0.6045881	146.25	142.4	17.035019	21720000	2.0401785e-08	4.867502	-0.0077546984	-0.30655783	0.16854507	0.009202294	0.0469	49.0	4832.708530187607
543	144.7413	1.7990785	146.25	118.6	17.268774	21760000	-5.005859e-09	5.179222	-0.0084806625	-0.33946455	0.17191201	0.010874269	0.04945	49.0	4842.155490398407
544	144.81581	0.78771895	146.15	141.45	17.312252	21800000	8.1490725e-10	5.469753	-0.010172489	-0.39761424	0.17460048	0.011068692	0.056399997	49.0	4851.605196475983
545	144.83366	0.79379976	146.15	141.15	17.240158	21840000	8.411007e-09	5.610424	-0.009228775	-0.39065373	0.17536816	0.011934629	0.05645	49.0	4861.124689817429
546	144.96407	0.5997052	145.8	141.45	17.0625	21880000	-1.2805685e-08	5.3723936	-0.00824702	-0.35695422	0.16640124	0.009866633	0.048299998	49.0	4870.603481054306
547	144.98306	0.65495414	146.25	139.7	17.015564	21920000	-9.080395e-09	5.0858583	-0.008119974	-0.3305662	0.16858783	0.011356859	0.0531	49.0	4880.130824804306
548	144.94571	0.569077	145.8	143.1	17.054688	21960000	1.4770194e-08	5.0705185	-0.0077560144	-0.3313185	0.16535938	0.010082325	0.048550002	49.0	4889.606600046158
549	144.94144	0.5880322	145.8	142.1	17.046692	22000000	1.5308615e-08	5.167145	-0.007995684	-0.33425713	0.16753122	0.009100486	0.052950002	49.0	4899.054222106934
550	144.91391	0.75146395	145.8	138.0	17.117647	22040000	9.778887e-09	4.976247	-0.008223597	-0.3258527	0.16771397	0.010557437	0.05185	49.0	4908.4981145858765
551	145.04657	0.5622231	145.95	142.05	16.854961	22080000	-1.7113052e-08	4.8577	-0.006878158	-0.26188746	0.15609066	0.008189049	0.041725002	49.0	4918.03918504715
552	145.0795	0.46458018	145.8	143.0	16.793104	22120000	9.138603e-09	4.9300985	-0.0067838696	-0.25766283	0.1513687	0.008834939	0.04225	49.0	4927.499537229538
553	145.00835	0.52384865	145.8	141.7	16.94186	22160000	5.8789738e-09	5.079261	-0.007223185	-0.3158173	0.16199875	0.009014976	0.043775	49.0	4937.006381511688
554	144.97305	0.61958295	145.8	140.9	16.992188	22200000	3.3178367e-09	4.957264	-0.0070573324	-0.2988937	0.15651932	0.007655947	0.045275003	49.0	4946.547689199448
555	144.94183	0.5708303	145.8	141.85	17.046692	22240000	1.268927e-08	4.831537	-0.0075401966	-0.24717698	0.16461852	0.008381924	0.0483	49.0	4956.067049026489
556	144.95737	0.68724775	145.8	140.35	17.023256	22280000	-7.450581e-09	4.8205204	-0.007288223	-0.2955584	0.16164497	0.009727161	0.045225002	49.0	4965.568276882172
557	144.8795	0.7086512	146.05	140.05	17.144531	22320000	4.132744e-09	5.367513	-0.009225597	-0.3582425	0.1683515	0.012403006	0.055325	49.0	4975.062383890152
558	144.87335	0.6137919	145.8	141.45	17.137255	22360000	-1.4901161e-08	5.2879515	-0.009100317	-0.3805552	0.16833599	0.0104637835	0.04895	49.0	4984.539774894714
559	144.95291	0.90944076	145.8	133.8	17.066149	22400000	1.4551915e-08	4.921114	-0.0076404684	-0.3838265	0.16110852	0.008904501	0.046475	49.0	4994.002755641937
560	145.011	0.53090227	145.8	142.35	16.938225	22440000	-6.4028427e-09	4.612619	-0.00745655	-0.24740279	0.1554211	0.011142056	0.046325	49.0	5003.5654129981995
