Episode	TestRet	TestSteps	AverageEpRet	StdEpRet	MaxEpRet	MinEpRet	EpLen	Time
50	-145.00000216066837	100.0	-161.59799	5.733654	-147.40001	-174.3	100.0	3 min 38 sec
100	-145.00000216066837	100.0	-160.431	6.2849336	-146.7	-173.90001	100.0	6 min 43 sec
150	-151.03500277139247	100.0	-159.40201	6.1462665	-137.15001	-172.05	100.0	12 min 12 sec
200	-157.310003304109	100.0	-155.58002	8.104535	-131.5	-174.45	100.0	18 min 22 sec
250	-148.1900024149567	100.0	-154.44202	8.137127	-128.6	-171.75	100.0	25 min 6 sec
300	-148.6500026591122	100.0	-152.644	8.1244545	-126.9	-168.25	100.0	31 min 34 sec
350	-144.58000310398637	100.0	-151.768	8.180359	-132.35	-167.40001	100.0	38 min 24 sec
400	-162.5050035573542	100.0	-150.848	8.575127	-129.85	-168.7	100.0	44 min 58 sec
450	-158.00000327825546	100.0	-150.172	7.543993	-129.25	-169.15001	100.0	51 min 41 sec
500	-158.57000331245362	100.0	-148.91501	9.264622	-121.9	-170.25	100.0	58 min 33 sec
550	-135.15000284947456	100.0	-147.092	9.833018	-121.200005	-166.8	100.0	1 h 5 min 8 sec
600	-183.28000415712594	100.0	-143.45601	10.406727	-121.85	-164.3	100.0	1 h 11 min 38 sec
650	-145.51000240705906	100.0	-142.513	7.6926646	-122.9	-157.6	100.0	1 h 17 min 59 sec
700	-160.25000406838953	100.0	-140.059	9.234709	-111.5	-158.2	100.0	1 h 24 min 8 sec
750	-149.22000263109803	100.0	-141.658	9.997226	-108.450005	-161.45	100.0	1 h 30 min 51 sec
800	-139.97500261366366	100.0	-138.589	9.346729	-108.350006	-164.7	100.0	1 h 37 min 24 sec
850	-162.76000339463354	100.0	-134.026	11.871821	-100.05	-155.05	100.0	1 h 44 min 6 sec
900	-163.42000395655631	100.0	-136.211	12.172565	-77.15	-157.5	100.0	1 h 50 min 55 sec
950	-171.34000423774123	100.0	-136.279	12.719502	-103.35	-155.3	100.0	1 h 57 min 39 sec
1000	-131.8850023228675	100.0	-133.24	13.578325	-96.75	-152.7	100.0	2 h 4 min 21 sec
1050	-146.33000283949076	100.0	-134.297	14.813585	-78.200005	-155.05	100.0	2 h 10 min 51 sec
1100	-158.53000376187265	100.0	-130.74799	12.812826	-101.55	-156.0	100.0	2 h 17 min 31 sec
1150	-162.45000408627092	100.0	-129.043	13.07788	-95.0	-148.90001	100.0	2 h 24 min 17 sec
1200	-155.7600032761693	100.0	-126.519005	19.099283	-54.250004	-157.7	100.0	2 h 30 min 29 sec
1250	-188.88500515557826	100.0	-123.549	12.454968	-81.3	-154.45	100.0	2 h 36 min 47 sec
1300	-172.320004401356	100.0	-121.51102	14.482605	-82.5	-144.90001	100.0	2 h 43 min 4 sec
1350	-152.39000360406936	100.0	-121.637985	12.718646	-77.65	-144.55	100.0	2 h 49 min 58 sec
1400	-138.7300041195005	100.0	-118.54	19.981422	-43.7	-152.7	100.0	2 h 56 min 45 sec
1450	-155.7300040125847	100.0	-111.412994	23.028551	-33.850002	-148.8	100.0	3 h 3 min 17 sec
1500	-157.43000419847667	100.0	-113.892	18.42662	-70.200005	-148.40001	100.0	3 h 9 min 2 sec
1550	-157.30000374540685	100.0	-113.562004	19.30593	-67.950005	-140.8	100.0	3 h 13 min 10 sec
1600	-158.10000354722143	100.0	-109.85899	19.913317	-58.9	-144.0	100.0	3 h 17 min 15 sec
1650	-156.17000428475438	100.0	-107.32801	20.229813	-65.55	-156.25	100.0	3 h 22 min 3 sec
1700	-153.9800033003092	100.0	-105.988014	21.323893	-43.100002	-138.45	100.0	3 h 26 min 42 sec
1750	-97.40500327572227	100.0	-105.322014	18.032427	-58.4	-134.05	100.0	3 h 32 min 31 sec
1800	-152.2000035919249	100.0	-97.05	27.07029	-22.750002	-135.40001	100.0	3 h 37 min 53 sec
1850	-143.0800037242472	100.0	-97.391	28.326519	-17.700003	-138.8	100.0	3 h 42 min 1 sec
1900	-95.88500307537615	100.0	-100.987	23.22382	-20.000002	-138.55	100.0	3 h 46 min 9 sec
1950	-126.43000310957432	100.0	-99.56601	23.574469	-25.800003	-130.1	100.0	3 h 50 min 38 sec
2000	-134.44500401876866	100.0	-93.272	27.35393	-35.4	-137.45	100.0	3 h 54 min 24 sec
2050	-138.06500385925173	100.0	-94.51601	22.060774	-29.350002	-131.55	100.0	3 h 58 min 45 sec
2100	-136.6400029681623	100.0	-105.41599	24.882956	-44.800003	-151.5	100.0	4 h 3 min 33 sec
2150	-109.10000312142074	100.0	-100.992004	42.58217	-6.0500026	-236.65001	100.0	4 h 6 min 27 sec
2200	-169.04000473581254	100.0	-100.090996	24.187218	-34.100002	-146.85	100.0	4 h 10 min 27 sec
2250	-142.50500407144426	100.0	-99.64799	21.579754	-51.350002	-137.0	100.0	4 h 14 min 54 sec
2300	-155.75500446781516	100.0	-92.961	21.939016	-50.800003	-136.85	100.0	4 h 18 min 19 sec
2350	-121.30500286072493	100.0	-84.39	26.63608	-7.900002	-126.700005	100.0	4 h 22 min 58 sec
2400	-143.41000440381467	100.0	-92.246	27.451162	-26.450003	-158.20001	100.0	4 h 27 min 46 sec
2450	-120.73500423431396	100.0	-91.798	22.327393	-39.500004	-156.7	100.0	4 h 31 min 12 sec
2500	-111.37000423967838	100.0	-84.029015	26.605654	-27.550001	-161.25	100.0	4 h 36 min 37 sec
2550	-130.2900031942874	100.0	-79.977005	25.458265	-33.850002	-137.35	100.0	4 h 39 min 32 sec
2600	-98.46500311084091	100.0	-87.662	27.751192	-21.050003	-139.35	100.0	4 h 43 min 25 sec
2650	-121.17000434994698	100.0	-79.391	32.20588	0.6499973	-123.9	100.0	4 h 46 min 45 sec
2700	-109.24000372216105	100.0	-86.629005	28.907284	-13.400003	-127.65	100.0	4 h 51 min 0 sec
2750	-138.36000520549715	100.0	-89.984	28.127365	-14.400003	-147.6	100.0	4 h 55 min 36 sec
2800	-97.47500248476862	100.0	-82.079	32.00532	29.449997	-179.1	100.0	5 h 0 min 12 sec
2850	-149.4350050330162	100.0	-89.195	34.064144	-29.850002	-178.90001	100.0	5 h 3 min 58 sec
2900	-132.32000434324146	100.0	-80.845	27.434917	-13.100003	-131.0	100.0	5 h 7 min 21 sec
2950	-134.93500445000828	100.0	-83.285	21.209602	-37.900005	-129.3	100.0	5 h 12 min 25 sec
3000	-112.36500329375266	100.0	-86.07101	30.269794	-16.950003	-150.95001	100.0	5 h 17 min 42 sec
3050	-103.2950036123395	100.0	-84.918	29.689325	-9.100003	-139.90001	100.0	5 h 22 min 35 sec
3100	-142.44000432230533	100.0	-86.395	31.35489	-4.800003	-149.05	100.0	5 h 25 min 42 sec
3150	-113.54500381499528	100.0	-85.018	24.59738	-35.200005	-140.45001	100.0	5 h 29 min 17 sec
3200	-116.39000333324074	100.0	-88.995	25.622213	-31.450003	-132.15001	100.0	5 h 33 min 38 sec
3250	-113.67500390559435	100.0	-79.705	23.98816	-23.300001	-143.1	100.0	5 h 36 min 45 sec
3300	-120.63000378645957	100.0	-81.83501	29.751055	18.399998	-129.25	100.0	5 h 40 min 52 sec
3350	-128.36500383093954	100.0	-86.89299	29.98184	-22.300003	-171.45001	100.0	5 h 44 min 27 sec
3400	-107.06500288434327	100.0	-85.399	29.286531	-5.1500025	-149.45001	100.0	5 h 49 min 53 sec
3450	-116.28000297695398	100.0	-94.588	33.90726	-20.400003	-212.40001	100.0	5 h 54 min 58 sec
3500	-98.95500351674855	100.0	-85.505	29.589327	39.549995	-131.25	100.0	5 h 59 min 59 sec
3550	-82.15000342316925	100.0	-70.388	25.682432	-2.0000024	-118.450005	100.0	6 h 4 min 23 sec
3600	-114.92500441595912	100.0	-76.451996	30.82047	3.3499978	-123.850006	100.0	6 h 9 min 52 sec
3650	-94.98000339530408	100.0	-80.86	27.754766	-2.0500035	-127.8	100.0	6 h 13 min 54 sec
3700	-102.28000302836298	100.0	-81.642	31.461823	-8.450003	-200.20001	100.0	6 h 18 min 22 sec
3750	-107.20500357151032	100.0	-80.513	30.079536	-20.300003	-158.1	100.0	6 h 23 min 0 sec
3800	-84.57500246912241	100.0	-75.786	24.304749	-11.750003	-125.600006	100.0	6 h 26 min 3 sec
3850	-89.91000313386321	100.0	-82.75801	26.199286	-21.600004	-166.45001	100.0	6 h 29 min 55 sec
3900	-131.36500567235052	100.0	-79.08101	30.380226	-12.850002	-140.90001	100.0	6 h 35 min 3 sec
3950	-101.11500302106143	100.0	-85.929	25.099068	-30.850002	-137.70001	100.0	6 h 39 min 34 sec
4000	-82.95000289045274	100.0	-87.481	30.734667	-13.600002	-212.45001	100.0	6 h 44 min 21 sec
4050	-104.59000298194587	100.0	-69.809	31.747105	27.749996	-136.25	100.0	6 h 49 min 53 sec
4100	-132.10000388137996	100.0	-81.53	37.01741	-4.7000017	-159.55	100.0	6 h 53 min 44 sec
4150	-176.14000713787973	100.0	-85.217995	31.512022	-2.8500028	-160.05	100.0	6 h 56 min 58 sec
4200	-182.89000710844994	100.0	-89.006	31.026155	-29.650003	-173.6	100.0	7 h 1 min 47 sec
4250	-119.2700041834265	100.0	-80.677	34.958214	-4.000002	-160.95001	100.0	7 h 5 min 30 sec
4300	-95.67000319696963	100.0	-81.865005	26.665445	-18.950003	-132.3	100.0	7 h 9 min 35 sec
4350	-113.360003682971	100.0	-74.643	30.899445	6.6999974	-141.45	100.0	7 h 12 min 40 sec
4400	-76.0250025961548	100.0	-78.19101	27.410753	-14.450003	-122.600006	100.0	7 h 16 min 54 sec
4450	-115.32500349022447	100.0	-75.628006	30.925577	0.9499972	-130.5	100.0	7 h 21 min 33 sec
4500	-108.09500420130789	100.0	-88.588005	36.919548	-12.300003	-177.15001	100.0	7 h 26 min 18 sec
4550	-80.2550025112927	100.0	-79.438	28.008818	-8.550004	-128.25	100.0	7 h 30 min 39 sec
4600	-86.26000316515565	100.0	-79.61001	31.987602	2.249997	-123.65	100.0	7 h 35 min 34 sec
4650	-106.1400032106787	100.0	-73.783005	26.69559	-21.600002	-125.600006	100.0	7 h 39 min 22 sec
4700	-108.51500394158066	100.0	-85.99199	27.108906	-34.450005	-147.35	100.0	7 h 43 min 29 sec
4750	-94.17500314228236	100.0	-79.856	31.453217	11.449997	-133.65001	100.0	7 h 46 min 29 sec
4800	-107.07500384002924	100.0	-72.044	33.09107	-1.1000029	-143.6	100.0	7 h 51 min 14 sec
4850	-120.82000350356103	100.0	-81.213005	30.230667	10.499997	-159.90001	100.0	7 h 56 min 0 sec
4900	-83.87500286996365	100.0	-75.828	34.058544	-5.6000023	-129.25	100.0	8 h 0 min 0 sec
4950	-116.63500415161252	100.0	-79.436	30.652067	6.1499968	-167.5	100.0	8 h 2 min 51 sec
5000	-94.45500327907503	100.0	-71.429	29.12819	1.4999982	-135.25	100.0	8 h 6 min 49 sec
5050	-96.64500372186303	100.0	-73.3	31.675177	7.5999975	-123.05	100.0	8 h 10 min 17 sec
5100	-116.46000516787171	100.0	-74.656006	36.019993	0.14999755	-186.25	100.0	8 h 13 min 10 sec
5150	-82.56500374935567	100.0	-86.319016	32.505642	-34.000004	-218.20001	100.0	8 h 17 min 38 sec
5200	-101.32000341005623	100.0	-76.519005	27.794363	1.6999965	-134.5	100.0	8 h 21 min 47 sec
5250	-84.03500305265189	100.0	-73.548004	27.88056	-5.3500037	-128.6	100.0	8 h 26 min 34 sec
5300	-78.95000351928175	100.0	-77.563	29.676304	-7.650003	-146.5	100.0	8 h 29 min 19 sec
5350	-113.51000396832823	100.0	-81.46001	25.970118	-13.750002	-124.100006	100.0	8 h 33 min 58 sec
5400	-227.55500981286167	100.0	-77.867004	35.03091	-8.850002	-154.3	100.0	8 h 37 min 14 sec
5450	-117.39000450894237	100.0	-91.06301	35.78219	-32.4	-227.00002	100.0	8 h 41 min 22 sec
5500	-141.00500578954816	100.0	-80.926	36.190643	-0.90000224	-162.1	100.0	8 h 44 min 45 sec
5550	-95.77000300586224	100.0	-71.652	36.822144	17.249996	-169.65001	100.0	8 h 48 min 52 sec
5600	-94.13500353284181	100.0	-70.386	31.369455	9.499997	-151.55	100.0	8 h 52 min 58 sec
5650	-100.91500327028334	100.0	-68.719	24.551777	-13.350002	-122.15	100.0	8 h 56 min 14 sec
5700	-117.54000383801758	100.0	-74.913	31.136267	-10.500004	-149.55	100.0	8 h 59 min 44 sec
5750	-74.43500335030258	100.0	-75.645004	25.403208	-21.300003	-121.05	100.0	9 h 3 min 47 sec
5800	-100.79500351622701	100.0	-66.778	31.196672	11.199996	-121.450005	100.0	9 h 7 min 47 sec
5850	-84.83000350967049	100.0	-63.735	29.707973	25.299997	-114.200005	100.0	9 h 10 min 34 sec
5900	-89.3800029605627	100.0	-77.649	31.13421	9.149996	-182.40001	100.0	9 h 13 min 37 sec
5950	-102.69000385813415	100.0	-64.859	26.552433	36.499996	-119.55	100.0	9 h 17 min 47 sec
6000	-91.73000303208828	100.0	-66.577	32.66421	-1.3500029	-141.35	100.0	9 h 21 min 35 sec
6050	-90.88500428386033	100.0	-66.28001	31.089365	24.499996	-124.950005	100.0	9 h 25 min 41 sec
6100	-84.83000351451338	100.0	-74.41901	34.515644	30.999996	-168.3	100.0	9 h 28 min 25 sec
6150	-132.27000477239488	100.0	-70.497	30.878922	-1.5000023	-142.2	100.0	9 h 32 min 4 sec
6200	-59.265002851188186	100.0	-75.912994	30.126371	2.849997	-130.95	100.0	9 h 36 min 31 sec
6250	-94.35000319182873	100.0	-68.981	26.400711	-11.000002	-134.90001	100.0	9 h 41 min 0 sec
6300	-90.57500344105065	100.0	-57.152	37.18672	45.049995	-130.8	100.0	9 h 45 min 10 sec
6350	-89.96000406071543	100.0	-63.385	29.188608	38.499996	-115.15	100.0	9 h 48 min 10 sec
6400	-76.22500277608633	100.0	-69.62	36.23275	6.2999973	-184.15001	100.0	9 h 52 min 30 sec
6450	-101.26000381968916	100.0	-61.179005	27.095358	0.89999765	-107.950005	100.0	9 h 55 min 41 sec
6500	-79.35500343069434	100.0	-58.11	34.12684	54.6	-119.8	100.0	9 h 59 min 55 sec
6550	-85.03000387251377	100.0	-63.562008	27.48163	5.3499966	-120.0	100.0	10 h 3 min 59 sec
6600	-89.90000359006225	100.0	-77.13	24.106344	-13.000003	-119.700005	100.0	10 h 6 min 41 sec
6650	-105.78000362440943	100.0	-70.105	27.661272	17.899998	-126.950005	100.0	10 h 10 min 55 sec
6700	-68.00000311769546	100.0	-70.565	30.87927	23.299997	-135.6	100.0	10 h 15 min 54 sec
6750	-70.79500320628286	100.0	-75.562996	32.108486	-2.6000035	-142.95	100.0	10 h 19 min 29 sec
6800	-94.78500427491963	100.0	-68.745	30.68272	16.449997	-147.1	100.0	10 h 23 min 28 sec
6850	-106.86000407934189	100.0	-71.396	36.32618	13.949997	-151.45001	100.0	10 h 26 min 13 sec
6900	-94.31000379361213	100.0	-67.674	30.633755	-1.8500037	-118.600006	100.0	10 h 29 min 1 sec
6950	-105.20000340007246	100.0	-68.616005	31.93474	7.3999968	-131.15001	100.0	10 h 32 min 35 sec
7000	-93.55000367499888	100.0	-73.297	31.752851	-10.300003	-170.1	100.0	10 h 35 min 25 sec
7050	-81.07000341042877	100.0	-71.81901	30.67665	-14.800002	-125.75001	100.0	10 h 39 min 42 sec
7100	-67.63000276461244	100.0	-69.525	28.79707	4.2999973	-121.05	100.0	10 h 44 min 6 sec
7150	-99.45500426851213	100.0	-56.657997	33.77748	33.399998	-114.05	100.0	10 h 47 min 18 sec
7200	-92.11500291638076	100.0	-54.3	30.604002	6.6499968	-109.3	100.0	10 h 51 min 7 sec
7250	-102.14000354707241	100.0	-76.574005	35.758118	-4.350003	-193.25002	100.0	10 h 56 min 2 sec
7300	-72.47000348009169	100.0	-67.419	28.701445	-11.050003	-165.65001	100.0	10 h 59 min 16 sec
7350	-68.79000323973597	100.0	-67.603004	48.64302	13.899997	-214.8	100.0	11 h 4 min 0 sec
7400	-31.01500291377306	100.0	-66.498	31.054222	-10.4000025	-138.05	100.0	11 h 8 min 19 sec
7450	-76.30500274188816	100.0	-61.838	30.64359	0.79999626	-125.55	100.0	11 h 12 min 24 sec
7500	-74.47000295557082	100.0	-62.616	31.58178	9.849996	-153.3	100.0	11 h 16 min 26 sec
7550	-83.73000417686998	100.0	-60.605003	33.598705	9.699997	-136.40001	100.0	11 h 20 min 0 sec
7600	-62.09000359512866	100.0	-67.56801	29.17395	5.749997	-131.65001	100.0	11 h 23 min 19 sec
7650	-60.23000360801816	100.0	-61.841	33.68945	41.1	-121.4	100.0	11 h 27 min 28 sec
7700	-79.7850036740303	100.0	-63.32	28.637444	3.0499973	-123.05	100.0	11 h 31 min 37 sec
7750	-80.82000331319868	100.0	-62.150005	34.519398	18.149996	-130.6	100.0	11 h 36 min 7 sec
7800	-63.830003055930135	100.0	-59.706005	36.008415	27.949997	-133.35	100.0	11 h 40 min 27 sec
7850	-77.4700037818402	100.0	-59.137	29.43851	-4.2000027	-136.95	100.0	11 h 44 min 27 sec
7900	-75.97000429481268	100.0	-54.657005	31.924957	50.249996	-116.3	100.0	11 h 47 min 42 sec
7950	-107.68000418283046	100.0	-54.107998	26.103975	-3.2000017	-118.700005	100.0	11 h 51 min 15 sec
8000	-86.95000334866344	100.0	-61.504005	34.199814	26.949997	-133.7	100.0	11 h 55 min 58 sec
8050	-94.305005537346	100.0	-56.844006	28.2865	19.799997	-128.75	100.0	12 h 0 min 10 sec
8100	-61.5350026987493	100.0	-62.23501	33.63491	14.099997	-130.35	100.0	12 h 4 min 7 sec
8150	-81.45500473938883	100.0	-60.509	33.141598	31.399996	-127.700005	100.0	12 h 8 min 45 sec
8200	-62.360003458708526	100.0	-61.396008	37.529392	22.399998	-138.05	100.0	12 h 13 min 53 sec
8250	-102.14000425450504	100.0	-68.243004	30.180986	10.399997	-142.5	100.0	12 h 19 min 25 sec
8300	-60.005003140494225	100.0	-63.235	32.42854	28.399998	-120.700005	100.0	12 h 23 min 30 sec
8350	-99.68500382825732	100.0	-62.980003	33.174397	-8.050003	-133.85	100.0	12 h 26 min 40 sec
8400	-99.51500398926437	100.0	-53.604004	33.78227	4.3999977	-117.9	100.0	12 h 31 min 3 sec
8450	-34.495003232732415	100.0	-55.095005	32.600945	50.35	-114.850006	100.0	12 h 35 min 31 sec
8500	-101.11500390805304	100.0	-54.519005	37.867577	14.3499975	-135.35	100.0	12 h 39 min 8 sec
8550	-78.17000357471406	100.0	-58.443005	35.2442	23.499998	-142.5	100.0	12 h 43 min 6 sec
8600	-102.8050038151443	100.0	-56.201004	29.295675	9.399997	-112.100006	100.0	12 h 47 min 51 sec
8650	-89.67500341013074	100.0	-49.081005	31.28716	31.299997	-115.8	100.0	12 h 52 min 27 sec
8700	-64.31500299423934	100.0	-49.632004	26.974543	15.299995	-117.200005	100.0	12 h 55 min 56 sec
8750	-76.35500328689814	100.0	-50.417004	34.07054	25.149998	-108.9	100.0	12 h 58 min 39 sec
8800	-74.53000378347933	100.0	-57.417007	37.376717	12.249997	-180.55	100.0	13 h 2 min 32 sec
8850	-64.28000356070697	100.0	-57.671	33.786	18.599997	-135.7	100.0	13 h 5 min 19 sec
8900	-48.07000310197473	100.0	-49.474	32.91575	27.349997	-119.200005	100.0	13 h 8 min 52 sec
8950	-54.95500368438661	100.0	-56.873	32.935787	41.649998	-121.9	100.0	13 h 13 min 13 sec
9000	-77.94500320330262	100.0	-51.856007	26.052101	15.499997	-99.9	100.0	13 h 17 min 5 sec
9050	-74.01000388525426	100.0	-61.942	34.66161	8.949997	-134.95001	100.0	13 h 19 min 58 sec
9100	-62.530003445968035	100.0	-58.721004	29.181194	27.549997	-116.5	100.0	13 h 24 min 49 sec
9150	-76.3550035547465	100.0	-54.431007	25.535585	-15.1500025	-107.50001	100.0	13 h 29 min 17 sec
9200	-66.97000328190624	100.0	-48.230003	37.561905	59.699997	-123.100006	100.0	13 h 34 min 2 sec
9250	-32.43000277616083	100.0	-58.842007	29.223476	6.499998	-116.15	100.0	13 h 37 min 15 sec
9300	-51.59000347442925	100.0	-59.203003	24.808697	5.1499968	-99.0	100.0	13 h 41 min 8 sec
9350	-76.42500359527767	100.0	-55.147003	35.281254	57.749996	-130.2	100.0	13 h 45 min 58 sec
9400	-50.450003407523035	100.0	-57.839005	32.340466	10.749998	-132.6	100.0	13 h 50 min 49 sec
9450	-72.27500325404108	100.0	-50.023006	37.871845	27.249998	-134.75	100.0	13 h 54 min 54 sec
9500	-54.320003347098826	100.0	-57.517	34.754005	23.249996	-133.35	100.0	13 h 58 min 26 sec
9550	-68.25500409305096	100.0	-52.453003	29.348846	24.049997	-113.850006	100.0	14 h 3 min 1 sec
9600	-51.89000381007791	100.0	-50.492	32.18575	39.6	-123.3	100.0	14 h 7 min 35 sec
9650	-72.54500339813531	100.0	-46.266006	28.941694	35.6	-106.450005	100.0	14 h 10 min 57 sec
9700	-68.86500373817981	100.0	-49.214005	30.100414	20.499998	-108.8	100.0	14 h 15 min 5 sec
9750	-58.36000367105007	100.0	-42.757004	28.410887	30.749998	-107.75	100.0	14 h 19 min 53 sec
9800	-67.8800038985908	100.0	-33.535004	31.536654	69.4	-92.8	100.0	14 h 24 min 34 sec
9850	-52.815003445744516	100.0	-49.663002	31.393269	41.85	-120.65	100.0	14 h 29 min 56 sec
9900	-62.470003771036865	100.0	-55.246006	37.66847	41.399998	-141.6	100.0	14 h 33 min 4 sec
9950	-57.950003278255465	100.0	-40.659004	34.426037	55.199997	-126.600006	100.0	14 h 38 min 4 sec
10000	-71.76000352539123	100.0	-51.588	30.674923	37.349995	-115.4	100.0	14 h 42 min 39 sec
10050	-46.795003256201746	100.0	-45.637	34.614357	52.199997	-116.5	100.0	14 h 47 min 34 sec
10100	-75.71000304222108	100.0	-50.044003	33.79913	28.749998	-122.9	100.0	14 h 52 min 2 sec
10150	-65.07000399269164	100.0	-51.104	34.164673	15.499996	-135.85	100.0	14 h 56 min 24 sec
10200	-20.69500319249928	100.0	-44.008	27.145815	30.999998	-97.75	100.0	14 h 59 min 38 sec
10250	-58.02000376656652	100.0	-45.898003	34.53136	50.1	-119.0	100.0	15 h 4 min 18 sec
10300	-90.09500460140407	100.0	-42.522007	31.115902	32.699997	-114.4	100.0	15 h 8 min 22 sec
10350	-44.50500322282314	100.0	-42.941006	33.758694	33.549995	-132.8	100.0	15 h 13 min 16 sec
10400	-71.22500402778387	100.0	-38.508	35.41255	51.05	-111.9	100.0	15 h 17 min 0 sec
10450	-35.47500357665122	100.0	-33.815002	28.703075	64.65	-94.950005	100.0	15 h 21 min 41 sec
10500	-62.52500312589109	100.0	-43.253998	34.747288	33.1	-123.3	100.0	15 h 27 min 13 sec
10550	-47.9750026460737	100.0	-35.664	36.26743	51.1	-117.25	100.0	15 h 32 min 3 sec
10600	-60.010003694146874	100.0	-46.25401	29.554453	19.849998	-100.850006	100.0	15 h 36 min 54 sec
10650	-41.200002728030086	100.0	-48.489	37.686253	68.35	-128.25	100.0	15 h 40 min 40 sec
10700	-15.635003156587482	100.0	-28.316004	36.108192	59.149998	-111.8	100.0	15 h 45 min 50 sec
10750	-54.21000367179513	100.0	-37.625004	30.891062	15.499997	-133.85	100.0	15 h 50 min 52 sec
10800	-46.88500325009227	100.0	-39.938004	26.932308	45.6	-109.600006	100.0	15 h 55 min 47 sec
10850	-21.79000393599272	100.0	-29.243	32.471855	54.55	-88.950005	100.0	16 h 0 min 3 sec
10900	-51.11500429883599	100.0	-39.323	38.027847	35.499996	-161.70001	100.0	16 h 3 min 45 sec
10950	-25.19500293508172	100.0	-46.096	37.562244	41.899998	-116.100006	100.0	16 h 8 min 18 sec
11000	-8.010002904385328	100.0	-34.86	33.74397	32.55	-103.15	100.0	16 h 12 min 42 sec
11050	-48.445003141462806	100.0	-35.787003	39.775135	38.249996	-104.200005	100.0	16 h 17 min 1 sec
11100	-63.48000446036458	100.0	-40.202003	34.709976	51.649998	-100.9	100.0	16 h 22 min 39 sec
11150	-62.96000390388072	100.0	-43.641006	27.94888	21.449995	-97.15	100.0	16 h 27 min 44 sec
11200	-54.030003380402924	100.0	-39.854	31.413841	32.049995	-126.850006	100.0	16 h 33 min 2 sec
11250	-37.87500339224935	100.0	-53.814003	37.128357	33.249996	-125.75	100.0	16 h 37 min 45 sec
11300	-21.025002612918616	100.0	-41.441006	30.785975	24.599998	-120.950005	100.0	16 h 42 min 8 sec
11350	-44.77500293105841	100.0	-37.168	30.37422	55.949997	-101.5	100.0	16 h 46 min 25 sec
11400	-36.84000309072435	100.0	-36.942005	29.164976	39.949997	-88.100006	100.0	16 h 50 min 47 sec
11450	-115.1000068694353	100.0	-33.132004	34.43453	51.85	-99.950005	100.0	16 h 55 min 28 sec
11500	-52.39500299245119	100.0	-45.804005	42.526672	50.8	-168.8	100.0	17 h 0 min 7 sec
11550	-37.76000374220312	100.0	-33.903004	39.786835	53.199997	-141.1	100.0	17 h 4 min 5 sec
11600	-35.705003983154896	100.0	-34.343002	33.172665	62.649998	-106.850006	100.0	17 h 9 min 1 sec
11650	-73.17500528022647	100.0	-29.035002	36.440544	76.6	-92.8	100.0	17 h 13 min 58 sec
11700	-66.82000334709883	100.0	-29.810003	27.057829	21.999996	-110.25	100.0	17 h 17 min 29 sec
11750	-45.350002602487805	100.0	-28.897005	31.641632	80.85	-93.850006	100.0	17 h 21 min 55 sec
11800	-42.72000307813287	100.0	-31.637001	30.803154	45.8	-105.700005	100.0	17 h 26 min 19 sec
11850	-32.080002734065054	100.0	-34.302002	37.66603	64.2	-105.950005	100.0	17 h 30 min 58 sec
11900	-13.04500240497291	100.0	-36.877003	35.44849	81.799995	-101.05	100.0	17 h 36 min 8 sec
11950	-46.085002821311356	100.0	-35.688004	30.366432	60.499996	-91.4	100.0	17 h 41 min 25 sec
12000	-36.98000290058553	100.0	-29.975004	29.609922	31.399998	-103.65	100.0	17 h 45 min 39 sec
12050	-32.91500270888209	100.0	-31.583002	37.127045	52.899998	-125.450005	100.0	17 h 50 min 31 sec
12100	-13.995002884045244	100.0	-27.767002	32.132427	36.149998	-78.950005	100.0	17 h 55 min 2 sec
12150	-24.455002934858204	100.0	-36.154003	38.112553	66.75	-121.600006	100.0	17 h 59 min 33 sec
12200	-57.01000387221575	100.0	-35.086002	39.16998	59.699997	-145.6	100.0	18 h 4 min 17 sec
12250	-47.270004122704265	100.0	-27.207003	39.702156	55.249996	-120.9	100.0	18 h 8 min 46 sec
12300	-51.35000374987722	100.0	-31.663002	29.45208	38.999996	-106.5	100.0	18 h 13 min 35 sec
12350	-20.950003350153565	100.0	-34.501003	38.949406	62.649998	-113.950005	100.0	18 h 18 min 10 sec
12400	-16.395002848654986	100.0	-35.531002	35.54168	43.499996	-130.55	100.0	18 h 23 min 4 sec
12450	-66.8000047262758	100.0	-39.073	34.421585	67.4	-112.950005	100.0	18 h 27 min 52 sec
12500	-9.055003045499324	100.0	-30.869003	32.53628	51.499996	-112.100006	100.0	18 h 32 min 57 sec
12550	-31.290002388507126	100.0	-36.844	33.917942	37.35	-101.05	100.0	18 h 37 min 14 sec
12600	-37.37500284574926	100.0	-36.689	38.558968	63.199997	-123.600006	100.0	18 h 41 min 53 sec
12650	-56.41500351801515	100.0	-36.817	36.16215	37.899998	-131.05	100.0	18 h 46 min 6 sec
12700	-43.47000390663743	100.0	-27.985	28.941526	37.499996	-102.850006	100.0	18 h 50 min 24 sec
12750	-59.340004469454286	100.0	-22.756006	38.720345	69.45	-124.75	100.0	18 h 54 min 19 sec
12800	-49.935003535822034	100.0	-27.888002	43.045097	57.3	-121.05	100.0	18 h 58 min 29 sec
12850	-32.3000036071986	100.0	-33.455006	34.87553	96.549995	-90.15	100.0	19 h 2 min 44 sec
12900	-20.71000264175236	100.0	-26.401001	31.1668	55.899998	-104.55	100.0	19 h 7 min 4 sec
12950	-45.59500363469124	100.0	-37.463	34.25575	51.799995	-101.9	100.0	19 h 11 min 11 sec
13000	-34.795003374293444	100.0	-24.541004	33.394268	53.3	-83.700005	100.0	19 h 15 min 25 sec
13050	-26.37500324435532	100.0	-32.213	33.79001	37.799995	-98.8	100.0	19 h 20 min 13 sec
13100	-31.79000247940421	100.0	-33.244003	35.888367	40.999996	-113.600006	100.0	19 h 25 min 21 sec
13150	-3.0450037021189926	100.0	-25.577003	35.915752	79.399994	-104.200005	100.0	19 h 30 min 10 sec
13200	-54.4500036302954	100.0	-33.959	39.20912	77.7	-108.75	100.0	19 h 34 min 50 sec
13250	-23.650002852454783	100.0	-30.877003	42.19884	67.549995	-118.700005	100.0	19 h 39 min 27 sec
13300	-49.585003953427076	100.0	-18.177002	39.5871	93.85	-93.850006	100.0	19 h 44 min 0 sec
13350	-20.500002525374292	100.0	-40.036003	38.522934	40.399998	-114.600006	100.0	19 h 47 min 57 sec
13400	-23.325003051012754	100.0	-26.555002	30.656416	44.1	-100.450005	100.0	19 h 52 min 59 sec
13450	-3.3000023495405912	100.0	-27.321003	34.637894	46.8	-133.0	100.0	19 h 57 min 44 sec
13500	-58.92000413313508	100.0	-26.816006	39.729435	88.35	-112.450005	100.0	20 h 2 min 52 sec
13550	-97.98000435493887	100.0	-30.434002	27.046799	18.299997	-98.950005	100.0	20 h 8 min 17 sec
13600	-7.840003053098917	100.0	-32.266003	39.238205	47.85	-112.950005	100.0	20 h 13 min 10 sec
13650	-3.56500289849937	100.0	-31.018005	37.832912	71.2	-110.25001	100.0	20 h 17 min 55 sec
13700	-61.835004169493914	100.0	-33.192	35.60332	56.6	-110.450005	100.0	20 h 22 min 11 sec
13750	-70.89500371478498	100.0	-32.375004	34.07561	36.649998	-106.05	100.0	20 h 27 min 41 sec
13800	-16.410002750903367	100.0	-34.037003	46.84863	116.85	-131.95	100.0	20 h 32 min 10 sec
13850	-40.47000319361687	100.0	-13.325004	37.85528	57.35	-83.55001	100.0	20 h 36 min 25 sec
13900	-32.09500254690647	100.0	-24.977001	36.942505	71.5	-101.85	100.0	20 h 40 min 35 sec
13950	-54.06500417776406	100.0	-27.578003	40.378773	55.949997	-131.90001	100.0	20 h 45 min 14 sec
14000	-45.595003756135704	100.0	-24.774004	35.592705	65.45	-106.850006	100.0	20 h 50 min 10 sec
14050	-7.035002683475613	100.0	-33.034	34.56117	30.599997	-112.55	100.0	20 h 54 min 41 sec
14100	-69.2700037330389	100.0	-27.776003	30.228363	33.749996	-102.4	100.0	20 h 59 min 0 sec
14150	-3.035002236068249	100.0	-18.716003	38.133774	60.449997	-124.25	100.0	21 h 4 min 9 sec
14200	-52.30000366643071	100.0	-26.297003	34.81374	63.5	-99.5	100.0	21 h 8 min 46 sec
14250	-7.745003057643771	100.0	-27.686	42.968784	77.45	-113.05	100.0	21 h 13 min 7 sec
14300	-40.86500263884663	100.0	-24.602001	38.583385	57.699997	-102.0	100.0	21 h 17 min 54 sec
14350	-18.810003444924952	100.0	-24.845003	36.083935	71.45	-99.950005	100.0	21 h 22 min 50 sec
14400	-32.38000363856554	100.0	-17.819002	39.391373	123.0	-71.5	100.0	21 h 27 min 9 sec
14450	-41.0400026448071	100.0	-16.592003	38.823345	76.0	-116.600006	100.0	21 h 31 min 49 sec
14500	-21.240003310143948	100.0	-30.971003	38.928627	50.749996	-119.450005	100.0	21 h 36 min 14 sec
14550	-32.935003807768226	100.0	-23.707005	38.37934	84.799995	-103.00001	100.0	21 h 40 min 31 sec
14600	-51.60500414147973	100.0	-23.859001	45.683727	76.399994	-175.05	100.0	21 h 45 min 48 sec
14650	0.3899971332401037	100.0	-16.477001	40.569958	82.2	-94.950005	100.0	21 h 50 min 5 sec
14700	-15.310003593936562	100.0	-24.233	42.463413	83.049995	-117.0	100.0	21 h 54 min 49 sec
14750	-30.48500370644033	100.0	-19.941004	43.58179	72.1	-131.25	100.0	21 h 59 min 14 sec
14800	-2.2350030317902565	100.0	-2.1890023	38.639675	79.0	-86.450005	100.0	22 h 3 min 12 sec
14850	-13.160003493726254	100.0	-25.889002	34.504154	70.1	-96.600006	100.0	22 h 7 min 52 sec
14900	-22.64500322714448	100.0	-19.521002	43.652264	73.2	-115.9	100.0	22 h 11 min 52 sec
14950	21.81999721415341	100.0	-14.367002	44.074276	78.5	-108.3	100.0	22 h 16 min 3 sec
15000	-19.920003739371897	100.0	-15.443003	34.289265	90.2	-83.350006	100.0	22 h 20 min 32 sec
