Epoch	AverageEpRet	StdEpRet	MaxEpRet	MinEpRet	EpLen	TotalEnvInteracts	LossPi	LossV	DeltaLossPi	DeltaLossV	Entropy	KL	ClipFrac	StopIter	Time
0	-153.20375	10.213181	-134.5	-178.8	120.0	120000	3.1432137e-08	4.998387	-0.014344009	-3.7056875	3.4820108	0.0072972653	0.064508334	49.0	38.38660955429077
1	-153.50386	11.312033	-131.65001	-182.05	120.0	240000	-6.519258e-09	1.2394985	-0.015008786	-0.059476912	3.4743094	0.0072106747	0.07170834	49.0	76.083744764328
2	-154.62431	9.586475	-136.0	-173.8	120.0	360000	-1.6763806e-08	1.2024117	-0.015842583	-0.03299454	3.4645665	0.0070435023	0.07813333	49.0	112.33433532714844
3	-154.45001	10.768428	-130.05	-174.75	120.0	480000	-7.450581e-09	1.19535	-0.016035084	-0.025602147	3.4564686	0.00708668	0.07631667	49.0	147.933828830719
4	-152.91322	8.811651	-131.85	-174.35	120.0	600000	4.656613e-10	1.2941983	-0.016733045	-0.026930362	3.4448926	0.007804634	0.082025	49.0	183.79254341125488
5	-149.90134	11.117896	-128.65001	-171.1	120.0	720000	6.0535967e-09	1.2964668	-0.016938243	-0.032165572	3.4335823	0.0070500695	0.080066666	49.0	219.83330368995667
6	-147.12569	12.155199	-121.65	-168.3	120.0	840000	5.122274e-09	1.4335495	-0.017421164	-0.03592944	3.4244754	0.007200122	0.08679167	49.0	256.0057032108307
7	-141.77565	13.683955	-97.200005	-163.90001	120.0	960000	7.450581e-09	1.531391	-0.018372959	-0.024971649	3.410892	0.008239242	0.096258335	49.0	292.78837418556213
8	-139.78572	10.2448845	-119.450005	-172.7	120.0	1080000	9.313226e-10	1.6119751	-0.018706627	-0.028598294	3.391742	0.008284598	0.098508336	49.0	329.71660685539246
9	-129.47633	17.620647	-64.700005	-163.40001	120.0	1200000	-5.122274e-09	1.9861608	-0.019127414	-0.046815217	3.3723674	0.008415433	0.09876667	49.0	368.2619905471802
10	-123.246056	19.046202	-81.950005	-154.5	120.0	1320000	7.450581e-09	2.6967692	-0.018714843	-0.06668517	3.3494208	0.007882561	0.094325006	49.0	407.8016827106476
11	-109.47703	29.015913	-25.7	-164.2	120.0	1440000	-2.561137e-09	3.777577	-0.019619402	-0.07454488	3.3216832	0.007559982	0.101925	49.0	446.6441023349762
12	-91.33195	27.591127	-16.500002	-129.35	120.0	1560000	-5.5879354e-09	4.6809354	-0.01932534	-0.14644673	3.285779	0.00898857	0.10415833	49.0	486.409628868103
13	-84.64868	31.255648	-25.750002	-156.55	120.0	1680000	1.8626451e-09	5.185256	-0.018801242	-0.11093381	3.2503386	0.007832287	0.104075	49.0	526.3541657924652
14	-65.215385	34.173542	-8.000002	-145.45	120.0	1800000	4.656613e-10	6.6193094	-0.018515795	-0.1870023	3.2033806	0.0077366615	0.100766666	49.0	565.1176218986511
15	-51.448723	35.694088	23.799997	-104.3	120.0	1920000	-3.3760443e-09	7.146063	-0.018509347	-0.16716576	3.166203	0.007894166	0.1057	49.0	603.6169536113739
16	-40.73158	51.008034	86.9	-138.15001	120.0	2040000	5.122274e-09	9.080301	-0.017739827	-0.2888127	3.119553	0.008305574	0.10471666	49.0	642.1020574569702
17	-10.846055	49.23318	128.9	-110.05	120.0	2160000	4.656613e-09	9.782753	-0.018159095	-0.29151326	3.0807612	0.008341752	0.104033336	49.0	682.3427219390869
18	6.809457	56.826702	153.5	-127.8	120.0	2280000	-4.1909516e-09	10.275801	-0.017982421	-0.38680834	3.0308309	0.008595642	0.10765	49.0	720.9987015724182
19	31.086763	59.86909	149.5	-98.1	120.0	2400000	0.0	16.628647	-0.017750336	-1.0233467	2.9797745	0.00836486	0.100258335	49.0	761.471931219101
20	36.17051	65.52348	143.59999	-126.75	120.0	2520000	9.313226e-10	16.149986	-0.016485922	-0.7883163	2.9114041	0.007828919	0.10128333	49.0	800.2763631343842
21	68.730255	82.4465	268.95	-97.6	120.0	2640000	1.8626451e-09	14.947895	-0.016877782	-0.92609984	2.8719962	0.008964466	0.11264167	49.0	840.392548084259
22	96.673615	79.98132	239.4	-70.0	120.0	2760000	-2.7939677e-09	20.46679	-0.01686645	-1.3244171	2.8012638	0.008102942	0.09928334	49.0	880.1741259098053
23	105.98513	63.526035	225.4	-19.400002	120.0	2880000	4.656613e-09	20.716381	-0.016487889	-1.0518026	2.7569704	0.007855186	0.094966665	49.0	909.5059103965759
24	114.31892	83.9654	313.95	-77.55	120.0	3000000	-4.656613e-09	20.82909	-0.016235583	-1.2669842	2.699266	0.007400349	0.101175	49.0	941.0081706047058
25	159.95714	101.54019	354.3	-62.100002	120.0	3120000	2.7939677e-09	26.355148	-0.016138332	-1.7358674	2.6560106	0.008006081	0.093266666	49.0	974.3842248916626
26	196.20139	104.0307	447.95	36.1	120.0	3240000	1.3969839e-09	29.662312	-0.015868869	-2.0389295	2.6157627	0.007280021	0.093041666	49.0	1008.2781054973602
27	199.6157	106.598724	504.65	-7.6500025	120.0	3360000	-5.122274e-09	29.988258	-0.016589288	-2.1002142	2.5611777	0.008125459	0.0993	49.0	1046.444723367691
28	240.35455	90.60146	449.2	26.749998	120.0	3480000	-3.7252903e-09	30.207937	-0.016096994	-2.0037725	2.519956	0.007421147	0.09034167	49.0	1080.3682508468628
29	214.79472	94.89834	444.75	4.1999974	120.0	3600000	2.561137e-09	29.86377	-0.015751809	-2.403074	2.451192	0.0075976104	0.094	49.0	1119.1231515407562
30	266.81363	116.66899	481.25	44.699997	120.0	3720000	-4.656613e-09	34.149406	-0.016090581	-2.4895728	2.4176502	0.008672504	0.09622499	49.0	1153.382633447647
31	265.52286	114.10028	567.8	64.4	120.0	3840000	0.0	31.920292	-0.01627381	-2.4665198	2.3770444	0.0071915723	0.09956667	49.0	1188.2671098709106
32	305.46143	145.214	627.6	84.049995	120.0	3960000	-1.8626451e-09	39.653564	-0.015588036	-3.3211174	2.337968	0.0075970013	0.085433334	49.0	1226.9339621067047
33	310.59598	146.88098	611.1	50.1	120.0	4080000	0.0	39.456993	-0.016015887	-2.987439	2.291963	0.0069190334	0.092133336	49.0	1261.2801415920258
34	350.81323	116.445045	596.95	160.7	120.0	4200000	1.8626451e-09	39.51586	-0.01572569	-2.9900448	2.278797	0.0072959843	0.08515833	49.0	1297.7803356647491
35	361.22656	149.08698	623.45	45.8	120.0	4320000	-4.656613e-09	42.293785	-0.015747128	-3.1724029	2.2436156	0.0071574887	0.085208334	49.0	1330.2207851409912
36	346.20782	118.03263	594.0	101.15	120.0	4440000	3.7252903e-09	37.49414	-0.015707346	-3.0273297	2.2147272	0.006796142	0.083450004	49.0	1367.6531779766083
37	351.5924	133.7038	624.3	88.75	120.0	4560000	-7.450581e-09	38.636574	-0.015312431	-2.9280722	2.174915	0.00680519	0.08235	49.0	1402.7685327529907
38	396.80148	143.58061	641.35	146.9	120.0	4680000	0.0	47.71956	-0.015155602	-3.7643661	2.1322327	0.00724709	0.085891664	49.0	1440.3623051643372
39	376.11322	123.096794	646.6	101.049995	119.5	4800000	1.8626451e-09	35.83041	-0.015469827	-3.7550259	2.1227553	0.006917337	0.083958335	49.0	1473.2048749923706
40	460.33282	118.555565	618.1	220.25	120.0	4920000	-1.8626451e-09	50.978462	-0.015789837	-5.4670534	2.0977283	0.008701203	0.09390833	49.0	1510.0812346935272
41	429.76178	168.01033	728.3	160.75	116.5	5040000	-3.259629e-09	44.626785	-0.015322667	-4.1506405	2.0522923	0.0055298237	0.07901667	49.0	1543.4369740486145
42	441.3409	115.24643	629.75	230.8	120.0	5160000	-4.656613e-10	36.51478	-0.015745744	-2.884618	2.0362787	0.007394394	0.08810833	49.0	1579.9179873466492
43	470.0712	152.76544	727.55	162.75	117.36364	5280000	-1.0244548e-08	43.28551	-0.015600021	-3.8784573	2.0011797	0.0070755584	0.08665833	49.0	1616.6537668704987
44	503.44116	139.13489	727.55	205.3	114.79412	5400000	-1.8626451e-09	41.667236	-0.01575819	-2.739482	1.9764068	0.0075147087	0.07994167	49.0	1650.6816093921661
45	499.51093	156.43217	708.25	-22.000002	117.84375	5520000	-9.313226e-10	35.433067	-0.016080668	-2.3955474	1.9727263	0.0074666603	0.08915833	49.0	1685.0831127166748
46	580.575	98.93207	710.75	258.65	115.67647	5640000	5.5879354e-09	42.53926	-0.016465563	-4.23446	1.9521637	0.008826029	0.088316664	49.0	1723.0325815677643
47	550.91034	128.30899	733.75	129.75	113.0	5760000	0.0	41.28785	-0.0155764	-2.7279391	1.9196651	0.0069286115	0.087408334	49.0	1758.1606378555298
48	569.2446	131.06778	740.15	212.95	110.297295	5880000	5.5879354e-09	35.544426	-0.015686572	-2.1916018	1.890967	0.008239485	0.08443333	49.0	1791.7693767547607
49	614.0041	97.484726	763.8	393.45	103.02702	6000000	-4.656613e-10	38.36004	-0.015382931	-2.628155	1.8350763	0.0070696147	0.079524994	49.0	1828.3010737895966
50	609.2819	95.449135	763.6	257.3	109.861115	6120000	9.313226e-09	37.702087	-0.015554615	-1.9443047	1.8434128	0.0075808936	0.08655833	49.0	1862.7874073982239
51	593.08887	99.86156	733.2	230.05	112.611115	6240000	-9.313226e-09	41.54093	-0.014989066	-2.4594448	1.8173654	0.0074794753	0.08545833	49.0	1900.9147782325745
52	608.69867	123.45745	749.6	180.5	102.871796	6360000	-4.656613e-09	39.760574	-0.014871349	-2.5695143	1.7670467	0.0067624217	0.08215	49.0	1935.1845109462738
53	639.3237	90.62783	765.85	299.9	99.39474	6480000	-2.3283064e-09	29.964289	-0.01546427	-2.239756	1.746065	0.00796051	0.090399995	49.0	1970.9089035987854
54	635.05	98.42969	767.4	299.55	96.82927	6600000	1.8626451e-09	28.888756	-0.014972993	-1.65889	1.6954572	0.0069874357	0.08126667	49.0	2008.8431134223938
55	651.58093	87.65514	773.45	448.7	93.21429	6720000	2.7939677e-09	24.847784	-0.015038563	-1.5704579	1.6756094	0.0072038677	0.07960001	49.0	2042.4624648094177
56	655.22876	73.46375	776.2	507.2	96.075	6840000	-7.450581e-09	25.763622	-0.014523325	-1.3782609	1.6647696	0.007983856	0.08038334	49.0	2078.492342710495
57	650.9167	94.12135	778.25	424.69998	92.04762	6960000	5.122274e-09	27.19904	-0.014217393	-1.6592968	1.6040442	0.0069731222	0.0779	49.0	2113.212074995041
58	669.3522	97.66129	781.25	365.0	84.08696	7080000	-1.8626451e-09	27.171421	-0.014289382	-1.4738336	1.5562129	0.007890877	0.08465	49.0	2148.537287712097
59	682.8687	99.81438	788.6	261.9	79.3125	7200000	-1.8626451e-09	32.137115	-0.01448724	-1.9693565	1.5249698	0.0076147784	0.0799	49.0	2188.4052515029907
60	699.4298	92.71798	784.2	319.4	72.01923	7320000	-8.381903e-09	28.933691	-0.013479404	-1.6823478	1.4407578	0.007692799	0.07738334	49.0	2224.7602455615997
61	708.8837	91.05787	785.8	328.25	69.30769	7440000	-5.5879354e-09	23.359749	-0.013656305	-2.3449764	1.4155428	0.008142747	0.083558336	49.0	2262.7606122493744
62	708.987	92.58576	786.7	355.35	67.64815	7560000	-3.259629e-09	25.46379	-0.013150606	-1.5554959	1.3715097	0.007380759	0.07555	49.0	2297.657925605774
63	714.1818	83.41835	787.9	488.65	66.145454	7680000	-4.656613e-09	21.533035	-0.013380595	-0.96762884	1.3652254	0.006940047	0.077408336	49.0	2335.8574838638306
64	742.9031	68.31579	788.6	535.55	52.53846	7800000	9.313226e-10	21.628464	-0.012491279	-1.0620215	1.1780016	0.006794806	0.072458334	49.0	2372.1636266708374
65	735.0203	75.23088	788.7	526.55	56.515625	7920000	-6.9849193e-09	17.550117	-0.012680024	-0.9060732	1.206773	0.0066711046	0.072375	49.0	2408.2806057929993
66	749.963	70.437386	789.7	470.05	48.27397	8040000	-7.450581e-09	22.230028	-0.012418317	-1.1873938	1.0713289	0.0066608367	0.06915833	49.0	2445.5512211322784
67	758.6468	60.436687	791.1	537.8	44.597404	8160000	6.0535967e-09	21.91332	-0.012195348	-0.96973205	1.0062956	0.0061627133	0.068100005	49.0	2482.5110046863556
68	751.9356	67.60474	790.6	455.85	47.38356	8280000	-3.259629e-09	17.530012	-0.011582919	-0.83255315	1.0497944	0.006037118	0.067041665	49.0	2521.616986513138
69	770.003	54.110046	792.3	460.9	37.86747	8400000	6.0535967e-09	18.023378	-0.011666825	-0.85451734	0.86961126	0.0059594573	0.06639166	49.0	2562.2376227378845
70	773.782	43.978058	794.1	544.39996	36.88372	8520000	-6.519258e-09	19.216898	-0.011333881	-0.97006786	0.84230816	0.006563524	0.065124996	49.0	2604.3848838806152
71	780.2341	28.37868	792.8	633.95	33.404255	8640000	-1.0244548e-08	18.95935	-0.011269345	-0.66873014	0.7334237	0.005913082	0.06175	49.0	2644.674263715744
72	777.68646	50.581913	794.5	412.05	33.229168	8760000	-3.7252903e-09	17.993034	-0.010388857	-0.64109814	0.69636154	0.005804007	0.056983333	49.0	2681.710215330124
73	776.2044	45.246933	795.1	575.05	35.433334	8880000	1.44355e-08	16.183142	-0.010552074	-0.62148476	0.75240207	0.0062597105	0.06283333	49.0	2716.894297838211
74	778.2023	41.488434	795.2	558.05	34.752808	9000000	0.0	19.142332	-0.010397678	-0.6423603	0.72033876	0.005496029	0.058800004	49.0	2753.6219098567963
75	783.4631	26.277008	794.8	611.05	32.104168	9120000	-1.1175871e-08	18.374895	-0.010390737	-0.7104366	0.65426016	0.0053399527	0.057449996	49.0	2791.2548067569733
76	783.8664	33.069824	795.4	583.6	31.969387	9240000	4.656613e-09	17.777832	-0.009504979	-0.5926422	0.6276889	0.0052824235	0.054516666	49.0	2827.151891231537
77	781.01666	42.54253	795.4	553.3	32.802082	9360000	7.450581e-09	17.67014	-0.010075823	-0.6182362	0.6280941	0.005195647	0.056625	49.0	2865.285054922104
78	784.995	31.664967	795.5	579.75	31.18	9480000	4.2491592e-09	17.416672	-0.00972346	-0.62093747	0.5835148	0.005407149	0.053008333	49.0	2904.6719403266907
79	786.2034	27.88951	794.9	608.05	31.116505	9600000	1.21071935e-08	17.378294	-0.009433887	-0.5822791	0.56146085	0.005271336	0.052108333	49.0	2944.146500110626
80	786.1263	27.263346	794.9	583.15	31.061855	9720000	-6.9849193e-09	18.46394	-0.009440818	-0.7204542	0.5845669	0.0049170675	0.052733332	49.0	2982.7416427135468
81	784.3908	33.778725	796.5	612.9	32.350517	9840000	-7.450581e-09	17.68671	-0.009408059	-0.67100954	0.5992699	0.0053238263	0.055683337	49.0	3022.8033640384674
82	787.3267	29.372387	795.1	578.85	30.0	9960000	6.9849193e-10	16.966797	-0.009580241	-0.6027981	0.565831	0.004898159	0.053691667	49.0	3063.0850586891174
83	790.8059	14.067329	797.7	645.65	28.690908	10080000	4.8894435e-09	16.356785	-0.009262146	-0.5224154	0.4706337	0.004959921	0.051766668	49.0	3101.8419506549835
84	789.70184	19.95112	796.1	600.75	29.203703	10200000	-2.561137e-09	17.289526	-0.00889684	-0.51655316	0.4723668	0.004886036	0.048775002	49.0	3141.661283493042
85	785.7295	30.196299	797.9	616.5	31.186274	10320000	6.519258e-09	19.207542	-0.009186539	-1.0751514	0.5275598	0.0049120784	0.051141668	49.0	3182.417887210846
86	792.53925	1.9336838	795.1	782.45	27.625	10440000	-1.5861588e-09	16.861914	-0.008212675	-0.66983664	0.41342235	0.0047219405	0.04564167	49.0	3225.1724326610565
87	788.3957	28.702738	795.4	583.5	29.704762	10560000	1.21071935e-08	17.52768	-0.008847099	-0.5862628	0.47121194	0.0051478567	0.049925	49.0	3264.425945520401
88	788.36884	28.950048	795.2	582.55	29.653465	10680000	4.656613e-09	15.893595	-0.008766136	-0.54837966	0.49742806	0.005720458	0.0505	49.0	3304.2651998996735
89	785.33453	32.798164	795.3	610.3	31.8	10800000	-4.1909516e-09	15.510585	-0.008652096	-0.5839919	0.50034106	0.004849852	0.049241666	49.0	3345.92121052742
90	787.37054	31.676502	798.1	553.0	30.421568	10920000	-7.916242e-09	18.463684	-0.008583719	-0.6694044	0.48201752	0.0045488924	0.049925	49.0	3386.1819911003113
91	789.35724	26.682514	797.7	572.6	29.601942	11040000	-9.313226e-09	17.483847	-0.008424974	-0.5621815	0.4527933	0.005220363	0.049599998	49.0	3426.710971593857
92	790.4351	23.59519	797.4	585.0	29.018692	11160000	9.313226e-10	18.422642	-0.008101822	-0.8029245	0.4233673	0.004976785	0.0458	49.0	3467.304299354553
93	783.99457	49.50679	795.7	457.65	30.861385	11280000	7.450581e-09	18.159054	-0.008545187	-0.80752575	0.46154946	0.0047747083	0.048933335	49.0	3508.665836572647
94	791.9314	17.333723	797.7	611.55	28.072727	11400000	1.7462298e-09	16.716805	-0.007592113	-0.6800455	0.3762746	0.004341491	0.0432	49.0	3547.141518831253
95	791.6128	19.446167	797.4	590.3	28.137615	11520000	-1.2572855e-08	16.131947	-0.0076773567	-0.5485163	0.37712157	0.0042886925	0.042766668	49.0	3589.316402196884
96	792.4941	6.86332	796.9	739.75	27.854546	11640000	2.4447218e-09	17.501575	-0.007145142	-0.5020238	0.355646	0.0040271585	0.04014167	49.0	3629.0898361206055
97	790.8881	21.405668	797.8	588.8	28.714285	11760000	-4.656613e-09	16.633509	-0.007428052	-0.585588	0.40027097	0.0047539324	0.041958332	49.0	3670.0959510803223
98	790.43054	26.823933	797.7	573.4	28.824074	11880000	-9.313226e-10	16.669281	-0.0069429073	-0.65226066	0.36436278	0.0041802586	0.03825	49.0	3710.781601667404
99	788.7048	30.580418	797.1	587.1	29.865385	12000000	-1.094304e-08	17.203934	-0.0076918453	-0.71700406	0.40130985	0.004653179	0.043425	49.0	3751.6457686424255
100	789.84436	24.674038	797.7	571.1	28.95283	12120000	1.5366822e-08	17.06796	-0.0072405953	-0.5681093	0.38098702	0.0041691707	0.040983334	49.0	3793.878706932068
101	793.69226	4.3975472	797.8	752.95	27.36937	12240000	-3.958121e-09	16.850649	-0.00679597	-0.5029993	0.32098687	0.00367746	0.03763333	49.0	3832.532068967819
102	791.9187	21.582012	796.9	567.05	27.963636	12360000	-4.656613e-09	17.683805	-0.006933215	-0.83686817	0.32607788	0.004792117	0.038733333	49.0	3872.5203890800476
103	788.6514	32.771564	797.1	552.1	29.336449	12480000	3.7252903e-09	16.7524	-0.0073021585	-0.6730192	0.3682571	0.004204672	0.042774998	49.0	3913.289790391922
104	786.87823	33.366055	797.6	581.45	30.821783	12600000	1.3969839e-09	17.357246	-0.0072445506	-0.71632874	0.40102336	0.0047408007	0.042208333	49.0	3953.670079231262
105	793.0	7.391618	797.2	727.4	27.621622	12720000	-3.245077e-09	16.369995	-0.0067631765	-0.58551514	0.3160703	0.0041632205	0.037299998	49.0	3994.141581296921
106	792.9376	6.7216887	797.5	752.1	27.651377	12840000	8.614734e-09	16.286545	-0.0067069256	-0.5789057	0.31367236	0.0033734173	0.036341667	49.0	4034.837151527405
107	790.63586	14.780862	797.8	696.0	28.783018	12960000	1.3038516e-08	15.580854	-0.0067565683	-0.4974867	0.3443504	0.0048476644	0.040541667	49.0	4075.409759283066
108	790.42645	29.862524	797.7	487.85	28.339622	13080000	1.46683306e-08	18.096432	-0.0071873423	-0.90635884	0.33196753	0.0044463947	0.039166667	49.0	4118.712052822113
109	791.7428	12.592066	797.2	681.95	28.5	13200000	9.313226e-09	16.528397	-0.007396221	-0.7231859	0.34389046	0.004909767	0.042408332	49.0	4159.785841703415
110	787.3996	36.907753	797.7	538.75	30.06796	13320000	-1.3969839e-08	15.865103	-0.007110061	-0.7299235	0.35173002	0.0043968195	0.039	49.0	4198.9710075855255
111	792.80634	6.8594084	797.9	739.9	27.745455	13440000	8.236384e-09	16.226166	-0.0068330406	-0.5765737	0.2987498	0.0034522517	0.034775	49.0	4238.742289543152
112	792.07733	8.637921	796.7	744.5	28.083334	13560000	-9.778887e-09	15.654176	-0.0069746375	-0.523986	0.30418098	0.0041774316	0.037175	49.0	4280.2103815078735
113	790.0029	26.00721	798.0	562.25	29.313726	13680000	-2.7939677e-09	16.29802	-0.007091225	-0.8231628	0.35355276	0.0047165407	0.040358335	49.0	4319.7074382305145
114	793.76965	3.2360137	797.4	775.1	27.348215	13800000	2.5029294e-09	15.829555	-0.0061742426	-0.5509789	0.28303164	0.0033759973	0.03395	49.0	4358.838068008423
115	792.63806	13.634794	797.8	656.8	28.119267	13920000	-1.3969839e-09	15.151503	-0.0064568263	-0.53710246	0.29653317	0.0041900976	0.03683333	49.0	4399.651704311371
116	793.3739	5.637323	797.8	753.5	27.531532	14040000	8.4983185e-09	15.632429	-0.006566836	-0.5379063	0.2837569	0.0041363807	0.0369	49.0	4439.046027421951
117	793.0391	6.257173	797.5	751.0	27.709091	14160000	-6.2864274e-09	15.73665	-0.0068963636	-0.53405	0.28864884	0.0042757085	0.038308334	49.0	4478.042939186096
118	793.31537	5.1349382	797.5	761.8	27.55856	14280000	5.2386895e-09	16.400005	-0.0066717784	-0.56081665	0.28430414	0.0038479408	0.03660833	49.0	4518.273272037506
119	793.0331	11.441054	797.7	677.75	27.954546	14400000	-2.7939677e-09	16.995932	-0.0067701004	-0.65945935	0.28631085	0.0045732707	0.036808334	49.0	4558.5031678676605
120	792.3403	17.040316	797.2	619.8	28.093458	14520000	-9.778887e-09	15.82176	-0.006652671	-0.6283593	0.30114073	0.0039341487	0.037308335	49.0	4599.551863908768
121	793.7311	6.3133326	797.6	733.3	27.378378	14640000	-8.090865e-09	15.505941	-0.0064442065	-0.5729004	0.2695786	0.004171697	0.035566665	49.0	4638.900000572205
122	793.35046	6.9119434	797.7	740.8	27.55856	14760000	8.8475645e-09	16.519817	-0.006329221	-0.52386916	0.27037024	0.0033770017	0.033150002	49.0	4679.111009836197
123	794.63837	1.255078	797.4	791.3	26.955357	14880000	-1.5716068e-08	15.647054	-0.006018157	-0.49182057	0.25296095	0.0032553766	0.032083333	49.0	4719.863794088364
124	794.40625	2.7867134	797.7	768.5	27.035715	15000000	-7.90169e-09	15.997637	-0.0062184115	-0.53985226	0.25190198	0.0037214654	0.032533333	49.0	4759.173587799072
125	794.48883	3.5791287	797.8	759.75	27.044643	15120000	7.9744495e-09	15.788206	-0.0062155398	-0.5121412	0.2536827	0.0040883953	0.033075	49.0	4799.319077253342
126	794.7295	1.8945247	798.0	779.8	26.955357	15240000	2.8521754e-09	15.915895	-0.006132244	-0.63260615	0.24752958	0.003234021	0.031291667	49.0	4839.1564927101135
127	794.5286	3.6357923	797.6	758.9	27.080357	15360000	4.3364707e-09	15.73819	-0.0061008586	-0.5004858	0.24912381	0.0036916693	0.033975	49.0	4878.8841643333435
128	794.92676	1.1286029	797.7	791.3	26.821428	15480000	-8.20728e-09	15.057814	-0.0058883224	-0.49054158	0.23882079	0.0033982	0.031758334	49.0	4919.657128334045
129	795.1875	1.9522011	797.7	779.2	26.732143	15600000	8.556526e-09	15.027855	-0.0055212914	-0.47221673	0.23678221	0.0028646407	0.029841667	49.0	4960.627427339554
130	795.07587	1.1986063	797.7	792.4	26.723215	15720000	2.2700988e-09	14.62436	-0.0057119965	-0.4468106	0.23584375	0.0036218986	0.03314167	49.0	5000.295850992203
131	795.4254	1.4230264	797.6	791.3	26.598215	15840000	-1.36496965e-08	14.798106	-0.005798585	-0.49014056	0.23354432	0.0036073164	0.031508334	49.0	5039.311505556107
132	795.3696	1.4574826	797.6	791.1	26.651785	15960000	5.9371814e-09	14.274072	-0.005693223	-0.5152981	0.22870836	0.0033739926	0.0322	49.0	5079.213011980057
133	795.6398	1.2763033	797.6	793.5	26.539824	16080000	1.1641532e-08	14.728792	-0.005736172	-0.5369903	0.22784844	0.0036971695	0.031433333	49.0	5121.012810230255
134	795.7114	1.460519	798.2	789.5	26.482456	16200000	-9.429641e-09	14.500805	-0.006026528	-0.49291396	0.23152182	0.0042211358	0.035724998	49.0	5162.515182733536
135	795.8174	1.3895414	797.7	791.6	26.443478	16320000	9.313226e-09	14.425165	-0.0056134462	-0.56459606	0.22334367	0.0035244506	0.03135	49.0	5205.445723295212
136	795.8386	1.3091115	797.5	791.8	26.421053	16440000	4.8603397e-09	13.937646	-0.005738726	-0.4306798	0.22331725	0.0038795446	0.030875001	49.0	5246.578157663345
137	794.71844	5.860953	797.7	735.05	27.009008	16560000	-8.4983185e-09	14.612178	-0.0067514055	-0.6073135	0.23914799	0.004617121	0.03665833	49.0	5288.8438494205475
138	795.9487	2.4734035	797.8	774.3	26.427351	16680000	-2.0081643e-09	13.619284	-0.0059680045	-0.50726736	0.22395691	0.004264031	0.033933334	49.0	5328.380975484848
139	795.8156	1.4140657	797.7	792.1	26.41739	16800000	-7.1013346e-09	14.429825	-0.005882308	-0.5376785	0.22548181	0.0039041145	0.034275003	49.0	5369.118181467056
140	796.033	1.3357106	797.9	792.0	26.365217	16920000	-1.0128133e-08	14.111956	-0.0057285978	-0.38610947	0.22272542	0.003552121	0.031266667	49.0	5409.777680635452
141	796.2839	1.2557642	797.6	793.3	26.262712	17040000	-9.400537e-09	13.492765	-0.005610719	-0.3940177	0.21999314	0.0038827537	0.032583334	49.0	5450.584912538528
142	796.36584	1.073272	798.1	793.8	26.225	17160000	-2.9758667e-09	13.52866	-0.005410542	-0.3840388	0.21558471	0.003305263	0.030225	49.0	5489.653870582581
143	796.5865	1.0950516	797.8	791.7	26.177965	17280000	-6.1118044e-09	13.172418	-0.005356026	-0.39050078	0.21223013	0.0038908045	0.030958334	49.0	5531.207134485245
144	796.4017	1.1354848	797.9	791.7	26.175	17400000	-3.4633558e-09	13.429705	-0.0052357325	-0.455487	0.20830071	0.0034898308	0.029633334	49.0	5571.915876865387
145	796.0758	1.272428	797.5	792.4	26.318966	17520000	-5.500624e-09	13.546983	-0.005380557	-0.37983882	0.21338034	0.0035240063	0.030983333	49.0	5612.427345752716
146	796.0745	2.4862413	797.6	772.1	26.355932	17640000	-2.0081643e-09	13.7297125	-0.005425958	-0.51298904	0.21367052	0.003823719	0.030633334	49.0	5652.49226975441
147	795.56866	2.8323393	797.7	770.5	26.58261	17760000	1.3737008e-08	14.004681	-0.0060421866	-0.4404683	0.2221891	0.0035528103	0.034333333	49.0	5693.459754228592
148	795.51935	2.5116851	797.8	774.4	26.561403	17880000	1.207809e-09	13.709473	-0.005723068	-0.43112397	0.22027373	0.0038805574	0.032383334	49.0	5735.835422039032
149	795.1619	4.0148478	797.6	755.3	26.734512	18000000	1.5366822e-08	13.998834	-0.005804342	-0.460963	0.22640434	0.0038066106	0.035166666	49.0	5776.016027927399
150	795.242	3.5721335	797.8	760.6	26.75	18120000	-5.820766e-09	14.276854	-0.0060568815	-0.47884285	0.22561368	0.0039328607	0.033133335	49.0	5816.765158653259
151	795.6009	1.237544	797.7	791.9	26.571428	18240000	3.4924597e-10	14.071663	-0.005832939	-0.44255424	0.22183877	0.0033982731	0.031508334	49.0	5858.370928525925
152	795.0929	1.5768265	797.6	791.4	26.767857	18360000	-6.4028427e-09	13.950369	-0.006088831	-0.44384837	0.22408968	0.0046325517	0.035066664	49.0	5898.857357263565
153	795.46246	1.2964315	797.7	791.9	26.616072	18480000	-3.2014214e-09	14.372269	-0.0057374486	-0.43803883	0.2193957	0.003470433	0.032358333	49.0	5939.480077981949
154	794.9946	3.5209556	797.6	760.6	26.803572	18600000	1.618173e-08	13.77034	-0.0057355277	-0.5015906	0.22125769	0.003309581	0.031616665	49.0	5980.444552898407
155	794.6269	5.1421213	797.5	762.1	26.981482	18720000	2.7939677e-09	13.939573	-0.0060033463	-0.5359241	0.23740608	0.0044764616	0.037041664	49.0	6020.682557821274
156	795.2696	4.9927983	797.7	756.8	26.67826	18840000	-6.170012e-09	12.976925	-0.0053649973	-0.46567369	0.21602076	0.0031893575	0.031183336	49.0	6063.38206410408
157	795.8702	1.3223422	797.6	791.7	26.385965	18960000	-4.0163286e-09	13.568233	-0.005355171	-0.44064784	0.2063725	0.0036211265	0.030566668	49.0	6105.23961019516
158	796.29834	1.0841098	797.5	791.4	26.201681	19080000	-4.802132e-09	12.845171	-0.0050175353	-0.3654989	0.19836499	0.0036917082	0.028708333	49.0	6145.9204025268555
159	795.9673	5.10174	797.7	741.5	26.394958	19200000	-6.9849193e-09	12.518733	-0.0049738884	-0.33875155	0.2010526	0.0034274939	0.029325001	49.0	6186.267740726471
160	794.6948	17.769472	797.3	603.6	26.965813	19320000	4.1909516e-09	13.083621	-0.0051798653	-0.7013558	0.20537266	0.004176558	0.030866668	49.0	6227.499513864517
161	796.30585	0.94747496	797.3	793.4	26.166666	19440000	1.9557774e-08	12.914152	-0.0045931805	-0.3818468	0.18916288	0.0030710162	0.027308334	49.0	6268.547516584396
162	795.6767	3.6137972	797.4	763.9	26.431034	19560000	-1.1234079e-08	12.8860035	-0.0051053017	-0.43556345	0.19805086	0.0036715209	0.030558333	49.0	6308.344213962555
163	795.92065	1.2984425	797.3	791.1	26.301723	19680000	1.0593794e-08	13.467337	-0.00496272	-0.43810296	0.1907086	0.0033438224	0.027033333	49.0	6349.2416388988495
164	795.0921	3.9893508	797.3	763.2	26.701754	19800000	6.2573235e-09	13.567547	-0.004878927	-0.44148088	0.1987265	0.0033292915	0.027258333	49.0	6390.6079070568085
165	795.2114	3.1619408	797.5	765.1	26.605263	19920000	1.1859811e-08	13.413904	-0.0049589295	-0.4906677	0.19424388	0.003391095	0.028766666	49.0	6430.132181882858
166	795.05804	1.2700971	797.1	791.0	26.598215	20040000	-3.1723175e-09	14.216983	-0.0048284763	-0.3923682	0.1899195	0.003346424	0.02815	49.0	6468.913417100906
167	795.0268	1.3083507	797.2	791.2	26.625	20160000	-4.4237822e-09	14.323767	-0.005017999	-0.40638614	0.19099084	0.0031967054	0.028575	49.0	6509.127151727676
168	794.83844	1.3917611	797.1	790.9	26.705357	20280000	1.5599653e-08	13.826999	-0.005173308	-0.42559993	0.19251809	0.0036553962	0.0298	49.0	6547.932956933975
169	793.32294	18.199455	797.0	604.6	27.477064	20400000	2.7939677e-09	14.294943	-0.0053394823	-0.4739462	0.20952448	0.0043073585	0.03215	49.0	6588.340664148331
170	794.71967	2.270454	797.1	779.2	26.741072	20520000	-6.1118044e-09	13.561216	-0.005165204	-0.33837366	0.19424951	0.0034357114	0.030950002	49.0	6632.971280097961
171	795.1675	1.2786691	797.8	792.7	26.535088	20640000	-1.0826625e-08	13.990306	-0.0045922617	-0.5277128	0.18823633	0.0034971882	0.029424999	49.0	6674.28976392746
172	795.33685	1.2917572	797.3	793.2	26.5	20760000	-3.6670826e-09	13.593247	-0.0046640867	-0.37181664	0.19019516	0.0035878415	0.027566668	49.0	6715.4517986774445
173	795.32104	1.2697188	797.1	791.7	26.491228	20880000	2.9685907e-09	14.136509	-0.0048680715	-0.41494536	0.18934086	0.003354915	0.029025	49.0	6751.885677576065
174	795.1956	1.3084724	797.1	791.6	26.504425	21000000	4.773028e-09	13.80237	-0.0045305425	-0.419289	0.18763483	0.0032300125	0.028091667	49.0	6788.3291120529175
175	795.50085	1.2532052	797.5	793.1	26.382608	21120000	-1.2296368e-09	14.1357	-0.0044066226	-0.40871596	0.18422931	0.0032528886	0.0258	49.0	6823.680716514587
176	795.2132	1.311115	797.0	793.0	26.469027	21240000	0.0	13.773293	-0.004548556	-0.4669187	0.18390164	0.0029798727	0.028908335	49.0	6859.351502418518
177	795.46173	1.2527932	797.2	793.4	26.434782	21360000	-8.58563e-09	13.587166	-0.0045365733	-0.33402252	0.18305564	0.003180014	0.02835	49.0	6897.757935285568
178	795.1339	1.4212404	797.2	791.0	26.5625	21480000	7.9744495e-09	13.552774	-0.004381029	-0.43557918	0.18331411	0.0029978142	0.025816668	49.0	6938.154274702072
179	795.25305	1.3784105	797.2	791.4	26.522123	21600000	-4.48199e-09	13.97284	-0.0044144127	-0.44709253	0.18049115	0.003419657	0.026616666	49.0	6976.515788793564
180	795.47437	1.3648424	797.5	793.1	26.451328	21720000	5.47152e-09	13.156864	-0.0043285196	-0.47473657	0.17618048	0.0032270597	0.026	49.0	7013.169616937637
181	795.3787	1.3395587	797.5	793.2	26.530973	21840000	-4.3655746e-09	13.637432	-0.0045816554	-0.47249722	0.17836699	0.0033288863	0.028166667	49.0	7048.758052825928
182	795.55786	1.3669598	797.5	791.8	26.464912	21960000	-4.8603397e-09	12.970402	-0.004260405	-0.35273564	0.17440996	0.0034190598	0.025166666	49.0	7084.415486574173
183	795.26636	1.3283533	797.4	793.4	26.566372	22080000	-1.6589183e-09	12.972459	-0.004294662	-0.3666445	0.17385776	0.0031152368	0.027916666	49.0	7119.466963768005
184	795.51056	1.3378029	797.7	791.7	26.464912	22200000	6.8102963e-09	13.016682	-0.004160359	-0.32777262	0.17372307	0.0032794045	0.027108334	49.0	7155.293272018433
185	795.7124	1.2920547	797.7	793.7	26.41593	22320000	-6.9849193e-09	12.84763	-0.004128342	-0.33611548	0.1733596	0.0033550311	0.0252	49.0	7194.488219261169
186	795.8379	1.2177329	797.3	793.5	26.336206	22440000	9.88075e-09	13.111679	-0.0039096978	-0.35934174	0.1729469	0.0033737682	0.026208334	49.0	7232.6445989608765
187	795.5649	1.2631764	797.5	793.1	26.438597	22560000	1.7462298e-09	13.33312	-0.0044129593	-0.41261816	0.175015	0.0032608332	0.026308332	49.0	7272.084032058716
188	795.794	1.2532932	797.5	791.5	26.353449	22680000	-2.590241e-09	13.027723	-0.0039843936	-0.32092905	0.17362848	0.002890746	0.025408335	49.0	7308.859684705734
189	795.8889	1.2085719	797.5	793.2	26.307692	22800000	-5.355105e-09	13.159197	-0.004089665	-0.335662	0.17052746	0.0030947127	0.026733333	49.0	7345.413733243942
190	795.93896	1.2721969	797.7	793.3	26.305084	22920000	4.10364e-09	12.86581	-0.004050608	-0.335629	0.16852629	0.0027871449	0.027841667	49.0	7382.206760406494
191	794.41223	17.582293	797.4	607.1	27.104347	23040000	5.355105e-09	13.186902	-0.0043312046	-0.3971902	0.18654701	0.0037470516	0.027791668	49.0	7416.81737947464
192	796.1421	1.1687446	797.4	793.4	26.260504	23160000	8.3236955e-09	12.856885	-0.0037273641	-0.35576165	0.16525605	0.002453826	0.021875001	49.0	7453.172082185745
193	795.89746	1.7119973	797.4	783.3	26.347458	23280000	-9.895302e-10	12.853102	-0.0039923713	-0.35082448	0.16634472	0.0032521011	0.026008334	49.0	7489.355229139328
194	796.3285	1.0402089	797.4	793.7	26.193277	23400000	-5.529728e-09	12.603209	-0.003695304	-0.34264815	0.16151977	0.002740913	0.023041667	49.0	7524.5655636787415
195	796.20685	1.0963506	797.4	793.4	26.220339	23520000	-1.1903467e-08	13.365694	-0.003795186	-0.4283569	0.16217925	0.0029093772	0.024716668	49.0	7561.6145696640015
196	796.1698	1.153721	797.6	793.7	26.241379	23640000	6.519258e-09	12.564699	-0.0040742606	-0.40879238	0.1795173	0.0037041923	0.027175	49.0	7598.073978900909
197	796.2294	1.0923983	797.4	793.2	26.201681	23760000	4.8894435e-09	12.933289	-0.0037836605	-0.37933218	0.16152099	0.0026512484	0.0242	49.0	7632.763787508011
198	796.2017	1.0912515	797.6	793.2	26.2	23880000	-6.373739e-09	13.057418	-0.003691695	-0.3318857	0.15866816	0.002946897	0.023358334	49.0	7671.200290441513
199	796.19586	1.0682077	797.4	793.5	26.2	24000000	7.1377144e-09	12.716344	-0.0036283666	-0.35837197	0.15833552	0.003157419	0.024933334	49.0	7708.829440355301
200	794.675	17.680437	797.7	605.4	27.0	24120000	-8.381903e-09	12.011513	-0.0041000256	-0.33271992	0.17538147	0.0036608863	0.027408333	49.0	7746.130022287369
201	796.2792	0.99632	797.4	793.4	26.183332	24240000	7.2759576e-10	12.342741	-0.0033928736	-0.29324293	0.15658559	0.0025573028	0.023141667	49.0	7784.961568117142
202	796.34033	1.0728351	797.7	793.5	26.184874	24360000	9.255018e-09	12.131219	-0.003520947	-0.30647278	0.15532173	0.003002597	0.022925	49.0	7822.445340871811
203	796.3175	0.91265374	797.6	793.3	26.15	24480000	6.693881e-10	12.377642	-0.0034719952	-0.28721893	0.1548154	0.003004869	0.022016667	49.0	7859.959960222244
204	796.38837	0.9674034	797.5	793.8	26.183332	24600000	-2.1536835e-09	12.26581	-0.0035746917	-0.3923633	0.15660837	0.0027906299	0.023033332	49.0	7896.966294527054
205	796.27167	1.0740267	797.6	793.5	26.225	24720000	1.2805685e-08	12.195726	-0.0038151876	-0.32431257	0.15799809	0.0026940913	0.023791667	49.0	7935.115725040436
206	796.2924	1.035193	797.6	793.8	26.218487	24840000	-1.3096724e-08	12.250754	-0.0035558012	-0.32595444	0.16029505	0.0027912825	0.023283333	49.0	7975.482013463974
207	796.58167	0.87797296	797.6	793.9	26.141666	24960000	-4.627509e-09	12.303109	-0.0036169365	-0.36321175	0.15827402	0.0032487195	0.024225	49.0	8010.836436510086
208	796.375	1.0278015	797.8	793.6	26.2	25080000	-3.0267984e-09	12.658303	-0.0038178375	-0.41229057	0.16031641	0.002594809	0.024016667	49.0	8047.209608793259
209	796.53827	0.85138965	797.5	793.6	26.108334	25200000	9.546056e-09	12.438377	-0.00391882	-0.41084743	0.15982248	0.002887391	0.024316667	49.0	8083.053323984146
210	796.45245	1.0468158	797.8	793.2	26.191668	25320000	-2.8521754e-09	12.425682	-0.0042733354	-0.38917124	0.16436505	0.0034625758	0.026616666	49.0	8120.048015117645
211	796.38904	1.1773615	799.8	793.5	26.22689	25440000	-7.566996e-09	12.293192	-0.004365233	-0.35519934	0.16222194	0.003851675	0.027183332	49.0	8156.731096744537
212	796.51495	1.2106909	799.9	792.9	26.2	25560000	-1.207809e-08	12.622559	-0.004194182	-0.46356988	0.1651469	0.0038901577	0.028483333	49.0	8192.762809753418
213	796.61664	1.1949438	799.7	793.0	26.141666	25680000	-1.1525117e-08	12.97834	-0.0044430215	-0.35921478	0.16655356	0.0036021192	0.027766667	49.0	8227.46974158287
214	796.8391	1.1699195	800.0	793.7	26.1	25800000	-6.548362e-10	12.45264	-0.003965076	-0.39233983	0.16138574	0.002889771	0.025358334	49.0	8264.859256982803
215	796.9242	1.1963122	800.3	793.7	26.066668	25920000	1.4493708e-08	11.9827175	-0.0038885379	-0.36499572	0.16182216	0.0029148934	0.025874998	49.0	8303.74321603775
216	796.8008	1.2161063	800.1	794.0	26.108334	26040000	5.7334546e-09	12.277782	-0.0040935976	-0.32156372	0.16382861	0.0030638094	0.025658332	49.0	8339.751728534698
217	796.865	1.1788152	800.1	793.9	26.075	26160000	1.36788e-09	11.667598	-0.0037174604	-0.362437	0.15847936	0.0029987437	0.025091667	49.0	8379.428815364838
218	796.79	1.1632131	800.2	792.9	26.075	26280000	-1.34750735e-08	11.591587	-0.0036025406	-0.32548702	0.16030234	0.0028170627	0.023474999	49.0	8415.208487510681
219	796.63275	1.5036693	800.2	786.4	26.142857	26400000	1.232911e-08	11.84645	-0.0037450697	-0.33091772	0.1594837	0.0032442436	0.023741666	49.0	8451.208356380463
220	796.73004	1.2803363	800.0	790.9	26.066668	26520000	-9.895302e-10	11.989826	-0.0036468492	-0.35825658	0.15638891	0.0028529405	0.02275	49.0	8487.004943847656
221	796.4517	1.285624	800.1	791.8	26.158333	26640000	-1.1001248e-08	12.216587	-0.003793363	-0.3110944	0.15772113	0.0032348614	0.025533333	49.0	8522.955298185349
222	796.65295	1.1788619	799.6	791.1	26.084034	26760000	7.930794e-10	11.772524	-0.0034936853	-0.35893834	0.15335473	0.002739856	0.022233333	49.0	8558.894142627716
223	796.82245	1.4200038	800.1	790.8	26.016666	26880000	-5.355105e-09	12.522955	-0.0037298806	-0.37609422	0.1545987	0.0032951133	0.023883332	49.0	8595.607817649841
224	796.8425	1.1923102	800.0	793.9	25.991667	27000000	-1.0128133e-08	11.732907	-0.0033845808	-0.35915935	0.15057808	0.003217015	0.0239	49.0	8632.005066871643
225	796.74744	1.228206	799.9	793.9	26.016666	27120000	-6.9994712e-09	12.045666	-0.0037263692	-0.32455254	0.15491053	0.0033692387	0.0251	49.0	8667.621952056885
226	796.69745	1.0579468	799.9	793.7	26.033333	27240000	-2.240995e-09	11.831556	-0.003436328	-0.3148085	0.15355474	0.0028256527	0.023675	49.0	8703.44734954834
227	796.62415	1.1418556	800.0	793.8	26.083334	27360000	-1.2223609e-09	12.256176	-0.0034914932	-0.2935933	0.15447226	0.0027794647	0.023175	49.0	8742.779765367508
228	796.67413	1.0893788	799.9	793.5	26.033333	27480000	-1.29512046e-08	12.249405	-0.0031699077	-0.37431812	0.15189213	0.002664463	0.022633333	49.0	8777.87099981308
229	796.7575	1.1326722	799.8	792.1	26.025	27600000	6.1118044e-10	11.99107	-0.0033178064	-0.36655748	0.15116405	0.002931706	0.024608333	49.0	8811.798838376999
230	796.6717	0.87950546	799.6	793.4	26.05	27720000	-7.566996e-10	12.365871	-0.0034743492	-0.31514132	0.15100104	0.0030743438	0.023141667	49.0	8846.840055704117
231	796.81586	1.0435506	800.2	793.9	26.016666	27840000	-9.109499e-09	11.958091	-0.003232327	-0.26694894	0.15048847	0.0034056858	0.023958333	49.0	8885.428102254868
232	796.78503	0.98764485	799.9	793.5	26.016666	27960000	-4.947651e-10	11.99279	-0.0035264986	-0.31276405	0.15163647	0.003079212	0.024258334	49.0	8921.109709501266
233	796.7792	1.1315848	799.8	793.3	25.991667	28080000	-4.671165e-09	11.665012	-0.0035219914	-0.293926	0.15060955	0.0034591183	0.025733333	49.0	8957.219581365585
234	796.9066	0.97713184	799.8	794.0	25.966667	28200000	-5.820766e-10	12.37035	-0.0034843157	-0.26046658	0.15268481	0.0025082773	0.024008334	49.0	8995.627622842789
235	796.6667	0.9652592	800.0	792.9	26.033333	28320000	7.6361175e-09	12.477116	-0.0036375262	-0.32906342	0.15441835	0.0032557554	0.024441667	49.0	9032.36464715004
236	796.82745	1.0276151	800.1	793.9	25.983334	28440000	-1.2223609e-09	12.253536	-0.0034377193	-0.38162458	0.15178473	0.002910901	0.022933334	49.0	9067.336087942123
237	796.70337	0.9537575	799.8	791.2	26.025	28560000	3.783498e-09	12.313726	-0.0036250935	-0.30936372	0.15465702	0.0035701923	0.026641667	49.0	9102.660991668701
238	796.6	0.91021764	799.7	793.2	26.033333	28680000	-8.381903e-09	12.502488	-0.0035691655	-0.3064791	0.15587226	0.0032006227	0.024833333	49.0	9137.731904029846
239	796.64746	1.0640315	799.7	791.3	26.033333	28800000	-1.4551915e-11	12.276041	-0.003525096	-0.3488872	0.15724382	0.0033818677	0.02705	49.0	9172.999581575394
240	796.54584	0.8969315	799.8	793.5	26.066668	28920000	1.740409e-08	12.959406	-0.003637157	-0.39970243	0.15950736	0.002720035	0.026166666	49.0	9211.111790895462
241	796.56915	0.7769382	799.7	793.9	26.083334	29040000	1.7957063e-08	12.848066	-0.0037620312	-0.32250297	0.15764059	0.0033266605	0.027116667	49.0	9248.04401421547
242	796.66174	0.6959632	799.9	793.7	26.033333	29160000	-5.4133125e-09	12.741516	-0.003707224	-0.35317922	0.15781702	0.003275849	0.025875	49.0	9284.859258890152
243	796.525	0.9188094	799.8	793.3	26.075	29280000	2.0372681e-10	12.387909	-0.0036736056	-0.3670385	0.15919408	0.0034403175	0.026941665	49.0	9320.042288303375
244	796.44836	0.70059144	797.2	793.7	26.075	29400000	-1.7462298e-10	12.53755	-0.003854562	-0.38397312	0.15923691	0.0028257794	0.028058333	49.0	9356.925845623016
245	796.54584	0.97081333	799.4	793.7	26.05	29520000	6.897608e-09	13.013072	-0.0039505754	-0.38502288	0.15898117	0.0034912233	0.027608333	49.0	9393.54471039772
246	796.2538	2.2471592	799.7	774.1	26.15126	29640000	2.9685907e-09	12.920335	-0.0038693696	-0.35041213	0.1618256	0.002891396	0.026541665	49.0	9433.02731180191
247	796.3333	1.0242351	799.5	793.4	26.1	29760000	-5.5442797e-09	12.903255	-0.0040749866	-0.39831042	0.16001241	0.0039727427	0.027675	49.0	9468.791938781738
248	796.4059	0.9264009	799.3	793.5	26.05	29880000	-9.255018e-09	13.051405	-0.0039419993	-0.37323856	0.15852743	0.0031257854	0.026508333	49.0	9505.007940292358
249	796.13354	1.1093392	799.2	791.4	26.159664	30000000	-1.5599653e-08	12.844299	-0.0038075862	-0.43442774	0.15870777	0.0030277253	0.026541665	49.0	9540.392864465714
250	796.4375	0.7751419	799.4	793.6	26.05	30120000	-1.9354047e-09	13.070791	-0.003640134	-0.3085053	0.15388753	0.0030055835	0.024341667	49.0	9575.572583913803
251	796.4	0.94392586	799.6	793.3	26.083334	30240000	2.066372e-09	13.079665	-0.0039968677	-0.33753717	0.15542462	0.0033434476	0.025516666	49.0	9615.806737422943
252	796.3216	0.8456925	797.3	791.2	26.1	30360000	5.326001e-09	12.571545	-0.0039926153	-0.35276675	0.15571365	0.0036955997	0.0249	49.0	9651.666789531708
253	796.44244	1.0078586	799.8	791.3	26.083334	30480000	-8.294592e-09	13.067364	-0.003999765	-0.5640521	0.15481019	0.0035736286	0.026975	49.0	9688.377947092056
254	796.6258	0.7044485	799.8	794.0	26.008333	30600000	-1.1350494e-09	12.8253	-0.0037918722	-0.31514168	0.15237677	0.003068924	0.0254	49.0	9724.234063863754
255	796.0975	3.2067258	799.3	762.9	26.235294	30720000	-6.1118044e-10	13.1411915	-0.0040876074	-0.35130334	0.15741217	0.0035417362	0.026366666	49.0	9759.935645341873
256	796.39246	0.82997423	799.5	793.5	26.066668	30840000	1.2456439e-08	12.793022	-0.0039050183	-0.34036744	0.15377977	0.0033541685	0.025991667	49.0	9796.843088150024
257	796.60583	0.6244037	799.7	793.7	25.991667	30960000	1.5686965e-08	12.62623	-0.003536975	-0.32214308	0.14961538	0.002724568	0.023833333	49.0	9835.97672867775
258	796.60504	0.8537988	799.9	793.5	26.008333	31080000	-1.2805685e-08	12.515174	-0.0036400708	-0.3170159	0.15057313	0.0034231406	0.024158332	49.0	9872.513723134995
259	796.6117	0.7694328	799.6	793.9	25.991667	31200000	-7.392373e-09	12.454649	-0.0035927244	-0.33921158	0.15149032	0.0028079418	0.02285	49.0	9911.4801800251
260	796.5133	0.57284963	799.2	793.6	26.016666	31320000	-4.2200554e-09	12.240428	-0.003673973	-0.28542912	0.15114008	0.0026392308	0.0249	49.0	9947.510944128036
261	796.5208	0.64302397	799.6	793.3	26.016666	31440000	-5.5879354e-09	12.587284	-0.003493853	-0.28073776	0.15061617	0.002920736	0.02585	49.0	9985.18349647522
262	796.5426	0.5801789	799.6	793.7	26.0	31560000	-1.238368e-08	12.3306465	-0.0033670347	-0.24890363	0.1499639	0.00311184	0.023908332	49.0	10022.905706167221
263	796.51746	0.5953533	799.5	793.6	26.0	31680000	3.103196e-09	12.328754	-0.0037721505	-0.39535296	0.1546098	0.0033930014	0.025141668	49.0	10057.39573264122
264	796.53253	0.8017879	799.6	793.3	26.008333	31800000	-4.645699e-09	12.73325	-0.004049607	-0.4297346	0.15423562	0.0034529327	0.026641667	49.0	10096.561205863953
265	796.6025	0.817565	799.9	793.5	26.008333	31920000	-4.7439244e-09	12.417867	-0.0036917825	-0.32494986	0.15462446	0.0034968331	0.025358334	49.0	10132.50494146347
266	796.6641	0.4540193	799.7	794.3	26.0	32040000	-5.180482e-09	12.926449	-0.0039239936	-0.30893695	0.15743782	0.003235445	0.026958333	49.0	10168.953096151352
267	796.5025	1.0219642	799.8	793.5	26.058332	32160000	4.0745363e-09	13.57109	-0.004600414	-0.39288867	0.16036382	0.0034336848	0.029008335	49.0	10208.00823187828
268	796.5642	0.74249315	799.6	793.0	26.008333	32280000	1.2252713e-08	12.836239	-0.0043787886	-0.35770226	0.15754259	0.003570395	0.028775001	49.0	10242.32792186737
269	796.54333	0.46165395	797.3	794.1	26.025	32400000	7.2759576e-09	13.140132	-0.004247516	-0.4179498	0.15808614	0.0038009956	0.028016668	49.0	10278.537932634354
270	796.3625	0.7208848	797.3	793.7	26.075	32520000	-2.1827873e-09	12.97493	-0.004385599	-0.36327887	0.16159678	0.0030026457	0.027341666	49.0	10315.013195753098
271	796.35583	0.656732	797.1	793.5	26.05	32640000	-9.895302e-09	13.64906	-0.004598776	-0.42463958	0.1615187	0.0032645846	0.029041667	49.0	10355.289578914642
272	796.31744	0.82398385	799.4	791.8	26.083334	32760000	8.614734e-09	13.033905	-0.004947329	-0.4363855	0.16305783	0.0039750366	0.030333335	49.0	10393.784795761108
273	796.38086	0.9699045	799.5	792.9	26.05	32880000	-8.032657e-09	13.447605	-0.004546687	-0.43453515	0.16137345	0.0037742383	0.028458335	49.0	10431.21083188057
274	796.25757	0.9224674	799.7	792.6	26.075	33000000	-3.783498e-09	13.275497	-0.004669694	-0.37128854	0.16060778	0.0032865386	0.028775	49.0	10466.46195435524
275	796.3367	0.92077434	799.4	793.2	26.083334	33120000	-1.268927e-08	13.334061	-0.0048433226	-0.4397055	0.16238329	0.0039901463	0.030458335	49.0	10506.129122972488
276	796.32416	0.8360615	799.6	793.4	26.041666	33240000	1.8044375e-09	13.107033	-0.0042293114	-0.44283724	0.15863574	0.0028408952	0.026858333	49.0	10543.048350095749
277	796.3566	0.77907425	799.5	793.5	26.05	33360000	5.6170393e-09	12.74017	-0.004344009	-0.37627482	0.1574688	0.0033701456	0.0282	49.0	10580.295153856277
278	796.32745	0.9255602	799.4	793.3	26.05	33480000	-2.5320332e-09	13.127773	-0.0040302407	-0.37467027	0.15665892	0.0033307327	0.026333332	49.0	10622.197271823883
279	794.75433	18.160765	799.7	600.3	26.836206	33600000	6.519258e-09	12.912584	-0.004554245	-0.40015018	0.16997714	0.004431693	0.028700002	49.0	10658.11643242836
280	796.5025	1.1018503	799.8	793.2	25.975	33720000	-1.717126e-09	12.83937	-0.0043721655	-0.33792865	0.15735826	0.003065372	0.02885	49.0	10694.805565595627
281	796.5467	0.87196565	799.6	793.6	25.966667	33840000	4.802132e-09	12.9360695	-0.0042971806	-0.33663118	0.1564714	0.0032226637	0.024825	49.0	10730.13079714775
282	796.44	1.058093	799.6	793.4	25.991667	33960000	-5.5879354e-09	13.043206	-0.0044331914	-0.35579455	0.15831529	0.0036676708	0.028375	49.0	10765.9286673069
283	796.52576	1.0650917	799.8	793.1	25.941668	34080000	-6.373739e-09	12.689764	-0.0041708974	-0.37280095	0.15842916	0.0031974353	0.025866665	49.0	10802.667089939117
284	796.3175	1.0463932	799.7	793.2	26.016666	34200000	-4.278263e-09	13.231239	-0.004506847	-0.3394804	0.15940313	0.0036320577	0.02985	49.0	10839.070358276367
285	796.07	1.072971	799.5	793.2	26.1	34320000	1.9208528e-09	13.662663	-0.004437331	-0.3704524	0.15983361	0.0033924486	0.028441668	49.0	10875.689426898956
286	796.2816	1.1627553	799.5	792.3	26.033333	34440000	-7.479684e-09	13.662468	-0.0043738335	-0.3992101	0.16114023	0.0035335233	0.028425	49.0	10911.95705151558
287	796.12604	1.8264838	799.6	778.5	26.109243	34560000	1.1350494e-08	13.319405	-0.004390686	-0.37185526	0.15802301	0.003424037	0.029525	49.0	10947.874499559402
288	796.3409	0.9648396	799.6	793.2	26.041666	34680000	-3.085006e-09	13.261166	-0.004562474	-0.35561097	0.15832858	0.0034115529	0.029291667	49.0	10983.60162782669
289	796.48334	0.7340873	799.6	793.9	26.016666	34800000	3.1432137e-09	13.337221	-0.004310339	-0.40892863	0.15510637	0.0035438437	0.028833333	49.0	11018.9975233078
290	796.44165	0.8808698	799.7	793.5	26.033333	34920000	-3.5506673e-09	12.785091	-0.004565565	-0.37028003	0.15629837	0.004271318	0.030375	49.0	11057.325803041458
291	796.13	0.90568286	797.2	792.4	26.133333	35040000	1.1350494e-08	13.6113825	-0.0049359268	-0.43286455	0.15904273	0.0041970336	0.030033333	49.0	11095.105728149414
292	796.0144	1.1573824	799.5	792.8	26.16949	35160000	6.1118044e-10	13.975649	-0.004908027	-0.4211539	0.16124946	0.0041126832	0.029716667	49.0	11130.02380824089
293	795.6786	1.1402376	797.3	793.0	26.282051	35280000	-7.392373e-09	13.636715	-0.005180209	-0.51065505	0.16499102	0.0044504935	0.031191668	49.0	11166.062451839447
294	795.9392	1.2066693	799.4	791.4	26.208334	35400000	3.9872248e-09	13.873779	-0.0047118412	-0.39763772	0.1627969	0.0036119167	0.028208334	49.0	11201.52715086937
295	795.9825	1.099063	799.6	793.2	26.191668	35520000	5.464244e-09	13.344003	-0.005054608	-0.40278888	0.16274229	0.004013995	0.030541666	49.0	11237.9760825634
296	796.0091	1.1472436	799.2	791.1	26.166666	35640000	2.6484486e-09	13.888666	-0.004873094	-0.45279586	0.16184838	0.0042424896	0.029308334	49.0	11276.33946800232
