Epoch	AverageEpRet	StdEpRet	MaxEpRet	MinEpRet	EpLen	EpNum	TrainIter	LossPi	LossV	DeltaLossPi	DeltaLossV	Entropy	KL	ClipFrac	StopIter	Time
0	-161.12709	7.2593174	-146.90001	-173.35	100.0	24.0	0.0	8.568168e-08	5.013719	-0.0059867026	-3.872064	3.4871747	0.0151430555	0.094174996	22.0	19.880903720855713
1	-158.2375	5.9986496	-147.5	-168.8	100.0	48.0	0.0	2.0023435e-08	1.1406218	-0.0048784125	-0.048768714	3.46384	0.014388944	0.054725	49.0	40.06071853637695
2	-156.09167	5.1322246	-148.5	-164.25	100.0	72.0	0.0	-1.7345883e-08	1.0327418	-0.0039458117	-0.0680054	3.452766	0.012768775	0.0612375	49.0	59.04130792617798
3	-154.96458	4.044402	-147.2	-162.2	100.0	96.0	0.0	-1.6530976e-08	0.8611124	-0.004597383	-0.09681029	3.4310808	0.015083857	0.1133375	38.0	77.43776226043701
4	-150.99167	4.961637	-139.85	-158.45	100.0	120.0	0.0	-1.7345883e-08	0.55369365	-0.006243124	-0.14109705	3.4029698	0.015056128	0.1098125	36.0	97.27891874313354
5	-146.11665	4.125699	-133.95	-152.6	100.0	144.0	0.0	1.1874363e-08	0.41485196	-0.007610939	-0.15825054	3.3534703	0.015066359	0.1509	45.0	121.44695258140564
6	-143.9875	3.8326783	-135.35	-150.55	100.0	168.0	0.0	-2.2351742e-08	0.37779546	-0.0056620995	-0.13563421	3.297483	0.014380114	0.13877499	49.0	141.59627604484558
7	-139.282	4.661543	-130.75	-148.65001	100.0	193.0	0.0	-3.259629e-09	0.35478482	-0.004950138	-0.08012222	3.2287047	0.01406035	0.095162496	49.0	164.58018946647644
8	-136.5	3.9374793	-125.9	-144.45	100.0	217.0	0.0	-4.4237822e-09	0.36496758	-0.00438265	-0.048968825	3.1515968	0.015463164	0.098325	38.0	181.89858961105347
9	-138.79582	3.44897	-132.0	-144.35	100.0	241.0	0.0	-7.450581e-09	0.35340905	-0.0035084207	-0.030619469	3.0781636	0.014207501	0.059375003	49.0	201.8666570186615
10	-136.06459	4.256306	-127.55	-143.65001	100.0	265.0	0.0	1.17579475e-08	0.32961732	-0.0037418278	-0.01780516	3.0845037	0.012880783	0.0528625	49.0	219.51432490348816
11	-135.01459	4.205985	-127.15	-143.55	100.0	289.0	0.0	-9.313226e-10	0.34795168	-0.0038112446	-0.019090265	3.0407662	0.014859434	0.0634875	49.0	238.01478719711304
12	-137.6125	3.8112571	-126.3	-143.35	100.0	313.0	0.0	-5.5879354e-09	0.29757777	-0.0033540628	-0.012292113	3.021378	0.014002487	0.072987504	49.0	257.6388750076294
13	-138.89166	2.5056877	-135.2	-144.90001	100.0	337.0	0.0	-1.2572855e-08	0.28541845	-0.0033735277	-0.013496913	2.9694166	0.014108306	0.0768875	49.0	278.11321234703064
14	-139.21251	2.83895	-133.8	-144.6	100.0	361.0	0.0	-4.656613e-10	0.2764668	-0.0025066747	-0.013028262	2.922749	0.01100369	0.04105	49.0	295.9721326828003
15	-140.17291	3.307251	-133.6	-145.8	100.0	385.0	0.0	5.820766e-11	0.2582679	-0.002346957	-0.011622224	2.8854947	0.011765353	0.0280875	49.0	315.3814809322357
16	-140.37292	2.851059	-134.55	-145.3	100.0	409.0	0.0	2.0954758e-09	0.2412907	-0.002707956	-0.0066625867	2.8956032	0.013887727	0.1360125	49.0	333.8021492958069
17	-139.96667	3.331531	-131.55	-144.7	100.0	433.0	0.0	-1.14087015e-08	0.2658941	-0.0026231494	-0.010289157	2.8780136	0.013303781	0.046224996	49.0	355.6374487876892
18	-141.10417	2.8894176	-134.25	-145.2	100.0	457.0	0.0	-9.313226e-10	0.24939002	-0.0030907306	-0.006181307	2.8617535	0.011962805	0.066837505	49.0	376.2181394100189
19	-139.94376	3.073925	-134.1	-145.2	100.0	481.0	0.0	-9.313226e-09	0.23962298	-0.0025239177	-0.005439628	2.884153	0.011898391	0.0388375	49.0	394.87746024131775
20	-141.40416	3.1666853	-130.1	-145.40001	100.0	505.0	0.0	-8.8475645e-09	0.22735968	-0.0028095448	-0.0036127511	2.887361	0.013013657	0.0276375	49.0	412.88974237442017
21	-141.95834	2.330847	-135.2	-145.2	100.0	529.0	0.0	1.4901161e-08	0.22224683	-0.0027055389	-0.0030802656	2.8777823	0.010423353	0.10483751	49.0	435.52419805526733
22	-142.13333	2.4230962	-136.5	-144.90001	100.0	553.0	0.0	2.910383e-09	0.21964015	-0.0021318877	-0.006539909	2.8755355	0.010379748	0.01715	49.0	456.04793906211853
23	-142.62917	1.9858817	-137.90001	-145.5	100.0	577.0	0.0	2.7939677e-09	0.2226053	-0.0028773881	-0.0039481744	2.875949	0.013448575	0.0571625	49.0	474.8797891139984
24	-143.87917	1.7537994	-137.65001	-145.55	100.0	601.0	0.0	1.7462298e-09	0.20220056	-0.0030229234	-0.00496923	2.8278275	0.012467956	0.043712497	49.0	493.73277020454407
25	-143.075	1.7866378	-138.8	-145.2	100.0	625.0	0.0	2.7939677e-09	0.20936161	-0.0024312937	-0.003003804	2.7818174	0.01171778	0.029662501	49.0	513.8542568683624
26	-143.20416	1.8869026	-137.5	-145.3	100.0	649.0	0.0	5.122274e-09	0.2027359	-0.0018440115	-0.0034879502	2.769678	0.0066312985	0.0077499994	49.0	536.6749362945557
27	-144.0375	1.856085	-137.6	-145.2	100.0	673.0	0.0	-6.2864274e-09	0.21124864	-0.0025319208	-0.0030017216	2.7841468	0.011550502	0.0465375	49.0	557.3860745429993
28	-144.32083	1.1451813	-141.75	-145.45	100.0	697.0	0.0	-1.2922101e-08	0.21991184	-0.0028913314	-0.004102871	2.7525153	0.011015272	0.0113125	49.0	577.011227607727
29	-144.3875	1.2329041	-140.7	-145.55	100.0	721.0	0.0	-4.656613e-09	0.19636977	-0.0020327345	-0.0023439862	2.7049239	0.010534653	0.031875	49.0	597.2074513435364
30	-144.05833	1.5942382	-138.75	-145.55	100.0	745.0	0.0	-1.2572855e-08	0.18516554	-0.002275357	-0.0026548672	2.6607342	0.0133670075	0.0145625	49.0	617.0258250236511
31	-144.73543	0.8039578	-142.15001	-145.35	100.0	769.0	0.0	-9.546056e-09	0.16906163	-0.0022668722	-0.0026155617	2.646182	0.013242008	0.010275001	49.0	634.9166469573975
32	-144.68752	0.6828625	-142.35	-145.5	100.0	793.0	0.0	1.1641532e-09	0.15663695	-0.002805837	-0.005055925	2.6194339	0.013696457	0.0258625	49.0	656.2225668430328
33	-144.42084	1.0602597	-142.05	-145.6	100.0	817.0	0.0	-9.313226e-10	0.17213413	-0.0028958446	-0.0034600403	2.6656032	0.009388169	0.022100002	49.0	675.035974740982
34	-144.75	0.96555316	-140.75	-145.40001	100.0	841.0	0.0	3.958121e-09	0.19008729	-0.0022585988	-0.0038415529	2.6879292	0.014579239	0.0495125	49.0	693.8023962974548
35	-144.69585	0.8727236	-142.35	-145.5	100.0	865.0	0.0	-9.080395e-09	0.18714122	-0.0026761338	-0.00300722	2.6691732	0.01292949	0.049925	49.0	713.3499267101288
36	-144.54584	0.806345	-142.7	-145.15001	100.0	889.0	0.0	-3.7252903e-09	0.1520656	-0.002170425	-0.010546166	2.655902	0.014673671	0.0294125	49.0	736.4067258834839
37	-144.72083	0.6774514	-142.8	-145.35	100.0	913.0	0.0	6.519258e-09	0.14918569	-0.0021768569	-0.0057789953	2.6401505	0.009544706	0.019412499	49.0	758.5750930309296
38	-144.70625	0.84524435	-141.90001	-145.55	100.0	937.0	0.0	-5.122274e-09	0.16980314	-0.002196072	-0.0057235854	2.6658869	0.010273753	0.0324125	49.0	777.9642255306244
39	-144.63542	0.86138034	-142.0	-145.2	100.0	961.0	0.0	-9.313226e-09	0.17654714	-0.0027253984	-0.00174037	2.6388483	0.015174176	0.0735625	38.0	799.3062889575958
40	-144.8875	0.49249446	-142.65001	-145.1	100.0	985.0	0.0	2.7939677e-09	0.19285002	-0.0020498955	-0.010590106	2.683269	0.010231618	0.0115249995	49.0	819.8899645805359
41	-144.65625	0.83208066	-142.0	-145.2	100.0	1009.0	0.0	1.3038516e-08	0.17704162	-0.002063463	-0.0031496529	2.686391	0.010495011	0.028874999	49.0	837.8189442157745
42	-144.73958	0.670195	-142.85	-145.1	100.0	1033.0	0.0	1.8626451e-09	0.2035636	-0.0026794227	-0.007111028	2.679967	0.013283998	0.0513	49.0	859.1694011688232
43	-144.71042	0.79175115	-142.25	-145.3	100.0	1057.0	0.0	-1.3038516e-08	0.18180825	-0.0025089139	-0.0029387604	2.658419	0.012699697	0.037637502	49.0	879.2627520561218
44	-144.77501	0.6794598	-142.5	-145.2	100.0	1081.0	0.0	7.450581e-09	0.20412648	-0.002617773	-0.0047217067	2.636901	0.011084541	0.07457501	49.0	897.0205957889557
45	-144.71875	0.7084024	-142.15001	-145.15001	100.0	1105.0	0.0	9.778887e-09	0.22771864	-0.0021282008	-0.0017728526	2.6197286	0.015188573	0.052024998	47.0	916.163168668747
46	-144.71251	0.6377432	-142.85	-145.1	100.0	1129.0	0.0	1.1175871e-08	0.19676298	-0.001988599	-0.0024060141	2.5819378	0.010735087	0.032125	49.0	935.5516183376312
47	-144.96458	0.27175426	-143.7	-145.3	100.0	1153.0	0.0	-4.656613e-10	0.20589142	-0.0022386517	-0.00325628	2.6032257	0.0110573005	0.0065375	49.0	957.2035882472992
48	-144.91249	0.4954475	-142.55	-145.25	100.0	1177.0	0.0	1.8626451e-09	0.17053863	-0.0022223464	-0.011531442	2.6216757	0.01148249	0.04485	49.0	977.8176555633545
49	-144.84999	0.4741208	-143.25	-145.25	100.0	1201.0	0.0	-2.7939677e-09	0.16072205	-0.0023691924	-0.0096579045	2.6127086	0.010840277	0.0241125	49.0	998.4086308479309
50	-144.8979	0.5319919	-142.35	-145.1	100.0	1225.0	0.0	-5.5879354e-09	0.13002583	-0.0025952826	-0.0116356965	2.6383612	0.01195934	0.0362875	49.0	1015.0829672813416
51	-144.77708	0.6642622	-142.1	-145.1	100.0	1249.0	0.0	-1.5832484e-08	0.19002333	-0.0024489085	-0.023850061	2.634752	0.010587734	0.071675	49.0	1033.6643805503845
52	-144.83125	0.47671062	-142.95	-145.1	100.0	1273.0	0.0	-4.656613e-10	0.17963602	-0.0027517087	-0.0026609115	2.6249647	0.012933421	0.0386125	49.0	1050.689992427826
53	-144.97708	0.13538368	-144.35	-145.1	100.0	1297.0	0.0	6.0535967e-09	0.17722976	-0.0016933955	-0.007068256	2.5688796	0.012073297	0.02715	49.0	1069.7095363140106
54	-145.0125	0.03307391	-145.0	-145.1	100.0	1321.0	0.0	1.0244548e-08	0.21948156	-0.002224705	-0.004566122	2.5136733	0.012057326	0.068075	49.0	1085.9081239700317
55	-144.87292	0.60121065	-142.0	-145.15001	100.0	1345.0	0.0	9.778887e-09	0.2519541	-0.0025731674	-0.008328563	2.5163958	0.011121969	0.0279625	49.0	1101.9236359596252
56	-144.65208	0.94862616	-141.2	-145.0	100.0	1369.0	0.0	3.259629e-09	0.22635421	-0.0027473045	-0.00430128	2.4847739	0.011122584	0.02005	49.0	1122.984188079834
57	-144.72499	0.7123881	-142.1	-145.0	100.0	1393.0	0.0	3.259629e-09	0.20600803	-0.0018543041	-0.0037464928	2.4985309	0.009826192	0.0225125	49.0	1140.777021408081
58	-144.84999	0.71937287	-141.40001	-145.0	100.0	1417.0	0.0	-6.519258e-09	0.24726798	-0.0032603664	-0.007909663	2.4899313	0.014239977	0.0249125	49.0	1162.451605796814
59	-144.88959	0.36967793	-143.5	-145.0	100.0	1441.0	0.0	7.450581e-09	0.2267515	-0.0021219626	-0.014752664	2.4566836	0.013833661	0.021312501	49.0	1183.897786140442
60	-144.90208	0.49084893	-142.55	-145.1	100.0	1465.0	0.0	9.313226e-10	0.22269416	-0.0020263891	-0.0018515978	2.5150194	0.007885318	0.010775	49.0	1205.5941755771637
61	-144.7375	0.7427779	-142.3	-145.0	100.0	1489.0	0.0	3.7252903e-09	0.23095256	-0.0021223472	-0.0018610321	2.511979	0.012601266	0.0280125	49.0	1223.1816477775574
62	-144.9375	0.34255436	-143.3	-145.1	100.0	1513.0	0.0	9.313226e-10	0.23980913	-0.0027392493	-0.0025944524	2.5061336	0.011588921	0.05595	49.0	1243.9487159252167
63	-144.86667	0.4422141	-143.40001	-145.0	100.0	1537.0	0.0	-1.8626451e-09	0.25067368	-0.002291316	-0.0020418968	2.4886386	0.012291711	0.064325	49.0	1262.4839894771576
64	-145.00417	0.01998385	-145.0	-145.1	100.0	1561.0	0.0	1.3969839e-08	0.2027173	-0.0027059412	-0.012640238	2.5121093	0.012469237	0.036875002	49.0	1282.1077907085419
65	-144.90625	0.47088233	-142.65001	-145.1	100.0	1585.0	0.0	-3.7252903e-09	0.21399081	-0.002338651	-0.0065728966	2.5293584	0.0106117735	0.0152125005	49.0	1301.0245850086212
66	-145.0125	0.03307391	-145.0	-145.1	100.0	1609.0	0.0	-5.5879354e-09	0.17526835	-0.002710566	-0.010844462	2.5447295	0.013292013	0.0260625	49.0	1318.3520421981812
67	-144.94167	0.27975562	-143.6	-145.0	100.0	1633.0	0.0	-6.519258e-09	0.22975719	-0.0024066207	-0.009554021	2.5248709	0.009306062	0.016537499	49.0	1337.9092988967896
68	-144.66875	0.8127635	-142.15001	-145.1	100.0	1657.0	0.0	-8.1490725e-09	0.24359855	-0.001864314	-0.0065869726	2.486116	0.010480633	0.0407625	49.0	1358.0756940841675
69	-145.00417	0.01998385	-145.0	-145.1	100.0	1681.0	0.0	9.313226e-10	0.2802074	-0.0021021836	-0.007865677	2.4469073	0.008924607	0.0389125	49.0	1378.8107380867004
70	-144.89583	0.49956578	-142.5	-145.0	100.0	1705.0	0.0	7.21775e-09	0.25187516	-0.0022269033	-0.0019623004	2.4203632	0.0114018805	0.0065625003	49.0	1397.8916275501251
71	-145.0	0.0	-145.0	-145.0	100.0	1729.0	0.0	6.519258e-09	0.23258273	-0.0024931692	-0.0031945612	2.4150057	0.01131292	0.07763749	49.0	1421.3812320232391
72	-144.86876	0.7404678	-141.35	-145.5	100.0	1753.0	0.0	6.7520887e-09	0.25346264	-0.0024775295	-0.005089149	2.4312792	0.011414878	0.0242875	49.0	1442.3683769702911
73	-144.92291	0.39103958	-143.05	-145.1	100.0	1777.0	0.0	-2.3283064e-09	0.27468294	-0.0023317933	-0.0053649154	2.4149938	0.010054061	0.0320625	49.0	1461.4959528446198
74	-145.0	0.0	-145.0	-145.0	100.0	1801.0	0.0	5.5879354e-09	0.22496656	-0.0028213202	-0.0063892566	2.3952432	0.011347061	0.016425	49.0	1480.7575104236603
75	-144.77501	0.746798	-142.2	-145.0	100.0	1825.0	0.0	-1.071021e-08	0.2401647	-0.001577339	-0.0039321072	2.3695755	0.00932384	0.011875	49.0	1501.1711626052856
76	-144.91667	0.39965266	-143.0	-145.0	100.0	1849.0	0.0	3.259629e-09	0.25722423	-0.0026195608	-0.003343191	2.415358	0.011872016	0.0459125	49.0	1519.7709012031555
77	-145.0	0.0	-145.0	-145.0	100.0	1873.0	0.0	6.519258e-09	0.23688446	-0.0022177335	-0.0031444523	2.3742738	0.010771655	0.0237125	49.0	1540.5326998233795
78	-144.94583	0.2597748	-143.7	-145.0	100.0	1897.0	0.0	-3.3760443e-09	0.22804213	-0.0024051825	-0.009358125	2.3778777	0.013777579	0.05115	49.0	1561.2555186748505
79	-145.01459	0.069940425	-145.0	-145.35	100.0	1921.0	0.0	-2.3283064e-09	0.19768283	-0.0028154515	-0.011119832	2.3373003	0.009627618	0.023275	49.0	1579.8024635314941
80	-144.88124	0.5695032	-142.15001	-145.0	100.0	1945.0	0.0	4.1909516e-09	0.20934176	-0.0023780558	-0.0039658453	2.2907784	0.009140116	0.028	49.0	1600.3356864452362
81	-145.0	0.0	-145.0	-145.0	100.0	1969.0	0.0	3.7252903e-09	0.2027781	-0.0029482534	-0.0018435363	2.2685318	0.007690928	0.031062499	49.0	1620.8601434230804
82	-145.0	0.0	-145.0	-145.0	100.0	1993.0	0.0	6.9849193e-09	0.2609542	-0.001714672	-0.017361486	2.2699027	0.009684623	0.033125	49.0	1641.1187689304352
83	-145.0	0.0	-145.0	-145.0	100.0	2017.0	0.0	7.683411e-09	0.24192044	-0.0023821879	-0.0022086464	2.2908926	0.00863106	0.0085125	49.0	1659.948391199112
84	-144.99376	0.029972728	-144.85	-145.0	100.0	2041.0	0.0	9.313226e-09	0.2533834	-0.0022007334	-0.0027179252	2.3064976	0.012019644	0.0188	49.0	1679.6545441150665
85	-145.0	0.0	-145.0	-145.0	100.0	2065.0	0.0	9.313226e-10	0.26630643	-0.0025467214	-0.00322479	2.2514248	0.006973131	0.011050001	49.0	1699.60458278656
86	-145.0	0.0	-145.0	-145.0	100.0	2089.0	0.0	1.9557774e-08	0.2884816	-0.0018190288	-0.00857587	2.2914338	0.011876613	0.035575	49.0	1715.667620420456
87	-144.96666	0.15986165	-144.2	-145.0	100.0	2113.0	0.0	-7.450581e-09	0.2802535	-0.0023476756	-0.0036347602	2.3106918	0.008110317	0.0239875	49.0	1732.8697967529297
88	-145.0	0.0	-145.0	-145.0	100.0	2137.0	0.0	1.1641532e-09	0.26959738	-0.0018912142	-0.0037714709	2.2687888	0.0076066316	0.026975	49.0	1753.452276468277
89	-145.0	0.0	-145.0	-145.0	100.0	2161.0	0.0	1.8626451e-09	0.27107692	-0.0019613383	-0.005767662	2.2483168	0.0111289695	0.014712499	49.0	1775.1668467521667
90	-145.0	0.0	-145.0	-145.0	100.0	2185.0	0.0	6.519258e-09	0.26998597	-0.0015095042	-0.0075450838	2.212954	0.008566298	0.0113375	49.0	1795.360004901886
91	-145.0	0.0	-145.0	-145.0	100.0	2209.0	0.0	1.1175871e-08	0.26766735	-0.0022386985	-0.00364808	2.213988	0.009306775	0.029437501	49.0	1813.6312267780304
92	-145.0	0.0	-145.0	-145.0	100.0	2233.0	0.0	4.0745363e-09	0.25711823	-0.0022411095	-0.0031544007	2.1891797	0.007617964	0.00925	49.0	1832.7252962589264
93	-145.0	0.0	-145.0	-145.0	100.0	2257.0	0.0	6.519258e-09	0.26510352	-0.0016608227	-0.0023189671	2.175696	0.008399233	0.0131	49.0	1851.0204484462738
94	-145.0	0.0	-145.0	-145.0	100.0	2281.0	0.0	1.1641532e-08	0.25294933	-0.001986987	-0.0041120965	2.132638	0.0066620274	0.009500001	49.0	1873.7481727600098
95	-145.0	0.0	-145.0	-145.0	100.0	2305.0	0.0	1.071021e-08	0.22453445	-0.0024571063	-0.00013432093	2.1362891	0.010127821	0.030725	49.0	1894.2222871780396
96	-145.0	0.0	-145.0	-145.0	100.0	2329.0	0.0	4.1909516e-09	0.22010311	-0.0021144762	-0.005674267	2.170079	0.007300889	0.0069	49.0	1915.6383605003357
97	-145.0	0.0	-145.0	-145.0	100.0	2353.0	0.0	7.916242e-09	0.23206249	-0.0017069752	-0.0035090335	2.1710944	0.008324781	0.0208125	49.0	1933.9414837360382
98	-144.96458	0.16985054	-144.15001	-145.0	100.0	2377.0	0.0	-6.7520887e-09	0.22581181	-0.0015625582	-0.004150508	2.1321735	0.0056926995	0.010187499	49.0	1952.3580639362335
99	-145.0	0.0	-145.0	-145.0	100.0	2401.0	0.0	4.656613e-09	0.21123847	-0.0017022728	-0.004663788	2.133061	0.010896759	0.0186125	49.0	1973.0665855407715
100	-145.0	0.0	-145.0	-145.0	100.0	2425.0	0.0	7.450581e-09	0.21680313	-0.0023818153	-0.0024259891	2.114708	0.010061871	0.038725	49.0	1992.865374803543
101	-145.0	0.0	-145.0	-145.0	100.0	2449.0	0.0	5.5879354e-09	0.22732809	-0.0025025448	-0.0033031981	2.057637	0.009975804	0.028250001	49.0	2011.177562713623
102	-144.99583	0.019980801	-144.90001	-145.0	100.0	2473.0	0.0	-2.7939677e-09	0.2515039	-0.0026266663	-0.0050757434	2.0590081	0.008902688	0.013075	49.0	2032.8867681026459
103	-145.0	0.0	-145.0	-145.0	100.0	2497.0	0.0	6.9849193e-09	0.2191851	-0.0021072787	-0.0016996898	2.0512753	0.009024702	0.0192375	49.0	2051.965000152588
104	-145.0	0.0	-145.0	-145.0	100.0	2521.0	0.0	-8.614734e-09	0.22523499	-0.0019800474	-0.0051537715	1.9845507	0.010280244	0.038125	49.0	2071.047378063202
105	-145.02083	0.09991316	-145.0	-145.5	100.0	2545.0	0.0	-3.259629e-09	0.2219134	-0.0019194984	-0.0039358363	1.9533608	0.0062993104	0.015012499	49.0	2091.29949259758
106	-144.9375	0.29973948	-143.5	-145.0	100.0	2569.0	0.0	-4.8894435e-09	0.21868356	-0.001907771	-0.0052744355	1.9267359	0.006232634	0.0115875	49.0	2108.9748005867004
107	-145.0	0.0	-145.0	-145.0	100.0	2593.0	0.0	-1.8626451e-09	0.2252512	-0.0019632147	-0.0022741817	1.9116302	0.008000955	0.0216	49.0	2126.2624521255493
108	-145.0	0.0	-145.0	-145.0	100.0	2617.0	0.0	-4.1909516e-09	0.22715709	-0.002386237	-0.0035160985	1.968827	0.009274064	0.0096375	49.0	2144.482732772827
109	-144.90001	0.47958195	-142.6	-145.0	100.0	2641.0	0.0	-7.916242e-09	0.20803936	-0.0021533167	-0.0019478966	1.9610375	0.009600293	0.006625	49.0	2163.7492938041687
110	-144.925	0.35968795	-143.2	-145.0	100.0	2665.0	0.0	-9.778887e-09	0.23784584	-0.00173268	-0.003842121	1.9383911	0.012834433	0.097224995	49.0	2187.378336906433
111	-144.97084	0.13987781	-144.3	-145.0	100.0	2689.0	0.0	1.0244548e-08	0.21950215	-0.0018202642	-0.0043858066	1.9804916	0.006160748	0.0094625	49.0	2207.4007198810577
112	-144.96251	0.17984246	-144.1	-145.0	100.0	2713.0	0.0	1.8626451e-09	0.22456488	-0.001971392	-0.0031342003	1.9358723	0.007460869	0.0231125	49.0	2223.955548286438
113	-145.0	0.0	-145.0	-145.0	100.0	2737.0	0.0	-1.6763806e-08	0.19283071	-0.0015725715	-0.002873391	1.9301306	0.005013165	0.0109	49.0	2243.3105523586273
114	-145.0	0.0	-145.0	-145.0	100.0	2761.0	0.0	7.916242e-09	0.20645845	-0.002426083	-0.0039160624	1.9378581	0.0068527116	0.028025	49.0	2261.378199338913
115	-144.96042	0.1898344	-144.05	-145.0	100.0	2785.0	0.0	-1.9557774e-08	0.20850575	-0.0015993966	-0.005896196	1.9187748	0.005095364	0.011325	49.0	2281.5976016521454
116	-144.91458	0.40964454	-142.95	-145.0	100.0	2809.0	0.0	-1.0011718e-08	0.20130767	-0.0015982357	-0.004034858	1.9073606	0.009003555	0.0181625	49.0	2302.3594813346863
117	-145.0	0.0	-145.0	-145.0	100.0	2833.0	0.0	-1.0244548e-08	0.2409749	-0.0022952273	-0.0040382463	1.8652927	0.008304696	0.0170125	49.0	2320.5422949790955
118	-144.91249	0.41963342	-142.90001	-145.0	100.0	2857.0	0.0	-1.3969839e-09	0.1996516	-0.0019562957	-0.0084907	1.8557667	0.008250717	0.01875	49.0	2340.616443872452
119	-144.99167	0.039964654	-144.8	-145.0	100.0	2881.0	0.0	-6.519258e-09	0.21391585	-0.0019286299	-0.0030934606	1.8520815	0.008197453	0.011600001	49.0	2362.1177763938904
120	-144.9375	0.29973948	-143.5	-145.0	100.0	2905.0	0.0	1.8626451e-09	0.1926418	-0.0020864697	-0.0024453104	1.9042675	0.006231776	0.019499999	49.0	2384.1430971622467
121	-145.0	0.0	-145.0	-145.0	100.0	2929.0	0.0	-3.0267984e-09	0.22255172	-0.0016426537	-0.004459465	1.8420668	0.010467239	0.01205	49.0	2405.660390138626
122	-145.0	0.0	-145.0	-145.0	100.0	2953.0	0.0	-4.656613e-09	0.22136496	-0.002141368	-0.0032950696	1.8996388	0.010380391	0.1450625	49.0	2425.492238998413
123	-145.0	0.0	-145.0	-145.0	100.0	2977.0	0.0	6.0535967e-09	0.22543061	-0.002070088	-0.0016352125	1.9028192	0.008843089	0.0114625	49.0	2445.388816833496
124	-145.0	0.0	-145.0	-145.0	100.0	3001.0	0.0	7.450581e-09	0.20537451	-0.0019228023	-0.0033852719	1.8631732	0.00664929	0.0093249995	49.0	2462.4558532238007
125	-144.98125	0.089921236	-144.55	-145.0	100.0	3025.0	0.0	-1.4901161e-08	0.22514541	-0.0018539238	-0.001530828	1.8846908	0.006224838	0.010875	49.0	2480.874739408493
126	-144.95833	0.19982632	-144.0	-145.0	100.0	3049.0	0.0	-4.656613e-09	0.23302193	-0.0022864079	-0.002946088	1.8785386	0.00893901	0.035487503	49.0	2502.3256826400757
127	-145.0	0.0	-145.0	-145.0	100.0	3073.0	0.0	-1.8626451e-09	0.21967697	-0.0024978651	-0.0014619473	1.8084546	0.005419362	0.0074000005	49.0	2521.34272313118
128	-145.0	0.0	-145.0	-145.0	100.0	3097.0	0.0	-2.561137e-09	0.1955541	-0.0015692527	-0.0025961157	1.8328838	0.007680651	0.025475	49.0	2540.3610944747925
129	-145.0	0.0	-145.0	-145.0	100.0	3121.0	0.0	1.0244548e-08	0.19795358	-0.0019783233	-0.0016134791	1.8142111	0.005505724	0.010524999	49.0	2558.6768803596497
130	-145.01875	0.089921236	-145.0	-145.45	100.0	3145.0	0.0	7.450581e-09	0.19049656	-0.0019780963	-0.0017940402	1.8253452	0.0065976456	0.0194625	49.0	2578.1127305030823
131	-145.0	0.0	-145.0	-145.0	100.0	3169.0	0.0	0.0	0.20629731	-0.0017285391	-0.0029920526	1.7839282	0.0050308844	0.0085875	49.0	2599.384594678879
132	-145.0125	0.059948504	-145.0	-145.3	100.0	3193.0	0.0	1.0244548e-08	0.18763417	-0.0014992668	-0.004893072	1.7649658	0.0051116217	0.0146625	49.0	2619.823874473572
133	-144.87291	0.60947084	-141.95	-145.0	100.0	3217.0	0.0	5.5879354e-09	0.21256077	-0.0015555631	-0.0015163999	1.7714701	0.0048708483	0.0047625	49.0	2637.091485261917
134	-145.0	0.0	-145.0	-145.0	100.0	3241.0	0.0	9.313226e-09	0.25605512	-0.0020401678	-0.0058657043	1.7917001	0.007905988	0.021425	49.0	2657.3300092220306
135	-145.0	0.0	-145.0	-145.0	100.0	3265.0	0.0	7.916242e-09	0.19975963	-0.0021535377	-0.002940921	1.8455999	0.0076640546	0.0187875	49.0	2677.684540748596
136	-145.0	0.0	-145.0	-145.0	100.0	3289.0	0.0	1.0244548e-08	0.23957002	-0.0016134277	-0.0033155717	1.8325994	0.0076304795	0.01375	49.0	2700.1366279125214
137	-145.0	0.0	-145.0	-145.0	100.0	3313.0	0.0	5.5879354e-09	0.23637187	-0.0021061702	-0.002286533	1.8255147	0.0060680555	0.012137501	49.0	2721.084857225418
138	-145.0	0.0	-145.0	-145.0	100.0	3337.0	0.0	2.3283064e-09	0.22357753	-0.0020785904	-0.001252545	1.8168058	0.0060411077	0.0181125	49.0	2742.4524669647217
139	-145.0	0.0	-145.0	-145.0	100.0	3361.0	0.0	-5.5879354e-09	0.2595738	-0.002038008	-0.00311438	1.8373997	0.0053752027	0.0186875	49.0	2765.5057282447815
140	-145.0	0.0	-145.0	-145.0	100.0	3385.0	0.0	3.608875e-09	0.24329704	-0.0021846946	-0.0021203738	1.8506227	0.0079143625	0.0174	49.0	2784.858516216278
141	-145.0	0.0	-145.0	-145.0	100.0	3409.0	0.0	-3.7252903e-09	0.2374535	-0.002091737	-0.003541911	1.8276155	0.0042582024	0.0125750005	49.0	2804.9032287597656
142	-145.00417	0.01998385	-145.0	-145.1	100.0	3433.0	0.0	3.0267984e-09	0.24249822	-0.0018595948	-0.0016575512	1.8122844	0.0051687816	0.0126875	49.0	2825.0792791843414
143	-144.91249	0.41963345	-142.90001	-145.0	100.0	3457.0	0.0	1.0244548e-08	0.24855144	-0.0015743962	-0.0027529448	1.8383679	0.006343655	0.0141125005	49.0	2844.82706618309
144	-145.0	0.0	-145.0	-145.0	100.0	3481.0	0.0	-5.122274e-09	0.25378957	-0.0021424678	-0.0027788654	1.8177271	0.009510743	0.0308875	49.0	2863.9821610450745
145	-145.0	0.0	-145.0	-145.0	100.0	3505.0	0.0	5.5879354e-09	0.26903364	-0.0022381588	-0.004067518	1.8102283	0.009135513	0.018525	49.0	2882.8138053417206
146	-145.0	0.0	-145.0	-145.0	100.0	3529.0	0.0	6.9849193e-09	0.25973216	-0.0025847503	-0.0023277476	1.799107	0.008814239	0.0131125	49.0	2901.0018951892853
147	-145.0	0.0	-145.0	-145.0	100.0	3553.0	0.0	-6.0535967e-09	0.23827231	-0.0020422498	-0.0072335713	1.8140123	0.011153124	0.026774999	49.0	2920.496332168579
148	-145.00833	0.027640227	-145.0	-145.1	100.0	3577.0	0.0	-1.6763806e-08	0.25731212	-0.0018049184	-0.0026318468	1.8324696	0.007969273	0.027875	49.0	2939.8668372631073
149	-145.0	0.0	-145.0	-145.0	100.0	3601.0	0.0	-9.546056e-09	0.22874194	-0.0022241033	-0.0025144145	1.8067418	0.00946394	0.0152375	49.0	2961.009400367737
150	-145.00417	0.01998385	-145.0	-145.1	100.0	3625.0	0.0	7.683411e-09	0.24054593	-0.0019749675	-0.0022666715	1.7789776	0.0072133346	0.018174998	49.0	2981.7796771526337
151	-144.94583	0.2495482	-143.75	-145.0	100.0	3649.0	0.0	-5.5879354e-09	0.23657036	-0.0023933696	-0.002222417	1.7646602	0.007639986	0.0240375	49.0	3005.162398338318
152	-144.8	0.66723764	-142.35	-145.0	100.0	3673.0	0.0	-3.7252903e-09	0.2335648	-0.0025189924	-0.0012270212	1.7656443	0.0066805957	0.021300001	49.0	3027.348313808441
153	-145.0	0.0	-145.0	-145.0	100.0	3697.0	0.0	-2.3283064e-09	0.21836302	-0.0019854007	-0.002833955	1.7324007	0.008312346	0.0311375	49.0	3045.669290304184
154	-144.85834	0.67940825	-141.6	-145.0	100.0	3721.0	0.0	6.0535967e-09	0.25286582	-0.0020194622	-0.004671138	1.6738789	0.0072204033	0.012912501	49.0	3069.169599056244
155	-145.0	0.0	-145.0	-145.0	100.0	3745.0	0.0	-1.21071935e-08	0.20998982	-0.0022315579	-0.0070731565	1.629945	0.005362821	0.040475	49.0	3091.255001783371
156	-145.0	0.0	-145.0	-145.0	100.0	3769.0	0.0	1.3969839e-09	0.22676545	-0.0014903555	-0.002765322	1.608102	0.006611524	0.0806875	49.0	3111.8134229183197
157	-145.0	0.0	-145.0	-145.0	100.0	3793.0	0.0	-4.1909516e-09	0.22538443	-0.0019405652	-0.008240683	1.568422	0.0055457526	0.0115	49.0	3131.161945581436
158	-145.0	0.0	-145.0	-145.0	100.0	3817.0	0.0	-6.7520887e-09	0.22573419	-0.0020386751	-0.003076585	1.5537117	0.006878557	0.020262498	49.0	3149.5183868408203
159	-145.0	0.0	-145.0	-145.0	100.0	3841.0	0.0	1.3969839e-08	0.23883778	-0.0016288287	-0.0022573043	1.5943315	0.004306173	0.0078	49.0	3167.732778072357
160	-145.0	0.0	-145.0	-145.0	100.0	3865.0	0.0	-6.9849193e-09	0.19769786	-0.0017101739	-0.0032260641	1.5597409	0.0042199483	0.0122	49.0	3187.033451795578
161	-145.0	0.0	-145.0	-145.0	100.0	3889.0	0.0	-5.5879354e-09	0.23127252	-0.0026811103	-0.005733369	1.5889506	0.0055115316	0.0230875	49.0	3206.0604701042175
162	-145.0	0.0	-145.0	-145.0	100.0	3913.0	0.0	2.7939677e-09	0.23205644	-0.001929798	-0.0017750803	1.5714753	0.004601009	0.014350001	49.0	3227.883012533188
163	-145.0	0.0	-145.0	-145.0	100.0	3937.0	0.0	7.450581e-09	0.22999027	-0.0013913558	-0.0026445687	1.5895734	0.006141058	0.0095625	49.0	3250.299229860306
164	-144.92084	0.4120376	-142.95	-145.15001	100.0	3961.0	0.0	1.5832484e-08	0.27470773	-0.0019316304	-0.009328013	1.5545156	0.003929235	0.0036875	49.0	3271.0734741687775
165	-144.97917	0.09991316	-144.5	-145.0	100.0	3985.0	0.0	4.656613e-09	0.22623271	-0.0018745544	-0.007403938	1.5215306	0.0050033405	0.0112	49.0	3292.131159543991
166	-145.0	0.0	-145.0	-145.0	100.0	4009.0	0.0	1.3038516e-08	0.24951348	-0.0016577791	-0.008646922	1.54616	0.007511229	0.021724999	49.0	3313.853358268738
167	-145.0	0.0	-145.0	-145.0	100.0	4033.0	0.0	-4.656613e-10	0.22983938	-0.0018895614	-0.004255954	1.5267771	0.0077361125	0.012800001	49.0	3335.9473288059235
168	-145.0	0.0	-145.0	-145.0	100.0	4057.0	0.0	-6.9849193e-09	0.2348587	-0.0021128827	-0.0041409377	1.5431429	0.005148942	0.01495	49.0	3354.080709695816
169	-145.0	0.0	-145.0	-145.0	100.0	4081.0	0.0	8.1490725e-09	0.25406325	-0.0021721986	-0.0018597469	1.5410419	0.0067114932	0.0174	49.0	3375.3685052394867
170	-144.93959	0.28974754	-143.55	-145.0	100.0	4105.0	0.0	2.3283064e-10	0.24113789	-0.0016793816	-0.0017455053	1.5043045	0.0049903695	0.012325	49.0	3395.188225507736
171	-145.0	0.0	-145.0	-145.0	100.0	4129.0	0.0	4.656613e-09	0.26244006	-0.0021320428	-0.0031409487	1.4973332	0.0064350194	0.023387501	49.0	3417.021396636963
172	-145.0	0.0	-145.0	-145.0	100.0	4153.0	0.0	9.080395e-09	0.2600498	-0.0014547298	-0.0037896112	1.4924328	0.006643329	0.0194	49.0	3436.603860139847
173	-145.0	0.0	-145.0	-145.0	100.0	4177.0	0.0	-9.778887e-09	0.2539193	-0.0016915378	-0.003267616	1.4549415	0.006112192	0.019875001	49.0	3457.761768102646
174	-144.97084	0.13987781	-144.3	-145.0	100.0	4201.0	0.0	-1.5366822e-08	0.22494058	-0.0018002677	-0.0016154852	1.4173573	0.0048758453	0.008837501	49.0	3478.0230197906494
175	-145.0	0.0	-145.0	-145.0	100.0	4225.0	0.0	-1.21071935e-08	0.2526369	-0.0016637875	-0.0025207866	1.4043496	0.0037169983	0.0037875	49.0	3495.6252477169037
176	-144.9375	0.29973948	-143.5	-145.0	100.0	4249.0	0.0	-6.519258e-09	0.26967347	-0.0018690205	-0.002474118	1.4120685	0.005189797	0.01665	49.0	3513.360291957855
177	-145.0	0.0	-145.0	-145.0	100.0	4273.0	0.0	-7.799827e-09	0.25529554	-0.0028406512	-0.002988143	1.4128468	0.006695919	0.0316	49.0	3535.977821111679
178	-145.0	0.0	-145.0	-145.0	100.0	4297.0	0.0	2.3283064e-09	0.28765702	-0.0016437602	-0.002591027	1.3921928	0.0035303533	0.0071125003	49.0	3555.6859169006348
179	-145.0	0.0	-145.0	-145.0	100.0	4321.0	0.0	6.0535967e-09	0.26281315	-0.002241211	-0.0018516816	1.4250878	0.0060135536	0.0193625	49.0	3574.428402900696
180	-144.98541	0.06993738	-144.65001	-145.0	100.0	4345.0	0.0	-3.7252903e-09	0.28973895	-0.0018769498	-0.0015819371	1.3981239	0.0054153698	0.012225	49.0	3592.910023212433
181	-144.72499	0.69281894	-142.85	-145.0	100.0	4369.0	0.0	-7.450581e-09	0.29976758	-0.001947396	-0.002619585	1.4298074	0.0040788483	0.01685	49.0	3609.7167387008667
182	-144.91249	0.41963342	-142.90001	-145.0	100.0	4393.0	0.0	-2.7939677e-09	0.26642218	-0.0018175471	-0.0043460093	1.3945425	0.0033996804	0.0091875	49.0	3631.6434853076935
183	-145.0	0.0	-145.0	-145.0	100.0	4417.0	0.0	-5.122274e-09	0.30352426	-0.002473216	-0.003440436	1.3810823	0.0050024716	0.019299999	49.0	3648.743031024933
184	-145.0	0.0	-145.0	-145.0	100.0	4441.0	0.0	-7.916242e-09	0.29267544	-0.0021786515	-0.009155953	1.4016211	0.005360374	0.0154875	49.0	3668.285866498947
185	-145.0	0.0	-145.0	-145.0	100.0	4465.0	0.0	-4.8894435e-09	0.2701536	-0.00170081	-0.0036148168	1.4005008	0.0035666362	0.0104375	49.0	3689.8175020217896
186	-145.0	0.0	-145.0	-145.0	100.0	4489.0	0.0	-7.916242e-09	0.31596518	-0.0022664159	-0.004598107	1.4137889	0.006782986	0.018462501	49.0	3709.946443080902
187	-144.98334	0.07992931	-144.6	-145.0	100.0	4513.0	0.0	-1.44355e-08	0.301983	-0.0014523073	-0.0041027926	1.4246154	0.004381686	0.0345	49.0	3726.9335317611694
188	-145.0	0.0	-145.0	-145.0	100.0	4537.0	0.0	9.313226e-10	0.29164732	-0.002318626	-0.0018755198	1.4066556	0.004983129	0.0268875	49.0	3744.896384000778
189	-144.7375	0.750311	-141.85	-145.0	100.0	4561.0	0.0	9.080395e-09	0.2812149	-0.0018406876	-0.0039347745	1.3943892	0.0043346747	0.0168375	49.0	3762.827969312668
190	-144.97499	0.14215565	-144.3	-145.1	100.0	4585.0	0.0	-2.7939677e-09	0.2766757	-0.0016466504	-0.003156677	1.4010475	0.0054548793	0.0106125	49.0	3783.614419221878
191	-144.89583	0.5100898	-142.45	-145.05	100.0	4609.0	0.0	-1.6763806e-08	0.26612395	-0.0017762508	-0.0011028163	1.4026223	0.003529871	0.008762499	49.0	3800.450338602066
192	-144.96458	0.21334688	-143.95	-145.1	100.0	4633.0	0.0	-6.0535967e-09	0.28075546	-0.0022240826	-0.0036826823	1.4164289	0.005700404	0.0163625	49.0	3817.8451170921326
193	-144.66667	0.7403062	-142.65001	-145.35	100.0	4657.0	0.0	4.656613e-10	0.28338635	-0.0019598838	-0.002574684	1.4197123	0.005253884	0.014512501	49.0	3837.5232214927673
194	-144.65001	0.8212031	-142.05	-145.1	100.0	4681.0	0.0	1.7462298e-09	0.27550048	-0.0021147802	-0.0011440665	1.4046317	0.0046197213	0.0133	49.0	3858.7864243984222
195	-144.97917	0.12240203	-144.40001	-145.1	100.0	4705.0	0.0	-5.5879354e-09	0.3284003	-0.0021387055	-0.008309208	1.393507	0.005008582	0.014562501	49.0	3876.9956719875336
196	-144.75624	0.8608746	-141.05	-145.0	100.0	4729.0	0.0	1.4202669e-08	0.2728244	-0.0014218148	-0.0015873574	1.3573039	0.004562299	0.020475	49.0	3895.6251015663147
197	-145.0	0.0	-145.0	-145.0	100.0	4753.0	0.0	-8.381903e-09	0.27968785	-0.0016450612	-0.00189065	1.3663538	0.0051751155	0.0116	49.0	3914.5777180194855
198	-145.0	0.0	-145.0	-145.0	100.0	4777.0	0.0	9.313226e-10	0.28295895	-0.0018621103	-0.001920322	1.3495615	0.003963734	0.0068500005	49.0	3931.9875664711
199	-144.82916	0.5884138	-142.40001	-145.0	100.0	4801.0	0.0	1.4319085e-08	0.27986133	-0.002160855	-0.007037692	1.3399467	0.0040875515	0.01395	49.0	3951.9988062381744
200	-145.0	0.0	-145.0	-145.0	100.0	4825.0	0.0	2.7939677e-09	0.2879027	-0.0016243841	-0.0016576797	1.3543673	0.0046873996	0.0172	49.0	3972.6438233852386
201	-144.69583	0.9444919	-140.8	-145.1	100.0	4849.0	0.0	-1.3969839e-08	0.27895033	-0.0020802012	-0.009491015	1.3796496	0.0035587326	0.0144125	49.0	3995.283535003662
202	-144.6021	1.6364655	-136.95	-145.1	100.0	4873.0	0.0	1.5366822e-08	0.29089624	-0.0008324166	-0.018980395	1.4068575	0.003171253	0.022575	49.0	4014.2439815998077
203	-144.92708	0.2470575	-143.95	-145.0	100.0	4897.0	0.0	-8.1490725e-09	0.24745513	-0.001615204	-0.007716352	1.3862994	0.004523753	0.009974999	49.0	4036.5264778137207
204	-144.80417	0.584685	-142.35	-145.0	100.0	4921.0	0.0	9.313226e-10	0.2665344	-0.0015582012	-0.0023191404	1.3716707	0.004417194	0.01625	49.0	4056.828693151474
205	-145.02292	0.10990508	-145.0	-145.55	100.0	4945.0	0.0	-9.313226e-10	0.26732308	-0.0024230431	-0.00084658153	1.3807913	0.005400406	0.020650001	49.0	4077.5782663822174
206	-144.96251	0.17984246	-144.1	-145.0	100.0	4969.0	0.0	-1.21071935e-08	0.27075958	-0.0022453587	-0.0013330169	1.3601907	0.00444661	0.025175	49.0	4097.929717063904
207	-144.89375	0.5095577	-142.45	-145.0	100.0	4993.0	0.0	-4.4237822e-09	0.27271843	-0.0018859475	-0.0019026604	1.3525951	0.0046042223	0.012050001	49.0	4117.237380743027
208	-144.87083	0.59894294	-142.0	-145.0	100.0	5017.0	0.0	-6.9849193e-10	0.26458842	-0.0016565216	-0.0015410054	1.3436321	0.004192327	0.013225	49.0	4140.206523895264
209	-144.75624	0.5993597	-142.75	-145.1	100.0	5041.0	0.0	1.3969839e-09	0.2539826	-0.001737732	-0.0014724899	1.3157457	0.00438244	0.010050001	49.0	4160.178647518158
210	-143.92084	1.7163985	-137.5	-145.1	100.0	5065.0	0.0	4.4237822e-09	0.24493396	-0.0015656253	-0.0032674428	1.3127689	0.004434691	0.0086375	49.0	4180.271552324295
211	-144.63542	1.0332471	-140.75	-145.25	100.0	5089.0	0.0	-4.1909516e-09	0.2645063	-0.0016737573	-0.0015918836	1.3005333	0.003607937	0.011174999	49.0	4201.8251004219055
212	-144.65834	0.8429429	-141.40001	-145.3	100.0	5113.0	0.0	-1.2223609e-08	0.2736985	-0.0015550551	-0.0016516745	1.3205792	0.002783094	0.0077125	49.0	4222.217273235321
213	-144.34167	1.3112211	-140.8	-145.2	100.0	5137.0	0.0	3.7252903e-09	0.25197947	-0.0017392028	-0.0013684463	1.3353724	0.0032829237	0.0066875	49.0	4240.798142671585
214	-144.56042	0.8445862	-142.05	-145.1	100.0	5161.0	0.0	-3.259629e-09	0.25830925	-0.0018093488	-0.0017985906	1.323988	0.004347096	0.028775	49.0	4260.109593868256
215	-144.68126	0.8108377	-142.15001	-145.2	100.0	5185.0	0.0	6.9849193e-10	0.2538427	-0.0014536971	-0.0033945162	1.3029001	0.0027632278	0.01	49.0	4279.377513408661
216	-144.66875	0.7130926	-142.3	-145.0	100.0	5209.0	0.0	9.313226e-09	0.27295518	-0.001579293	-0.0038901549	1.3059313	0.0061150705	0.018237501	49.0	4298.391785621643
217	-144.76666	0.6545784	-142.25	-145.3	100.0	5233.0	0.0	-5.5879354e-09	0.27345657	-0.0020232182	-0.0027491618	1.3191442	0.0043117227	0.012837499	49.0	4319.58109998703
218	-144.87083	0.399197	-143.45	-145.1	100.0	5257.0	0.0	1.0244548e-08	0.28319743	-0.0024173518	-0.0044308323	1.3143419	0.005115662	0.018174998	49.0	4339.212715387344
219	-144.72917	0.74581003	-142.5	-145.1	100.0	5281.0	0.0	-1.1175871e-08	0.25896144	-0.0015083749	-0.0016022231	1.3095124	0.005067678	0.010399999	49.0	4359.53390789032
220	-144.81874	0.61708623	-142.45	-145.40001	100.0	5305.0	0.0	2.3283064e-09	0.2608319	-0.00203185	-0.0029947571	1.3248543	0.005873358	0.0221	49.0	4378.57705783844
221	-145.0125	0.03307391	-145.0	-145.1	100.0	5329.0	0.0	-1.094304e-08	0.25925684	-0.0017696928	-0.0008833483	1.2712771	0.005510501	0.0142749995	49.0	4398.3951151371
222	-144.95	0.44064146	-143.15001	-145.55	100.0	5353.0	0.0	-3.7252903e-09	0.25664684	-0.0018526056	-0.0010752287	1.257874	0.0053793844	0.0234	49.0	4417.481862783432
223	-144.92084	0.31849694	-143.6	-145.25	100.0	5377.0	0.0	-4.656613e-10	0.23443216	-0.0019713067	-0.0017325878	1.2469922	0.0030155422	0.015037501	49.0	4439.779822349548
224	-144.7	0.76865673	-142.25	-145.1	100.0	5401.0	0.0	-1.44355e-08	0.2536374	-0.0018859793	-0.0017854795	1.2723794	0.00348219	0.013900001	49.0	4459.3142330646515
225	-144.77708	0.68677676	-141.95	-145.1	100.0	5425.0	0.0	4.656613e-09	0.25832558	-0.0019775012	-0.0007614568	1.2736783	0.0049347086	0.028725	49.0	4479.3853931427
226	-144.60625	0.74404687	-142.7	-145.45	100.0	5449.0	0.0	2.561137e-09	0.24334094	-0.0017129129	-0.0029265266	1.2670288	0.005849067	0.009175001	49.0	4498.161617279053
227	-144.85834	0.48059526	-142.95	-145.0	100.0	5473.0	0.0	-3.259629e-09	0.26601222	-0.0024600248	-0.0022598188	1.2688603	0.0052622776	0.0292375	49.0	4518.822516202927
228	-144.78542	0.7765417	-141.45	-145.25	100.0	5497.0	0.0	1.6298145e-09	0.28005663	-0.0015444113	-0.0010610223	1.266504	0.00685395	0.079799995	49.0	4537.9756598472595
229	-144.95209	0.3073677	-143.5	-145.25	100.0	5521.0	0.0	-2.3283064e-09	0.26474512	-0.001703385	-0.0016791411	1.2661927	0.0042237365	0.0153	49.0	4557.564655780792
230	-144.55626	1.0038788	-141.7	-145.0	100.0	5545.0	0.0	1.1175871e-08	0.24056928	-0.002453044	-0.0026000738	1.2454627	0.005163271	0.022937499	49.0	4579.289087295532
231	-144.97917	0.17731495	-144.15001	-145.15001	100.0	5569.0	0.0	4.4237822e-09	0.2591762	-0.002078929	-0.0008367989	1.21852	0.004728089	0.015975	49.0	4599.021609544754
232	-144.8	0.62865573	-142.3	-145.1	100.0	5593.0	0.0	3.259629e-09	0.24188489	-0.0023915686	-0.0018480383	1.1969621	0.0041310512	0.0180125	49.0	4618.21844124794
233	-144.82916	0.67034096	-142.35	-145.5	100.0	5617.0	0.0	9.313226e-09	0.25269514	-0.0019680625	-0.004990803	1.1937658	0.0041253082	0.0354625	49.0	4638.182546854019
234	-144.92708	0.28466946	-143.6	-145.1	100.0	5641.0	0.0	-2.3283064e-09	0.24491891	-0.0015752143	-0.0025314875	1.2016385	0.00425143	0.0107125	49.0	4657.119635105133
235	-144.78749	0.5070845	-143.1	-145.1	100.0	5665.0	0.0	-5.005859e-09	0.25717452	-0.0014474174	-0.001244707	1.2059132	0.0023738625	0.015325	49.0	4676.089572906494
236	-144.78749	0.6677456	-142.40001	-145.5	100.0	5689.0	0.0	-9.313226e-10	0.25540486	-0.001547033	-0.0025021154	1.2113069	0.003431868	0.008087501	49.0	4693.466971158981
237	-144.58333	0.8664655	-141.7	-145.1	100.0	5713.0	0.0	2.7939677e-09	0.27956328	-0.0016762683	-0.0030263923	1.2208552	0.002474669	0.0140625	49.0	4711.649208545685
238	-144.84792	0.4424083	-143.0	-145.1	100.0	5737.0	0.0	-1.3969839e-09	0.2752307	-0.0017151625	-0.0024117064	1.2126958	0.00351912	0.01695	49.0	4731.758629798889
239	-144.93333	0.53883773	-142.40001	-145.40001	100.0	5761.0	0.0	3.259629e-09	0.24881075	-0.0019021693	-0.00506448	1.2281724	0.004139902	0.0192	49.0	4751.314993143082
240	-144.63542	0.922348	-142.3	-145.6	100.0	5785.0	0.0	8.381903e-09	0.25367922	-0.0021006525	-0.002032807	1.2168034	0.0036380235	0.0124625005	49.0	4770.63742184639
241	-144.52292	1.0539562	-141.65001	-145.55	100.0	5809.0	0.0	1.6996637e-08	0.2623158	-0.002268767	-0.0026029125	1.227863	0.0040972307	0.0246	49.0	4790.0843296051025
242	-144.68542	1.0659978	-139.95	-145.1	100.0	5833.0	0.0	1.1175871e-08	0.2681735	-0.0019411925	-0.0026454926	1.2354248	0.0044068256	0.0141125005	49.0	4808.50248003006
243	-144.75626	0.75419784	-142.25	-145.1	100.0	5857.0	0.0	2.7939677e-09	0.26714998	-0.0018706103	-0.004896473	1.2369652	0.004734629	0.012812499	49.0	4829.872260808945
244	-144.43959	0.9508754	-142.2	-145.55	100.0	5881.0	0.0	6.0535967e-09	0.28612092	-0.0022060592	-0.0043277107	1.2210712	0.004581718	0.0310625	49.0	4851.107031106949
245	-144.48958	1.1173801	-140.25	-145.1	100.0	5905.0	0.0	3.7252903e-09	0.2869185	-0.001914936	-0.0041701756	1.216615	0.0046574287	0.0173375	49.0	4873.057320594788
246	-144.57292	1.1403548	-140.15001	-145.2	100.0	5929.0	0.0	-2.0954758e-09	0.26830447	-0.0018513147	-0.0050831586	1.1872995	0.0032640402	0.0142875	49.0	4893.168027877808
247	-144.72084	0.9455944	-140.75	-145.5	100.0	5953.0	0.0	6.9849193e-09	0.22991641	-0.0018259365	-0.0017952118	1.1563878	0.0034788167	0.0075625	49.0	4912.832296848297
248	-144.61043	0.7487447	-142.55	-145.1	100.0	5977.0	0.0	-1.44355e-08	0.26087728	-0.0020787593	-0.003488494	1.170565	0.0042313617	0.017437499	49.0	4934.185027837753
249	-144.78542	0.7981066	-141.35	-145.6	100.0	6001.0	0.0	-9.313226e-09	0.25207683	-0.0016584813	-0.0060375314	1.1779051	0.0032704044	0.0088125	49.0	4960.1311202049255
250	-144.86043	0.47058782	-143.1	-145.1	100.0	6025.0	0.0	-1.2922101e-08	0.25880533	-0.0023394474	-0.0035468787	1.1934319	0.004516111	0.0058375	49.0	4978.190624237061
251	-144.96251	0.17984246	-144.1	-145.0	100.0	6049.0	0.0	4.1909516e-09	0.25514054	-0.001929481	-0.0026926566	1.2082562	0.0037677318	0.018025	49.0	4995.733400583267
252	-144.2271	1.1660076	-141.90001	-145.45	100.0	6073.0	0.0	-1.1175871e-08	0.25288212	-0.0016835073	-0.0031198058	1.1825268	0.003697819	0.010875001	49.0	5015.454641819
253	-144.90001	0.39157787	-143.3	-145.1	100.0	6097.0	0.0	-1.3504177e-08	0.2595488	-0.002006581	-0.00092246756	1.1918381	0.004507605	0.0083	49.0	5035.284149169922
