Episode	TestRet	TestSteps	AverageEpRet	StdEpRet	MaxEpRet	MinEpRet	EpLen	Time
50	-145.00000216066837	100.0	-158.73502	6.4176025	-142.65001	-172.3	100.0	4 min 19 sec
100	-165.06000329479576	100.0	-145.29501	38.56602	-73.100006	-379.2	100.0	9 min 45 sec
150	-142.48500331230463	100.0	-134.65599	27.990946	-42.000004	-236.40001	100.0	15 min 8 sec
200	-148.53000313602388	100.0	-110.90101	31.86938	-18.400003	-160.25	100.0	20 min 24 sec
250	-118.62000421732664	100.0	-98.96701	50.278812	43.899994	-191.70001	100.0	25 min 39 sec
300	-126.4250027216971	100.0	-76.111	45.01124	62.449997	-148.1	100.0	31 min 1 sec
350	16.519996038079263	100.0	-27.931002	86.42964	210.65	-133.45	100.0	36 min 15 sec
400	-100.41500549912453	100.0	-19.219002	95.008545	221.3	-137.0	100.0	41 min 37 sec
450	30.10999651029706	100.0	39.066998	109.136955	233.95	-132.5	100.0	46 min 54 sec
500	61.374997032061216	100.0	47.741997	106.81047	302.65	-134.1	99.42	52 min 0 sec
550	33.54999646767974	100.0	54.116997	94.796425	224.3	-115.3	100.0	57 min 7 sec
600	13.419996155053378	100.0	84.68801	107.37915	297.0	-125.05	99.4	1 h 2 min
650	-18.115003091096877	100.0	83.493	97.31109	287.95	-86.9	99.4	1 h 6 min
700	94.5899969715625	100.0	98.86499	92.381325	266.1	-87.5	100.0	1 h 11 min
750	130.29499734081327	100.0	94.81099	99.94117	285.85	-102.3	99.56	1 h 16 min
800	118.62499748282134	100.0	83.04301	97.13748	249.7	-98.05	100.0	1 h 21 min
850	-30.360002920031548	100.0	70.103	90.1307	205.8	-131.85	100.0	1 h 26 min
900	52.989996240660545	100.0	23.336998	91.41814	203.65	-149.15001	100.0	1 h 30 min
950	97.37999723479152	100.0	75.255	70.88711	203.0	-97.55	100.0	1 h 35 min
1000	80.42499688751995	100.0	58.090004	77.631935	192.45	-147.5	100.0	1 h 40 min
1050	-1.2600026652216911	100.0	26.722998	59.828754	121.899994	-143.1	100.0	1 h 44 min
1100	-23.775003052875398	100.0	38.208996	50.35351	141.2	-56.200005	100.0	1 h 48 min
1150	57.37499746754766	100.0	29.754997	66.880295	182.0	-145.85	100.0	1 h 53 min
1200	31.844997711479664	100.0	50.424995	56.93719	142.59999	-53.25	100.0	1 h 57 min
1250	82.60999727323652	100.0	28.525	60.43744	121.25	-132.8	100.0	2 h 2 min
1300	-52.8350034493953	100.0	-4.0980043	62.64378	180.59999	-118.25	100.0	2 h 6 min
1350	-43.35000347495079	100.0	-0.4970021	64.5551	180.59999	-109.0	100.0	2 h 10 min
1400	-73.13500319495797	100.0	13.581998	62.751366	182.0	-107.75	100.0	2 h 15 min
1450	-34.480003784224394	100.0	15.806997	76.3685	159.34999	-155.5	100.0	2 h 19 min
1500	50.78499638922513	100.0	20.548996	67.73126	171.15	-95.700005	100.0	2 h 23 min
1550	33.28999723941088	100.0	29.965	78.41883	221.7	-147.1	100.0	2 h 27 min
1600	53.419997435808185	100.0	42.374	67.19393	161.2	-109.350006	100.0	2 h 32 min
1650	-1.8000034157186746	100.0	18.967997	62.169144	171.05	-118.450005	100.0	2 h 36 min
1700	44.494997390732166	100.0	33.807	84.65673	204.15	-168.15001	100.0	2 h 40 min
1750	66.92999664582312	100.0	37.293995	67.07468	190.84999	-129.05	100.0	2 h 44 min
1800	82.44999726600945	100.0	56.009995	81.3518	183.25	-144.15001	100.0	2 h 49 min
1850	30.529997204244136	100.0	35.948997	65.76468	174.05	-110.3	100.0	2 h 53 min
1900	66.87999710030854	100.0	45.011	64.2923	215.4	-103.4	100.0	2 h 57 min
1950	52.534997374936935	100.0	58.079	76.32313	206.09999	-135.5	100.0	3 h 2 min
2000	55.00999462045729	100.0	42.552998	66.60069	186.09999	-70.8	100.0	3 h 6 min
2050	-5.280004727095365	100.0	62.479996	80.20888	218.5	-125.65	100.0	3 h 10 min
2100	68.45999598391354	100.0	68.053	67.09946	217.55	-57.4	100.0	3 h 14 min
2150	5.09999725818634	100.0	49.822998	73.91202	182.75	-103.950005	100.0	3 h 19 min
2200	52.019997442513706	100.0	61.15899	77.757256	194.7	-102.6	100.0	3 h 23 min
2250	13.509997775405646	100.0	44.063004	73.502106	204.84999	-118.450005	100.0	3 h 27 min
2300	104.55999675095082	100.0	48.240997	74.235916	230.2	-102.4	100.0	3 h 31 min
2350	34.88499733619392	100.0	60.0	74.07864	211.84999	-99.350006	100.0	3 h 35 min
2400	79.47499601691962	100.0	73.90399	69.9093	218.7	-107.0	100.0	3 h 39 min
2450	83.2049971692264	100.0	72.319	79.235695	187.59999	-105.850006	100.0	3 h 44 min
2500	37.40499694645405	100.0	52.932995	65.850494	201.84999	-103.65	100.0	3 h 48 min
2550	55.59999776259065	100.0	76.109	64.26321	230.09999	-94.6	100.0	3 h 52 min
2600	1.8199973415583373	100.0	71.325	67.72777	219.25	-136.05	100.0	3 h 56 min
2650	41.99499773606658	100.0	73.841995	62.63803	191.84999	-49.300003	100.0	4 h 0 min
2700	49.924997217208144	100.0	59.166996	66.58803	179.9	-112.05	100.0	4 h 4 min
2750	61.12999766357243	100.0	61.279003	65.78066	198.15	-104.9	100.0	4 h 8 min
2800	70.2649978954345	100.0	49.322998	64.566635	190.59999	-53.45	100.0	4 h 12 min
2850	20.134997299313547	100.0	47.192993	74.44727	224.5	-90.75	100.0	4 h 16 min
2900	94.83999729566276	100.0	67.056	53.714085	210.2	-57.350002	100.0	4 h 20 min
2950	46.279996413737535	100.0	69.207	62.962013	184.59999	-58.15	100.0	4 h 24 min
3000	169.49499709792434	100.0	61.878	61.286278	176.8	-56.500004	100.0	4 h 29 min
3050	38.91499732919037	100.0	74.083	56.883698	189.34999	-61.600002	100.0	4 h 33 min
3100	68.83499739207328	100.0	74.773994	73.32403	209.34999	-162.45	100.0	4 h 37 min
3150	77.44999771676957	100.0	82.498	63.153767	205.95	-62.15	100.0	4 h 41 min
3200	107.6649969868362	100.0	81.502	90.25825	268.0	-110.65	100.0	4 h 45 min
3250	91.93999705687165	100.0	76.43	59.63336	199.75	-68.200005	100.0	4 h 49 min
3300	121.95999768078327	100.0	83.591	68.301445	197.45	-66.15	100.0	4 h 53 min
3350	43.489997228607535	100.0	81.737	67.15982	183.8	-73.700005	100.0	4 h 58 min
3400	49.43499701917172	100.0	90.19699	67.982994	212.75	-117.700005	100.0	5 h 2 min
3450	124.0099976349622	100.0	85.68899	74.71127	216.0	-140.6	100.0	5 h 6 min
3500	43.79499752111733	100.0	91.739006	69.95731	222.0	-63.100002	100.0	5 h 10 min
3550	110.629997856915	100.0	88.797005	71.21397	212.34999	-69.8	100.0	5 h 14 min
3600	123.53999695703388	100.0	87.037	74.275345	219.9	-88.850006	100.0	5 h 18 min
3650	138.71499734446405	100.0	61.125996	83.07095	229.2	-115.600006	100.0	5 h 22 min
3700	195.68499745354057	100.0	86.91501	79.20235	208.84999	-97.100006	100.0	5 h 26 min
3750	113.31499775536358	100.0	89.06199	74.412445	231.3	-113.05	100.0	5 h 30 min
3800	134.90499737560748	100.0	90.76399	79.542145	230.4	-82.700005	100.0	5 h 34 min
3850	142.2799974448979	100.0	104.42899	79.50967	236.84999	-92.450005	100.0	5 h 39 min
3900	136.9749974306673	100.0	87.493	74.63361	249.45	-87.4	100.0	5 h 43 min
3950	136.1099975436926	100.0	135.425	63.752644	258.1	-29.000002	100.0	5 h 47 min
4000	103.13999697938561	100.0	83.453995	86.904655	244.34999	-135.0	100.0	5 h 51 min
4050	173.24999741092324	100.0	101.91201	69.54968	226.75	-105.200005	100.0	5 h 55 min
4100	129.98999753147365	100.0	104.898994	76.42639	242.2	-72.15	100.0	5 h 59 min
4150	75.77499700896442	100.0	113.464	84.591576	249.5	-92.200005	100.0	6 h 3 min
4200	170.40499701462687	100.0	136.78099	73.355675	249.34999	-53.65	100.0	6 h 8 min
4250	155.16999688409268	93.4	124.22299	69.62904	250.55	-96.850006	100.0	6 h 12 min
4300	84.72999747730792	100.0	103.612	77.321365	249.34999	-88.450005	100.0	6 h 16 min
4350	182.40499763973057	100.0	122.774	78.06496	244.4	-119.350006	100.0	6 h 20 min
4400	63.16999774575233	100.0	101.411995	74.491135	246.8	-54.850002	100.0	6 h 24 min
4450	43.174997583404185	100.0	122.208	65.766106	264.05	-3.9500031	100.0	6 h 28 min
4500	104.09999768137932	100.0	99.673004	77.71704	239.95	-161.05	100.0	6 h 32 min
4550	144.03999653831124	100.0	98.090996	73.12494	262.1	-97.600006	99.82	6 h 36 min
4600	143.9099972013384	100.0	88.176994	73.16845	214.0	-109.05	100.0	6 h 40 min
4650	71.97499753199517	100.0	109.048	70.56727	256.94998	-136.1	100.0	6 h 44 min
4700	173.10999745838345	100.0	110.882	62.439766	243.0	-86.950005	100.0	6 h 48 min
4750	99.5549971420318	100.0	115.121994	71.49248	237.15	-110.350006	100.0	6 h 52 min
4800	126.32499766685069	100.0	123.962006	61.39221	234.59999	-96.3	100.0	6 h 57 min
4850	151.69999728016555	100.0	109.116	78.00974	246.55	-65.9	100.0	7 h 1 min
4900	188.06999679096043	100.0	93.772	83.73337	224.4	-116.450005	100.0	7 h 5 min
4950	156.76499752961098	100.0	118.519	77.28812	245.09999	-95.700005	100.0	7 h 9 min
5000	210.60499770268797	100.0	116.403	86.607216	299.85	-102.15	99.14	7 h 13 min
5050	108.42499732412398	100.0	113.725	87.86539	237.55	-150.25	100.0	7 h 17 min
5100	174.7099978003651	100.0	117.15499	82.22664	253.34999	-95.700005	100.0	7 h 22 min
5150	59.5849980879575	100.0	125.254005	72.65966	260.15	-38.4	100.0	7 h 26 min
5200	48.50999762788415	100.0	113.519	78.00258	303.0	-54.100002	99.3	7 h 30 min
5250	145.23499754481017	100.0	117.98399	74.83858	250.4	-69.55	100.0	7 h 34 min
5300	200.57999758534135	100.0	132.222	61.506744	248.09999	-24.7	100.0	7 h 38 min
5350	176.17499786913396	100.0	116.479	77.76543	257.95	-39.100002	100.0	7 h 42 min
5400	172.87999701164662	100.0	141.308	83.82351	326.5	-46.350002	98.88	7 h 46 min
5450	149.13999803364277	100.0	124.01501	77.485725	275.15	-68.3	100.0	7 h 50 min
5500	153.1449974436313	100.0	136.30101	78.394775	259.7	-23.150003	100.0	7 h 55 min
5550	220.53999728038906	100.0	109.01101	92.544014	260.8	-73.950005	100.0	7 h 59 min
5600	163.17499672994018	100.0	135.30199	94.149765	342.85	-129.2	98.9	8 h 3 min
5650	206.96499659009277	100.0	124.03199	89.93599	246.9	-84.65	100.0	8 h 7 min
5700	214.26499718241394	100.0	142.69199	88.52817	345.7	-65.55	97.72	8 h 12 min
5750	220.0849979106337	100.0	115.604	87.231155	341.6	-44.9	98.8	8 h 16 min
5800	203.0449973668903	100.0	118.812004	100.62885	313.15	-96.850006	99.32	8 h 20 min
5850	164.64499627277254	100.0	136.17499	76.91616	265.6	-50.2	100.0	8 h 24 min
5900	204.17499760985373	100.0	145.40999	82.9068	252.4	-77.9	100.0	8 h 28 min
5950	170.27499721497298	100.0	108.95999	98.27357	349.85	-61.65	98.44	8 h 32 min
6000	208.56999753266572	100.0	113.84799	95.73864	293.95	-105.15	99.42	8 h 36 min
6050	196.8549976054579	100.0	128.95898	91.14894	350.85	-136.15001	98.82	8 h 41 min
6100	208.4649969175458	100.0	136.28398	83.511955	254.59999	-130.2	100.0	8 h 45 min
6150	186.16499748714267	100.0	142.52	84.938995	248.59999	-73.350006	100.0	8 h 49 min
6200	171.20499773360788	100.0	134.918	86.05469	257.95	-100.700005	100.0	8 h 53 min
6250	152.95999749563634	100.0	117.728	92.11924	337.4	-117.850006	98.98	8 h 57 min
6300	157.36999666392802	100.0	134.64099	78.090546	251.4	-61.4	100.0	9 h 1 min
6350	183.92499677985907	100.0	155.915	82.20913	254.15	-146.35	100.0	9 h 6 min
6400	146.90999791286885	100.0	140.211	84.32114	250.4	-40.9	100.0	9 h 10 min
6450	205.76499765776097	100.0	129.428	84.48464	259.35	-127.100006	100.0	9 h 14 min
6500	161.294996682927	100.0	120.146	88.301476	260.85	-91.350006	100.0	9 h 18 min
6550	192.65499683134257	100.0	103.26601	109.56247	258.9	-136.65001	100.0	9 h 22 min
6600	208.37999735996127	100.0	137.388	83.78178	264.95	-78.700005	100.0	9 h 27 min
6650	171.18999707736074	100.0	129.907	92.70124	321.3	-63.95	99.08	9 h 31 min
6700	215.6449962772429	100.0	158.258	88.19695	323.65	-135.95	98.98	9 h 35 min
6750	111.95499726831913	100.0	112.968994	81.65947	239.9	-115.200005	100.0	9 h 39 min
6800	225.5399974040687	100.0	164.60199	91.32702	340.1	-83.0	98.9	9 h 43 min
6850	213.49499708488582	100.0	132.66301	95.679146	254.55	-123.700005	100.0	9 h 47 min
6900	96.74499697983265	100.0	124.565	111.06001	325.55	-146.0	99.1	9 h 52 min
6950	104.91999775990844	100.0	134.767	88.30263	260.3	-104.0	100.0	9 h 56 min
7000	209.70999765880407	100.0	100.888	102.10356	270.25	-129.3	100.0	10 h 0 min
7050	211.35999717786908	100.0	128.42099	103.61247	265.65	-137.90001	99.84	10 h 4 min
7100	180.63999713286756	100.0	139.33101	88.92856	261.05	-29.250004	100.0	10 h 9 min
7150	159.5949971679598	100.0	142.31099	94.26921	342.2	-45.350002	98.52	10 h 13 min
7200	165.9549974579364	87.7	144.121	83.82467	258.7	-57.750004	100.0	10 h 17 min
7250	244.3799976207316	83.2	172.902	78.898094	322.2	-16.350004	98.68	10 h 21 min
7300	224.42999699637295	100.0	138.241	90.415115	255.34999	-111.0	100.0	10 h 25 min
7350	245.23999804109334	88.4	165.025	88.80937	354.15	-94.850006	98.78	10 h 29 min
7400	218.57499679327012	100.0	174.366	82.8377	357.15	-31.850002	96.66	10 h 33 min
7450	208.27999668605625	100.0	142.96999	83.74871	250.2	-96.55	100.0	10 h 38 min
7500	229.80499683916568	100.0	155.626	89.337685	349.45	-93.55	98.82	10 h 42 min
7550	226.7699960652739	89.2	136.345	102.81603	325.1	-79.0	99.08	10 h 46 min
7600	208.1399967096746	100.0	156.824	96.32575	344.4	-71.15	98.8	10 h 50 min
7650	235.33999698124825	100.0	156.335	83.28572	247.95	-39.600006	100.0	10 h 54 min
7700	226.1999977942556	100.0	147.267	87.61827	263.45	-63.000004	100.0	10 h 59 min
7750	226.8699966341257	100.0	168.512	83.435135	316.5	-53.800003	98.28	11 h 5 min
7800	260.78499806523325	81.7	139.02998	86.139084	334.95	-37.350002	99.02	11 h 10 min
7850	212.83499729558827	100.0	178.735	72.041885	351.5	-35.050003	98.72	11 h 16 min
7900	225.2899978645146	100.0	170.586	69.34038	269.0	-4.300002	100.0	11 h 22 min
7950	189.46499809883534	100.0	144.875	113.210884	359.5	-136.95	96.72	11 h 27 min
8000	218.59999683313072	100.0	180.25601	72.267105	338.45	20.399998	98.92	11 h 34 min
8050	241.98999790512025	82.6	163.169	86.53025	347.85	-72.0	98.78	11 h 40 min
8100	260.43499770909546	87.6	184.12598	80.095566	309.6	-63.500004	99.4	11 h 46 min
8150	242.6399974126369	100.0	124.454	106.41813	353.5	-135.95	98.54	11 h 53 min
8200	218.28499710671605	100.0	153.39899	83.39381	345.55	-15.6500025	98.84	11 h 58 min
8250	261.25999759472904	84.7	183.05801	81.385445	274.0	-124.0	100.0	12 h 3 min
8300	182.34999759979547	100.0	188.98201	73.93556	354.65	21.699999	98.78	12 h 7 min
8350	243.7149974964559	100.0	168.517	78.91014	328.65	-27.500004	99.08	12 h 11 min
8400	213.05499769188464	100.0	168.53899	86.187775	302.95	-44.95	99.3	12 h 16 min
8450	204.1999979313463	100.0	163.99	64.36146	259.6	-33.600002	100.0	12 h 21 min
8500	231.8349974565208	100.0	146.54999	92.238754	346.35	-54.750004	98.84	12 h 26 min
8550	225.5249975450337	100.0	139.306	93.286476	265.35	-142.0	100.0	12 h 31 min
8600	279.759997972846	80.5	134.635	93.782585	330.75	-50.050003	98.96	12 h 35 min
8650	178.56499701738358	100.0	125.92199	83.60587	260.75	-83.200005	100.0	12 h 40 min
8700	201.13999790027736	87.4	150.746	87.43182	337.85	-116.100006	99.02	12 h 45 min
8750	246.56999759301544	82.6	166.422	71.89465	352.15	-26.900002	98.78	12 h 50 min
8800	165.0049970190972	100.0	167.19798	78.61505	335.85	7.5999975	98.2	12 h 54 min
8850	230.1899976503104	100.0	147.50099	94.154106	262.3	-82.0	100.0	12 h 59 min
8900	220.6999974153936	100.0	162.47798	85.378105	347.4	-54.65	97.52	13 h 4 min
8950	210.71499745100738	100.0	152.495	91.817986	357.25	-76.65	98.74	13 h 9 min
9000	193.3299978211522	100.0	157.968	91.78264	266.05	-70.55	100.0	13 h 15 min
9050	218.08999687917532	100.0	140.525	95.25482	325.95	-67.9	99.24	13 h 20 min
9100	194.58999767303467	100.0	166.145	84.82286	266.7	-66.65	99.78	13 h 26 min
9150	228.0899974387139	100.0	170.764	78.1739	270.1	-66.8	100.0	13 h 31 min
9200	90.8499972615391	100.0	157.02899	87.25615	346.6	-23.850002	98.84	13 h 36 min
9250	233.68999729454518	100.0	158.98799	87.55055	304.9	-134.1	99.44	13 h 42 min
9300	227.62999745309352	100.0	159.093	104.86399	358.85	-74.700005	98.72	13 h 47 min
9350	246.34499734081328	100.0	150.13399	98.39832	349.9	-122.950005	98.84	13 h 52 min
9400	241.31999748274683	88.6	195.25699	80.36996	343.4	-115.850006	98.9	13 h 57 min
9450	235.04499756656588	100.0	166.075	90.77741	335.35	-96.15	99.12	14 h 3 min
9500	241.87499831318854	82.0	155.72101	74.81074	263.6	-8.450002	100.0	14 h 8 min
9550	163.1149978555739	100.0	148.46898	86.794464	350.65	-49.600002	98.74	14 h 13 min
9600	236.74999777302145	100.0	193.36598	75.1463	273.6	-66.3	100.0	14 h 18 min
9650	222.1999976504594	100.0	175.86798	83.04877	276.8	-56.200005	100.0	14 h 24 min
9700	254.21499796807765	85.9	175.21901	80.24813	335.5	-94.0	98.96	14 h 29 min
9750	208.43999793641268	100.0	164.191	87.82639	268.5	-44.100002	100.0	14 h 36 min
9800	283.68999809548257	69.7	177.20801	77.05868	319.15	-0.35000163	99.26	14 h 43 min
9850	258.39999831691387	82.9	183.39497	75.967995	261.6	-60.5	100.0	14 h 50 min
9900	241.06999757140875	100.0	189.556	81.42112	355.0	-30.700003	97.54	14 h 58 min
9950	229.20999729037285	100.0	168.63301	89.016945	269.6	-108.25	100.0	15 h 5 min
10000	237.02999756336212	88.6	153.45898	95.765915	258.65	-70.6	100.0	15 h 13 min
10050	232.94499751217663	100.0	175.56299	71.49349	330.2	-33.45	98.28	15 h 21 min
10100	223.59999797418715	100.0	159.06699	79.939095	284.3	-73.4	100.0	15 h 28 min
10150	187.38999710008503	100.0	176.76997	83.95307	361.35	4.9499974	96.18	15 h 35 min
10200	169.93999693617224	100.0	150.827	90.40927	346.05	-46.300003	97.9	15 h 41 min
10250	161.01499789990484	100.0	171.61098	98.04665	338.7	-79.9	98.26	15 h 48 min
10300	230.32999745607376	100.0	147.61899	71.73333	258.55	-2.7500026	100.0	15 h 54 min
10350	184.14499742016196	100.0	171.20201	76.54541	348.6	9.949998	98.88	16 h 0 min
10400	219.68499784991144	100.0	154.73601	78.72022	340.7	-11.6500025	98.96	16 h 7 min
10450	168.61999701149762	100.0	160.964	98.75425	353.4	-59.600002	96.74	16 h 13 min
10500	156.79999743551016	100.0	168.384	78.747505	263.0	-152.2	100.0	16 h 19 min
10550	228.2949973974377	100.0	185.966	69.297935	267.4	-4.300002	100.0	16 h 26 min
10600	276.6849978718907	85.3	158.465	80.7868	255.59999	-9.100001	100.0	16 h 32 min
10650	226.9799972306937	100.0	168.25699	79.68237	341.0	-17.800003	98.88	16 h 38 min
10700	241.28999746665357	100.0	179.295	82.42783	271.0	-23.250002	100.0	16 h 45 min
10750	227.65999788530172	100.0	155.897	87.232376	261.05	-89.600006	100.0	16 h 51 min
10800	228.95999779216945	100.0	150.861	87.21385	258.9	-102.15	100.0	16 h 58 min
10850	223.144997670874	100.0	166.04	94.01189	357.65	-68.5	97.6	17 h 5 min
10900	257.31999793089926	82.9	177.443	88.12167	370.05	-44.100002	97.42	17 h 12 min
10950	263.4149983324111	73.6	154.185	97.43158	356.3	-11.9000025	97.64	17 h 19 min
11000	240.5549982111901	88.6	139.207	87.106346	312.25	-63.600002	99.3	17 h 25 min
11050	179.37499774843454	100.0	182.97299	77.67963	338.25	-12.000002	98.98	17 h 32 min
11100	213.27499773800372	100.0	172.694	79.71644	274.3	-32.300003	100.0	17 h 39 min
11150	192.01499756462871	100.0	166.16301	90.35464	347.45	-70.950005	98.76	17 h 45 min
11200	203.92499775886535	100.0	159.32	80.22623	261.6	-86.15	100.0	17 h 52 min
11250	244.4299974422902	81.4	191.34198	79.56724	353.0	-75.55	98.82	17 h 58 min
11300	244.88499765768648	100.0	158.88399	82.29291	261.8	-97.9	100.0	18 h 5 min
11350	243.08999736644327	100.0	173.301	86.20193	346.85	-47.15	98.9	18 h 12 min
11400	183.73499703146518	100.0	167.915	82.689224	273.6	-53.2	100.0	18 h 18 min
11450	199.19499772787094	100.0	166.14	77.99567	264.2	-31.150002	100.0	18 h 24 min
11500	168.6349974885583	100.0	172.705	91.45563	302.6	-115.350006	99.5	18 h 31 min
11550	212.83999783843757	100.0	174.89001	82.11779	360.55	-21.150002	97.56	18 h 37 min
11600	236.41499764099717	100.0	170.756	83.93361	355.95	-74.0	98.08	18 h 43 min
11650	146.71499716043473	100.0	180.96198	74.22945	358.05	19.299997	97.62	18 h 50 min
11700	236.0649975925684	100.0	169.934	63.62526	285.6	-2.2000022	100.0	18 h 55 min
11750	257.6699982941151	82.9	179.931	81.54406	367.1	-38.5	97.32	18 h 59 min
11800	251.0299976658076	100.0	161.961	93.83597	352.35	-91.350006	98.14	19 h 4 min
11850	230.36499771103263	100.0	179.961	68.54042	366.7	-11.6500025	98.6	19 h 8 min
11900	181.23999746851624	100.0	165.321	84.79013	308.3	-53.45	99.42	19 h 12 min
11950	193.70999783203007	100.0	146.065	93.99844	261.15	-62.4	100.0	19 h 16 min
12000	198.30499802306295	90.1	142.52	89.640724	273.0	-85.15	100.0	19 h 21 min
12050	221.74999780617654	100.0	161.05301	94.97347	346.1	-116.600006	98.84	19 h 25 min
12100	172.27999743446708	100.0	131.518	98.09361	350.2	-145.05	98.08	19 h 30 min
12150	240.359997934103	81.1	184.64403	71.06639	260.95	-63.7	100.0	19 h 34 min
12200	260.7649983137846	82.0	163.13101	73.44524	342.15	-3.6500013	98.92	19 h 38 min
12250	183.33999793305992	100.0	154.56601	78.52462	310.65	-16.950003	99.42	19 h 43 min
12300	233.2299979429692	100.0	165.88	74.60506	264.8	-35.100002	100.0	19 h 47 min
12350	160.24499767944218	100.0	137.229	103.21324	365.25	-66.5	98.64	19 h 51 min
12400	223.21999750696122	100.0	139.11	106.1968	270.25	-91.15	100.0	19 h 56 min
12450	154.04499777667223	100.0	154.59001	73.78349	263.4	-117.350006	100.0	20 h 0 min
12500	155.86499785296618	100.0	141.215	86.42855	267.35	-95.75	100.0	20 h 5 min
12550	206.03499767482282	100.0	166.55199	87.31108	345.75	-109.3	98.84	20 h 9 min
12600	174.4499976210296	100.0	160.437	74.00886	350.85	-29.150003	98.78	20 h 13 min
12650	217.6749974116683	100.0	165.81099	75.98061	355.75	-13.300002	98.78	20 h 18 min
12700	225.95999748148023	100.0	149.192	94.73281	342.1	-93.0	98.72	20 h 22 min
12750	217.12499784044923	100.0	179.816	71.53008	259.5	-126.100006	100.0	20 h 26 min
12800	219.25999784208835	100.0	167.92899	84.8504	355.4	-65.5	98.76	20 h 31 min
12850	141.0499975223094	100.0	166.395	80.597855	360.1	-54.45	98.72	20 h 35 min
12900	211.51999797038735	100.0	166.809	79.3129	257.2	-95.3	100.0	20 h 39 min
12950	215.8549975015223	100.0	160.54199	92.89937	353.2	-78.4	98.82	20 h 44 min
13000	220.60999776348473	100.0	179.39001	92.56299	356.05	-133.40001	97.44	20 h 48 min
13050	175.50999734215438	100.0	175.32501	78.93483	349.7	-28.150003	97.9	20 h 53 min
13100	236.5549976363778	100.0	186.06601	71.652145	350.25	-20.400002	98.78	20 h 57 min
13150	237.44499766863882	100.0	165.175	76.56006	259.15	-31.850002	100.0	21 h 2 min
13200	216.14999761469662	100.0	150.07	108.03806	361.45	-103.3	97.5	21 h 6 min
13250	227.974998081848	88.0	150.35901	101.3058	267.8	-133.1	100.0	21 h 10 min
13300	120.51999776773155	100.0	169.93298	71.755486	256.55	-61.9	100.0	21 h 15 min
13350	218.11499757803978	100.0	176.05998	84.27766	353.95	-54.9	98.78	21 h 19 min
13400	223.47999786287545	100.0	144.76599	87.78684	264.5	-86.75	100.0	21 h 23 min
13450	243.14999781288208	100.0	157.371	78.690445	263.35	-20.950003	100.0	21 h 28 min
13500	189.539998203516	100.0	147.638	85.634254	270.7	-77.15	100.0	21 h 32 min
13550	208.39499792382122	100.0	145.606	90.04334	279.1	-117.05	100.0	21 h 37 min
13600	215.88999829106032	100.0	130.03099	104.32953	273.35	-94.450005	100.0	21 h 41 min
13650	193.64499750360847	100.0	139.24701	80.0491	261.1	-34.5	100.0	21 h 45 min
13700	186.8349974155426	100.0	133.442	84.60384	261.65	-113.85	100.0	21 h 49 min
13750	174.05999789312483	100.0	167.19699	64.9249	270.5	7.149997	100.0	21 h 54 min
13800	118.68499795421958	100.0	117.02299	75.23901	256.3	-75.05	100.0	21 h 58 min
13850	269.0999982535839	82.6	161.22	77.89798	342.85	-81.8	98.94	22 h 2 min
13900	186.5799979906529	95.6	144.584	85.62294	269.8	-74.9	100.0	22 h 7 min
13950	227.9199974823743	100.0	149.749	91.08096	317.55	-114.850006	98.84	22 h 11 min
14000	219.5949977505952	100.0	146.39001	81.595764	340.3	-52.050003	98.98	22 h 16 min
14050	201.68499785959722	100.0	128.69	79.42803	232.15	-76.700005	100.0	22 h 20 min
14100	200.68499749936163	100.0	161.487	75.05617	341.1	-34.350002	98.94	22 h 24 min
14150	188.5999972976744	100.0	134.879	85.140724	354.85	-50.600002	98.8	22 h 29 min
14200	226.23999756649135	100.0	139.277	86.44223	265.35	-61.500004	100.0	22 h 33 min
14250	204.12999734058977	100.0	159.148	81.39326	355.85	-51.500004	98.76	22 h 37 min
14300	182.09999833106994	80.2	130.426	89.64957	359.25	-85.450005	98.74	22 h 42 min
14350	219.39999793469906	96.6	128.873	84.923744	275.45	-75.4	100.0	22 h 46 min
14400	197.59999787174166	100.0	139.74101	82.3846	274.35	-119.3	100.0	22 h 51 min
14450	184.77999788373708	79.6	142.435	85.07304	290.95	-87.0	99.46	22 h 55 min
14500	201.2999980956316	87.7	134.991	82.83813	348.3	-67.8	98.88	22 h 59 min
14550	162.09999829567968	81.1	122.972	93.62932	326.75	-100.6	99.12	23 h 4 min
14600	159.33999670781196	100.0	150.18199	77.4713	358.75	1.3999978	98.74	23 h 8 min
14650	197.29499810300769	100.0	134.161	75.924	269.35	-56.100002	100.0	23 h 12 min
14700	235.65499800406397	86.5	150.4	77.083984	267.9	-40.45	100.0	23 h 17 min
14750	232.61499779969455	100.0	146.095	91.675514	263.5	-61.250004	100.0	23 h 21 min
14800	187.18499789498748	100.0	171.21999	68.02078	266.9	19.149998	100.0	23 h 26 min
14850	225.92499760314823	100.0	177.03801	65.99462	269.75	12.549998	100.0	23 h 30 min
14900	216.9899976223707	100.0	149.328	85.33547	336.6	-9.200004	99.0	23 h 35 min
14950	228.65499776303767	100.0	156.8	75.117424	266.4	-37.400005	100.0	23 h 40 min
15000	179.99499739632012	100.0	172.88199	83.52141	364.8	-33.800003	97.16	23 h 44 min
15050	180.6449977725744	100.0	154.02998	77.35551	261.4	-73.15	100.0	23 h 50 min
15100	202.0849977377802	100.0	136.69	98.540634	342.9	-113.8	98.9	23 h 54 min
15150	202.00999757796527	100.0	155.148	79.1376	359.25	-66.1	98.7	23 h 59 min
15200	158.75999784953893	100.0	155.52899	86.47725	345.8	-41.800003	98.84	24 h 3 min
15250	169.25499789640307	100.0	144.35701	97.480705	359.45	-106.15	97.42	24 h 8 min
15300	166.37499713376164	99.8	145.49599	81.092	269.25	-98.4	100.0	24 h 13 min
15350	235.00999829433857	80.8	154.278	68.16553	298.05	18.249998	99.74	24 h 18 min
15400	77.82999788895249	100.0	142.61299	78.89638	263.25	-27.700003	100.0	24 h 22 min
15450	138.49999735206364	100.0	149.658	72.386665	291.4	-42.15	99.88	24 h 27 min
15500	44.90499666966498	100.0	98.088005	90.74791	268.45	-97.450005	100.0	24 h 32 min
15550	148.1849976975471	100.0	97.973	101.66653	345.1	-95.4	97.76	24 h 37 min
15600	214.22499807216226	100.0	115.542	65.34714	238.59999	-6.3500013	100.0	24 h 42 min
15650	176.08499786779285	100.0	139.785	69.53947	272.35	-31.250002	100.0	24 h 47 min
15700	188.8449979223311	100.0	142.906	75.19249	272.4	-26.900002	100.0	24 h 52 min
15750	210.19499782174825	100.0	138.118	75.79286	259.3	-52.15	100.0	24 h 56 min
15800	143.7299974747002	100.0	158.87	79.754234	358.3	-34.600002	97.68	25 h 0 min
15850	185.98499820418655	100.0	136.66699	94.70689	314.55	-96.55	99.36	25 h 5 min
15900	197.8349979493767	100.0	147.543	71.68998	309.25	-3.600003	99.26	25 h 9 min
15950	133.62999765984713	100.0	146.63998	81.444435	355.2	-8.200002	98.76	25 h 13 min
16000	200.8049976438284	100.0	171.012	91.91004	346.4	-26.200003	96.24	25 h 18 min
16050	125.73499798662961	100.0	156.71999	90.2379	355.6	-26.500002	96.68	25 h 22 min
16100	170.83999772034585	100.0	163.39601	81.47853	325.25	-24.300003	98.96	25 h 27 min
16150	180.7449974037707	100.0	166.575	81.555954	336.8	5.649999	98.14	25 h 31 min
16200	197.6949980121106	100.0	159.43898	78.11927	263.2	-53.65	100.0	25 h 35 min
16250	209.46499781273306	100.0	163.90602	72.52235	267.5	-25.200003	100.0	25 h 40 min
16300	174.79499825388194	100.0	171.1	78.56254	265.4	-88.65	100.0	25 h 44 min
16350	205.4849980160594	100.0	151.03	84.85007	262.95	-26.900002	100.0	25 h 48 min
16400	206.8849979251623	100.0	170.705	80.52264	356.0	-27.000002	98.76	25 h 53 min
16450	208.29999723769726	100.0	165.74199	81.648186	339.95	-56.800003	98.96	25 h 57 min
16500	187.07499749176205	100.0	139.093	82.0675	241.15	-59.850002	100.0	26 h 2 min
16550	151.08499764986337	100.0	147.51	93.501465	274.75	-97.85	100.0	26 h 6 min
16600	171.719997901842	100.0	147.64	84.35954	266.4	-91.8	100.0	26 h 10 min
16650	153.7299975361675	100.0	143.19699	90.1872	324.0	-101.25	99.2	26 h 15 min
16700	189.2749982908368	100.0	139.17702	82.00371	354.15	-77.55	98.76	26 h 19 min
16750	173.15499747358263	100.0	158.594	81.275276	353.95	-24.700003	97.74	26 h 24 min
16800	246.63999821841716	80.8	153.645	84.64913	357.3	-47.600002	98.76	26 h 28 min
16850	142.71999768838288	84.7	127.72101	75.44626	269.05	-35.7	100.0	26 h 32 min
16900	114.93499753028155	100.0	146.512	80.533264	260.85	-10.1500025	100.0	26 h 37 min
16950	217.83999807052314	95.6	145.381	92.79343	332.05	-113.3	99.04	26 h 41 min
17000	214.73499763011932	100.0	135.413	90.170944	347.15	-80.65	98.82	26 h 45 min
17050	234.759997703135	100.0	130.02798	84.250824	279.0	-14.400002	100.0	26 h 50 min
17100	133.5799982741475	100.0	138.26	76.75913	264.85	-25.800001	100.0	26 h 54 min
17150	208.549997933954	100.0	136.0	68.95545	264.95	-9.000003	100.0	26 h 58 min
17200	196.60499781407415	100.0	131.44598	80.47894	261.75	-77.55	100.0	27 h 3 min
17250	220.7899979609996	89.4	124.79698	88.77157	332.0	-72.200005	99.14	27 h 7 min
17300	178.66999754868448	100.0	153.13199	83.92366	342.85	-21.350002	98.9	27 h 12 min
17350	132.73499773554505	100.0	116.215	92.901306	264.95	-158.5	100.0	27 h 16 min
17400	174.14499786868691	100.0	147.218	73.27357	341.6	-84.350006	98.92	27 h 21 min
17450	177.36499797068535	100.0	135.008	73.589455	252.4	-1.550001	100.0	27 h 25 min
17500	240.16999782249331	85.6	128.464	88.79898	254.05	-115.9	100.0	27 h 29 min
17550	178.21999765075742	100.0	170.88498	70.35874	307.85	-35.300003	99.42	27 h 34 min
17600	197.10499756410718	100.0	145.741	88.694084	359.0	-103.4	98.72	27 h 38 min
17650	190.25499788783492	100.0	159.383	79.222565	260.05	-37.95	100.0	27 h 42 min
17700	193.0999971881509	100.0	144.763	87.062996	365.8	-82.600006	98.62	27 h 47 min
17750	127.02999777570366	100.0	142.662	87.26917	343.85	-70.700005	98.84	27 h 51 min
17800	240.81499793045222	84.7	155.071	68.717735	320.1	-11.150002	99.24	27 h 55 min
17850	211.49499797225	100.0	161.008	77.81378	349.65	-10.6500025	98.86	27 h 59 min
17900	94.82499800249934	100.0	155.01299	107.44495	362.95	-96.100006	94.96	28 h 4 min
17950	225.6899983715266	82.6	140.30899	77.63374	294.15	-77.700005	99.76	28 h 8 min
18000	157.124998286739	100.0	136.73	87.24853	270.25	-63.800003	100.0	28 h 13 min
18050	167.0849980250001	100.0	126.618996	79.44672	277.55	-50.95	100.0	28 h 17 min
18100	206.5699979186058	100.0	133.541	67.2269	271.95	0.3999982	100.0	28 h 21 min
18150	114.61499762497843	100.0	131.61899	85.6323	269.3	-87.3	100.0	28 h 26 min
18200	214.54999784454702	100.0	144.83	73.40303	267.75	7.2499986	100.0	28 h 30 min
18250	203.30499801263213	100.0	126.812004	81.1064	251.59999	-96.8	100.0	28 h 34 min
18300	218.86499792151153	100.0	135.181	81.07696	268.55	-111.950005	100.0	28 h 39 min
18350	167.20999775379897	100.0	133.003	76.24859	269.9	-33.5	100.0	28 h 43 min
18400	136.80999789759517	100.0	141.957	74.517586	343.75	-29.7	98.9	28 h 48 min
18450	245.41499814391136	88.9	141.49101	104.300255	353.15	-99.4	98.74	28 h 52 min
18500	176.79499762244524	100.0	149.537	88.06282	295.55	-116.25	99.72	28 h 56 min
18550	212.1449977889657	100.0	150.26799	78.4179	267.55	-66.15	100.0	29 h 1 min
18600	207.75999827720224	88.0	155.915	78.90424	274.95	-59.600002	99.86	29 h 5 min
18650	229.26499809771775	100.0	142.897	104.4326	355.25	-119.35	98.78	29 h 9 min
18700	222.9349981598556	100.0	179.711	73.939026	343.3	9.149998	97.12	29 h 14 min
18750	183.30499781109393	99.2	150.93599	96.05676	267.7	-84.15	100.0	29 h 18 min
18800	139.35499810762704	100.0	133.71999	79.902756	233.65	-83.4	100.0	29 h 22 min
18850	193.36499828547238	100.0	148.618	87.18464	271.7	-93.5	100.0	29 h 27 min
18900	195.17499819546939	100.0	138.724	81.872314	267.25	-97.4	100.0	29 h 30 min
18950	212.95499800033866	100.0	148.03099	64.62296	231.15	-13.250003	100.0	29 h 33 min
19000	113.09499732963741	100.0	103.64101	93.87956	260.35	-105.4	100.0	29 h 36 min
19050	174.68499754071235	100.0	119.501	89.48905	253.0	-57.250004	100.0	29 h 39 min
19100	135.39999802075326	100.0	122.83199	61.331398	257.8	32.199997	100.0	29 h 42 min
19150	168.40499751977623	100.0	151.002	74.10553	270.6	-23.050003	100.0	29 h 44 min
19200	215.8049980249256	100.0	152.504	68.04881	256.15	-44.850002	100.0	29 h 47 min
19250	218.39499829076232	100.0	133.28099	76.694016	266.2	-17.050003	100.0	29 h 50 min
19300	159.74499767534434	100.0	132.87	79.85536	261.35	-56.2	100.0	29 h 53 min
19350	175.78999789170922	100.0	143.54599	86.07859	256.55	-130.5	100.0	29 h 56 min
19400	116.41499824002385	100.0	139.471	88.293495	263.35	-87.4	100.0	29 h 58 min
19450	202.55499824956058	82.0	151.055	73.49028	313.3	-29.600002	99.34	30 h 1 min
19500	171.95499813072382	100.0	154.642	74.01183	283.05	-41.600002	100.0	30 h 4 min
19550	175.9399978477508	100.0	170.129	70.97108	264.7	-62.350002	100.0	30 h 7 min
19600	226.95499771907924	100.0	180.69498	64.118065	314.05	32.6	99.18	30 h 10 min
19650	84.86999759413303	100.0	135.183	106.47897	279.3	-124.700005	100.0	30 h 13 min
19700	174.51999772936105	100.0	141.25099	86.50036	267.8	-109.15	100.0	30 h 15 min
19750	243.62999803461133	80.5	154.34401	78.73435	363.4	15.8499975	97.42	30 h 18 min
19800	169.5799976117909	100.0	152.53099	78.71042	331.5	-105.8	99.12	30 h 21 min
19850	171.31499756984414	100.0	166.22	80.62434	349.55	-15.300002	98.12	30 h 24 min
19900	227.69999815113843	100.0	162.00902	77.44987	365.75	9.499998	97.44	30 h 26 min
19950	138.19499782696366	100.0	150.34799	80.03618	355.95	-53.7	98.74	30 h 29 min
20000	251.6149977043271	100.0	159.24901	86.48535	344.0	-85.65	98.9	30 h 32 min
20050	138.4149975437671	100.0	141.14299	75.650215	271.85	-38.500004	100.0	30 h 35 min
20100	235.3899975348264	100.0	163.26201	77.508224	359.15	-29.100002	98.74	30 h 38 min
20150	123.12999760471284	100.0	162.33801	83.83721	357.8	-41.2	96.22	30 h 40 min
20200	203.73999751470984	100.0	154.39699	76.7249	346.45	-21.000002	98.36	30 h 43 min
20250	226.40499777570366	100.0	163.226	77.64207	350.25	0.24999677	98.8	30 h 46 min
20300	178.16999796554447	100.0	165.289	82.8608	350.85	-61.050003	98.78	30 h 49 min
20350	204.80999711565673	100.0	168.88701	81.618645	268.7	-116.700005	100.0	30 h 52 min
20400	190.2949978787452	100.0	157.306	98.160164	341.35	-147.0	97.1	30 h 55 min
20450	174.55999789461492	95.8	181.64598	80.345	314.55	-54.300003	99.3	30 h 57 min
20500	155.75999760068953	100.0	148.592	95.28611	322.9	-66.8	99.2	31 h 0 min
20550	225.22999758571387	95.6	136.785	92.48485	282.25	-133.05	100.0	31 h 3 min
20600	234.19499763362109	100.0	169.15399	56.745285	267.9	48.449997	100.0	31 h 6 min
20650	218.0699978083372	93.3	182.65498	76.562874	360.6	-21.100002	97.12	31 h 8 min
20700	174.24999809488654	100.0	144.47	73.551865	261.1	-18.900002	100.0	31 h 11 min
20750	135.8899980790913	100.0	144.24199	77.06981	296.5	-12.000003	99.68	31 h 14 min
20800	165.31999816298486	100.0	158.025	89.149765	291.35	-108.05	99.96	31 h 17 min
20850	143.13999811299146	100.0	131.27098	89.65113	352.6	-76.1	98.18	31 h 19 min
20900	232.80999777838588	100.0	152.20299	78.60292	347.35	-52.300003	98.86	31 h 22 min
20950	168.9449978198856	100.0	122.777	94.93811	326.05	-76.35	99.16	31 h 25 min
21000	219.3999980147928	88.3	149.60901	92.07234	323.55	-110.350006	98.62	31 h 28 min
21050	167.04999787323177	100.0	171.83398	83.79749	365.0	-15.200002	97.32	31 h 31 min
21100	144.184997953102	100.0	163.085	71.36633	274.85	-34.800003	100.0	31 h 34 min
21150	194.7099977813661	100.0	159.158	73.72877	258.35	-38.000004	100.0	31 h 36 min
21200	210.4449977505952	100.0	158.106	77.313545	329.8	-27.600002	99.1	31 h 39 min
21250	178.19499790146946	100.0	174.42	68.56905	263.55	29.8	100.0	31 h 42 min
21300	172.77999747432767	100.0	154.88899	82.26728	314.05	-84.75	99.22	31 h 45 min
21350	169.85999774597585	87.2	176.34998	78.02684	345.55	-34.4	97.28	31 h 48 min
21400	230.80999781452118	88.0	164.62398	76.31432	297.15	-6.3000026	99.58	31 h 51 min
21450	184.00999797359108	100.0	147.35701	81.85399	286.55	-84.0	99.68	31 h 53 min
21500	159.23999770022928	100.0	166.69199	73.36852	325.15	-13.850002	99.06	31 h 56 min
21550	186.5249979160726	100.0	159.228	79.764694	267.65	-43.25	100.0	31 h 59 min
21600	206.98499746397138	100.0	147.748	82.68528	354.65	-26.850002	98.74	32 h 2 min
21650	244.73499753437937	83.8	115.427	88.371124	258.6	-99.75	100.0	32 h 5 min
21700	213.57999760247768	100.0	144.53001	89.942085	359.5	-79.55	98.7	32 h 7 min
21750	205.74999808706343	100.0	141.796	84.830826	339.75	-101.450005	99.04	32 h 10 min
21800	182.05499761775135	100.0	169.315	69.68366	275.8	-44.750004	100.0	32 h 13 min
21850	181.75499754622578	100.0	142.45198	86.024445	305.55	-79.8	99.48	32 h 16 min
21900	195.06499766148627	100.0	149.976	98.953064	343.05	-123.8	98.42	32 h 19 min
21950	226.2399979688227	90.2	153.86699	84.28584	348.1	-56.600002	98.44	32 h 21 min
22000	192.65499826222657	81.1	186.72601	71.08732	343.1	23.499998	98.92	32 h 24 min
22050	175.04499768838286	100.0	165.16199	89.206726	308.55	-67.0	99.0	32 h 27 min
22100	230.16999768428505	100.0	155.17699	83.206375	292.85	-68.8	99.74	32 h 30 min
22150	195.8999981213361	100.0	163.485	73.59683	261.15	-45.15	100.0	32 h 33 min
22200	159.6849980149418	100.0	156.61299	88.13303	345.05	-62.45	98.88	32 h 36 min
22250	149.39999781921506	100.0	167.06398	92.13816	329.2	-101.75	98.82	32 h 39 min
22300	214.1849979210645	100.0	159.029	94.90217	364.55	-47.2	96.64	32 h 41 min
22350	270.9999983962625	79.9	169.216	65.51116	265.9	25.55	100.0	32 h 44 min
22400	219.5999981969595	85.8	167.96199	75.98362	325.95	-19.750002	99.18	32 h 47 min
22450	200.82499794997275	100.0	141.76001	79.68771	275.1	-36.7	100.0	32 h 50 min
22500	85.61499840468169	100.0	163.97202	80.05696	358.55	-9.100002	98.66	32 h 53 min
22550	131.16999773308635	100.0	147.09	91.858475	321.6	-45.300003	99.1	32 h 55 min
22600	212.78499810434877	100.0	139.48701	87.41441	265.6	-88.850006	100.0	32 h 58 min
22650	182.5299981113523	100.0	164.502	86.716125	363.75	-40.950005	98.66	33 h 1 min
22700	267.71499793343247	84.1	170.318	89.70954	364.8	-55.350002	95.84	33 h 4 min
22750	201.6949984062463	85.3	179.62997	81.98688	335.45	-2.9500008	97.6	33 h 6 min
22800	251.73999801240862	100.0	152.224	82.996895	276.85	-65.35	100.0	33 h 9 min
22850	206.30999807864427	100.0	153.805	93.98685	312.7	-82.65	99.5	33 h 12 min
22900	256.634998280555	93.4	160.23	103.51836	333.4	-142.55	99.1	33 h 15 min
22950	239.21499767526984	100.0	168.206	90.51836	346.5	-71.3	97.8	33 h 18 min
23000	217.16999785117804	88.6	167.69301	92.8583	328.8	-55.15	96.74	33 h 20 min
23050	189.2599977802485	100.0	151.29498	89.605415	317.15	-140.35	99.16	33 h 23 min
23100	207.70499800257386	100.0	166.327	78.84028	340.8	-91.350006	98.92	33 h 26 min
23150	195.2499977182597	100.0	159.542	96.1086	362.15	-64.4	96.46	33 h 29 min
23200	89.48499743789435	94.9	162.028	80.58906	355.7	-28.300001	98.68	33 h 32 min
23250	243.28999822549522	79.6	179.98102	101.191826	362.4	-46.800003	95.58	33 h 34 min
23300	240.11999809779226	84.7	180.06998	82.77247	369.5	-41.750004	98.34	33 h 37 min
23350	200.17499790415167	100.0	168.358	106.11272	360.6	-89.700005	96.8	33 h 40 min
23400	211.92999790646135	96.8	159.062	80.378525	306.7	-22.1	99.36	33 h 43 min
23450	160.15999794751406	100.0	161.61499	89.37374	366.55	-35.4	97.3	33 h 46 min
23500	207.61999797709285	100.0	154.327	97.673035	365.45	-62.250004	96.98	33 h 49 min
23550	220.37499789968132	100.0	168.608	82.001335	309.95	-25.7	99.12	33 h 51 min
23600	219.86499777436256	100.0	152.312	94.40941	275.05	-119.5	100.0	33 h 54 min
23650	243.55499801449477	100.0	151.942	81.835106	268.55	-31.500002	100.0	33 h 57 min
23700	199.68999801762402	100.0	142.336	105.271935	301.85	-115.9	99.24	34 h 0 min
23750	228.37999777421356	87.8	142.54599	79.0304	258.85	-35.95	100.0	34 h 3 min
23800	197.62499757483602	90.8	158.71	98.52454	349.2	-41.25	97.66	34 h 6 min
23850	183.3949976284057	100.0	152.257	93.48982	318.4	-94.850006	99.24	34 h 8 min
23900	98.09499790929257	100.0	149.21999	89.54475	272.5	-112.65	100.0	34 h 11 min
23950	193.8949979122728	100.0	153.948	99.83772	358.05	-112.850006	98.58	34 h 14 min
24000	155.04999759569765	100.0	157.703	93.73402	357.85	-46.7	98.76	34 h 17 min
24050	184.2199978813529	100.0	174.334	94.53236	370.4	-147.55	97.08	34 h 20 min
24100	157.37499789744615	100.0	142.211	94.56771	349.0	-70.15	98.64	34 h 23 min
24150	255.9999983821064	68.0	171.43	92.25908	358.4	-34.600002	96.26	34 h 25 min
24200	159.44999779239296	100.0	161.01698	92.52771	368.0	-52.750004	96.24	34 h 28 min
24250	252.33999771513044	100.0	146.333	92.84941	360.5	-22.95	97.84	34 h 31 min
24300	263.0349978901446	100.0	168.254	84.18064	360.55	-43.750004	98.7	34 h 33 min
24350	199.9749980740249	100.0	157.31801	77.03783	274.55	-6.7000012	100.0	34 h 36 min
24400	135.99999808594583	100.0	135.95299	89.34502	357.35	-61.15	98.66	34 h 39 min
24450	152.50499824248254	100.0	126.52	108.39219	358.6	-94.450005	97.48	34 h 42 min
24500	174.97499778680503	86.6	143.172	91.885056	345.6	-30.300001	98.88	34 h 45 min
24550	181.8649977017194	100.0	129.672	94.158	277.8	-97.600006	100.0	34 h 47 min
24600	219.00499789975584	100.0	165.615	92.83111	356.15	-4.600001	98.02	34 h 50 min
24650	190.80999786145986	100.0	161.133	77.0556	275.5	14.3499975	100.0	34 h 53 min
24700	66.11499748267234	100.0	133.66	111.62731	274.85	-146.7	100.0	34 h 56 min
24750	126.27499782852829	100.0	138.961	96.991066	273.5	-114.8	100.0	34 h 59 min
24800	164.32999814338982	100.0	133.363	72.02644	274.55	21.599998	100.0	35 h 2 min
24850	264.4499980919063	78.4	136.948	86.73004	311.55	-46.4	99.34	35 h 5 min
24900	177.02999764047564	87.6	130.976	100.61838	355.5	-81.350006	98.72	35 h 8 min
24950	30.1299976952374	100.0	145.79399	95.738594	353.75	-89.15	96.58	35 h 11 min
25000	217.21499788835644	100.0	151.469	79.789024	316.35	1.7499982	99.12	35 h 14 min
25050	222.00999829135836	100.0	161.219	77.58131	274.95	-13.450003	100.0	35 h 17 min
25100	152.64999725706875	100.0	151.75	102.21598	358.45	-88.100006	97.58	35 h 20 min
25150	227.52999804206192	93.0	154.37999	77.10724	262.05	-23.400002	100.0	35 h 23 min
25200	124.04999808296562	100.0	160.062	92.966705	317.7	-91.05	99.54	35 h 26 min
25250	100.82999697066843	100.0	148.551	93.902954	357.0	-81.25	98.72	35 h 29 min
25300	216.9249971628189	100.0	135.632	106.96098	361.3	-38.800003	96.88	35 h 32 min
25350	143.22999777533113	100.0	152.63101	83.04514	319.25	-56.600002	99.24	35 h 35 min
25400	233.7899978969246	100.0	142.909	91.75523	261.85	-133.7	100.0	35 h 39 min
25450	244.49999784454704	100.0	144.28601	81.94258	291.05	-5.0000014	100.0	35 h 42 min
25500	209.51499798856676	100.0	168.03998	74.400955	358.05	2.449998	98.68	35 h 45 min
25550	168.31499798595905	86.6	144.202	96.996605	349.65	-112.15	97.68	35 h 48 min
25600	200.25999814905225	100.0	160.221	89.502884	359.4	-83.55	98.68	35 h 51 min
25650	175.6649976156652	100.0	144.199	81.62108	250.7	-51.550003	100.0	35 h 54 min
25700	251.05499832816423	81.1	144.11699	95.42764	324.15	-99.700005	99.3	35 h 57 min
25750	147.6899975709617	100.0	146.35	87.714676	270.65	-45.300003	100.0	36 h 1 min
25800	219.2399976488203	100.0	138.493	91.1557	300.1	-101.8	99.4	36 h 4 min
25850	159.52999787703158	100.0	153.789	88.593575	313.8	-94.65	99.46	36 h 7 min
25900	176.51999825686215	89.0	173.04901	75.50985	345.15	5.649998	98.92	36 h 10 min
25950	167.9649982921779	100.0	144.916	85.21388	303.45	-66.05	99.24	36 h 13 min
26000	171.21499793604016	100.0	167.623	79.83999	332.3	-2.4500034	98.94	36 h 16 min
26050	125.51499756500125	100.0	157.60901	83.79215	364.95	-47.300003	98.64	36 h 19 min
26100	199.31499809212983	96.0	128.234	87.882904	271.35	-60.350002	100.0	36 h 23 min
26150	127.0899979878217	100.0	150.342	93.05305	360.4	-86.200005	97.66	36 h 26 min
26200	208.10499767139555	100.0	173.31	80.8546	364.4	9.549998	98.28	36 h 30 min
26250	162.89499797262252	100.0	158.40498	88.187294	358.15	-15.300002	96.64	36 h 33 min
26300	178.51999751739203	100.0	146.00299	91.55831	360.65	-112.05	98.7	36 h 36 min
26350	119.07999774627388	100.0	150.608	93.25235	347.7	-79.25	98.86	36 h 39 min
26400	176.04999797530473	100.0	167.788	89.90391	337.8	-97.200005	98.4	36 h 42 min
26450	231.1599981572479	88.2	140.93999	92.50853	341.4	-31.250004	97.46	36 h 46 min
26500	246.84999761991202	100.0	139.161	89.71529	272.2	-33.350002	99.88	36 h 49 min
26550	221.07499791644514	100.0	166.08101	87.80045	351.6	-112.200005	97.68	36 h 52 min
26600	102.82999818362296	100.0	159.94398	95.936714	354.2	-125.4	97.9	36 h 55 min
26650	170.8099982712418	100.0	176.20801	67.15279	277.95	8.349998	100.0	36 h 59 min
26700	125.17499791122972	100.0	150.332	108.47592	364.0	-95.9	97.6	37 h 2 min
26750	143.2399969715625	100.0	159.798	89.19857	281.95	-129.55	100.0	37 h 5 min
26800	175.75999820828437	100.0	141.94801	89.118614	271.6	-114.05	100.0	37 h 8 min
26850	212.96999789364637	89.6	125.13201	114.7549	271.25	-132.95	100.0	37 h 11 min
26900	211.87999776937068	100.0	176.085	86.87715	362.05	-11.100003	96.4	37 h 15 min
26950	167.69999704547226	100.0	166.081	72.823074	267.15	-15.750002	100.0	37 h 18 min
27000	269.34999824762343	86.8	197.32101	66.96368	352.5	62.8	97.5	37 h 21 min
27050	193.96499818116428	81.4	160.467	83.36357	273.05	-2.7641654e-06	100.0	37 h 23 min
27100	208.4249981969595	80.5	168.256	91.42528	367.05	-51.9	98.62	37 h 26 min
27150	124.27499769292771	100.0	148.741	84.61837	271.05	-59.800003	100.0	37 h 29 min
27200	156.39499781168996	100.0	155.071	93.34538	347.75	-92.65	98.84	37 h 32 min
27250	188.92499781437218	100.0	147.888	89.30748	274.35	-50.350002	100.0	37 h 35 min
27300	264.1149978470057	88.6	144.323	103.09999	324.4	-84.15	99.26	37 h 38 min
27350	191.92999811135232	100.0	150.216	104.87525	355.2	-93.55	98.04	37 h 41 min
27400	202.41499780602754	100.0	170.56801	88.69627	346.25	-41.4	98.86	37 h 44 min
27450	175.63499762192367	100.0	139.02899	99.896286	307.25	-101.100006	99.32	37 h 47 min
27500	223.64999854974448	89.8	180.035	87.18178	362.25	-7.900003	95.46	37 h 50 min
27550	211.499998049438	100.0	151.143	91.74406	340.9	-90.05	98.88	37 h 52 min
27600	192.5149980265647	100.0	149.78598	98.61346	344.55	-133.0	98.88	37 h 55 min
27650	135.21499770618976	100.0	151.36598	81.54307	338.15	-51.4	98.98	37 h 58 min
27700	172.2599978622049	90.4	146.62	90.415474	331.95	-37.4	98.56	38 h 1 min
27750	296.7849982485175	76.0	137.81099	93.0131	272.1	-99.8	100.0	38 h 4 min
27800	214.16499780118465	100.0	164.009	75.79086	273.05	-22.150002	100.0	38 h 6 min
27850	204.8749982688576	100.0	162.482	106.71512	356.7	-56.300003	94.9	38 h 9 min
27900	247.21499853990971	71.8	165.93	108.30706	366.95	-70.25	94.04	38 h 12 min
27950	128.97999786920846	100.0	174.239	88.49813	360.7	-0.45000166	94.96	38 h 15 min
28000	88.59999757818878	94.8	169.34898	99.07895	357.7	-54.750004	95.42	38 h 18 min
28050	246.944997953251	92.6	165.348	87.60503	299.6	-137.55	99.68	38 h 20 min
28100	249.42499804832042	90.7	182.55801	85.97004	339.0	-78.9	98.06	38 h 23 min
28150	194.93499796651304	100.0	165.004	86.662895	277.85	-65.700005	100.0	38 h 26 min
28200	243.0599979635328	100.0	160.575	106.18413	352.55	-105.4	98.74	38 h 29 min
28250	265.9349980462342	79.9	159.466	106.34424	363.95	-54.350002	95.08	38 h 32 min
28300	206.9149982571602	81.4	145.211	100.98467	367.9	-95.850006	97.88	38 h 35 min
28350	209.39499767422677	100.0	164.871	97.92359	356.45	-113.9	98.74	38 h 38 min
28400	191.94499785192312	94.2	150.98	101.633835	364.05	-42.15	97.48	38 h 41 min
28450	202.43999824151396	86.8	132.241	90.34427	356.9	-55.750004	98.72	38 h 44 min
28500	175.96999774612487	100.0	155.744	91.02768	354.35	-18.900002	98.74	38 h 47 min
28550	181.88999784365296	95.3	150.69698	100.23993	306.4	-122.950005	99.12	38 h 49 min
28600	215.73499814681708	88.1	160.33	96.116066	359.85	-65.25	97.02	38 h 52 min
28650	236.51999812982976	100.0	163.621	74.68477	268.3	-31.650002	100.0	38 h 55 min
28700	275.9299983602017	80.5	167.74101	87.86701	309.6	-41.45	99.3	38 h 58 min
28750	265.59499802179636	87.6	153.922	104.30017	345.65	-146.6	98.54	39 h 1 min
28800	219.26499793194233	100.0	179.363	78.84758	361.15	32.699997	97.52	39 h 4 min
28850	214.62999790348113	99.1	181.78299	84.1431	363.5	-2.650002	96.3	39 h 6 min
28900	212.73499777913094	100.0	167.779	95.218315	362.9	-35.850002	97.34	39 h 9 min
28950	197.07499811314045	100.0	161.517	86.88856	359.7	-26.150002	98.7	39 h 12 min
29000	157.06499785855414	100.0	153.965	89.83284	361.05	-63.350002	97.58	39 h 15 min
29050	188.51499786376954	100.0	153.42099	85.80424	292.85	-18.200005	99.68	39 h 18 min
29100	215.83499799966813	100.0	172.053	91.308815	353.3	-69.200005	96.62	39 h 20 min
29150	199.97999793700873	100.0	153.23	81.08643	272.05	-25.500004	100.0	39 h 23 min
29200	111.39999782443047	100.0	169.25099	99.157684	359.55	-47.45	97.8	39 h 26 min
29250	245.31999745927752	96.1	188.21901	90.25939	362.35	-46.000004	96.18	39 h 29 min
29300	268.08499849140645	79.6	181.473	91.19827	369.0	-36.750004	94.58	39 h 31 min
29350	170.39999783597887	100.0	177.53102	85.79127	361.3	-80.65	98.66	39 h 34 min
29400	255.28999821022154	76.0	182.21701	98.020134	348.25	-150.75	98.04	39 h 37 min
29450	191.54499825723468	86.0	154.432	92.365234	344.0	-43.050003	98.28	39 h 40 min
29500	243.65499818138778	86.4	161.137	92.55029	362.7	-107.0	98.64	39 h 42 min
29550	193.0349976282567	100.0	154.273	75.426674	271.5	8.499999	100.0	39 h 45 min
29600	197.9999974809587	100.0	158.107	95.00983	361.55	-58.5	97.56	39 h 48 min
29650	200.37499831318854	100.0	174.505	91.76413	357.4	-35.600002	95.24	39 h 51 min
29700	191.18499801009892	100.0	145.456	98.866745	278.05	-59.800003	100.0	39 h 54 min
29750	205.7299982339144	98.4	163.94899	98.6076	355.8	-110.85	97.04	39 h 57 min
29800	91.44999786652625	100.0	135.22899	104.10391	338.5	-69.05	99.02	40 h 0 min
29850	217.5849980007857	100.0	150.112	107.80496	359.1	-65.950005	95.2	40 h 2 min
