Episode	TestRet	TestSteps	AverageEpRet	StdEpRet	MaxEpRet	MinEpRet	EpLen	Time
50	-60.02000089511275	80.0	-63.324005	4.86763	-47.45	-71.25	80.0	1 min 43 sec
100	-58.01500155813992	80.0	-61.453	15.834404	-28.600002	-123.350006	80.0	3 min 51 sec
150	-54.69000133015216	80.0	-53.913998	22.344444	-13.300001	-125.55	80.0	6 min 2 sec
200	-83.00500281490386	80.0	-51.899002	28.877535	9.599998	-145.1	80.0	8 min 11 sec
250	-52.29000213705003	80.0	-45.014008	25.982168	10.199999	-151.6	80.0	10 min 18 sec
300	-91.70000357963144	80.0	-25.114002	26.714	53.2	-87.50001	80.0	12 min 27 sec
350	-48.0350025575608	80.0	-21.696001	29.991898	49.1	-75.950005	80.0	14 min 35 sec
400	-76.6150029886514	80.0	-16.453001	34.41932	72.25	-76.350006	80.0	16 min 43 sec
450	-86.64000336267054	80.0	-6.725002	38.194687	83.549995	-82.600006	79.62	18 min 52 sec
500	13.84499727934599	71.7	5.4979987	46.204693	101.5	-79.3	77.58	20 min 59 sec
550	-3.860002850368619	66.8	47.192	45.711422	113.6	-57.15	70.04	22 min 58 sec
600	41.839997896924615	56.2	53.482994	44.20077	119.8	-43.850002	68.78	24 min 54 sec
650	56.03999766334891	57.2	57.020996	40.716686	116.5	-42.5	68.56	26 min 48 sec
700	-1.945002708211541	71.1	79.92899	32.84849	122.35	9.649999	56.46	28 min 33 sec
750	88.87499837204814	43.3	85.802	30.189592	123.75	2.4999988	54.54	30 min 15 sec
800	44.674997572600844	60.1	81.717995	37.64029	115.0	-25.900002	53.4	31 min 58 sec
850	89.45999870859086	48.0	82.827995	34.66073	121.35	-7.3500013	54.32	33 min 37 sec
900	113.58999934829771	32.0	94.105	25.412083	121.7	14.349999	51.24	35 min 12 sec
950	65.48499829098583	65.9	89.190994	28.720655	125.5	5.9999986	55.0	36 min 54 sec
1000	106.22499938905239	40.1	86.64	29.156712	123.7	10.499998	56.66	38 min 35 sec
1050	105.74999931491911	41.3	85.72999	28.383558	122.4	6.4999986	57.8	40 min 16 sec
1100	63.25499802827835	64.1	91.05	27.341696	122.25	-2.4500012	53.8	41 min 58 sec
1150	88.59999903030693	46.2	79.004	37.834084	123.6	-27.300001	56.6	43 min 42 sec
1200	117.13499946966768	29.9	88.46	28.578842	122.0	8.749997	54.6	45 min 19 sec
1250	78.18499866575003	55.7	92.088	24.722923	122.8	30.849998	53.24	47 min 0 sec
1300	87.77499887272715	56.3	84.735	32.096313	126.15	-6.300001	57.76	48 min 44 sec
1350	63.83499887138605	80.0	78.141	35.696415	122.5	-38.100002	61.82	50 min 36 sec
1400	85.91499880068004	56.3	86.813995	27.149542	118.9	29.949999	56.44	52 min 16 sec
1450	90.9049991261214	58.6	76.921	27.672644	117.55	-4.050001	63.94	54 min 8 sec
1500	59.93999885059893	80.0	67.33401	35.82876	121.7	-23.800001	67.5	56 min 6 sec
1550	78.5899986680597	65.9	78.301	33.25455	120.95	-14.1	61.4	57 min 53 sec
1600	77.99999908395111	62.1	87.43701	28.38601	121.85	19.05	57.24	59 min 42 sec
1650	75.38999878838658	70.0	78.76199	34.94312	124.05	4.3999987	60.2	1 h 1 min
1700	87.82499884404243	55.1	78.786995	26.761278	124.05	6.9499993	65.94	1 h 3 min
1750	101.8399992004037	45.6	86.510994	25.469444	124.8	30.199999	58.9	1 h 5 min
1800	99.15999908223748	44.8	82.131	37.570053	124.65	-59.0	58.86	1 h 6 min
1850	83.16999848857522	44.2	83.355	25.153456	123.55	20.199999	61.04	1 h 8 min
1900	77.4949988886714	60.2	85.15099	32.429424	121.15	7.2499986	54.38	1 h 10 min
1950	121.09999961405993	27.6	75.063	38.90341	123.95	-47.2	61.72	1 h 11 min
2000	81.94499916024506	57.4	80.069	37.339417	126.45	-27.900002	58.96	1 h 13 min
2050	90.41499876752496	46.1	83.355995	41.098465	122.0	-44.5	54.26	1 h 15 min
2100	97.82499901466072	45.3	86.70901	30.913609	123.6	-12.600001	55.78	1 h 17 min
2150	101.99499919377267	43.5	93.043	31.918182	127.85	-8.550001	49.7	1 h 18 min
2200	101.87499911487103	40.9	94.402	32.548206	125.5	-27.150002	49.66	1 h 20 min
2250	109.4399993211031	36.4	89.16	25.61888	125.6	40.55	57.86	1 h 21 min
2300	82.48999876044691	59.8	84.73601	35.316624	121.75	-26.050001	55.3	1 h 23 min
2350	113.8299993187189	30.6	78.743996	35.66987	126.05	-11.200001	60.34	1 h 25 min
2400	90.09499886929989	54.4	88.94399	27.672283	125.85	30.0	55.78	1 h 27 min
2450	97.8299989681691	43.2	84.623	31.265362	125.35	-9.750002	58.44	1 h 28 min
2500	84.4999987974763	59.6	89.54301	31.247732	125.95	-7.9500012	53.58	1 h 30 min
2550	94.60499944910407	42.1	94.22101	29.825064	126.65	1.7499994	50.04	1 h 31 min
2600	93.49999901726842	52.9	89.878006	33.62597	125.65	-51.75	53.44	1 h 33 min
2650	106.21499918699264	40.1	102.141	21.458172	124.75	55.85	46.1	1 h 35 min
2700	106.50999932587146	39.8	91.227005	33.926548	127.75	17.9	49.3	1 h 36 min
2750	121.84499956071377	24.3	93.77901	35.501354	124.45	-11.550001	46.08	1 h 38 min
2800	113.76999937705696	32.8	94.152	33.46429	124.45	-12.150001	47.78	1 h 39 min
2850	98.64499900750816	45.3	98.48399	32.25297	126.9	-16.95	44.26	1 h 41 min
2900	121.63999955840409	24.6	93.298	34.073227	124.25	-24.400002	49.3	1 h 42 min
2950	102.02999911904335	42.1	97.009	31.124596	126.35	-18.7	47.02	1 h 44 min
3000	102.26499922685325	43.8	80.667	40.828167	127.8	-37.25	56.12	1 h 46 min
3050	93.35499897226691	51.7	100.439	23.45028	128.75	49.5	46.34	1 h 47 min
3100	100.07499917186797	46.3	93.762	31.277822	126.05	3.999998	47.8	1 h 49 min
3150	114.90499932169914	28.7	94.18801	33.78674	128.35	-15.900001	48.08	1 h 50 min
3200	100.67499905228615	40.9	98.16601	36.248333	126.7	-21.7	42.28	1 h 52 min
3250	116.76499937400222	27.1	91.825	35.809135	127.95	-40.0	50.48	1 h 53 min
3300	126.51499970927834	20.9	98.05799	26.29643	127.55	37.2	50.06	1 h 55 min
3350	107.53499937094747	39.5	96.12799	35.251602	128.05	-17.300001	45.48	1 h 56 min
3400	103.1549992594868	45.9	94.382996	35.48833	127.15	-47.600002	49.24	1 h 58 min
3450	118.32999941930174	25.8	90.688995	37.909092	127.3	-23.150002	49.44	1 h 59 min
3500	122.75499954111874	21.9	105.772	22.15912	128.0	56.35	41.06	2 h 1 min
3550	121.77499956823885	24.7	98.277	30.076092	125.8	-17.7	45.38	2 h 2 min
3600	116.46499938629567	28.1	98.891	35.845596	128.2	-51.75	43.9	2 h 4 min
3650	122.51499959565699	24.3	86.003	33.110905	128.65	-31.45	57.88	2 h 5 min
3700	109.10999940000474	39.5	100.518	27.831451	128.25	22.8	44.98	2 h 7 min
3750	107.81499935276807	39.9	106.201	24.5403	126.3	24.699999	39.98	2 h 8 min
3800	89.29499893188476	51.9	95.051994	32.152607	127.25	-5.500001	48.24	2 h 10 min
3850	123.15499963015318	24.2	95.051	36.300583	126.9	-11.300001	46.14	2 h 11 min
3900	118.15999939478934	25.2	91.647	39.88742	127.3	-42.25	49.16	2 h 13 min
3950	105.50499918796122	38.3	99.78999	25.845333	128.0	49.05	47.16	2 h 14 min
4000	123.10999960713089	23.6	94.16201	33.621243	128.0	-5.05	48.96	2 h 16 min
4050	106.85499932989478	39.3	103.429	26.055098	126.0	43.149998	41.84	2 h 17 min
4100	118.23999943137169	26.4	106.827	28.56884	130.7	0.94999915	36.48	2 h 18 min
4150	120.33999949619174	24.1	100.256	28.595646	128.25	13.999999	44.58	2 h 20 min
4200	118.44999943785369	26.1	107.68799	32.019714	128.8	-45.0	35.3	2 h 21 min
4250	126.27999968640506	20.3	100.162994	31.118856	128.95	4.749999	43.18	2 h 23 min
4300	107.36499937437475	40.9	107.27602	24.761194	127.85	44.6	39.04	2 h 24 min
4350	124.3349996123463	21.5	95.80999	30.708858	128.25	-10.750001	49.02	2 h 25 min
4400	120.22999947145581	24.0	96.48501	39.56939	128.35	-26.7	43.88	2 h 27 min
4450	122.79999959096313	23.6	93.18199	30.250015	127.8	10.199999	52.24	2 h 28 min
4500	122.01499954722821	23.5	101.637	34.069393	129.6	-40.100002	42.02	2 h 30 min
4550	121.59999955631793	24.6	98.20599	41.795	127.85	-62.5	42.62	2 h 31 min
4600	96.59999917969108	50.4	103.751	26.427608	126.55	37.899998	42.36	2 h 33 min
4650	123.8249996136874	22.5	107.879005	30.550518	127.75	-14.800001	36.64	2 h 34 min
4700	126.00999967567623	20.4	111.176994	29.22367	127.45	-15.5	32.42	2 h 35 min
4750	120.95999950058759	23.8	98.929016	38.094296	129.3	-14.400001	42.52	2 h 37 min
4800	109.12999938204885	38.7	101.498	34.57367	127.95	-7.7000003	41.12	2 h 38 min
4850	123.59999959729612	22.0	100.587006	33.17165	129.55	-29.300001	42.84	2 h 39 min
4900	107.76999923735858	39.0	105.14199	28.536364	129.7	16.55	41.1	2 h 41 min
4950	122.41999954320491	22.6	108.66899	24.53412	127.45	34.149998	37.32	2 h 42 min
5000	124.94499963857234	21.3	105.283	28.364336	127.5	11.099998	38.72	2 h 43 min
5050	125.30499961823224	19.9	102.815	30.555319	128.3	17.75	39.48	2 h 45 min
5100	105.03999918848277	39.2	105.06101	27.826567	129.9	16.05	39.6	2 h 46 min
5150	122.13499953113497	22.7	103.138	33.559208	127.8	-11.400002	39.88	2 h 47 min
5200	122.88499954789877	21.9	104.313995	30.086143	128.25	14.349999	39.48	2 h 49 min
5250	96.62499915584922	50.3	107.21199	27.381649	129.6	17.849998	38.18	2 h 50 min
5300	121.20499948263168	22.7	101.38901	30.61478	128.7	25.099998	43.48	2 h 52 min
5350	96.78499924018979	40.7	106.205	31.279903	128.6	-14.1	37.6	2 h 53 min
5400	125.78499967679382	21.1	106.27201	28.059431	128.45	20.55	38.76	2 h 54 min
5450	123.66999958604575	21.8	103.358	28.906717	127.85	8.099999	42.58	2 h 56 min
5500	121.69999957382679	22.2	102.844	29.368803	129.6	6.799999	43.16	2 h 57 min
5550	119.9299994636327	24.4	100.147995	37.109943	129.5	-25.000002	42.28	2 h 58 min
5600	125.28999965377152	21.2	110.70999	23.715944	130.15	29.25	35.82	3 h 0 min
5650	124.07999958507716	21.0	101.798	39.539692	127.9	-30.6	38.14	3 h 1 min
5700	120.64499948695303	23.9	112.60799	20.463852	127.8	47.75	32.56	3 h 2 min
5750	122.8099995803088	23.2	108.70499	25.59654	128.95	15.299998	36.12	3 h 4 min
5800	123.6999995931983	22.0	108.38699	27.590183	127.9	9.599999	34.96	3 h 5 min
5850	124.02499960176647	21.7	104.94601	27.161396	128.55	41.399998	40.22	3 h 6 min
5900	120.30499948374927	24.0	113.999	20.73553	129.25	44.55	33.64	3 h 8 min
5950	124.34499967209995	20.9	106.187004	32.98346	129.5	-25.250002	37.42	3 h 9 min
6000	126.2849996637553	19.7	116.228004	21.560617	128.55	17.15	30.24	3 h 10 min
6050	124.60499961525201	21.1	113.12499	20.800516	129.1	47.899998	33.22	3 h 11 min
6100	124.23999961018562	21.6	107.423996	32.501434	128.55	-16.900002	35.98	3 h 13 min
6150	110.62499941550195	36.9	110.781	27.32909	128.8	-6.3000007	35.04	3 h 14 min
6200	126.95999971292913	20.2	103.84901	35.559155	129.8	-13.850001	38.82	3 h 15 min
6250	124.10999961458147	22.0	97.483	45.07194	129.8	-39.350002	40.3	3 h 17 min
6300	125.31499962434172	20.1	113.27999	24.256628	127.45	2.8999994	30.78	3 h 18 min
6350	121.36499956361949	25.3	106.642	28.16526	129.35	38.45	38.46	3 h 19 min
6400	126.87499971687794	20.5	106.676	31.696203	128.85	3.4499986	36.6	3 h 20 min
6450	120.37499955669045	26.9	105.255	29.411528	130.5	2.599999	39.54	3 h 22 min
6500	106.12499932087958	38.9	106.997	32.807457	127.85	-4.150001	36.72	3 h 23 min
6550	109.739999409765	38.7	94.62399	44.82216	128.5	-25.650002	43.06	3 h 24 min
6600	106.4849992737174	38.7	93.06199	40.608807	129.4	-28.900002	46.64	3 h 26 min
6650	117.33999933414161	24.6	89.491005	41.84496	126.65	-21.250002	48.16	3 h 27 min
6700	112.40999936498702	32.2	101.15301	33.784847	129.3	-13.050001	41.08	3 h 29 min
6750	126.82999969273806	19.0	109.759	30.495022	128.55	-32.800003	33.04	3 h 30 min
6800	126.80999968275428	19.4	108.565	28.774174	128.45	0.19999957	34.32	3 h 31 min
6850	126.02999965883791	20.0	110.58699	26.94427	129.2	12.4	34.6	3 h 33 min
6900	108.46999944709242	38.6	105.601	35.142677	128.4	-31.25	37.6	3 h 34 min
6950	94.22499928176403	49.6	106.838	32.717674	127.9	-4.3000007	36.2	3 h 35 min
7000	106.03499937765301	38.3	109.48501	30.941032	128.4	-6.0500007	33.9	3 h 37 min
7050	111.62999941036105	34.3	96.138	41.744503	130.45	-46.5	43.78	3 h 38 min
7100	124.3999995905906	20.6	106.88499	36.66168	129.5	-32.7	34.78	3 h 39 min
7150	106.48499926589429	37.7	107.95499	27.485998	130.0	11.199999	38.96	3 h 41 min
7200	126.60499968044459	19.7	102.82101	35.129993	130.65	0.29999936	39.58	3 h 42 min
7250	124.65499961450696	20.8	110.875	28.115446	130.8	3.549999	34.36	3 h 43 min
7300	110.1649994455278	38.0	102.58399	43.0031	131.0	-50.100002	37.74	3 h 44 min
7350	115.76499927975237	25.4	105.967	37.284473	129.7	-24.750002	34.62	3 h 46 min
7400	125.98499965704977	19.7	107.927	34.35441	130.25	-18.7	33.98	3 h 47 min
7450	111.98499931544066	34.2	104.159	36.08392	129.6	-40.9	37.16	3 h 48 min
7500	116.0899995032698	32.4	106.213005	36.385975	130.15	-31.150002	34.12	3 h 50 min
7550	116.1699995238334	32.4	108.282005	33.543003	128.65	-60.55	33.74	3 h 51 min
7600	125.37999960258603	19.2	106.11199	29.728441	129.6	17.65	36.94	3 h 52 min
7650	102.18999901078641	38.4	108.64701	25.805765	130.15	43.3	36.62	3 h 54 min
7700	123.2149995483458	21.3	104.65099	33.286026	130.05	14.949999	37.52	3 h 55 min
7750	112.3549995560199	35.2	104.31899	38.85994	128.3	-52.4	36.5	3 h 56 min
7800	118.64999950267375	33.4	106.775	35.944244	129.2	-20.4	35.52	3 h 57 min
7850	100.15499940104783	50.5	109.737015	26.586319	128.9	14.7	36.2	3 h 59 min
7900	124.89999960549176	20.2	103.29	28.707354	128.7	28.15	42.98	4 h 0 min
7950	128.25999973602592	18.6	102.586006	34.062332	129.45	-7.4500012	40.68	4 h 1 min
8000	128.31499972492458	18.1	109.19101	29.13621	129.05	8.549999	35.36	4 h 3 min
8050	127.1299996882677	19.0	96.887	35.389965	128.7	-16.500002	46.14	4 h 4 min
8100	101.08999945111573	39.4	99.88499	32.13242	128.9	28.55	42.64	4 h 6 min
8150	125.62999966256321	20.5	110.84599	25.592913	130.75	34.6	35.18	4 h 7 min
8200	123.59999956972896	21.2	105.335	36.72386	129.95	-27.300001	36.16	4 h 8 min
8250	123.60999955832958	20.7	110.61199	25.136736	129.0	51.0	35.64	4 h 9 min
8300	114.30999944135547	33.2	107.869	27.75971	130.9	12.299999	38.0	4 h 11 min
8350	122.51499955505133	22.7	102.47999	38.483315	131.3	-8.700001	38.04	4 h 12 min
8400	121.20999951474369	23.5	101.74899	43.939034	129.2	-44.350002	36.1	4 h 13 min
8450	124.58999963887035	21.8	103.887	39.95485	129.8	-49.65	36.46	4 h 15 min
8500	107.42499948218465	40.0	110.495	24.39971	129.15	25.949999	33.98	4 h 16 min
8550	120.91999949291349	23.6	104.198	34.27631	128.8	-13.500001	38.96	4 h 17 min
8600	124.41499960534274	21.1	102.792	40.368595	129.6	-36.55	38.14	4 h 19 min
8650	124.17999962940812	20.6	106.47401	35.798264	129.55	-27.050001	35.9	4 h 20 min
8700	114.02999944165349	31.8	103.413994	31.161947	129.3	-3.4000006	41.2	4 h 21 min
8750	124.66499956808984	19.3	105.698	39.719013	129.5	-31.050001	34.62	4 h 23 min
8800	127.13999967202544	18.4	102.18799	39.03448	129.1	-46.5	39.4	4 h 24 min
8850	125.1149996586144	21.7	103.087006	38.32984	130.4	-43.300003	38.68	4 h 25 min
8900	128.80999975353478	18.2	111.394	25.695425	129.6	28.0	33.88	4 h 27 min
8950	118.57999942302703	25.8	105.927	29.6874	130.15	31.25	39.28	4 h 28 min
9000	127.64499968998135	18.1	96.811005	35.133842	128.8	-2.4000003	45.8	4 h 29 min
9050	115.11999955922366	37.0	106.22199	35.845528	129.55	-65.75	36.22	4 h 31 min
9100	124.8049996022135	20.0	101.35899	40.867367	130.8	-55.55	39.22	4 h 32 min
9150	126.00999964661897	19.6	109.841995	29.660213	129.6	-27.25	34.56	4 h 33 min
9200	126.68499970138073	20.3	105.408	27.354797	130.25	28.8	41.28	4 h 34 min
9250	122.9199995469302	21.8	100.323006	35.275417	130.55	-34.15	41.94	4 h 36 min
9300	124.04499961845576	20.7	103.127	35.54496	129.6	-0.25000077	37.96	4 h 37 min
9350	107.1049995649606	37.3	98.264015	40.372616	128.2	-35.0	42.26	4 h 39 min
9400	94.5499994572252	38.3	105.18	30.763025	129.1	-20.65	39.04	4 h 40 min
9450	125.24999962374568	20.2	108.332	32.65204	129.7	-45.4	35.44	4 h 41 min
9500	113.54499953240156	37.1	108.20901	30.05643	130.35	7.9999995	35.6	4 h 42 min
9550	128.0149997148663	18.3	108.56899	30.396336	129.65	4.9999995	35.98	4 h 44 min
9600	96.03999963738025	36.5	109.95	28.177135	130.05	13.4	35.6	4 h 45 min
9650	127.83999970294535	18.2	102.862	36.551113	129.9	-11.100001	38.96	4 h 46 min
9700	126.45499967820942	19.9	109.504005	26.280548	129.95	31.599998	37.46	4 h 48 min
9750	126.74999965727329	18.6	111.315	24.134966	129.2	31.25	36.08	4 h 49 min
9800	125.39499962180852	19.6	107.773994	32.039474	131.05	-31.6	37.9	4 h 50 min
9850	126.13499962799251	18.7	107.22099	30.526918	131.45	9.099998	38.64	4 h 52 min
9900	126.12499962188303	18.5	110.501	26.330862	130.2	40.85	35.44	4 h 53 min
9950	125.44499960877002	19.3	105.61399	42.442944	129.95	-48.100002	33.94	4 h 54 min
10000	102.62999953515828	38.6	106.601006	30.064812	127.7	-5.3	38.56	4 h 55 min
10050	127.63499970063567	18.5	100.335	41.57677	132.45	-16.25	39.32	4 h 57 min
10100	100.4149992287159	51.1	110.777	27.844666	129.55	-22.050001	35.52	4 h 58 min
10150	88.75999951101839	38.8	92.134	38.793392	128.8	4.649999	48.68	5 h 0 min
10200	112.84999947212637	30.5	108.26301	31.716051	130.6	-50.100002	37.4	5 h 1 min
10250	124.839999589324	19.4	108.065994	28.70402	131.0	17.05	37.4	5 h 2 min
10300	126.67499967738986	19.3	105.479004	30.693672	128.7	-4.850001	38.98	5 h 4 min
10350	127.17999969646334	19.2	113.08301	22.704369	129.15	41.75	33.82	5 h 5 min
10400	125.7349996406585	19.8	110.815	31.70786	129.2	-19.800001	32.02	5 h 6 min
10450	122.5599996253848	21.5	108.03199	34.028538	130.6	-19.650002	34.66	5 h 7 min
10500	125.21999966129661	19.8	101.72699	31.562174	128.8	-22.25	45.08	5 h 9 min
10550	116.19499947503209	30.7	100.841995	37.201027	130.75	-32.55	41.54	5 h 10 min
10600	125.88499965965748	20.3	102.542	35.90059	129.55	-21.45	39.76	5 h 11 min
10650	128.4799997139722	17.4	105.73999	28.856215	129.7	4.7999997	40.4	5 h 13 min
10700	117.9649993751198	24.4	105.376	35.84384	130.7	-47.05	37.96	5 h 14 min
10750	104.80999959781767	37.9	104.440994	40.207775	128.95	-40.45	36.28	5 h 15 min
10800	126.2349996432662	18.8	107.157005	33.344204	129.65	-10.500001	37.18	5 h 17 min
10850	126.58499968498946	19.9	113.321	26.507998	129.1	-7.7500005	31.86	5 h 18 min
10900	119.93999948091805	25.0	99.343994	39.60469	128.65	-13.8	40.56	5 h 19 min
10950	122.35999956801534	23.5	99.333	42.09257	130.5	-45.0	41.38	5 h 21 min
11000	122.75999956652522	22.8	112.534004	26.224766	129.2	18.55	32.1	5 h 22 min
11050	128.57999973036348	17.8	111.107	33.032375	130.15	-21.25	30.7	5 h 23 min
11100	117.0149995110929	30.4	107.165	37.172348	130.8	0.54999906	33.78	5 h 24 min
11150	127.34499970152974	18.9	104.62001	33.331276	130.9	2.0999992	38.0	5 h 26 min
11200	127.66499968543648	17.9	114.722	24.626808	130.55	-4.1000004	30.34	5 h 27 min
11250	128.61999972686172	17.6	108.187004	28.092237	130.15	4.399999	36.98	5 h 28 min
11300	123.5549995817244	21.7	108.017	34.484287	129.75	-50.8	35.62	5 h 29 min
11350	112.91499952934683	36.6	104.217995	41.236977	130.7	-41.25	36.14	5 h 31 min
11400	124.8199996355921	22.0	117.86	20.725422	131.1	9.95	28.48	5 h 32 min
11450	124.29499958232046	20.5	105.22401	32.281094	129.25	4.049999	38.9	5 h 33 min
11500	128.13499972112476	18.3	105.082	31.091024	131.25	-3.2500007	39.36	5 h 34 min
11550	126.20499965287745	19.3	105.601	40.7379	131.0	-18.550001	34.06	5 h 36 min
11600	94.64999907910824	48.8	112.708	24.152046	130.7	48.2	32.08	5 h 37 min
11650	124.60499959178269	20.0	111.137	25.218409	129.5	29.949999	33.76	5 h 38 min
11700	126.94999967329204	18.8	103.32501	33.729862	130.45	-29.25	39.86	5 h 40 min
11750	115.13999943025411	32.4	107.28799	35.617832	128.7	-49.5	33.88	5 h 41 min
11800	128.97499974258244	17.5	108.51399	35.148376	130.55	-49.05	34.62	5 h 42 min
11850	127.07999973706902	18.3	108.88299	29.932163	129.2	25.849998	35.28	5 h 43 min
11900	125.20999959930778	19.4	99.325	39.373627	130.75	-30.35	41.6	5 h 45 min
11950	129.15499975197017	17.5	104.546	31.539272	129.7	-6.850001	40.84	5 h 46 min
12000	126.8749996945262	19.7	108.010994	35.85127	128.9	-13.800001	33.82	5 h 47 min
12050	125.61499963440001	19.9	113.803	26.678043	130.2	-14.350001	31.5	5 h 49 min
12100	123.90499960109591	21.9	111.602005	33.12987	131.3	-16.650002	30.96	5 h 50 min
12150	126.28999965935945	19.4	106.72099	38.257	130.55	-29.150002	34.88	5 h 51 min
12200	127.72999971956014	19.0	106.19301	39.489044	131.5	-19.050001	34.6	5 h 52 min
12250	126.98499972485006	20.7	117.973	19.297136	129.75	52.999996	28.98	5 h 53 min
12300	125.98999962881207	19.0	113.46499	27.961477	130.85	-12.400001	31.88	5 h 55 min
12350	126.46999966129661	17.8	103.86	35.960987	130.1	-38.5	38.96	5 h 56 min
12400	127.1499997060746	19.6	103.75	35.949585	130.85	-31.85	39.38	5 h 57 min
12450	127.62999970763921	18.5	99.800995	37.42307	129.35	-12.250001	42.4	5 h 59 min
12500	126.71999968253076	19.4	118.190994	19.910059	130.75	42.25	28.04	6 h 0 min
12550	125.08499961793423	20.3	109.6	28.032051	129.45	-9.500001	36.0	6 h 1 min
12600	116.5199996676296	25.6	103.885994	40.92	129.75	-51.55	37.32	6 h 2 min
12650	129.2449997510761	17.3	111.522	36.41542	130.65	-60.25	30.48	6 h 4 min
12700	123.94999957121908	20.6	111.445984	24.95605	130.5	26.999998	35.28	6 h 5 min
12750	126.70499967671931	19.2	111.475	27.96445	128.7	8.299999	33.26	6 h 6 min
12800	127.23999969959259	19.2	106.688995	31.592993	130.75	-4.9500003	38.5	6 h 7 min
12850	127.88999972231686	18.8	108.954	25.95986	129.85	44.25	37.7	6 h 9 min
12900	124.15499956943094	20.3	98.677	38.44345	129.95	-46.9	43.08	6 h 10 min
12950	125.53499961458147	18.9	107.52901	26.008598	128.5	22.4	38.38	6 h 11 min
13000	125.4149996496737	20.5	106.16501	36.078648	129.1	-34.95	36.36	6 h 13 min
13050	110.84999942742289	38.6	100.41	37.606003	129.55	-40.9	42.98	6 h 14 min
13100	114.34999950267374	30.8	108.419014	30.583403	129.95	-12.950001	36.94	6 h 15 min
13150	123.26999952606857	20.4	102.587006	33.465626	129.35	-11.200001	41.78	6 h 17 min
13200	106.62999924831092	37.6	103.037994	36.9525	130.05	-15.450001	37.98	6 h 18 min
13250	123.89499956257642	20.4	105.21	34.82514	130.05	-26.75	38.78	6 h 19 min
13300	127.20499967820942	18.5	104.153	37.570854	129.7	-40.95	38.48	6 h 21 min
13350	125.06999960877002	20.0	116.70699	22.081972	130.35	44.899998	29.3	6 h 22 min
13400	127.59999968968332	18.0	101.968994	34.229813	129.6	-1.4500009	42.2	6 h 23 min
13450	124.00499959290028	21.2	113.112	27.154428	131.0	-18.85	31.98	6 h 24 min
13500	119.94999953918159	27.5	107.81301	29.35095	130.25	9.049998	37.3	6 h 26 min
13550	129.12999975346028	17.6	111.703995	27.980236	129.7	-2.9500008	33.1	6 h 27 min
13600	125.48499961644411	19.5	107.477005	40.40421	130.0	-46.5	32.08	6 h 28 min
13650	99.6099994726479	37.3	111.554	33.454464	130.15	-52.45	32.24	6 h 29 min
13700	126.96999966315926	18.4	113.673004	24.554632	129.9	20.25	32.36	6 h 31 min
13750	128.46499971598388	17.5	111.028	26.4672	129.15	15.699999	34.34	6 h 32 min
13800	124.89999958314002	19.4	106.805	33.59538	128.25	-27.050001	36.82	6 h 33 min
13850	126.53999967426061	19.6	119.12499	17.94799	130.35	58.25	27.88	6 h 34 min
13900	114.07999950647354	31.1	108.16898	34.72598	128.7	-50.45	34.4	6 h 36 min
13950	116.53499950096011	32.3	101.309006	41.274693	131.85	-53.75	38.28	6 h 37 min
14000	127.11999967098237	18.4	114.488	24.024569	129.95	13.349999	31.7	6 h 38 min
14050	129.02499973401427	17.1	111.568	25.068827	130.05	30.9	34.12	6 h 39 min
14100	129.47499974630773	16.7	114.28999	25.870848	131.35	-8.950001	31.48	6 h 41 min
14150	127.69999970123172	18.4	112.559006	27.083036	130.05	-1.6000004	33.38	6 h 42 min
14200	118.6999993827194	23.8	112.811	29.22599	130.05	0.99999917	31.14	6 h 43 min
14250	130.07999977506697	16.6	113.59901	24.648838	129.3	29.9	32.02	6 h 44 min
14300	123.21999961398542	23.7	110.863	29.106773	130.35	10.15	34.4	6 h 46 min
14350	128.48999972566963	17.8	116.08399	21.238445	130.6	27.65	31.1	6 h 47 min
14400	128.23499972075223	18.1	108.923004	36.169617	130.25	-60.25	34.3	6 h 48 min
14450	129.70499974153935	16.1	116.243996	22.076569	130.5	37.399998	29.38	6 h 49 min
14500	120.22499953135848	25.0	110.66801	26.38721	129.9	39.399998	35.26	6 h 50 min
14550	127.04999966174364	18.2	119.716995	17.419321	132.25	49.3	26.32	6 h 52 min
14600	127.91499970592558	17.6	108.929016	39.63829	130.55	-23.45	30.48	6 h 53 min
14650	127.93499971479177	18.1	101.381	39.620728	131.7	-14.750001	39.2	6 h 54 min
14700	126.14499972127378	18.0	115.336	30.840132	130.7	-41.100002	28.46	6 h 55 min
14750	127.41999965310097	17.2	110.388	31.947563	128.95	-8.000001	33.6	6 h 57 min
14800	127.39499968253077	18.3	103.743	39.679676	131.45	-53.850002	38.64	6 h 58 min
14850	125.90499964877964	19.7	118.03001	21.25001	130.75	41.0	28.18	6 h 59 min
14900	128.24499971233308	17.6	108.451996	31.14735	129.75	13.999999	36.18	7 h 0 min
14950	125.28499962277711	20.1	104.16901	39.408424	131.7	-11.500001	36.48	7 h 2 min
15000	126.8199996329844	17.6	112.267	26.432787	130.5	40.85	33.3	7 h 3 min
15050	125.3349995918572	18.9	108.58401	29.028988	129.85	-2.3000004	35.88	7 h 4 min
15100	127.92499973028899	17.2	110.55001	27.259674	130.35	10.449999	34.38	7 h 5 min
15150	126.6999996714294	19.2	110.6	29.003658	129.95	15.249999	33.98	7 h 7 min
15200	127.5049996882677	18.3	107.73299	31.333946	131.1	27.3	37.1	7 h 8 min
15250	126.65499967187642	19.3	104.058	39.61993	129.4	-19.900002	36.36	7 h 9 min
15300	127.64499968439341	17.9	101.510994	36.80134	129.75	-20.7	42.96	7 h 10 min
15350	120.27499955147505	27.9	102.836006	31.769032	130.6	32.1	40.98	7 h 12 min
15400	117.28999957591296	30.4	103.47099	33.96714	129.4	14.049999	39.2	7 h 13 min
15450	112.1449995085597	37.1	100.138985	38.698498	129.95	-30.2	40.9	7 h 15 min
15500	127.33999967873096	17.8	96.357	43.643192	129.6	-44.05	41.66	7 h 16 min
15550	124.75499960631132	20.5	106.36999	33.27413	129.55	-30.900002	37.66	7 h 17 min
15600	128.95499972477555	16.9	106.631	32.07125	130.45	10.15	36.94	7 h 18 min
15650	126.29999962262809	18.2	103.272	38.995556	130.65	-18.050001	37.8	7 h 20 min
15700	112.80999947674573	38.3	117.128	24.14527	129.95	10.349999	26.72	7 h 21 min
15750	96.82499934509397	47.4	113.457985	24.643908	130.75	21.249998	32.68	7 h 22 min
15800	116.81999937705696	27.5	100.47099	40.206142	129.65	-20.250002	39.9	7 h 24 min
15850	125.55499964281917	18.8	107.319	29.79942	130.85	16.349998	36.92	7 h 25 min
15900	128.3049997355789	18.5	110.784	27.399462	129.85	19.599998	34.22	7 h 26 min
15950	125.98499963246286	18.7	111.033	35.09103	131.0	-50.5	32.08	7 h 27 min
16000	104.45999936908484	43.7	106.304	36.915024	130.25	-45.2	35.5	7 h 29 min
16050	127.98999970518052	18.0	110.573006	38.947224	129.65	-42.75	30.5	7 h 30 min
16100	126.42499964870512	18.9	112.673996	28.146091	130.7	-16.000002	32.48	7 h 31 min
16150	127.52999966442584	17.4	110.062996	29.312527	129.45	2.2499993	34.76	7 h 32 min
16200	125.84999961853028	18.8	110.321	31.052372	130.85	10.499999	32.96	7 h 34 min
16250	127.82999967895448	17.1	105.186	36.039814	132.05	-31.150002	37.08	7 h 35 min
16300	126.7549996882677	19.7	104.777	34.829254	128.7	-20.900002	39.18	7 h 36 min
16350	127.1499996792525	18.6	111.62399	31.471897	130.65	-17.750002	31.04	7 h 37 min
16400	116.49999944977462	31.0	110.649	30.379633	130.8	-1.0500011	32.8	7 h 39 min
16450	125.77499960400164	18.0	115.20001	23.969471	129.2	22.25	29.56	7 h 40 min
16500	125.91499963328242	19.3	113.79099	25.27464	131.5	27.849998	31.08	7 h 41 min
16550	128.5099997099489	17.2	110.182	33.79511	130.35	-36.350002	33.06	7 h 42 min
16600	128.2149996917695	17.1	110.521	30.06007	130.4	-38.75	33.84	7 h 43 min
16650	127.65999967455863	17.3	115.932	20.450287	130.65	64.1	30.98	7 h 45 min
16700	96.71999961994588	36.3	109.519	29.340584	129.55	5.949999	35.42	7 h 46 min
16750	115.12999947331846	30.3	106.67	41.032764	130.8	-39.2	33.34	7 h 47 min
16800	128.73999973312021	17.6	109.035	35.495502	129.25	-36.65	33.1	7 h 48 min
16850	126.01499964408576	19.5	117.677	19.231562	130.25	58.449997	30.1	7 h 50 min
16900	127.67499968595803	17.9	115.071	28.304136	130.9	-12.300001	28.88	7 h 51 min
16950	128.29499971270562	17.7	111.539	28.956873	130.25	19.199999	33.4	7 h 52 min
17000	128.23999971263112	17.8	110.613	34.713554	131.2	-24.6	32.32	7 h 53 min
17050	127.29999973848462	17.8	113.74301	25.897598	130.15	35.6	32.28	7 h 54 min
17100	127.88999971672892	18.6	109.138	33.191895	131.4	-21.5	34.34	7 h 56 min
17150	127.44499968513847	18.3	107.092995	36.182915	131.7	-15.150001	35.18	7 h 57 min
17200	123.85999959819019	21.9	119.47399	22.419395	130.5	9.899999	25.74	7 h 58 min
17250	127.75999968759716	17.8	104.84899	35.84822	131.1	-10.500001	37.88	7 h 59 min
17300	125.88499968983233	21.3	118.324005	18.817293	129.9	52.149998	28.08	8 h 0 min
17350	125.96499961912632	18.7	103.468994	43.75464	130.3	-37.75	34.38	8 h 2 min
17400	122.51499948948621	20.5	109.88699	32.319893	130.6	-1.8500006	32.42	8 h 3 min
17450	125.55999959073961	18.6	98.777	41.06767	128.7	-36.350002	40.46	8 h 4 min
17500	125.66999962888659	19.6	119.366005	16.487288	130.6	60.5	27.54	8 h 5 min
17550	127.92499968223274	17.3	105.21199	32.816566	131.55	-19.650002	40.8	8 h 7 min
17600	127.96999969296158	17.6	113.268005	30.396404	129.65	-35.9	29.3	8 h 8 min
17650	127.08499965518713	17.9	113.381	25.843357	130.8	23.15	31.64	8 h 9 min
17700	125.87999966107309	20.5	116.58201	21.75943	130.4	50.45	29.94	8 h 10 min
17750	127.17499968223274	18.7	112.040985	35.561966	131.0	-45.100002	30.72	8 h 11 min
17800	128.54999973997474	18.2	116.838	30.463348	131.0	-27.35	25.66	8 h 12 min
17850	127.93999969139695	17.6	115.199005	28.95759	130.65	-12.950001	29.12	8 h 14 min
17900	128.91999974250794	17.6	96.72299	48.4726	130.5	-60.350002	38.94	8 h 15 min
17950	129.0449997406453	17.3	113.147995	28.290724	131.15	10.15	32.08	8 h 16 min
18000	126.75499964915215	18.3	116.88501	21.61035	131.55	47.55	28.88	8 h 17 min
18050	128.9849997654557	18.3	118.005	20.839108	131.3	30.3	28.28	8 h 18 min
18100	128.314999704808	17.3	110.838	29.86506	130.6	2.7499993	34.4	8 h 20 min
18150	124.2849996265024	22.1	114.094	23.96727	131.25	26.05	32.54	8 h 21 min
18200	129.60499975308775	16.7	109.01699	30.727514	129.35	-14.200001	35.36	8 h 22 min
18250	129.14499974027277	17.1	109.743	31.76042	130.4	24.849998	32.52	8 h 23 min
18300	127.71499968804419	17.9	114.727005	26.741661	130.1	9.649999	30.3	8 h 25 min
18350	128.32499968633056	16.7	115.93199	26.6702	130.2	9.7	28.58	8 h 26 min
18400	128.3799997087568	17.4	107.25599	40.663956	129.9	-39.0	32.72	8 h 27 min
18450	129.61999974548817	16.4	111.184006	31.553957	130.8	16.05	31.74	8 h 28 min
18500	127.5049996882677	18.3	111.272	34.99626	130.2	-45.850002	31.18	8 h 29 min
18550	126.67499967291951	19.3	120.269005	20.260662	131.55	19.55	26.24	8 h 31 min
18600	127.53999969288706	18.4	112.32101	29.848305	130.8	0.8499987	31.3	8 h 32 min
18650	128.51999971605838	17.4	111.90101	36.574574	130.9	-34.25	29.36	8 h 33 min
18700	125.75499963499605	19.4	116.211006	23.523756	130.2	22.55	29.08	8 h 34 min
18750	126.89999964274466	17.8	104.426994	40.249466	130.5	-11.000001	35.82	8 h 35 min
18800	126.91499965190887	18.1	102.306	42.39726	130.8	-18.85	38.02	8 h 37 min
18850	126.3149996317923	18.5	112.818	32.290447	130.6	-29.95	30.08	8 h 38 min
18900	126.27499967105686	18.8	116.537994	28.488018	130.6	-8.3	27.24	8 h 39 min
18950	112.49999943338335	33.3	116.522	22.782639	130.65	38.399998	29.72	8 h 40 min
19000	126.30999965816736	19.3	105.13901	39.720394	131.5	-38.75	36.3	8 h 41 min
19050	126.21499963775277	18.9	114.805	26.807297	130.8	11.849999	30.12	8 h 43 min
19100	129.54499975554646	16.9	104.870995	40.242462	131.45	-16.7	35.72	8 h 44 min
19150	129.33999973647298	16.6	113.208	31.707584	131.0	-1.9000005	29.56	8 h 45 min
19200	127.52999968118965	18.0	115.97099	27.69554	131.55	-14.0	27.64	8 h 46 min
19250	126.02999963089823	19.0	106.52	28.312521	130.65	39.75	38.8	8 h 47 min
19300	127.99499967470766	16.9	104.793	35.71374	130.9	-16.1	36.74	8 h 49 min
19350	123.19999953359365	20.8	105.49199	37.739464	129.4	-6.7000012	34.74	8 h 50 min
19400	118.12999955751002	31.2	116.6	22.60689	129.75	28.349998	28.54	8 h 51 min
19450	128.90499972216784	16.9	115.412994	29.354418	130.0	-42.600002	28.86	8 h 52 min
19500	125.94999960437417	18.2	108.91201	33.77042	130.35	-7.800001	33.94	8 h 54 min
19550	126.57999963723123	18.2	118.01699	16.810452	131.05	70.0	29.54	8 h 55 min
19600	127.80999967902899	17.4	109.019005	37.846684	130.4	-35.25	32.36	8 h 56 min
19650	129.05499972440302	16.7	110.18	32.397938	130.7	-6.550001	32.4	8 h 57 min
19700	124.59499955885113	19.1	112.81699	31.442589	131.25	-38.45	30.54	8 h 58 min
19750	127.47999970093369	18.8	107.672005	39.98484	130.25	-25.45	32.38	9 h 0 min
19800	129.12499976158142	17.9	113.82801	24.76644	131.95	40.15	31.84	9 h 1 min
19850	128.35999971330165	17.6	107.9	36.243233	130.55	-14.100001	33.94	9 h 2 min
19900	127.38499968759716	18.5	114.10899	31.861677	130.15	-23.9	29.82	9 h 3 min
19950	128.58999973088504	17.8	110.23501	32.383232	130.15	-8.100001	34.32	9 h 5 min
20000	86.49499941766263	36.2	111.13499	33.32051	131.75	-16.300001	31.12	9 h 6 min
20050	127.42999967597424	18.0	112.682014	32.763004	129.75	-22.650002	30.5	9 h 7 min
20100	125.33499961867929	19.6	110.75801	34.130363	130.8	-41.600002	32.5	9 h 8 min
20150	125.91499963328242	19.3	111.302	40.19129	130.7	-44.600002	29.32	9 h 9 min
20200	128.06999969258905	17.4	111.312996	30.789738	130.7	-0.30000103	31.94	9 h 11 min
20250	126.1799996163696	18.2	110.048	33.161427	129.95	-2.050001	32.86	9 h 12 min
20300	125.5449996251613	19.7	105.68399	38.823624	129.95	-23.75	35.1	9 h 13 min
20350	128.1449996881187	17.1	111.06001	32.03417	130.7	-7.050001	33.0	9 h 14 min
20400	100.46999948620797	36.2	110.301994	34.123966	131.2	-11.1	31.96	9 h 15 min
20450	127.70499969869851	18.3	109.25501	32.882565	130.65	8.499999	33.4	9 h 17 min
20500	126.98999964185059	17.6	114.672005	26.477863	130.55	29.8	30.52	9 h 18 min
20550	93.15999956168234	36.0	107.567	37.9587	131.2	-16.95	33.26	9 h 19 min
20600	126.0049996100366	18.3	116.41699	23.014791	130.9	36.2	29.02	9 h 20 min
20650	129.13499972745777	16.7	116.57801	23.311705	132.4	49.45	29.3	9 h 21 min
20700	129.19999971687793	16.2	120.87601	18.146984	131.0	41.5	25.52	9 h 23 min
20750	116.75499950237572	31.7	113.015	28.958082	131.0	7.4499993	31.74	9 h 24 min
20800	129.64499975517393	16.7	109.829	39.785187	132.25	-56.5	31.18	9 h 25 min
20850	129.18499975353478	17.5	115.961	27.600069	131.3	18.199999	28.8	9 h 26 min
20900	128.4699997022748	17.0	116.557	28.812181	130.9	-42.75	27.82	9 h 27 min
20950	129.2399997368455	16.8	112.652	31.750813	131.3	7.149999	30.54	9 h 29 min
21000	129.08999974019827	17.2	106.229	37.605522	131.0	-17.150002	36.26	9 h 30 min
21050	128.01499968692661	17.3	114.197	25.63249	129.35	36.5	31.4	9 h 31 min
21100	124.54999963231384	22.3	114.027	30.637304	131.85	-5.700001	30.02	9 h 32 min
21150	126.8549996599555	18.5	110.929	30.350895	130.7	3.949999	33.38	9 h 33 min
21200	129.73499974310397	16.1	112.24899	35.553905	132.75	-30.150002	29.22	9 h 35 min
21250	126.23499964997173	19.3	114.37601	29.946917	129.8	-10.900001	29.92	9 h 36 min
21300	127.58999967314303	17.6	117.457	19.704401	129.6	60.449997	29.34	9 h 37 min
21350	126.72499965317547	18.5	112.249	29.909555	130.15	-7.1500006	32.24	9 h 38 min
21400	103.92999945133924	36.8	110.851006	32.93723	130.5	7.099999	31.88	9 h 39 min
21450	128.0699997216463	17.9	110.576004	36.24756	132.05	-40.05	31.66	9 h 41 min
21500	126.48499962799251	17.9	111.90799	33.32208	129.75	-34.100002	31.64	9 h 42 min
21550	128.42999971695244	17.6	112.33101	29.293694	130.5	-4.9000006	31.84	9 h 43 min
21600	126.83499966450036	18.7	107.341	35.89589	130.55	-23.150002	35.02	9 h 44 min
21650	124.59999960102141	20.6	108.167	37.115524	131.1	-4.8	33.58	9 h 46 min
21700	128.45999971292912	17.4	113.185	33.948807	130.65	-21.75	29.24	9 h 47 min
21750	127.259999672696	18.2	107.981	37.521114	129.45	-14.700001	33.26	9 h 48 min
21800	126.85499964319169	17.9	106.017	41.052853	130.25	-39.7	34.26	9 h 49 min
21850	129.41999974623323	16.8	107.382	33.348545	130.75	-4.4000015	36.36	9 h 50 min
21900	125.42499959655106	18.9	114.711	27.181595	131.1	-19.75	31.0	9 h 52 min
21950	129.59999975562096	16.8	110.451	39.284897	131.0	-37.600002	29.94	9 h 53 min
22000	126.70499963536858	17.9	116.415985	25.680414	130.6	4.1499996	28.66	9 h 54 min
22050	128.0849996961653	17.5	117.97401	20.172066	130.9	36.35	27.98	9 h 55 min
22100	128.084999724105	18.5	107.396	31.806044	130.55	4.299999	36.92	9 h 56 min
22150	126.38999963290989	18.4	118.16601	23.078566	130.8	-15.400001	26.84	9 h 58 min
22200	127.06999966278673	18.2	116.894	23.64095	131.95	38.399998	27.86	9 h 59 min
22250	126.65499963834881	18.1	108.918	39.316544	132.25	-52.100002	31.8	10 h 0 min
22300	128.5549997150898	17.3	116.84899	25.16282	130.3	-19.85	28.64	10 h 1 min
22350	127.30499966107308	17.7	108.572	31.57107	131.45	1.3999995	36.32	10 h 2 min
22400	129.48499974682926	16.7	117.52699	23.220133	130.85	17.449999	27.7	10 h 3 min
22450	126.25999964848161	19.2	110.16	30.228851	130.55	7.249999	34.22	10 h 5 min
22500	127.20499965585768	17.7	108.652	34.133915	131.85	-18.050001	34.4	10 h 6 min
22550	122.50999955348671	22.8	106.118	38.551624	129.85	-44.15	36.42	10 h 7 min
22600	129.12999975346028	17.6	113.915	27.979996	131.1	27.449999	30.16	10 h 8 min
22650	129.06999974474311	17.4	104.010994	41.538975	131.1	-29.650002	37.04	10 h 10 min
22700	129.08499972596763	16.7	110.02601	40.29533	129.95	-35.600002	30.16	10 h 11 min
22750	128.8649997368455	17.5	119.515	18.46111	131.1	53.55	27.5	10 h 12 min
22800	125.529999621585	19.6	114.921	25.72187	130.55	36.75	30.7	10 h 13 min
22850	127.6699996996671	18.4	111.007996	33.770287	130.2	-47.15	32.9	10 h 14 min
22900	127.67499966919422	17.3	108.518	34.455963	131.85	-37.5	36.06	10 h 16 min
22950	127.37999968454241	18.4	115.65	27.533123	130.5	17.099998	28.76	10 h 17 min
23000	130.03499975316225	15.9	107.93499	36.371426	130.6	-21.2	33.2	10 h 18 min
23050	129.08999973461033	17.0	109.97499	32.83095	131.15	10.499999	31.84	10 h 19 min
23100	110.55999940000474	36.4	110.20501	29.76779	130.4	23.65	33.08	10 h 20 min
23150	125.80499963089824	19.1	109.469	34.80544	130.05	-4.9000015	32.16	10 h 22 min
23200	128.9299997486174	17.8	112.25101	29.592598	130.5	-11.750001	31.5	10 h 23 min
23250	127.13999967202544	18.4	111.1	35.82203	131.5	-27.9	31.42	10 h 24 min
23300	127.57999968379735	18.0	110.70099	38.53912	129.65	-49.0	30.96	10 h 25 min
23350	129.5849997576326	16.9	116.82501	25.387062	130.8	-9.950001	29.74	10 h 26 min
23400	127.84999968670309	17.6	115.561	28.937925	131.3	-11.500001	29.52	10 h 28 min
23450	128.42999973371624	18.2	115.232	27.856281	131.4	-2.15	30.06	10 h 29 min
23500	128.424999750033	17.4	117.773994	21.52868	131.2	34.1	28.32	10 h 30 min
23550	127.31999969258905	18.8	106.34	39.53357	130.2	-59.100002	35.4	10 h 31 min
23600	127.34499966315926	17.7	107.911995	37.37882	130.7	-37.7	33.62	10 h 32 min
23650	118.65499940700829	21.8	110.48899	30.07642	131.0	-14.85	34.08	10 h 34 min
23700	127.60999969094992	18.2	109.33101	36.389095	130.8	-13.150001	30.44	10 h 35 min
23750	127.38499967642129	18.1	120.182014	17.899742	129.95	43.95	25.42	10 h 36 min
23800	96.03999941237271	36.6	109.604004	34.971336	131.4	-52.350002	33.72	10 h 37 min
23850	128.49499970637262	17.1	112.412994	31.745882	131.0	-28.6	30.4	10 h 38 min
23900	125.38999961428344	19.6	109.988	37.580166	130.9	-25.100002	30.68	10 h 40 min
23950	126.21499963775277	18.9	111.239006	26.987461	129.55	11.9	33.9	10 h 41 min
24000	128.5599997125566	17.2	106.72199	41.25918	131.2	-52.100002	33.08	10 h 42 min
24050	106.14999948255718	36.2	105.807	34.851894	130.3	-10.000001	35.98	10 h 43 min
24100	128.70499971732497	17.1	114.43	27.700523	130.7	7.899999	30.92	10 h 45 min
24150	127.49999968521297	18.2	118.134	22.85706	130.75	5.4499993	27.5	10 h 46 min
24200	128.03499971479178	18.1	104.98901	41.675423	130.85	-43.4	35.1	10 h 47 min
24250	126.84499967060984	18.9	104.15199	44.06089	130.35	-18.75	33.34	10 h 48 min
24300	129.3449997395277	16.7	101.257996	43.73367	132.65	-39.7	37.0	10 h 50 min
24350	126.5499996189028	17.6	120.222	19.109346	131.1	22.599998	24.84	10 h 51 min
24400	125.5149996124208	19.3	106.701	36.026485	130.75	1.9999989	34.26	10 h 52 min
24450	127.97499971836805	18.5	112.312996	31.98178	130.8	-17.1	30.6	10 h 53 min
24500	128.85499973632395	17.5	108.21599	33.287083	129.55	6.0999994	34.58	10 h 54 min
24550	127.35499968603253	18.5	114.957	28.464897	131.25	-15.250001	28.92	10 h 55 min
24600	128.28999972082676	18.0	118.19499	23.254667	131.45	15.849999	26.18	10 h 57 min
24650	119.29999961480499	30.6	110.72099	31.25591	130.9	-23.95	32.76	10 h 58 min
24700	128.56999974101782	18.2	106.27601	41.95772	131.0	-17.550001	33.4	10 h 59 min
24750	96.24499931633473	36.9	109.296	34.220573	130.5	-5.55	33.18	11 h 0 min
24800	126.43999966457486	19.1	117.726	26.181252	130.15	-12.650001	26.5	11 h 2 min
24850	128.35999971330165	17.6	101.605995	40.800682	129.75	-16.550001	39.52	11 h 3 min
24900	127.45999969989062	18.8	106.025	36.06343	132.15	-5.55	36.2	11 h 4 min
24950	127.89999968931079	17.6	113.811	34.40517	130.4	-29.45	28.54	11 h 5 min
25000	126.42999962382018	18.0	109.51799	43.620453	131.05	-50.45	28.2	11 h 6 min
25050	128.25999971367418	17.8	116.423	25.212446	130.4	17.449999	27.3	11 h 7 min
25100	127.97499970719218	18.1	112.67499	26.337992	131.3	29.55	31.92	11 h 9 min
25150	127.23999967165291	18.2	116.147995	29.60781	130.4	-25.6	27.58	11 h 10 min
25200	128.55499973744153	18.1	114.747	32.296925	130.8	-29.050001	28.9	11 h 11 min
25250	127.02999965511262	18.0	113.045	27.963535	130.6	-3.6500006	33.08	11 h 12 min
25300	104.22999954335391	36.9	122.18001	14.897034	131.15	65.9	24.76	11 h 13 min
25350	125.43999963365495	20.2	112.098	32.243317	131.75	-0.5000004	30.5	11 h 15 min
25400	127.33999970369041	18.8	108.539	33.21157	130.3	-25.000002	34.26	11 h 16 min
25450	128.24499968774617	16.9	109.09201	37.00283	130.6	-7.3500013	32.1	11 h 17 min
25500	124.40499956570565	19.7	113.178	26.709217	129.95	10.049999	32.62	11 h 18 min
25550	125.53999959416687	18.6	110.31899	33.476772	131.25	-3.750001	31.78	11 h 19 min
25600	128.08499971851705	18.3	110.379005	36.240795	130.65	-10.1	30.72	11 h 21 min
25650	125.57999962419271	19.6	105.31501	39.12799	130.15	-39.05	35.6	11 h 22 min
25700	127.95499970056116	17.9	111.107	34.659405	131.05	-28.2	31.7	11 h 23 min
25750	128.29999971576035	17.8	114.36	24.793423	129.75	28.35	31.2	11 h 24 min
25800	111.01499930731953	32.3	113.85501	29.048304	130.35	-8.050001	30.16	11 h 26 min
25850	127.55499970205128	18.7	99.72401	49.02686	130.6	-55.4	34.9	11 h 27 min
25900	128.47999971844257	17.3	108.83401	27.320877	130.25	28.55	36.56	11 h 28 min
25950	122.40499953962862	22.5	106.183	38.99482	129.65	-61.350002	34.02	11 h 29 min
26000	127.25999968647957	18.6	109.293	33.433323	130.25	-7.8	33.8	11 h 31 min
26050	100.45499932691455	39.8	107.715996	39.136	129.75	-19.150002	32.06	11 h 32 min
26100	125.4149996239692	19.9	110.19199	29.51101	129.75	14.15	35.68	11 h 33 min
26150	126.51999963968993	18.4	107.942	40.44662	131.95	-50.95	32.44	11 h 34 min
26200	126.55499965548515	18.9	110.65199	37.122715	130.4	-24.1	30.02	11 h 36 min
26250	125.71999965943397	20.6	113.307014	27.480938	130.4	17.9	32.2	11 h 37 min
26300	94.3849993404001	37.1	110.785	33.653507	131.2	-40.15	32.54	11 h 38 min
26350	127.7349996779114	17.5	112.372	28.220705	130.8	-25.6	32.94	11 h 39 min
26400	125.56499960385263	18.9	115.368996	24.940903	130.8	39.05	30.58	11 h 40 min
26450	102.95999948568642	37.9	111.745	32.036045	131.35	3.0499992	31.96	11 h 42 min
26500	127.50999967455864	17.8	106.117004	38.175293	131.4	-32.55	35.0	11 h 43 min
26550	127.65999967120588	17.4	103.69101	45.22625	130.5	-44.5	34.4	11 h 44 min
26600	128.81999972611666	17.2	103.409004	33.02655	129.45	14.599998	40.62	11 h 45 min
26650	127.09999967999757	18.3	107.095	38.570557	130.55	-32.95	33.62	11 h 47 min
26700	129.1449997290969	16.7	106.923996	42.157276	131.35	-39.4	31.6	11 h 48 min
26750	128.83499974645673	17.9	118.09099	20.968195	131.35	13.799999	27.8	11 h 49 min
26800	99.83999947756529	36.7	109.13	37.182827	131.0	-6.4000015	31.34	11 h 50 min
26850	126.69499964378774	18.1	113.465	26.586145	131.3	-1.7500005	32.14	11 h 52 min
26900	127.2649996869266	18.7	117.03398	22.802711	130.4	-6.450001	28.96	11 h 53 min
26950	124.83999962471425	21.0	109.938995	35.676285	129.35	-35.4	33.36	11 h 54 min
27000	125.61999964304269	20.2	112.315	30.698027	129.7	-11.200001	31.32	11 h 55 min
27050	126.34999962970615	18.2	116.42801	23.876627	129.9	0.19999906	29.34	11 h 56 min
27100	126.33499968536198	19.7	115.01	28.120848	130.15	-14.350001	29.14	11 h 57 min
27150	127.89499969743193	17.9	110.469	36.47558	130.5	-39.8	31.3	11 h 59 min
27200	127.80999970696867	18.4	112.66402	31.870693	131.2	-14.400002	30.2	12 h 0 min
27250	127.65999967679382	17.6	120.16001	18.249931	130.45	50.2	26.16	12 h 1 min
27300	128.35999973006545	18.2	113.374	31.020315	129.6	-37.5	31.3	12 h 2 min
27350	127.07999966330826	18.2	111.24499	30.528036	129.9	-18.600002	33.28	12 h 3 min
27400	126.27499963529408	18.7	113.579	27.853184	130.0	24.949999	31.16	12 h 5 min
27450	127.8899996932596	17.5	113.823	26.969296	131.4	11.399999	31.34	12 h 6 min
27500	127.4049996830523	18.3	113.774	33.75149	130.7	-43.95	29.12	12 h 7 min
27550	126.81499965786934	18.5	108.41	34.031555	131.15	-38.9	36.4	12 h 8 min
27600	128.13999968506397	17.0	115.79099	28.790703	131.55	0.44999912	27.52	12 h 9 min
27650	129.06499973610045	17.1	104.16301	36.435665	129.95	-21.550001	38.08	12 h 11 min
27700	128.6099997151643	17.2	109.660995	35.923473	131.15	-25.2	32.64	12 h 12 min
27750	126.18999966830015	19.7	111.45601	33.86642	131.5	-41.75	32.4	12 h 13 min
27800	128.1949996907264	17.1	108.628	30.054644	130.35	22.25	36.64	12 h 14 min
27850	126.0199996303767	19.0	108.215	39.05988	131.0	-52.05	33.02	12 h 16 min
27900	127.61499970518052	18.5	113.561005	32.663998	131.4	-44.45	30.06	12 h 17 min
27950	127.72999970279633	18.4	113.056	25.526323	129.5	35.0	32.48	12 h 18 min
28000	126.3849996522069	19.1	109.324005	32.07194	130.15	9.15	34.28	12 h 19 min
28050	127.11999966539443	18.2	112.60701	31.20381	130.8	5.1499996	30.52	12 h 20 min
28100	127.539999698475	18.6	117.078995	20.8455	130.9	35.649998	30.62	12 h 22 min
28150	128.88999973684548	17.5	116.24199	30.245295	130.35	-48.05	27.58	12 h 23 min
28200	129.67499974556267	16.3	108.36099	37.7703	130.8	-40.600002	33.12	12 h 24 min
28250	129.93999976217748	16.4	109.908005	30.604183	131.75	-32.350002	35.46	12 h 25 min
28300	128.92999973744153	17.4	117.928	21.888885	131.0	32.0	28.0	12 h 26 min
28350	124.23499955125153	19.5	108.445984	42.26867	130.8	-41.7	30.76	12 h 28 min
28400	110.77499943487346	36.7	117.177	20.570522	131.55	42.899998	29.66	12 h 29 min
28450	128.4349997088313	17.3	113.679	30.334606	129.85	-6.050001	28.7	12 h 30 min
28500	128.44999970681965	17.2	115.06	26.38711	129.9	-5.100001	30.12	12 h 31 min
28550	128.15499970540404	17.7	105.29399	33.311832	129.75	15.299999	37.38	12 h 32 min
28600	125.8349996123463	18.7	115.183	23.960028	131.2	7.7	29.42	12 h 34 min
28650	99.37499948628246	36.4	110.046005	36.777027	129.4	-29.400002	30.98	12 h 35 min
28700	125.60999961346388	18.9	116.619	21.727163	130.7	27.199999	28.92	12 h 36 min
28750	125.99499963186682	19.1	110.893	32.71282	132.15	-22.150002	32.66	12 h 37 min
28800	128.07999970428645	17.8	115.057	28.509172	131.75	3.0999997	28.94	12 h 38 min
28850	127.50499968267977	18.1	110.800995	31.766096	131.0	-23.45	33.28	12 h 40 min
28900	129.72999974563717	16.2	109.649994	33.512215	129.0	-1.4000005	33.5	12 h 41 min
28950	125.74999963864684	19.8	114.772	24.913841	131.05	33.1	31.24	12 h 42 min
29000	128.17999970950186	17.8	113.269005	32.69125	130.3	-34.050003	30.52	12 h 43 min
29050	128.174999717623	18.1	110.93601	27.26312	130.7	34.05	34.92	12 h 44 min
29100	126.8899996701628	18.8	112.796	33.403633	130.6	-35.15	29.92	12 h 46 min
29150	128.89499972723425	17.1	116.40101	29.06046	131.3	0.7499994	27.38	12 h 47 min
29200	127.84999969787896	18.0	112.656	31.314688	131.35	7.649999	30.28	12 h 48 min
29250	128.98499975986778	18.1	117.79501	24.810946	131.4	19.599998	27.42	12 h 49 min
29300	129.00499973855912	17.3	117.994	24.185545	131.15	-2.200001	27.18	12 h 50 min
29350	129.10999974682926	17.4	111.063995	28.820728	129.45	13.099999	34.44	12 h 51 min
29400	128.63499976992608	17.6	109.785	32.219738	130.4	14.449999	32.9	12 h 53 min
29450	129.70999975018202	16.4	112.86101	28.461227	130.5	19.3	32.32	12 h 54 min
29500	127.57499968074262	17.9	110.13601	33.89595	130.3	-20.0	32.86	12 h 55 min
29550	126.06499962992966	18.9	111.447	33.54734	130.45	-30.6	32.74	12 h 56 min
29600	125.53499961346388	19.3	111.778	28.921997	130.35	6.2499995	33.82	12 h 57 min
29650	125.38499962799251	20.1	115.02599	30.728416	130.05	-59.350002	30.22	12 h 59 min
29700	127.60499967336655	17.4	109.734	32.418766	130.6	-6.3000007	32.78	13 h 0 min
29750	125.85499961338937	18.7	114.522	23.8205	130.6	33.7	31.46	13 h 1 min
29800	122.22499947436154	20.5	109.616005	37.99557	132.15	-52.8	32.1	13 h 2 min
29850	127.31499968394637	18.5	119.115	18.395496	130.0	57.95	27.0	13 h 3 min
29900	129.16499974131585	17.1	106.149	33.80638	130.1	2.199999	37.14	13 h 5 min
29950	127.1349996689707	18.3	117.146996	20.252895	130.35	65.15	30.22	13 h 6 min
30000	126.01499964743853	19.4	116.18	24.371029	130.2	26.0	29.98	13 h 7 min
30050	115.804999576509	36.3	107.979004	38.654316	130.6	-41.350002	32.68	13 h 8 min
30100	126.87499965429306	18.0	118.18799	20.769173	131.0	24.05	27.0	13 h 10 min
30150	128.07999970316888	17.5	110.537	32.784008	132.15	-8.150002	33.14	13 h 11 min
30200	128.4299996946007	16.8	116.954	22.267565	130.7	29.199999	29.58	13 h 12 min
30250	127.24499967470766	18.3	102.257996	42.42111	131.2	-23.7	36.68	13 h 13 min
30300	127.24999967217445	18.2	108.58101	31.558388	131.85	-3.5000007	36.1	13 h 15 min
30350	115.40499948002397	31.3	109.106	31.04895	130.35	12.749999	34.84	13 h 16 min
30400	128.67499972134829	17.3	110.186	35.15353	130.05	-13.700001	31.68	13 h 17 min
30450	127.23999968282878	18.6	113.39101	32.59336	131.7	-7.7000003	30.12	13 h 18 min
30500	128.2249997034669	17.5	106.844	30.603569	131.15	15.249999	38.58	13 h 20 min
30550	101.84499948769808	31.5	107.77601	35.967136	131.1	-2.750001	34.0	13 h 21 min
30600	104.96999965980649	29.7	110.24201	32.957195	130.85	-10.850001	33.06	13 h 22 min
30650	127.78999969474971	18.0	110.02999	35.346123	130.8	-17.300001	31.42	13 h 23 min
30700	126.44999964721501	18.8	109.638	35.612926	131.3	-13.750001	32.5	13 h 24 min
30750	126.09999962896109	18.8	113.13699	25.225042	129.65	30.65	32.32	13 h 26 min
30800	126.77499963901937	17.9	116.135994	26.971434	131.95	19.749998	28.14	13 h 27 min
30850	85.6499995496124	37.5	112.548004	29.352165	129.75	-10.350002	31.36	13 h 28 min
30900	127.31999967023731	18.0	102.22	34.203865	129.95	-4.9000006	41.36	13 h 29 min
30950	126.51499969437718	17.6	104.45901	40.72826	129.9	-56.100002	35.0	13 h 31 min
31000	126.21499963775277	18.9	110.70299	32.629017	130.9	-40.95	32.38	13 h 32 min
31050	127.49999966286123	17.4	118.62	18.212206	131.1	61.55	27.58	13 h 33 min
31100	128.75999971739947	17.0	109.445	35.432228	132.05	-22.800001	33.38	13 h 34 min
31150	127.53499968983233	18.3	108.194	35.997868	129.6	-20.2	34.64	13 h 36 min
31200	127.87499969638884	17.9	107.155	39.252357	131.15	-39.15	33.24	13 h 37 min
31250	127.39499967694283	18.1	114.538994	25.341667	130.05	26.249998	31.08	13 h 38 min
31300	128.9499997496605	17.8	113.77901	33.17275	130.65	-6.7000003	28.74	13 h 39 min
31350	127.98499970212579	17.9	113.16901	29.254387	130.65	-7.0500007	31.86	13 h 40 min
31400	103.00999940484762	38.0	111.25401	30.629162	131.75	-3.050001	33.6	13 h 42 min
31450	127.0899996638298	18.2	116.217	26.675846	131.35	25.199999	28.3	13 h 43 min
31500	126.05499964058399	19.3	106.48	31.103985	130.75	12.9	38.22	13 h 44 min
31550	127.54499968476594	18.1	102.548	40.893948	131.95	-21.25	37.86	13 h 45 min
31600	126.344999627769	18.3	112.671	26.80064	130.4	15.299999	33.16	13 h 47 min
31650	127.56499968022108	17.9	114.215	29.665688	131.35	-12.200001	28.66	13 h 48 min
31700	128.94999973289669	17.2	113.26401	30.824541	130.7	2.8999982	29.2	13 h 49 min
31750	126.37499962933362	18.3	110.63499	39.635242	131.35	-31.050001	28.78	13 h 50 min
31800	127.76499967388808	17.3	105.095	40.47274	131.35	-16.900002	33.94	13 h 51 min
31850	126.14499965645373	19.7	114.85499	27.117268	131.3	20.5	28.74	13 h 53 min
31900	127.43999967090785	17.8	103.31699	42.973576	130.8	-35.15	34.66	13 h 54 min
31950	125.8899996291846	19.2	114.89	23.701532	130.75	43.7	30.38	13 h 55 min
32000	127.60999968536198	18.0	108.47301	35.329823	130.2	-53.95	34.2	13 h 56 min
32050	127.80499967597424	17.3	115.946	32.85414	131.15	-41.7	27.16	13 h 58 min
32100	126.01999962478877	18.8	104.49999	43.810417	131.45	-49.0	32.26	13 h 59 min
32150	128.11999971196056	18.0	111.26401	30.64265	131.3	3.3999987	32.38	14 h 0 min
32200	128.34499969854951	17.1	109.262	33.895348	132.1	-11.400002	34.14	14 h 1 min
32250	127.27499966956675	17.8	111.91801	35.56501	131.15	-3.0500016	29.66	14 h 2 min
32300	128.99499973244966	17.1	105.062004	42.602196	130.9	-42.55	33.82	14 h 4 min
32350	128.12999970130622	17.6	106.24999	35.726383	130.4	2.3499994	36.6	14 h 5 min
32400	128.32499969750643	17.1	106.54099	38.865665	130.9	-10.150001	33.94	14 h 6 min
32450	128.81999972611666	17.2	110.601	35.92609	130.6	-27.650002	30.96	14 h 7 min
32500	127.16999964565039	17.4	110.41999	25.772896	130.6	33.899998	35.8	14 h 9 min
32550	127.67999968342482	17.8	114.737	25.920584	130.0	11.25	30.24	14 h 10 min
32600	109.0899993095547	38.3	108.09501	31.251072	131.3	15.749999	36.22	14 h 11 min
32650	128.68499972186981	17.3	106.407005	37.55499	130.85	-18.050001	34.1	14 h 12 min
32700	125.23999959528446	19.2	116.283	22.275053	129.85	0.49999902	28.9	14 h 14 min
32750	126.6299996677786	19.2	110.737	31.952267	130.05	3.099999	32.14	14 h 15 min
32800	127.19999965839088	17.8	110.138	31.901232	132.4	-14.850001	33.72	14 h 16 min
32850	127.16499966494739	18.1	108.163994	32.19309	131.3	-1.9000008	36.26	14 h 17 min
32900	125.25499958768486	18.9	115.647	22.27329	130.8	39.25	30.86	14 h 18 min
32950	128.199999704957	17.6	109.99099	32.706417	129.95	-12.150001	32.88	14 h 20 min
33000	128.73999973759055	17.5	113.327	27.019417	131.45	23.849998	33.04	14 h 21 min
33050	127.9099996842444	17.4	111.613	39.86559	130.5	-56.25	28.72	14 h 22 min
33100	127.8199996907264	17.8	114.00199	30.571482	131.55	-14.05	29.78	14 h 23 min
33150	92.63499941080809	37.0	102.881	38.19287	131.1	-18.0	39.4	14 h 25 min
33200	127.61499969400465	18.3	110.71199	28.430758	129.45	3.199999	34.48	14 h 26 min
33250	128.5399997394532	18.2	113.134	29.493958	131.45	8.999999	30.36	14 h 27 min
33300	128.49999972060323	17.6	109.20699	38.84674	130.65	-34.2	31.52	14 h 28 min
33350	127.06499966531992	18.3	114.2	27.632195	131.3	9.849999	30.9	14 h 29 min
33400	127.04499967545271	18.7	115.1	30.223717	131.45	-40.45	29.52	14 h 31 min
33450	129.6799997653812	17.0	113.573006	34.308357	131.55	-10.250001	28.2	14 h 32 min
33500	123.7749995496124	20.3	114.28	26.204367	130.3	16.55	30.72	14 h 33 min
33550	127.71499971039593	18.7	117.777	24.894268	130.9	27.9	26.72	14 h 34 min
33600	114.82999938055873	29.6	112.76399	36.622715	131.0	-21.45	28.9	14 h 35 min
33650	127.96499969549477	17.7	110.135	34.06725	131.45	-3.9000008	31.68	14 h 36 min
33700	125.68499967753887	18.4	109.362	37.001385	130.55	-34.4	33.16	14 h 38 min
33750	129.4649997457862	16.7	107.619	32.782402	130.4	2.9999998	36.66	14 h 39 min
33800	128.10999970585107	17.8	104.4	41.190937	131.2	-17.050001	35.58	14 h 40 min
33850	128.98499973751603	17.3	110.177	37.537926	129.65	-44.600002	29.62	14 h 41 min
33900	126.15499966405332	19.5	114.60499	32.823944	130.35	-15.35	27.46	14 h 43 min
33950	126.41999964565039	18.5	114.311	33.16306	130.7	-56.050003	28.44	14 h 44 min
34000	127.25999965034426	17.4	111.094	28.763617	130.7	14.049999	34.66	14 h 45 min
34050	127.0549996536225	17.9	111.899	25.798431	129.15	43.1	34.1	14 h 46 min
34100	126.53999964632094	18.6	105.58598	37.01405	131.55	-48.25	37.24	14 h 47 min
34150	125.69999962486327	19.4	111.853	34.446117	129.85	-9.250001	29.56	14 h 49 min
34200	99.82499944008887	37.3	106.897995	35.917183	130.3	-12.05	35.14	14 h 50 min
34250	128.0599997088313	18.0	116.048004	28.71301	131.75	-6.3000007	27.72	14 h 51 min
34300	125.499999602139	18.7	108.838	33.10787	130.5	-4.4000006	34.64	14 h 52 min
34350	98.4599994201213	38.0	106.760994	40.24285	130.6	-19.2	32.02	14 h 54 min
34400	126.22999962456524	18.4	109.088	28.83991	131.2	28.699999	35.28	14 h 55 min
34450	126.83999963961541	17.8	104.83101	41.897842	129.5	-42.4	35.56	14 h 56 min
34500	128.8249997459352	17.9	105.201004	39.56861	130.8	-27.45	34.88	14 h 57 min
34550	129.3699997380376	16.6	111.532005	38.53692	131.25	-44.4	29.46	14 h 59 min
34600	127.18499967716635	18.5	114.631	32.624966	130.0	-16.45	27.98	15 h 0 min
34650	126.55999966301025	18.9	113.079	24.594097	130.8	33.7	33.08	15 h 1 min
34700	128.46999973021448	18.0	103.61399	47.68703	130.05	-37.4	33.48	15 h 2 min
34750	128.42499970830977	17.3	115.65099	25.977928	131.4	18.4	29.94	15 h 4 min
34800	128.39999968782067	16.6	116.06199	23.391506	130.2	12.949999	30.66	15 h 5 min
34850	115.22999950610101	33.2	102.827995	43.80719	130.15	-29.250002	35.92	15 h 6 min
34900	128.8699997343123	17.4	114.271	32.5301	129.85	-32.550003	27.7	15 h 7 min
34950	125.72499961778522	19.1	105.18301	39.029423	129.95	-8.1	35.64	15 h 8 min
35000	127.09499966166914	17.7	115.91001	33.232956	130.25	-46.100002	26.3	15 h 10 min
35050	125.60499963387846	19.9	120.07501	21.795822	131.4	-1.8000007	25.32	15 h 11 min
35100	126.45999964103103	18.6	102.63601	38.673454	129.65	-27.45	39.18	15 h 12 min
35150	127.30999966412783	17.8	104.272995	40.489162	129.4	-29.000002	34.64	15 h 13 min
35200	126.56499965600669	18.9	103.90199	38.966885	131.55	1.8999994	36.42	15 h 15 min
35250	127.5849996868521	18.1	111.507996	28.883991	130.05	20.199999	33.2	15 h 16 min
35300	126.32999961860477	18.0	102.936	44.354694	129.2	-18.7	34.48	15 h 17 min
35350	109.95499939769506	36.9	106.40199	34.297302	128.9	-12.250001	36.18	15 h 18 min
35400	128.19499969631434	17.3	107.671	36.552906	129.8	-36.25	34.4	15 h 20 min
35450	127.07499967701733	18.7	110.177	35.67659	131.55	-23.800001	32.28	15 h 21 min
35500	129.42499974370003	16.7	120.543	21.20031	130.4	5.3499994	25.06	15 h 22 min
35550	128.7149997122586	16.9	108.985	34.398804	130.05	-24.650002	34.5	15 h 23 min
35600	125.08499957323075	18.7	109.323006	33.064953	130.05	-2.3000007	34.18	15 h 24 min
35650	125.08999957069754	18.6	114.18799	30.824896	129.5	-20.550001	29.12	15 h 26 min
35700	129.2249997600913	17.2	112.899	35.046093	132.25	-45.05	29.6	15 h 27 min
35750	126.93499963618815	17.5	116.91001	30.231989	131.65	-12.750001	26.7	15 h 28 min
35800	128.04999971948564	18.4	117.872	28.997663	131.2	5.7499995	25.7	15 h 29 min
35850	127.9999996945262	17.6	99.13299	42.146973	130.4	-22.45	41.16	15 h 30 min
35900	127.11999965421856	17.8	108.15499	33.181587	131.4	11.799999	35.66	15 h 32 min
35950	124.52499957755208	19.9	116.91102	23.595278	129.95	40.25	28.06	15 h 33 min
36000	124.52999956272542	19.1	114.836	30.116922	130.35	11.999999	27.9	15 h 34 min
36050	127.96999970972539	18.2	112.68301	28.776255	130.05	14.4	31.58	15 h 35 min
36100	101.78499922119082	48.8	118.54401	18.090216	130.0	56.899998	27.9	15 h 36 min
36150	127.42499967850745	17.9	115.377	24.77885	130.8	29.449999	30.08	15 h 38 min
36200	128.85499972738324	17.1	116.692	25.297806	130.2	12.5	27.74	15 h 39 min
36250	128.07999969646335	17.3	102.493	45.982056	129.8	-43.45	35.14	15 h 40 min
36300	129.14999973773956	17.0	113.874	24.378798	130.7	46.149998	31.8	15 h 41 min
36350	127.40499965511262	17.3	110.603	36.07995	130.15	-28.95	31.72	15 h 42 min
36400	125.759999621287	19.1	117.508995	21.013111	131.0	28.75	28.86	15 h 44 min
36450	126.30999964550138	19.0	110.84501	39.36799	129.9	-48.7	29.48	15 h 45 min
36500	128.459999724105	17.8	109.47401	31.349878	129.15	0.19999869	34.74	15 h 46 min
36550	128.7849997382611	17.7	116.88	25.434956	129.65	1.4499991	28.92	15 h 47 min
36600	129.33999974764885	17.0	110.318	34.61288	130.5	-27.45	32.6	15 h 49 min
36650	127.92499969899654	17.9	111.84599	32.82221	129.75	-24.5	32.32	15 h 50 min
36700	129.254999756068	17.2	112.464005	32.744312	129.9	-18.150002	30.4	15 h 51 min
36750	128.99499973244966	17.1	110.08199	42.080536	131.1	-65.1	28.4	15 h 52 min
36800	127.41999966986478	17.8	115.52	26.215778	130.8	12.999999	29.72	15 h 53 min
36850	128.18499969020485	17.1	109.949005	33.35833	131.65	0.54999894	33.12	15 h 54 min
36900	128.8799997292459	17.2	115.269005	24.317331	131.1	43.1	30.58	15 h 56 min
36950	127.63499968387187	17.9	104.355995	41.260265	131.85	-36.100002	36.7	15 h 57 min
37000	130.13999975584449	15.8	111.86801	35.116478	131.05	-8.900001	29.94	15 h 58 min
37050	126.25999968163669	19.2	112.148994	34.707916	130.55	-40.65	30.28	15 h 59 min
37100	127.36999966725708	17.8	106.905	36.161533	130.3	-33.7	35.48	16 h 1 min
37150	110.3149995148182	35.8	117.454	23.823355	130.3	12.799999	27.82	16 h 2 min
37200	127.74499970078469	18.3	114.877	23.581045	131.2	49.0	31.84	16 h 3 min
37250	128.52999972105027	17.4	112.13301	32.923714	130.8	5.499999	30.54	16 h 4 min
37300	128.0099996894598	17.4	110.968994	34.3654	131.45	-33.350002	32.3	16 h 5 min
37350	126.79999966993928	18.7	111.71799	36.03531	131.05	-48.8	30.3	16 h 7 min
37400	126.18499965295196	19.2	115.884	27.884216	131.8	-2.650001	28.72	16 h 8 min
37450	130.27999978549778	16.6	102.113	43.724445	130.65	-34.55	37.0	16 h 9 min
37500	126.61999966725708	19.2	118.69699	23.98205	131.55	6.049999	26.14	16 h 10 min
37550	87.98499963879586	35.3	105.33199	39.691795	131.0	-30.900002	34.76	16 h 11 min
37600	128.05499968342482	17.1	109.342	34.874477	129.8	3.4499998	32.2	16 h 13 min
37650	126.33999963589012	18.6	114.68101	24.387306	131.3	22.55	32.46	16 h 14 min
37700	129.82499974779785	16.1	116.819	30.163782	131.05	-55.75	27.54	16 h 15 min
37750	127.66499974541367	17.3	114.36399	26.083862	132.45	28.4	31.36	16 h 16 min
37800	125.54499957486988	17.9	111.82	36.646828	131.1	-46.9	30.6	16 h 17 min
37850	127.91499968729913	17.5	110.605995	37.53732	131.1	-6.9000006	30.1	16 h 19 min
37900	130.0349997587502	16.1	113.840996	31.481173	132.05	-15.250001	30.74	16 h 20 min
37950	128.6099996984005	16.6	113.81199	33.597557	130.2	-9.150001	28.48	16 h 21 min
38000	129.67499974556267	16.3	111.638	31.74851	130.5	-21.85	32.02	16 h 22 min
38050	127.96499969549477	17.7	114.847	29.655397	130.8	-33.9	29.82	16 h 23 min
38100	130.14499978125096	16.7	119.538994	17.683212	131.65	43.649998	26.88	16 h 25 min
38150	128.19499968513847	16.9	113.16	33.64639	131.0	-31.75	30.36	16 h 26 min
38200	127.45499966889619	17.7	109.77899	34.408245	129.95	-25.85	33.68	16 h 27 min
38250	123.4149995084852	19.5	104.917015	44.734344	129.95	-32.3	31.86	16 h 28 min
38300	129.11999973617495	17.0	113.24	30.6445	131.0	6.399999	30.02	16 h 29 min
38350	127.48999970033765	18.5	112.25801	38.792694	130.5	-44.25	28.66	16 h 31 min
38400	128.7649997316301	17.5	102.33099	51.77236	132.05	-91.200005	35.22	16 h 32 min
38450	127.65999966561795	17.2	110.219	34.90533	131.2	-54.75	34.62	16 h 33 min
38500	129.9699997637421	16.4	101.548	49.00111	130.25	-92.700005	33.68	16 h 34 min
38550	129.29499974697828	16.8	121.213005	18.222116	132.25	55.8	25.0	16 h 35 min
38600	127.73999966979027	17.2	109.749	28.692575	130.15	31.15	35.98	16 h 37 min
38650	127.8999997060746	18.2	111.171	36.557335	129.85	-49.55	31.02	16 h 38 min
38700	129.32499973848462	16.7	122.08401	14.637706	131.1	52.95	23.72	16 h 39 min
38750	129.00999973043798	17.0	114.997	33.00695	130.3	-58.100002	28.4	16 h 40 min
38800	127.62499968893826	18.1	115.54401	28.455526	130.7	-7.4500003	28.86	16 h 41 min
38850	130.51499978378416	16.1	115.155	28.82897	130.2	-29.000002	29.28	16 h 42 min
38900	126.3649996176362	17.9	111.908	39.8188	130.05	-41.9	28.28	16 h 44 min
38950	127.01999966017902	18.2	113.872	31.27474	131.0	-20.050001	28.62	16 h 45 min
39000	127.89999969489872	17.8	104.85299	42.46321	129.95	-32.25	34.48	16 h 46 min
39050	127.82999970801174	18.4	110.86101	32.632015	130.9	-11.700001	32.34	16 h 47 min
39100	126.8899996701628	18.8	106.914	36.33224	130.5	8.999999	35.04	16 h 48 min
39150	127.1299996536225	17.5	105.659004	40.492004	131.6	-33.7	35.16	16 h 50 min
39200	128.5249997191131	17.5	108.966	34.76041	130.9	-26.300001	35.06	16 h 51 min
39250	127.69999968446791	17.8	119.27599	21.57037	132.05	34.7	26.86	16 h 52 min
39300	128.39499971792102	17.7	113.562996	30.973475	130.5	-6.6000004	29.48	16 h 53 min
39350	130.30499978400766	16.5	116.327995	25.38151	133.2	17.099998	28.9	16 h 54 min
39400	128.1599996972829	17.4	112.807	33.10565	132.4	-11.85	30.52	16 h 56 min
39450	129.29999975673854	17.4	108.61301	35.314526	131.1	-10.35	33.94	16 h 57 min
39500	128.7599997062236	16.6	108.358	38.040916	130.6	-29.7	33.12	16 h 58 min
39550	124.3449997138232	24.5	119.155	20.078213	130.35	53.5	26.22	16 h 59 min
39600	129.0249997396022	17.3	117.870995	20.937923	130.9	50.999996	29.32	17 h 0 min
39650	128.18499967902898	16.7	109.375	38.481163	130.8	-29.95	31.84	17 h 2 min
39700	128.2599997024983	17.4	92.397	53.188705	131.35	-58.7	40.36	17 h 3 min
39750	129.59999975003302	16.6	108.176	29.387114	130.7	36.1	36.4	17 h 4 min
39800	121.16999960429966	26.8	108.29401	35.537346	130.2	3.1499996	33.18	17 h 5 min
39850	126.91999966613949	18.6	113.983	30.244003	130.45	-6.000001	30.04	17 h 7 min
39900	128.98999972939492	17.0	105.323	39.932316	129.15	-12.900001	34.76	17 h 8 min
39950	127.03499965816737	18.1	110.659	33.5053	131.75	3.1499996	31.9	17 h 9 min
40000	127.19999964721501	17.4	109.623	34.163662	130.2	-12.1	33.02	17 h 10 min
