Episode	TestRet	TestSteps	AverageEpRet	StdEpRet	MaxEpRet	MinEpRet	EpLen	Time
50	-294.31000437773764	100.0	-333.834	9.147032	-308.85	-353.55002	100.0	5 min 54 sec
100	-312.87500575482846	100.0	-313.60202	74.241035	-177.55	-725.25	100.0	17 min 30 sec
150	-293.3950058858842	100.0	-304.329	77.26912	-199.1	-662.65	100.0	28 min 43 sec
200	-285.2700061302632	100.0	-306.956	87.67373	-178.65001	-722.75	100.0	39 min 52 sec
250	-401.78501148335636	100.0	-296.44598	94.88788	-166.05	-743.10004	100.0	51 min 6 sec
300	-327.5800069741905	100.0	-294.834	65.86046	-205.15001	-629.7	100.0	1 h 2 min
350	-357.41000832132994	100.0	-267.84302	33.965466	-182.15001	-353.55002	100.0	1 h 14 min
400	-345.17000789158044	100.0	-268.02103	55.743103	-152.70001	-534.10004	100.0	1 h 25 min
450	-372.8600095115602	100.0	-251.203	66.623856	-85.65001	-483.00003	100.0	1 h 37 min
500	-290.21000634990634	100.0	-261.864	52.09126	-112.100006	-448.80002	100.0	1 h 48 min
550	-304.8900075998157	100.0	-229.73398	41.76954	-130.95001	-298.6	100.0	2 h 0 min
600	-375.8000101983547	100.0	-210.305	104.871735	187.9	-300.2	100.0	2 h 11 min
650	-268.340007904917	100.0	-231.56702	54.762383	-57.950005	-326.65	100.0	2 h 22 min
700	-233.28500729613006	100.0	-163.07301	110.27591	207.2	-274.05002	100.0	2 h 34 min
750	-313.3200084209442	100.0	-158.712	91.86152	88.59999	-280.30002	100.0	2 h 45 min
800	-42.86000593863427	100.0	-152.777	92.42121	170.79999	-275.25	100.0	2 h 56 min
850	-232.39500774405897	100.0	-120.866005	161.4129	496.25	-272.15	100.0	3 h 8 min
900	-212.0900079332292	100.0	-127.878006	128.2011	309.25	-287.0	100.0	3 h 19 min
950	-123.09500639848412	100.0	-89.53	134.20824	396.94998	-270.80002	100.0	3 h 31 min
1000	39.80499207600951	100.0	-27.34401	171.76726	412.25	-277.95	100.0	3 h 42 min
1050	-87.73000734001398	100.0	-6.5930066	195.49272	466.85	-287.5	100.0	3 h 54 min
1100	-127.23500617481768	100.0	-22.623009	180.227	445.65	-278.05002	100.0	4 h 5 min
1150	-80.76000631302595	100.0	-30.414003	183.99568	783.55	-278.9	100.0	4 h 16 min
1200	-18.400005877390505	100.0	38.112	216.85391	643.9	-298.35	100.0	4 h 28 min
1250	112.78999318741262	100.0	-12.092006	200.65529	727.0	-264.85	100.0	4 h 39 min
1300	-91.61000824831426	100.0	16.271996	202.42722	473.6	-297.75	100.0	4 h 51 min
1350	270.6499939534813	100.0	73.052986	242.72072	775.0	-212.6	100.0	5 h 2 min
1400	128.8799944281578	100.0	41.379993	186.65189	582.95	-289.75	100.0	5 h 14 min
1450	-71.1350080922246	100.0	103.763	224.32597	642.35	-271.7	100.0	5 h 25 min
1500	61.89499040395022	100.0	34.769997	224.24522	704.85	-233.6	100.0	5 h 37 min
1550	67.68499331176281	100.0	24.882996	235.51509	609.6	-363.2	100.0	5 h 48 min
1600	8.939993015676738	100.0	77.217995	213.30353	541.3	-230.2	100.0	6 h 0 min
1650	214.75499447248876	100.0	65.483	199.70589	644.1	-293.7	100.0	6 h 12 min
1700	-65.33000592403114	100.0	9.9929905	196.85278	722.3	-294.55002	100.0	6 h 23 min
1750	146.82999416068196	100.0	20.319996	196.10619	710.0	-231.0	100.0	6 h 35 min
1800	12.749994115531445	100.0	60.850998	195.39851	576.3	-285.80002	100.0	6 h 46 min
1850	172.11999379508197	100.0	-9.250003	213.45123	673.2	-294.45	100.0	6 h 58 min
1900	-32.41000626571476	100.0	77.22999	208.8474	681.2	-264.05002	100.0	7 h 10 min
1950	-13.840005686506629	100.0	101.83199	225.13208	677.95	-251.5	100.0	7 h 21 min
2000	254.87999413460494	100.0	64.550995	240.10779	825.1	-261.9	100.0	7 h 33 min
2050	95.9299951121211	100.0	61.729992	242.64516	657.65	-282.85	100.0	7 h 44 min
2100	177.779995116964	100.0	39.419994	230.5176	705.85	-313.25	100.0	7 h 56 min
2150	-31.300007331371308	100.0	64.03299	211.02782	598.35	-281.5	100.0	8 h 7 min
2200	109.47999481111765	100.0	7.717994	179.50174	491.55	-293.25	100.0	8 h 19 min
2250	76.32999388836325	100.0	-8.215006	157.67598	386.15	-274.05002	100.0	8 h 31 min
2300	-149.93500652499498	100.0	23.611998	209.94312	607.0	-331.9	100.0	8 h 42 min
2350	6.764995536953211	100.0	118.08199	226.7485	776.75	-280.80002	100.0	8 h 54 min
2400	-219.12500736676157	100.0	-87.37601	172.42802	397.1	-314.65	100.0	9 h 5 min
2450	163.16999465301632	100.0	94.42899	261.23633	658.7	-289.80002	100.0	9 h 17 min
2500	-49.57000660523772	100.0	56.075	177.99438	610.3	-210.0	100.0	9 h 28 min
2550	-13.580004597827791	100.0	74.341995	161.22783	487.3	-232.8	100.0	9 h 40 min
2600	115.18999324552715	100.0	24.770996	178.57114	501.85	-295.2	100.0	9 h 51 min
2650	48.39499447979033	100.0	-52.81801	211.20665	589.5	-307.4	100.0	10 h 3 min
2700	80.00499358735979	100.0	25.325996	184.13994	425.6	-288.95	100.0	10 h 14 min
2750	76.81999363079667	100.0	-17.391003	168.1376	305.75	-271.4	100.0	10 h 26 min
2800	-59.64000615105033	100.0	71.633995	194.5881	609.85	-265.7	100.0	10 h 37 min
2850	86.6549964684993	100.0	45.834	209.20967	537.5	-297.55002	100.0	10 h 49 min
2900	-106.27000624015928	100.0	-3.5110052	177.48717	471.65	-294.7	100.0	11 h 0 min
2950	57.829994256049396	100.0	-27.191004	178.03423	463.8	-301.95	100.0	11 h 12 min
3000	-178.53500539027155	100.0	-48.110004	175.21912	463.05	-294.45	100.0	11 h 23 min
3050	-111.08500761762261	100.0	3.0819943	200.63573	436.69998	-331.95	100.0	11 h 34 min
3100	128.319994911924	100.0	61.258995	207.58272	474.25	-306.75	100.0	11 h 46 min
3150	-71.14500666707754	100.0	16.064995	175.39352	349.05	-309.4	100.0	11 h 57 min
3200	-25.965005594864486	100.0	18.461994	195.10812	426.75	-303.55002	100.0	12 h 9 min
3250	-33.98000475913286	100.0	-94.19601	135.95285	219.95	-305.85	100.0	12 h 20 min
3300	-111.27000659555196	100.0	-4.5940046	194.13826	537.9	-275.1	100.0	12 h 32 min
3350	37.919994093477726	100.0	-17.424006	185.22716	442.25	-260.65	100.0	12 h 43 min
3400	-58.68000557497144	100.0	7.381997	167.63708	545.65	-294.0	100.0	12 h 55 min
3450	-26.91000607870519	100.0	-15.534006	150.30966	346.15	-291.35	100.0	13 h 7 min
3500	-84.77500684410333	100.0	17.715998	160.13234	342.1	-284.6	100.0	13 h 18 min
3550	49.27999542877078	100.0	40.351994	167.58937	409.9	-219.75	100.0	13 h 30 min
3600	89.84999463558196	100.0	26.578995	166.57272	340.5	-226.45001	100.0	13 h 41 min
3650	132.51999482177197	100.0	-29.789007	136.92798	271.19998	-297.5	100.0	13 h 53 min
3700	-131.0350067574531	100.0	7.561995	149.60385	336.44998	-280.4	100.0	14 h 4 min
3750	118.7299946833402	100.0	60.223984	187.67265	506.44998	-222.35	100.0	14 h 15 min
3800	72.99999377131462	100.0	25.636995	176.22762	621.45	-233.85	100.0	14 h 27 min
3850	41.294993717595936	100.0	1.6279942	174.25833	387.15	-346.05002	100.0	14 h 38 min
3900	-134.91000725589691	100.0	-44.49201	171.36699	384.6	-348.2	100.0	14 h 49 min
3950	-78.07500583305955	100.0	-41.765003	127.75168	246.05	-260.05002	100.0	15 h 1 min
4000	-105.41000726558268	100.0	-36.091007	155.08423	254.95	-334.75	100.0	15 h 12 min
4050	-117.55000661499798	100.0	-28.060003	169.55504	320.69998	-303.55002	100.0	15 h 24 min
4100	-2.1650047305971385	100.0	-87.671005	140.65395	251.25	-304.0	100.0	15 h 35 min
4150	13.059994303062558	100.0	-95.68301	146.96756	348.6	-339.65002	100.0	15 h 46 min
4200	1.5549954183399677	100.0	2.295995	137.63185	467.9	-246.0	100.0	15 h 58 min
4250	45.85499508529902	100.0	-30.439007	135.63304	275.5	-249.45001	100.0	16 h 9 min
4300	-46.790008609741925	100.0	0.9419957	133.96584	315.05	-272.15	100.0	16 h 20 min
4350	164.75499481223522	100.0	-5.5010047	152.99602	338.6	-289.85	100.0	16 h 32 min
4400	-70.39000660888851	100.0	-111.77901	127.34639	190.9	-309.95	100.0	16 h 43 min
4450	-110.28000680580735	100.0	67.51	163.77711	396.55	-243.0	100.0	16 h 55 min
4500	-28.01000634394586	100.0	7.490997	150.81801	344.15	-254.20001	100.0	17 h 6 min
4550	51.269995010644195	100.0	14.110993	129.85023	254.95	-239.7	100.0	17 h 18 min
4600	26.694994612410664	100.0	32.078995	162.42094	429.8	-296.9	100.0	17 h 29 min
4650	-217.67000794410706	100.0	-67.435	172.74747	355.6	-335.4	100.0	17 h 40 min
4700	140.9749951336533	100.0	-34.67201	158.28633	279.94998	-330.95	100.0	17 h 52 min
4750	90.09999437332154	100.0	21.402992	148.57553	420.8	-264.4	100.0	18 h 3 min
4800	-214.4500088494271	100.0	-9.846005	135.3274	374.0	-271.25	100.0	18 h 14 min
4850	-49.64000700004399	100.0	-31.951004	131.64017	221.9	-315.9	100.0	18 h 26 min
4900	65.19499430879951	100.0	-29.575006	150.10564	280.0	-315.80002	100.0	18 h 37 min
4950	-122.33500626310706	100.0	-54.111008	160.98077	188.79999	-314.35	100.0	18 h 48 min
5000	28.51499491967261	100.0	-31.160006	143.31601	283.55	-277.80002	100.0	19 h 0 min
5050	-52.65500790663064	100.0	32.177994	156.38799	352.25	-268.2	100.0	19 h 11 min
5100	-77.45500730127097	100.0	10.539995	152.03296	356.3	-285.6	100.0	19 h 23 min
5150	80.69999494291842	100.0	51.784996	153.81947	479.9	-257.85	100.0	19 h 34 min
5200	-199.880006326735	100.0	2.2099955	163.79384	276.55	-327.0	100.0	19 h 45 min
5250	92.23999449200929	100.0	-97.56002	139.73828	255.25	-306.5	100.0	19 h 57 min
5300	161.519995412603	100.0	-34.967003	131.13934	315.3	-272.75	100.0	20 h 8 min
5350	-63.28000741451979	100.0	5.686995	158.56358	340.1	-262.5	100.0	20 h 20 min
5400	159.16499500982462	100.0	26.914995	163.67899	376.19998	-215.6	100.0	20 h 32 min
5450	-19.235006605833767	100.0	-37.805004	145.95998	180.55	-324.0	100.0	20 h 44 min
5500	34.68999507650733	100.0	-26.175007	163.85155	347.15	-292.75	100.0	20 h 55 min
5550	-3.340005635842681	100.0	21.008997	166.82866	444.3	-292.75	100.0	21 h 7 min
5600	25.59999426007271	100.0	-48.15801	125.077385	265.15	-282.35	100.0	21 h 18 min
5650	-27.550005668401717	100.0	27.154995	160.90276	312.94998	-297.80002	100.0	21 h 29 min
5700	-87.16500640995801	100.0	17.497997	146.90753	298.9	-278.5	100.0	21 h 41 min
5750	-72.03000499345362	100.0	3.1229944	133.17186	272.9	-255.25	100.0	21 h 52 min
5800	-122.06500648967922	100.0	-0.60900575	131.30098	289.44998	-267.85	100.0	22 h 4 min
5850	41.97999490872026	100.0	26.753994	148.57076	314.65	-253.25	100.0	22 h 15 min
5900	-71.63000628836453	100.0	-6.504005	120.21212	244.34999	-242.90001	100.0	22 h 27 min
5950	38.949994530901314	100.0	27.330996	152.77206	267.35	-273.85	100.0	22 h 38 min
6000	-65.23000434488058	100.0	-65.32601	120.75074	201.7	-298.4	100.0	22 h 50 min
6050	-166.64000565558672	100.0	-86.884	157.24954	240.15	-318.9	100.0	23 h 1 min
6100	-187.3650074992329	100.0	-98.394005	174.94254	269.8	-333.1	100.0	23 h 12 min
6150	-185.31500573828816	100.0	-56.91901	149.71095	252.25	-332.7	100.0	23 h 24 min
6200	-56.900005494058135	100.0	-26.797005	154.74887	301.0	-307.85	100.0	23 h 35 min
6250	-81.38000647909939	100.0	-29.420008	146.62073	295.55	-292.75	100.0	23 h 47 min
6300	-107.89000588059426	100.0	-57.397003	116.32088	194.54999	-284.15	100.0	23 h 58 min
6350	-204.60000600256026	100.0	-48.833004	139.53549	247.15	-297.05002	100.0	24 h 9 min
6400	-171.88500524796547	100.0	-27.914007	132.29114	254.55	-268.55002	100.0	24 h 21 min
6450	-122.8000060275197	100.0	-86.469	111.40909	158.25	-304.9	100.0	24 h 32 min
6500	-32.28000443726778	100.0	-30.762007	130.80072	264.55	-258.05002	100.0	24 h 44 min
6550	-104.90000593885779	100.0	4.021995	147.87703	263.05	-280.05002	100.0	24 h 55 min
6600	-37.96500465683639	100.0	-21.856003	120.80912	221.75	-294.5	100.0	25 h 6 min
6650	-42.080006987974045	100.0	-21.940008	120.218735	267.55	-269.9	100.0	25 h 18 min
6700	19.539994148910047	100.0	-18.451008	106.02655	181.0	-265.7	100.0	25 h 29 min
6750	10.914995450526476	100.0	-1.6320043	137.22346	325.35	-292.75	100.0	25 h 41 min
6800	-82.70500547662377	100.0	-27.607004	122.35757	271.44998	-286.6	100.0	25 h 52 min
6850	-90.8550060302019	100.0	-25.904009	134.68385	268.55	-265.30002	100.0	26 h 3 min
6900	-28.160006821900605	100.0	11.195995	128.78949	299.75	-229.0	100.0	26 h 15 min
6950	-115.99500569440424	100.0	-44.421005	130.85097	261.0	-306.0	100.0	26 h 26 min
7000	-62.095005662366745	100.0	-12.811006	119.95707	255.84999	-288.05002	100.0	26 h 38 min
7050	-157.61500661112368	100.0	-16.539007	115.92631	223.0	-292.2	100.0	26 h 49 min
7100	-42.05500511154533	100.0	-29.231003	146.40453	312.1	-317.05002	100.0	27 h 1 min
7150	46.56999280303717	100.0	-11.4590025	126.27287	240.75	-310.5	100.0	27 h 12 min
7200	-12.850005380436778	100.0	-20.916006	135.53387	273.69998	-308.4	100.0	27 h 23 min
7250	12.98999488018453	100.0	-19.611004	132.79364	246.79999	-274.1	100.0	27 h 35 min
7300	-61.155005851387976	100.0	-39.358997	123.78128	290.8	-313.05002	100.0	27 h 46 min
7350	2.9949953101575373	100.0	-49.167004	117.621254	171.55	-289.4	100.0	27 h 58 min
7400	-20.075004924461247	100.0	-13.208003	125.58822	287.65	-272.45	100.0	28 h 9 min
7450	58.58499434478581	100.0	-25.016003	107.48963	233.55	-240.25	100.0	28 h 21 min
7500	21.29999550841749	100.0	-56.966	126.68433	211.59999	-320.9	100.0	28 h 32 min
7550	20.32499496638775	100.0	-38.263004	122.96584	219.65	-293.05002	100.0	28 h 44 min
7600	16.109994708374142	100.0	-23.591003	95.55152	166.95	-205.20001	100.0	28 h 55 min
7650	12.324994580075145	100.0	-29.933002	109.25918	233.84999	-288.2	100.0	29 h 7 min
7700	16.989993086084723	100.0	-40.842007	102.444626	175.4	-296.1	100.0	29 h 18 min
7750	-50.50000613853335	100.0	-30.826006	103.79588	219.8	-273.1	100.0	29 h 30 min
7800	-71.69000613205135	100.0	-58.103004	110.107544	204.09999	-265.1	100.0	29 h 41 min
7850	91.30499537475407	100.0	-24.790005	125.87856	215.55	-288.55002	100.0	29 h 53 min
7900	-131.04000683948396	100.0	-26.803003	102.61307	248.34999	-303.45	100.0	30 h 4 min
7950	16.344994635134935	100.0	-41.489002	115.24605	306.1	-256.15	100.0	30 h 16 min
8000	-49.96000485531986	100.0	-19.408007	110.836365	240.34999	-201.20001	100.0	30 h 27 min
8050	-160.6250071462244	100.0	-50.652	123.32661	272.85	-285.75	100.0	30 h 39 min
8100	-12.725005109235644	100.0	-49.278008	138.10886	251.2	-275.25	100.0	30 h 51 min
8150	46.33999424539506	100.0	-15.110004	142.39388	345.0	-268.95	100.0	31 h 2 min
8200	60.009993659332395	100.0	-21.344004	125.66247	277.69998	-324.6	100.0	31 h 14 min
8250	-110.425006942451	100.0	-29.107006	115.38613	294.8	-249.3	100.0	31 h 25 min
8300	33.32999459132552	100.0	-31.174006	100.04727	203.79999	-182.90001	100.0	31 h 37 min
8350	-36.810005547851326	100.0	-3.9000063	124.07657	227.8	-233.35	100.0	31 h 48 min
8400	-4.62500539124012	100.0	9.302996	117.012505	293.55	-294.1	100.0	32 h 0 min
8450	-33.3800065651536	100.0	5.8159957	132.70815	293.5	-303.55002	100.0	32 h 11 min
8500	-2.300005504488945	100.0	-30.757002	115.23496	212.25	-275.6	100.0	32 h 23 min
8550	31.7449939686805	100.0	-84.67401	152.58492	192.5	-349.2	100.0	32 h 34 min
