Epoch	AverageEpRet	StdEpRet	MaxEpRet	MinEpRet	EpLen	EpNum	TotalEnvInteracts	LossPi	LossV	DeltaLossPi	DeltaLossV	Entropy	KL	ClipFrac	StopIter	Time
0	-340.45	8.20863	-324.15	-353.6	100.0	16.0	120000	2.0489097e-08	5.7048507	-0.004809494	-4.4672403	3.4938998	0.012717925	0.05380833	49.0	25.68361783027649
1	-328.9344	10.249341	-307.9	-346.55002	100.0	32.0	240000	3.6670826e-08	1.3078234	-0.0033987297	-0.14643243	3.4826999	0.014633646	0.045391664	49.0	50.34239888191223
2	-321.7625	9.801074	-290.7	-335.85	100.0	48.0	360000	1.3969839e-09	1.1785026	-0.0037296286	-0.00794284	3.4633722	0.015110545	0.041841663	45.0	74.86384654045105
3	-317.22815	4.1909113	-309.35	-322.2	100.0	64.0	480000	-1.6625563e-08	1.1216509	-0.0033794246	-0.010813549	3.4404602	0.014056915	0.02665	49.0	100.07241082191467
4	-313.85626	6.962934	-299.6	-326.25	100.0	80.0	600000	1.6880222e-09	1.034827	-0.0030206316	-0.011668898	3.4246905	0.013346757	0.024983333	49.0	125.22858500480652
5	-312.02188	4.481347	-302.95	-320.6	100.0	96.0	720000	-4.1909516e-09	0.9825037	-0.003117066	-0.008247741	3.4120612	0.015030682	0.061408333	49.0	152.4705057144165
6	-304.92813	5.7619433	-293.85	-316.65	100.0	112.0	840000	1.1525117e-08	0.88419896	-0.0034015335	-0.023872606	3.3764372	0.015063087	0.054475002	48.0	179.41470623016357
7	-306.34375	5.7404222	-290.45	-312.75	100.0	128.0	960000	2.2817403e-08	0.7753695	-0.0024372216	-0.071263246	3.3300538	0.01462201	0.018083334	49.0	206.5605297088623
8	-303.0031	4.149829	-294.25	-309.45	100.0	144.0	1080000	-1.2674718e-08	0.62544215	-0.005288773	-0.022226095	3.2608285	0.015369385	0.06475833	49.0	233.80502343177795
9	-296.22186	3.3009443	-287.05002	-302.30002	100.0	160.0	1200000	-1.0652002e-08	0.5137212	-0.0050583067	-0.029526938	3.1854324	0.015181769	0.17865834	22.0	258.4929702281952
10	-295.7563	3.3749926	-291.05002	-300.80002	100.0	176.0	1320000	1.6298145e-08	0.40642607	-0.005832131	-0.039686754	3.0934763	0.013995567	0.12165	49.0	285.8699917793274
11	-293.3625	3.7617126	-286.6	-299.30002	100.0	192.0	1440000	-6.170012e-09	0.37471277	-0.005877518	-0.038873784	2.9939003	0.015108779	0.22167501	31.0	311.3353681564331
12	-289.91254	3.7616284	-281.65	-295.75	100.0	208.0	1560000	7.858034e-09	0.37495565	-0.003794313	-0.016268149	2.8650534	0.015385827	0.20610833	32.0	337.03224897384644
13	-291.90002	3.371063	-285.0	-296.75	100.0	224.0	1680000	4.656613e-10	0.3528036	-0.0037388	-0.009618897	2.735011	0.012826065	0.10774167	49.0	364.1712784767151
14	-289.44064	3.594622	-281.6	-294.25	100.0	240.0	1800000	4.8894435e-09	0.37215528	-0.0029606177	-0.0069364496	2.5830617	0.012407966	0.10938333	49.0	391.38526797294617
15	-289.6844	3.333342	-282.95	-295.05002	100.0	256.0	1920000	-6.897608e-09	0.4133004	-0.0025845342	-0.0074690916	2.4639845	0.015139768	0.11743334	29.0	416.6310546398163
16	-289.44376	4.1384206	-280.30002	-294.7	100.0	272.0	2040000	-2.3283064e-10	0.44822466	-0.002936414	-0.005616851	2.3364387	0.015012044	0.12280834	43.0	443.22165036201477
17	-289.77185	3.734593	-283.9	-296.0	100.0	288.0	2160000	5.2386895e-09	0.43990546	-0.0023967344	-0.004287347	2.180416	0.009710515	0.07973333	49.0	470.4677975177765
18	-290.8375	3.402914	-284.1	-297.5	100.0	304.0	2280000	-1.44355e-08	0.4089752	-0.0021284453	-0.005051352	2.1256108	0.012577262	0.023375	49.0	497.5306189060211
19	-292.08124	2.6489327	-287.5	-296.45	100.0	320.0	2400000	3.7252903e-09	0.4131892	-0.0022372813	-0.005788669	2.2278695	0.015200293	0.13543333	44.0	524.3185226917267
20	-292.31253	2.6572707	-286.95	-295.9	100.0	336.0	2520000	-1.1641532e-09	0.41895026	-0.0016195846	-0.0069573075	2.0962021	0.010046845	0.050916664	49.0	551.4386808872223
21	-293.5031	1.902093	-290.45	-296.30002	100.0	352.0	2640000	5.47152e-09	0.4038314	-0.0017376749	-0.0043750852	1.9938502	0.006439153	0.03295	49.0	578.5713851451874
22	-292.20938	2.344825	-287.65	-295.5	100.0	368.0	2760000	-1.1641532e-09	0.39680165	-0.0016398021	-0.00496687	1.9083622	0.006250172	0.013583334	49.0	605.8549778461456
23	-293.22815	2.0601106	-289.6	-296.30002	100.0	384.0	2880000	-3.958121e-09	0.4029286	-0.0014653648	-0.006736681	1.9437425	0.006165783	0.027658332	49.0	633.0315728187561
24	-292.2875	3.3040955	-284.4	-295.5	100.0	400.0	3000000	3.1432137e-09	0.40879714	-0.0017418426	-0.0029860027	1.9364375	0.015167343	0.09383333	40.0	659.5245196819305
25	-293.45938	3.0127954	-285.80002	-295.65	100.0	416.0	3120000	-1.2922101e-08	0.3774722	-0.0014572081	-0.005072724	1.7960848	0.005558758	0.0076916665	49.0	686.8280692100525
26	-292.7844	1.9191282	-289.80002	-295.30002	100.0	432.0	3240000	2.7939677e-09	0.35808483	-0.0014091912	-0.0045325123	1.8827623	0.0053482675	0.014991667	49.0	714.2103252410889
27	-293.49066	1.6478425	-290.5	-295.45	100.0	448.0	3360000	8.4983185e-09	0.36724648	-0.0017721262	-0.0049105957	1.8532453	0.007687658	0.025708333	49.0	741.6730208396912
28	-294.28125	1.3667808	-290.75	-295.6	100.0	464.0	3480000	-5.005859e-09	0.3550467	-0.001214092	-0.006923951	1.8467289	0.004558445	0.009558333	49.0	768.7513864040375
29	-294.02814	2.0821378	-287.55002	-295.5	100.0	480.0	3600000	9.546056e-09	0.3279397	-0.002036219	-0.0020854287	1.8202066	0.007379785	0.016266666	49.0	795.9522128105164
30	-294.12814	1.2915583	-291.75	-295.30002	100.0	496.0	3720000	1.1641532e-10	0.32787752	-0.0017884164	-0.002891779	1.8212855	0.0076561794	0.024116665	49.0	823.7678139209747
31	-294.36877	1.1026782	-292.2	-295.30002	100.0	512.0	3840000	8.032657e-09	0.3440677	-0.0016711231	-0.003270246	1.8175428	0.008536433	0.013358334	49.0	851.1469213962555
32	-294.59686	1.0747772	-291.80002	-295.4	100.0	528.0	3960000	9.313226e-10	0.32059857	-0.001617041	-0.004281737	1.8272562	0.0055152113	0.018633332	49.0	878.4394264221191
33	-294.55624	1.6088474	-288.55002	-295.2	100.0	544.0	4080000	-7.450581e-09	0.3070864	-0.0010095164	-0.0019723512	1.805092	0.0051411106	0.012875	49.0	905.692085981369
34	-294.95938	0.45559838	-293.35	-295.35	100.0	560.0	4200000	5.355105e-09	0.28715605	-0.0015616482	-0.003115937	1.7999425	0.005822852	0.007999999	49.0	933.1562764644623
35	-294.5625	0.9254212	-292.35	-295.1	100.0	576.0	4320000	-3.259629e-09	0.3067727	-0.0012028571	-0.006176591	1.8443241	0.006037911	0.014800001	49.0	960.5740654468536
36	-294.64062	0.99061364	-291.2	-295.1	100.0	592.0	4440000	2.3283064e-09	0.28308585	-0.0010447192	-0.00385255	1.8600276	0.007088432	0.014625001	49.0	985.8415341377258
37	-294.72498	0.6161868	-293.15	-295.4	100.0	608.0	4560000	9.313226e-09	0.28456163	-0.001161962	-0.0039065443	1.7823119	0.0040184725	0.021316666	49.0	1011.0916304588318
38	-294.85312	0.76392734	-292.25	-295.5	100.0	624.0	4680000	9.778887e-09	0.28834978	-0.0015377289	-0.0032597817	1.780292	0.0076783653	0.024141666	49.0	1036.3356161117554
39	-294.81873	0.4561624	-293.45	-295.1	100.0	640.0	4800000	1.3969839e-09	0.30358195	-0.0018076242	-0.008275375	1.7752752	0.008591757	0.010066668	49.0	1061.5675077438354
40	-294.6281	0.8394511	-292.7	-295.4	100.0	656.0	4920000	-8.1490725e-09	0.28364223	-0.0016525916	-0.0035998188	1.7506665	0.010086007	0.017508334	49.0	1086.8105552196503
41	-294.6625	0.99034625	-291.65	-295.1	100.0	672.0	5040000	-5.5879354e-09	0.2810636	-0.0022556505	-0.005737152	1.7683752	0.010376024	0.008216667	49.0	1112.0687227249146
42	-294.97812	0.49020982	-293.15	-295.5	100.0	688.0	5160000	-5.5879354e-09	0.2629138	-0.0016090575	-0.002962146	1.7020159	0.004261066	0.0050083334	49.0	1137.0343599319458
43	-294.58124	1.0179442	-291.9	-295.2	100.0	704.0	5280000	2.7939677e-09	0.2800119	-0.0020378563	-0.00664483	1.6791134	0.008462211	0.037258334	49.0	1162.267019033432
44	-294.73126	0.8388758	-291.75	-295.1	100.0	720.0	5400000	1.8044375e-09	0.26857072	-0.0013245719	-0.0055795964	1.6715342	0.006272629	0.007866667	49.0	1187.3080389499664
45	-295.00626	0.024207624	-295.0	-295.1	100.0	736.0	5520000	-2.7939677e-09	0.24363762	-0.0015046236	-0.0050991885	1.6315603	0.010589749	0.013791667	49.0	1212.5105497837067
46	-295.02185	0.058549263	-294.95	-295.2	100.0	752.0	5640000	8.032657e-09	0.25010872	-0.0011246945	-0.0064037647	1.6424892	0.0027303514	0.007583333	49.0	1237.7512209415436
47	-294.9281	0.4100179	-293.35	-295.1	100.0	768.0	5760000	1.1641532e-10	0.27860308	-0.001961954	-0.007012911	1.6384258	0.008329457	0.024633333	49.0	1262.8870286941528
48	-295.0	0.08660122	-294.7	-295.1	100.0	784.0	5880000	2.6775524e-09	0.27881706	-0.0017742399	-0.0060807317	1.5893993	0.01107714	0.052458335	49.0	1288.0780866146088
49	-295.025	0.07500458	-295.0	-295.30002	100.0	800.0	6000000	6.8102963e-09	0.2685812	-0.0009825237	-0.008692777	1.5602188	0.0044664848	0.0069333334	49.0	1313.2680628299713
50	-294.83124	0.8616571	-291.55002	-295.65	100.0	816.0	6120000	3.7252903e-09	0.276215	-0.0011891588	-0.006493859	1.6166432	0.0050441613	0.03365	49.0	1338.6001138687134
51	-295.00623	0.065845884	-294.80002	-295.1	100.0	832.0	6240000	1.268927e-08	0.27610886	-0.0013236261	-0.0040545277	1.5823634	0.0049092206	0.009241667	49.0	1363.7003293037415
52	-294.85626	0.40461114	-293.5	-295.1	100.0	848.0	6360000	-5.5879354e-09	0.27571833	-0.0013658963	-0.00489296	1.5420398	0.010709768	0.022975001	49.0	1388.6867470741272
53	-295.0375	0.1007794	-295.0	-295.35	100.0	864.0	6480000	3.7252903e-09	0.26751983	-0.0011695297	-0.006904492	1.4733502	0.0050643543	0.009233333	49.0	1413.8745682239532
54	-294.82187	0.74224234	-291.95	-295.1	100.0	880.0	6600000	-3.4924597e-10	0.2591979	-0.0013008672	-0.004732713	1.4925282	0.008122161	0.0042166663	49.0	1439.0360350608826
55	-295.0	0.0	-295.0	-295.0	100.0	896.0	6720000	3.259629e-09	0.27802956	-0.0010751544	-0.0046295077	1.4041616	0.0043911147	0.009366667	49.0	1464.2719585895538
56	-294.8719	0.5598457	-292.85	-295.45	100.0	912.0	6840000	5.2386895e-09	0.2709738	-0.001093324	-0.0035047904	1.3624649	0.0054119797	0.013541667	49.0	1489.4603035449982
57	-294.96564	0.16077699	-294.35	-295.1	100.0	928.0	6960000	-9.778887e-09	0.2695879	-0.0011645367	-0.0078624	1.3388166	0.005192135	0.007033333	49.0	1514.5818207263947
58	-294.94376	0.36049923	-293.6	-295.4	100.0	944.0	7080000	2.561137e-09	0.27573955	-0.0014705189	-0.004798539	1.28631	0.0051518073	0.023983333	49.0	1539.814624786377
59	-294.60938	1.1073925	-290.75	-295.0	100.0	960.0	7200000	-2.0372681e-09	0.28304112	-0.0011800053	-0.0058853887	1.2344244	0.004135729	0.0154	49.0	1564.944486618042
60	-294.92188	0.32928535	-293.65	-295.1	100.0	976.0	7320000	7.858034e-09	0.26763523	-0.00078573846	-0.0038437285	1.2784891	0.0030716115	0.008383334	49.0	1590.2247512340546
61	-294.925	0.31721172	-293.7	-295.1	100.0	992.0	7440000	-2.5029294e-09	0.26232392	-0.0012561562	-0.005929319	1.3211094	0.0045956923	0.006583333	49.0	1615.5352745056152
62	-294.95	0.22079282	-294.1	-295.1	100.0	1008.0	7560000	9.313226e-10	0.26743877	-0.0014547865	-0.0045780074	1.2703824	0.0044097435	0.010641666	49.0	1640.525467157364
63	-294.9969	0.012100124	-294.95	-295.0	100.0	1024.0	7680000	2.7939677e-09	0.27774194	-0.0010223764	-0.0033018552	1.2468518	0.0037965314	0.0041833334	49.0	1665.5434226989746
64	-295.0	0.0	-295.0	-295.0	100.0	1040.0	7800000	1.5716068e-09	0.26719224	-0.0008317289	-0.002521038	1.2847866	0.0028515928	0.007166667	49.0	1690.6897940635681
65	-294.98438	0.060515366	-294.75	-295.0	100.0	1056.0	7920000	-6.519258e-09	0.25925756	-0.0009326427	-0.007253818	1.3218489	0.0047666417	0.010841667	49.0	1715.6378998756409
66	-294.88437	0.44781518	-293.15	-295.0	100.0	1072.0	8040000	1.3969839e-09	0.27057323	-0.001390917	-0.0049960203	1.3590133	0.0050278762	0.008816667	49.0	1740.638684272766
67	-295.0	0.0	-295.0	-295.0	100.0	1088.0	8160000	7.799827e-09	0.27326912	-0.0015193734	-0.0043555237	1.3010832	0.0046744086	0.012533333	49.0	1765.6609857082367
68	-295.00626	0.024207624	-295.0	-295.1	100.0	1104.0	8280000	7.21775e-09	0.26130795	-0.0011272411	-0.0028840061	1.2513804	0.004378599	0.006591667	49.0	1790.6502063274384
69	-294.80627	0.7765818	-291.80002	-295.1	100.0	1120.0	8400000	-8.265488e-09	0.2545829	-0.0013014681	-0.008166546	1.2663333	0.005517379	0.01135	49.0	1815.7468881607056
70	-295.00626	0.024207624	-295.0	-295.1	100.0	1136.0	8520000	7.916242e-09	0.2671054	-0.0013752674	-0.004798226	1.2613063	0.003930567	0.007641667	49.0	1840.968317270279
71	-295.03436	0.13313824	-295.0	-295.55002	100.0	1152.0	8640000	9.778887e-09	0.27247	-0.0010024596	-0.004254263	1.2802434	0.0040902677	0.0059916666	49.0	1866.1394546031952
72	-295.0	0.0	-295.0	-295.0	100.0	1168.0	8760000	2.3283064e-09	0.25603724	-0.00084502134	-0.0031079408	1.2477221	0.003427828	0.006533333	49.0	1891.2912089824677
73	-295.0125	0.033073913	-295.0	-295.1	100.0	1184.0	8880000	-3.259629e-09	0.255589	-0.0009800151	-0.0048745964	1.270822	0.0033197221	0.005933333	49.0	1916.3823447227478
74	-294.9875	0.04840786	-294.80002	-295.0	100.0	1200.0	9000000	-1.3969839e-09	0.2574973	-0.0010856134	-0.0054489505	1.2451037	0.00384701	0.0066416664	49.0	1941.6908204555511
75	-294.85938	0.57097083	-292.65	-295.1	100.0	1216.0	9120000	-1.7462298e-09	0.26382306	-0.0013300532	-0.0032096785	1.1965833	0.0040352084	0.011841667	49.0	1966.900606393814
76	-295.00626	0.024207624	-295.0	-295.1	100.0	1232.0	9240000	3.7252903e-09	0.24357176	-0.0008599523	-0.0049864426	1.2461348	0.003519021	0.0054916665	49.0	1992.0932712554932
77	-295.0	0.0	-295.0	-295.0	100.0	1248.0	9360000	5.122274e-09	0.24701479	-0.0012963845	-0.005253315	1.2604419	0.0033150527	0.0098	49.0	2017.2945351600647
78	-294.8719	0.61592656	-292.5	-295.25	100.0	1264.0	9480000	-9.080395e-09	0.2503503	-0.0013710456	-0.002679238	1.2947735	0.0044053695	0.0090499995	49.0	2042.5285637378693
79	-295.0	0.0	-295.0	-295.0	100.0	1280.0	9600000	8.1490725e-09	0.25629255	-0.0012492668	-0.008140322	1.3300364	0.004105673	0.014941666	49.0	2067.5119881629944
80	-295.00626	0.024207624	-295.0	-295.1	100.0	1296.0	9720000	1.2631062e-08	0.25854903	-0.0007993509	-0.010778878	1.3553609	0.004147345	0.0104083335	49.0	2092.6426544189453
81	-295.0	0.0	-295.0	-295.0	100.0	1312.0	9840000	5.5879354e-09	0.2453245	-0.001186813	-0.004233755	1.392558	0.006553348	0.00515	49.0	2118.09432721138
82	-295.0	0.0	-295.0	-295.0	100.0	1328.0	9960000	1.8626451e-09	0.23739848	-0.0010528322	-0.003130529	1.321261	0.003530908	0.0061916667	49.0	2143.4652876853943
83	-295.00626	0.024207624	-295.0	-295.1	100.0	1344.0	10080000	6.9849193e-10	0.26192093	-0.001591329	-0.0032357536	1.3614023	0.0056056017	0.016841667	49.0	2168.837667942047
84	-294.89062	0.4108708	-293.30002	-295.0	100.0	1360.0	10200000	6.519258e-09	0.25253606	-0.0012060096	-0.0025147628	1.3411722	0.005643174	0.008175001	49.0	2194.2635583877563
85	-295.0	0.0	-295.0	-295.0	100.0	1376.0	10320000	2.3283064e-09	0.25989133	-0.0011624335	-0.006946301	1.2598242	0.005213997	0.0117999995	49.0	2219.7007677555084
86	-295.0	0.0	-295.0	-295.0	100.0	1392.0	10440000	-9.313226e-10	0.26048076	-0.0012111302	-0.0050073955	1.2079968	0.005070892	0.015883334	49.0	2245.1894075870514
87	-294.95312	0.18154609	-294.25	-295.0	100.0	1408.0	10560000	1.0593794e-08	0.25563312	-0.000817291	-0.004419025	1.1517029	0.0043622376	0.010966666	49.0	2272.3209176063538
88	-294.875	0.48412293	-293.0	-295.0	100.0	1424.0	10680000	3.259629e-09	0.2514038	-0.0012998119	-0.0030681137	1.0867568	0.0045281467	0.015766665	49.0	2299.4983088970184
89	-294.71564	0.7524354	-292.7	-295.0	100.0	1440.0	10800000	-8.8475645e-09	0.26723248	-0.0012034874	-0.02108635	1.1211457	0.0034112672	0.009858333	49.0	2326.5444066524506
90	-295.0	0.0	-295.0	-295.0	100.0	1456.0	10920000	6.7520887e-09	0.25185993	-0.0009971622	-0.0057538077	1.1045349	0.0030259336	0.008316666	49.0	2353.760540485382
91	-295.0	0.0	-295.0	-295.0	100.0	1472.0	11040000	-1.8626451e-09	0.2554624	-0.0010670775	-0.008453088	1.0958484	0.0039938195	0.008383333	49.0	2380.7302079200745
92	-295.0	0.0	-295.0	-295.0	100.0	1488.0	11160000	2.3283064e-10	0.25252396	-0.0009354924	-0.0036217626	1.0532162	0.0028979667	0.0067166667	49.0	2407.7722713947296
93	-295.0	0.0	-295.0	-295.0	100.0	1504.0	11280000	-6.9849193e-10	0.2469944	-0.0011434187	-0.0067217257	1.0381622	0.003410533	0.009974999	49.0	2434.911154270172
94	-295.0	0.0	-295.0	-295.0	100.0	1520.0	11400000	2.0954758e-09	0.25171372	-0.00089534256	-0.0027710404	1.0245904	0.0017837561	0.004725	49.0	2461.9888064861298
95	-294.98438	0.060515366	-294.75	-295.0	100.0	1536.0	11520000	-9.546056e-09	0.2577518	-0.0010051434	-0.005582446	0.9988488	0.002447301	0.008091667	49.0	2489.1203248500824
96	-295.0	0.0	-295.0	-295.0	100.0	1552.0	11640000	1.1641532e-09	0.24530192	-0.0011651593	-0.0035919622	0.9932051	0.0026632773	0.008558334	49.0	2516.30455994606
97	-295.00626	0.024207624	-295.0	-295.1	100.0	1568.0	11760000	0.0	0.23867638	-0.0011560301	-0.0040199794	1.0420624	0.0031014984	0.0031666667	49.0	2543.8695549964905
98	-295.0	0.0	-295.0	-295.0	100.0	1584.0	11880000	6.9849193e-10	0.24429269	-0.0010729869	-0.0035996437	1.0756829	0.0035445313	0.0090333335	49.0	2569.4878730773926
99	-295.0	0.0	-295.0	-295.0	100.0	1600.0	12000000	-7.683411e-09	0.25696182	-0.0010326687	-0.0064990707	1.0319858	0.0036316388	0.006375	49.0	2594.4951617717743
100	-295.00626	0.024207624	-295.0	-295.1	100.0	1616.0	12120000	-4.1909516e-09	0.26184613	-0.0010261971	-0.004008174	1.0635877	0.0029458404	0.0059749996	49.0	2620.073988199234
101	-295.0	0.0	-295.0	-295.0	100.0	1632.0	12240000	-1.0244548e-08	0.24348542	-0.0010166672	-0.0034218542	1.1008714	0.0029373318	0.0098749995	49.0	2645.2103810310364
102	-295.0	0.0	-295.0	-295.0	100.0	1648.0	12360000	3.259629e-09	0.24361241	-0.0011038051	-0.0030543022	1.1469996	0.0035843253	0.006175	49.0	2670.490480184555
103	-295.0	0.0	-295.0	-295.0	100.0	1664.0	12480000	2.3283064e-10	0.25358546	-0.0010772295	-0.009886457	1.1481272	0.0040320307	0.006691667	49.0	2695.7088963985443
104	-295.00626	0.024207624	-295.0	-295.1	100.0	1680.0	12600000	-4.8894435e-09	0.25377715	-0.0011283506	-0.0037652198	1.1652727	0.004347631	0.014016667	49.0	2720.810082435608
105	-294.98126	0.07261548	-294.7	-295.0	100.0	1696.0	12720000	9.313226e-10	0.24409753	-0.0010032379	-0.008560924	1.1682055	0.004838523	0.009558333	49.0	2745.864099264145
106	-295.0	0.0	-295.0	-295.0	100.0	1712.0	12840000	3.4924597e-09	0.2455922	-0.0010410682	-0.0054911897	1.1351061	0.0027246238	0.007825	49.0	2771.028573513031
107	-295.00626	0.024207624	-295.0	-295.1	100.0	1728.0	12960000	9.313226e-10	0.2555713	-0.0011989358	-0.003553668	1.1060784	0.0033992727	0.008608334	49.0	2796.1742622852325
108	-295.0	0.0	-295.0	-295.0	100.0	1744.0	13080000	-1.094304e-08	0.24312744	-0.00075649127	-0.0014132131	1.1020844	0.0031595293	0.022766666	49.0	2821.4946298599243
109	-295.0	0.0	-295.0	-295.0	100.0	1760.0	13200000	-9.313226e-10	0.2441787	-0.0008583643	-0.006412035	1.1350133	0.0019204073	0.0038583335	49.0	2846.8813984394073
110	-295.0	0.0	-295.0	-295.0	100.0	1776.0	13320000	1.1641532e-09	0.24572815	-0.001320458	-0.0018012952	1.1331508	0.0036498033	0.007824999	49.0	2872.386475801468
111	-294.8156	0.4878875	-293.5	-295.0	100.0	1792.0	13440000	1.3271347e-08	0.25153476	-0.0009974317	-0.01040292	1.1269875	0.0037377616	0.0043166666	49.0	2898.078412771225
112	-294.86874	0.5083305	-292.9	-295.0	100.0	1808.0	13560000	4.656613e-10	0.2508554	-0.00093554734	-0.0020662341	1.1712227	0.0032966519	0.009883333	49.0	2923.639027118683
113	-295.0	0.0	-295.0	-295.0	100.0	1824.0	13680000	1.1641532e-08	0.24014242	-0.0007488474	-0.0044543073	1.18552	0.0028452873	0.0063833334	49.0	2950.893226623535
114	-295.0	0.0	-295.0	-295.0	100.0	1840.0	13800000	5.820766e-10	0.2450372	-0.0010936509	-0.004092088	1.2072333	0.0043409234	0.016175	49.0	2979.120957136154
115	-295.00626	0.024207624	-295.0	-295.1	100.0	1856.0	13920000	-3.7252903e-09	0.2560113	-0.00080471	-0.007637929	1.2176723	0.003538851	0.010083333	49.0	3006.9097192287445
116	-295.00626	0.024207624	-295.0	-295.1	100.0	1872.0	14040000	3.7252903e-09	0.2501866	-0.0009846478	-0.0042332914	1.1742735	0.0046400847	0.01485	49.0	3035.089113473892
117	-295.0	0.0	-295.0	-295.0	100.0	1888.0	14160000	-1.1641532e-09	0.25391513	-0.00088572287	-0.009054713	1.1188502	0.0033975854	0.0041166665	49.0	3062.0937011241913
118	-295.0	0.0	-295.0	-295.0	100.0	1904.0	14280000	-6.7520887e-09	0.24476072	-0.0009943959	-0.004768802	1.1441233	0.003831447	0.008591667	49.0	3089.671770334244
119	-294.975	0.096823104	-294.6	-295.0	100.0	1920.0	14400000	5.122274e-09	0.2593513	-0.0012490698	-0.0032394938	1.1213646	0.004985323	0.02895	49.0	3118.1243023872375
120	-295.0	0.0	-295.0	-295.0	100.0	1936.0	14520000	-6.9849193e-10	0.24519274	-0.00071438204	-0.0028185658	1.1030915	0.003943703	0.0066	49.0	3147.1979773044586
121	-295.0	0.0	-295.0	-295.0	100.0	1952.0	14640000	-1.8626451e-09	0.25125095	-0.001125106	-0.0045038257	1.1617036	0.005458993	0.0158	49.0	3175.9167087078094
122	-295.0	0.0	-295.0	-295.0	100.0	1968.0	14760000	-3.4924597e-09	0.24987434	-0.0012388157	-0.0032954644	1.1873136	0.006486631	0.021924999	49.0	3204.4126143455505
123	-294.95938	0.15733847	-294.35	-295.0	100.0	1984.0	14880000	2.7939677e-09	0.25680766	-0.0010603212	-0.011268105	1.238925	0.0029442369	0.013858333	49.0	3233.133109331131
124	-295.00626	0.024207624	-295.0	-295.1	100.0	2000.0	15000000	1.8626451e-09	0.26261464	-0.0008526984	-0.01129755	1.213397	0.003616354	0.008358333	49.0	3261.4225356578827
125	-294.9406	0.22995394	-294.05002	-295.0	100.0	2016.0	15120000	1.891749e-10	0.24494636	-0.001162267	-0.0029899161	1.2368295	0.0050184256	0.019391667	49.0	3289.6805651187897
126	-295.00626	0.024207624	-295.0	-295.1	100.0	2032.0	15240000	7.450581e-09	0.25087225	-0.00091089285	-0.0025347993	1.2657247	0.0064742034	0.0014416666	49.0	3318.0029299259186
127	-295.0	0.0	-295.0	-295.0	100.0	2048.0	15360000	3.0267984e-09	0.2572095	-0.0009768298	-0.0059586335	1.1878176	0.0043079746	0.0010583333	49.0	3346.1733107566833
128	-294.8094	0.73828447	-291.95	-295.0	100.0	2064.0	15480000	5.355105e-09	0.25640965	-0.0009130362	-0.0024377257	1.1611873	0.0045943134	0.004741667	49.0	3374.0840945243835
129	-295.0	0.0	-295.0	-295.0	100.0	2080.0	15600000	-4.0745363e-09	0.24467555	-0.0009457751	-0.007929079	1.2004104	0.003365683	0.016483333	49.0	3402.227063894272
130	-295.0	0.0	-295.0	-295.0	100.0	2096.0	15720000	5.820766e-09	0.25562888	-0.0010269445	-0.003647279	1.1903771	0.0045028394	0.0054916665	49.0	3429.922004699707
131	-295.0	0.0	-295.0	-295.0	100.0	2112.0	15840000	1.6298145e-09	0.26057482	-0.0009985383	-0.00780268	1.215528	0.0058287526	0.008175001	49.0	3457.1701471805573
132	-295.0	0.0	-295.0	-295.0	100.0	2128.0	15960000	-8.1490725e-09	0.2598595	-0.0012528198	-0.0036485381	1.234	0.0027657878	0.0050250003	49.0	3484.768871307373
133	-295.00626	0.024207624	-295.0	-295.1	100.0	2144.0	16080000	2.561137e-09	0.24994501	-0.0010485512	-0.006590599	1.2152737	0.0044841142	0.0063916664	49.0	3512.141738176346
134	-295.0	0.0	-295.0	-295.0	100.0	2160.0	16200000	-2.73576e-09	0.23929612	-0.0009947948	-0.0013309456	1.2234561	0.0029978827	0.0020666667	49.0	3539.55593419075
135	-295.0	0.0	-295.0	-295.0	100.0	2176.0	16320000	7.450581e-09	0.26108834	-0.00042802613	-0.005422648	1.2344187	0.0032095038	0.008758334	49.0	3567.733312368393
136	-294.99374	0.024207624	-294.9	-295.0	100.0	2192.0	16440000	-3.608875e-09	0.24761832	-0.0006980997	-0.0010514595	1.2319379	0.0026347197	0.0026333334	49.0	3596.168717622757
137	-295.0	0.0	-295.0	-295.0	100.0	2208.0	16560000	-1.5133992e-09	0.24793157	-0.0008617785	-0.006078869	1.2164007	0.0046598786	0.004641667	49.0	3624.187689781189
138	-294.90314	0.3751923	-293.45	-295.0	100.0	2224.0	16680000	-9.895302e-10	0.25627255	-0.00091728126	-0.0018328466	1.229272	0.0059724115	0.0059166667	49.0	3651.640072822571
139	-295.00937	0.03630774	-295.0	-295.15	100.0	2240.0	16800000	-1.0477379e-08	0.2564292	-0.0010695956	-0.0087403525	1.2523204	0.007903307	0.012775	49.0	3679.115855693817
140	-294.84998	0.5034224	-292.95	-295.1	100.0	2256.0	16920000	-3.958121e-09	0.25245962	-0.0011824488	-0.004247226	1.2844608	0.0074514793	0.015125001	49.0	3706.910270690918
141	-295.0	0.0	-295.0	-295.0	100.0	2272.0	17040000	-9.080395e-09	0.2502846	-0.0011189393	-0.0037285164	1.2734718	0.0055440003	0.007283333	49.0	3735.22660112381
142	-295.0	0.0	-295.0	-295.0	100.0	2288.0	17160000	8.8475645e-09	0.2551521	-0.0012305344	-0.0031629223	1.2473519	0.0042749466	0.0039833332	49.0	3762.6885652542114
143	-294.95312	0.18154609	-294.25	-295.0	100.0	2304.0	17280000	1.5832484e-08	0.26561987	-0.00067238905	-0.0070107784	1.2335894	0.006951268	0.013683334	49.0	3790.4952068328857
144	-294.95624	0.16943859	-294.30002	-295.0	100.0	2320.0	17400000	-6.868504e-09	0.24478592	-0.0009465072	-0.0022466164	1.2364534	0.0056432947	0.008858333	49.0	3816.3194148540497
145	-295.0	0.0	-295.0	-295.0	100.0	2336.0	17520000	-4.1909516e-09	0.23926377	-0.0015801045	-0.0017923843	1.2798717	0.006596975	0.013891667	49.0	3841.5701866149902
146	-295.0	0.0	-295.0	-295.0	100.0	2352.0	17640000	-1.5133992e-09	0.2535958	-0.0007542985	-0.007727105	1.2315247	0.0077124247	0.0030583334	49.0	3866.6917068958282
147	-295.0	0.0	-295.0	-295.0	100.0	2368.0	17760000	1.3271347e-08	0.25463042	-0.0012859306	-0.0036858246	1.2048209	0.0076336875	0.0150500005	49.0	3891.9434764385223
148	-295.0	0.0	-295.0	-295.0	100.0	2384.0	17880000	7.21775e-09	0.25469214	-0.0008885681	-0.0026698988	1.145127	0.0056675766	0.007525	49.0	3917.099401950836
149	-295.0	0.0	-295.0	-295.0	100.0	2400.0	18000000	-2.3283064e-10	0.26227933	-0.001341356	-0.011269769	1.1108778	0.0042459476	0.028466668	49.0	3942.3168699741364
150	-295.0	0.0	-295.0	-295.0	100.0	2416.0	18120000	1.3969839e-09	0.24997303	-0.0010474238	-0.0036545359	1.1574745	0.0047016395	0.01215	49.0	3967.5875136852264
151	-294.73438	0.75015056	-292.25	-295.1	100.0	2432.0	18240000	-6.519258e-09	0.25126234	-0.0012071815	-0.009465275	1.1765937	0.0044999104	0.004966667	49.0	3992.65216088295
152	-295.0	0.0	-295.0	-295.0	100.0	2448.0	18360000	2.910383e-10	0.24793586	-0.0011508944	-0.002659116	1.1530192	0.004001867	0.0039583333	49.0	4017.670984983444
153	-294.80624	0.75039196	-291.9	-295.0	100.0	2464.0	18480000	-1.3969839e-09	0.2601992	-0.0011882903	-0.01182998	1.1752338	0.0037582368	0.005383333	49.0	4042.8415338993073
154	-294.85	0.60724807	-292.5	-295.1	100.0	2480.0	18600000	8.381903e-09	0.25127268	-0.0011445755	-0.0036415942	1.1710949	0.008592598	0.012366666	49.0	4068.058023452759
155	-295.0	0.0	-295.0	-295.0	100.0	2496.0	18720000	-2.7939677e-09	0.25794184	-0.0012433471	-0.0055737626	1.1230966	0.0044648945	0.005225	49.0	4093.034412622452
156	-295.0	0.0	-295.0	-295.0	100.0	2512.0	18840000	2.7939677e-09	0.2612852	-0.00081914524	-0.0018539578	1.0729761	0.0025057388	0.007733334	49.0	4118.241528749466
157	-295.0	0.0	-295.0	-295.0	100.0	2528.0	18960000	8.381903e-09	0.25935382	-0.0010113677	-0.010333981	1.1073037	0.0052014096	0.010366666	49.0	4143.3252766132355
158	-295.0	0.0	-295.0	-295.0	100.0	2544.0	19080000	-2.7939677e-09	0.25589126	-0.0010278544	-0.0038216785	1.083758	0.0037858782	0.0036666668	49.0	4168.368498086929
159	-295.0	0.0	-295.0	-295.0	100.0	2560.0	19200000	1.1641532e-08	0.2659638	-0.0013583067	-0.0043114927	1.1030765	0.005870155	0.014883334	49.0	4193.395728826523
160	-295.0	0.0	-295.0	-295.0	100.0	2576.0	19320000	9.313226e-09	0.25306347	-0.0011236691	-0.0032962281	1.0546317	0.0057001878	0.021841668	49.0	4218.541430950165
161	-295.01874	0.07262287	-295.0	-295.30002	100.0	2592.0	19440000	9.313226e-10	0.25111276	-0.00085477653	-0.0035136342	1.0209237	0.0036253096	0.008549999	49.0	4244.004185676575
162	-295.0	0.0	-295.0	-295.0	100.0	2608.0	19560000	-3.259629e-09	0.2597802	-0.0011819648	-0.0026800483	1.0497973	0.0040802713	0.0077666673	49.0	4269.83859705925
163	-295.0	0.0	-295.0	-295.0	100.0	2624.0	19680000	-8.1490725e-09	0.26773968	-0.0011909553	-0.0072576553	1.0183005	0.0038623614	0.0077166664	49.0	4298.254756689072
164	-295.0	0.0	-295.0	-295.0	100.0	2640.0	19800000	-9.895302e-10	0.26491243	-0.0012479664	-0.0036827996	0.9852417	0.004580415	0.012691666	49.0	4324.71080827713
165	-295.0	0.0	-295.0	-295.0	100.0	2656.0	19920000	4.8894435e-09	0.25011835	-0.0010995916	-0.010616031	1.0237954	0.0026794546	0.013041667	49.0	4351.087513923645
166	-295.0	0.0	-295.0	-295.0	100.0	2672.0	20040000	-1.1175871e-08	0.26747906	-0.0012779355	-0.0047198776	1.0277175	0.00648346	0.026124999	49.0	4379.4403648376465
167	-294.90625	0.36309218	-293.5	-295.0	100.0	2688.0	20160000	6.9849193e-09	0.27122343	-0.001085572	-0.0034063794	0.97731286	0.003857295	0.009008333	49.0	4406.785557746887
168	-295.0	0.0	-295.0	-295.0	100.0	2704.0	20280000	4.656613e-10	0.27656442	-0.0011951649	-0.0047720317	0.98402214	0.004355976	0.00605	49.0	4434.136908054352
169	-295.0	0.0	-295.0	-295.0	100.0	2720.0	20400000	1.8626451e-09	0.28164202	-0.0010004968	-0.016536355	0.9588535	0.001971256	0.011191666	49.0	4461.46341586113
170	-294.95	0.19364621	-294.2	-295.0	100.0	2736.0	20520000	-1.7462298e-09	0.2784085	-0.00096395286	-0.008199263	0.9757603	0.004398831	0.021141667	49.0	4489.214429616928
171	-295.02814	0.10893061	-295.0	-295.45	100.0	2752.0	20640000	8.8475645e-09	0.2942087	-0.0011247532	-0.01099835	0.94553185	0.0034435657	0.016141666	49.0	4517.188537120819
172	-295.0	0.0	-295.0	-295.0	100.0	2768.0	20760000	-1.9790605e-09	0.2791469	-0.0007976989	-0.010712739	0.88785756	0.0031021687	0.010266667	49.0	4546.8077120780945
173	-294.55313	0.94098717	-292.2	-295.0	100.0	2784.0	20880000	1.2223609e-09	0.25951582	-0.00085731427	-0.002975041	0.9343336	0.0024554036	0.0048166662	49.0	4574.9018840789795
174	-294.90625	0.36309218	-293.5	-295.0	100.0	2800.0	21000000	4.0745363e-09	0.26383495	-0.0014301022	-0.0017801411	0.9081546	0.0018955986	0.00076666666	49.0	4602.08949637413
175	-295.0	0.0	-295.0	-295.0	100.0	2816.0	21120000	-3.0267984e-09	0.28647715	-0.0010338266	-0.008770118	0.92609906	0.003697412	0.0249	49.0	4629.18887090683
176	-295.0	0.0	-295.0	-295.0	100.0	2832.0	21240000	-8.032657e-09	0.25706992	-0.0007386402	-0.0023590438	0.9279591	0.0025858993	0.007858333	49.0	4656.515909671783
177	-294.90314	0.3751923	-293.45	-295.0	100.0	2848.0	21360000	-1.1292286e-08	0.27074897	-0.0009840976	-0.006528469	0.9843453	0.0050698672	0.018566666	49.0	4683.7476127147675
178	-295.00626	0.024207624	-295.0	-295.1	100.0	2864.0	21480000	9.313226e-09	0.28049633	-0.00094578916	-0.0042570196	0.92392355	0.003562159	0.01505	49.0	4710.931190729141
179	-295.0	0.0	-295.0	-295.0	100.0	2880.0	21600000	-2.3283064e-10	0.27520168	-0.00083920883	-0.0033915527	0.9302336	0.0028275428	0.012391667	49.0	4738.036186218262
180	-295.0	0.0	-295.0	-295.0	100.0	2896.0	21720000	-1.7462298e-10	0.26670235	-0.0007805153	-0.004294103	0.92683125	0.005066068	0.009	49.0	4765.264908075333
181	-295.0	0.0	-295.0	-295.0	100.0	2912.0	21840000	-1.1641532e-08	0.2934357	-0.0011685342	-0.029750213	0.9033574	0.0026729123	0.015175	49.0	4792.380600452423
182	-295.0	0.0	-295.0	-295.0	100.0	2928.0	21960000	-7.450581e-09	0.3021371	-0.000737689	-0.009449691	0.8998264	0.0015676598	0.0020583333	49.0	4819.640654563904
183	-295.0	0.0	-295.0	-295.0	100.0	2944.0	22080000	-4.1909516e-09	0.28981796	-0.00094629393	-0.008735072	0.8781165	0.0034370914	0.0061666667	49.0	4846.795042514801
184	-295.00626	0.024207624	-295.0	-295.1	100.0	2960.0	22200000	9.313226e-10	0.2800262	-0.00076949113	-0.006160915	0.86634415	0.002385158	0.0050083334	49.0	4874.002727270126
185	-295.0	0.0	-295.0	-295.0	100.0	2976.0	22320000	-5.5879354e-09	0.28230423	-0.001100653	-0.0142872445	0.8823525	0.004546743	0.015741667	49.0	4901.202001571655
186	-295.00626	0.024207624	-295.0	-295.1	100.0	2992.0	22440000	3.958121e-09	0.29363656	-0.0010229	-0.013418153	0.84627885	0.003386381	0.010108333	49.0	4928.465237855911
187	-295.0	0.0	-295.0	-295.0	100.0	3008.0	22560000	-3.0267984e-09	0.28185683	-0.0010082539	-0.0060983077	0.8148062	0.0020110426	0.00645	49.0	4956.185018062592
188	-295.00626	0.024207624	-295.0	-295.1	100.0	3024.0	22680000	2.0954758e-09	0.28288978	-0.0010500997	-0.004227653	0.84117454	0.0019123006	0.0055583334	49.0	4983.4898591041565
189	-295.0	0.0	-295.0	-295.0	100.0	3040.0	22800000	4.656613e-10	0.28475508	-0.00090525066	-0.014294196	0.8851029	0.0034948243	0.006575	49.0	5010.84321641922
190	-294.74063	0.702499	-292.5	-295.0	100.0	3056.0	22920000	4.5401976e-09	0.2867605	-0.0011004083	-0.007676469	0.85101366	0.0024933266	0.011025	49.0	5038.31231045723
191	-294.85938	0.5446383	-292.75	-295.0	100.0	3072.0	23040000	-2.910383e-09	0.30216408	-0.0010140083	-0.007864997	0.8496723	0.002962266	0.009466667	49.0	5065.714689016342
192	-295.0	0.0	-295.0	-295.0	100.0	3088.0	23160000	1.8626451e-09	0.2732354	-0.00091295375	-0.0037171487	0.8311125	0.0024883538	0.0153	49.0	5093.033382892609
193	-295.0	0.0	-295.0	-295.0	100.0	3104.0	23280000	1.21071935e-08	0.26779127	-0.001012639	-0.0036159456	0.8464252	0.0019237604	0.006175	49.0	5120.346598863602
194	-295.0	0.0	-295.0	-295.0	100.0	3120.0	23400000	5.820766e-09	0.26887208	-0.0010022209	-0.0039641857	0.8584576	0.0016299705	0.0052833334	49.0	5147.6535749435425
195	-294.64688	0.7675964	-292.30002	-295.0	100.0	3136.0	23520000	-7.916242e-09	0.2884525	-0.000931277	-0.0108166225	0.8380578	0.0013614118	0.005791667	49.0	5175.06995344162
196	-294.55	0.7834212	-292.25	-295.1	100.0	3152.0	23640000	-4.656613e-10	0.27028286	-0.0010850963	-0.003040528	0.8286618	0.0028077266	0.007358333	49.0	5202.389064311981
197	-294.9125	0.33888456	-293.6	-295.0	100.0	3168.0	23760000	1.0884833e-08	0.26438734	-0.0012762859	-0.004461812	0.83737016	0.001794772	0.009658334	49.0	5229.7437562942505
198	-294.95312	0.18154609	-294.25	-295.0	100.0	3184.0	23880000	1.3969839e-09	0.267433	-0.0013061939	-0.0082919635	0.8325939	0.0028625233	0.024799999	49.0	5255.777734279633
199	-295.0	0.0	-295.0	-295.0	100.0	3200.0	24000000	-9.778887e-09	0.2637258	-0.00051234366	-0.004124485	0.7896857	0.0029885424	0.03356667	49.0	5281.889701604843
200	-295.00626	0.024207624	-295.0	-295.1	100.0	3216.0	24120000	-1.4901161e-08	0.26189572	-0.0011307986	-0.0040914007	0.80921835	0.003036229	0.013583333	49.0	5308.050847768784
201	-294.85312	0.5688459	-292.65	-295.0	100.0	3232.0	24240000	-3.7252903e-09	0.27791464	-0.0007499376	-0.012781432	0.8169439	0.0021375972	0.0039083334	49.0	5334.2041919231415
202	-295.00626	0.024207624	-295.0	-295.1	100.0	3248.0	24360000	-2.4447218e-09	0.26775056	-0.0012279461	-0.003880754	0.85828185	0.0031912776	0.01585	49.0	5360.331923961639
203	-295.0	0.035357498	-294.9	-295.1	100.0	3264.0	24480000	-3.958121e-09	0.28110892	-0.0012573318	-0.0044820346	0.87535256	0.003066909	0.009883333	49.0	5386.30775308609
204	-294.80624	0.5736066	-292.65	-295.0	100.0	3280.0	24600000	-7.3341653e-09	0.2809707	-0.0010747808	-0.004410252	0.9142787	0.0034689559	0.0056166667	49.0	5412.351979494095
205	-295.0	0.0	-295.0	-295.0	100.0	3296.0	24720000	-9.313226e-10	0.27116826	-0.0012599621	-0.008609373	0.86999875	0.0033250893	0.014833333	49.0	5438.291835308075
206	-294.90314	0.3751923	-293.45	-295.0	100.0	3312.0	24840000	-4.4237822e-09	0.2822619	-0.00087185437	-0.0037568714	0.9250118	0.0013924199	0.003425	49.0	5464.349673271179
207	-295.0	0.0	-295.0	-295.0	100.0	3328.0	24960000	6.519258e-09	0.28854552	-0.0014918705	-0.013623536	0.9284884	0.0037916983	0.009416667	49.0	5490.319111585617
208	-295.0094	0.026334807	-295.0	-295.1	100.0	3344.0	25080000	-3.7252903e-09	0.28689402	-0.0015237541	-0.0074917376	0.9502462	0.0030159208	0.01365	49.0	5516.363536119461
209	-294.825	0.70400506	-292.1	-295.1	100.0	3360.0	25200000	3.259629e-09	0.26870045	-0.0009277938	-0.0027169846	0.9676808	0.002922107	0.007883334	49.0	5542.500563621521
210	-294.72186	0.7314286	-292.25	-295.1	100.0	3376.0	25320000	-1.2805685e-09	0.2746437	-0.0010761336	-0.004545141	0.9661894	0.0030718842	0.0065083336	49.0	5568.588288068771
211	-294.78125	0.8092981	-291.65	-295.0	100.0	3392.0	25440000	1.8626451e-09	0.29233617	-0.0009493932	-0.00640231	0.9226443	0.003248773	0.008083333	49.0	5594.530006885529
212	-294.6	0.9180494	-292.35	-295.45	100.0	3408.0	25560000	-2.6193447e-10	0.25361383	-0.0012615304	-0.0038654972	0.89117944	0.0026528584	0.007275	49.0	5620.3969984054565
213	-294.78125	0.5516642	-292.85	-295.0	100.0	3424.0	25680000	-5.122274e-09	0.28532314	-0.0012662491	-0.025452051	0.9023916	0.0034571863	0.008716667	49.0	5646.23220872879
214	-294.85312	0.56994367	-292.65	-295.1	100.0	3440.0	25800000	1.21071935e-08	0.28367972	-0.0013629656	-0.0107806735	0.9331635	0.0022816397	0.012	49.0	5672.127229452133
215	-294.95	0.19364621	-294.2	-295.0	100.0	3456.0	25920000	5.180482e-09	0.28846154	-0.0009945129	-0.0057125427	0.9066653	0.0018276132	0.0058583333	49.0	5698.190265417099
