Episode	TestRet	TestSteps	AverageEpRet	StdEpRet	MaxEpRet	MinEpRet	EpLen	Time
50	-280.00000417232513	100.0	-276.16803	17.239359	-241.6	-315.7	100.0	7 min 52 sec
100	-250.40000537410378	100.0	-275.632	46.98144	-238.55	-531.10004	100.0	16 min 29 sec
150	-203.10000417008996	100.0	-280.61905	86.3367	-177.1	-663.80005	100.0	25 min 19 sec
200	-334.70000975206494	100.0	-272.561	99.31894	-112.600006	-666.15	100.0	34 min 10 sec
250	-361.0000115856528	100.0	-255.15102	99.8114	-68.9	-621.15	100.0	42 min 56 sec
300	-394.86501269005237	100.0	-227.665	97.12561	-66.850006	-677.0	100.0	51 min 21 sec
350	-746.7000290416181	100.0	-215.372	133.27751	103.99999	-678.75	100.0	1 h 0 min
400	-146.90000510588288	100.0	-146.85301	188.42099	563.0	-495.2	100.0	1 h 8 min
450	-512.5000207163393	100.0	-109.13601	158.60423	448.75	-468.05002	100.0	1 h 17 min
500	-460.8000163063407	100.0	45.67699	251.5102	826.75	-417.30002	100.0	1 h 26 min
550	-133.50002141669393	100.0	272.978	290.5325	1009.64996	-247.95001	100.0	1 h 35 min
600	106.09997940436006	100.0	656.73193	437.0885	1455.0	-105.500015	100.0	1 h 44 min
650	637.7999806925654	100.0	909.407	377.5782	1616.6	-24.900005	100.0	1 h 53 min
700	289.79997655004263	100.0	1178.6631	324.99774	1604.25	315.6	100.0	2 h 2 min
750	1278.2999837063253	100.0	1237.821	335.10217	1647.5	368.9	100.0	2 h 11 min
800	1584.6099921159446	100.0	1256.4999	350.79276	1600.4	78.549995	100.0	2 h 20 min
850	1488.889993645996	100.0	1236.761	367.8491	1651.05	62.79999	100.0	2 h 29 min
900	1607.3999919444323	100.0	1244.8921	379.8862	1662.4	314.85	100.0	2 h 37 min
950	1606.8999925367534	100.0	1204.224	380.1573	1646.85	419.6	100.0	2 h 46 min
1000	1576.1999907791615	100.0	1284.551	397.3134	1659.05	-168.70001	100.0	2 h 55 min
1050	1565.99999307096	100.0	1202.3491	374.89713	1607.1	274.94998	100.0	3 h 3 min
1100	1588.7999913208187	100.0	1273.707	356.60876	1643.3	40.549995	100.0	3 h 12 min
1150	1451.0999931432307	100.0	1306.2379	328.31082	1657.5	342.94998	100.0	3 h 20 min
1200	1546.6049919709562	100.0	1217.527	376.9812	1600.7	251.55	100.0	3 h 29 min
1250	1087.9999817311764	100.0	1185.853	400.50412	1652.7	183.09999	100.0	3 h 37 min
1300	1559.0999920405447	100.0	1205.886	356.84726	1587.9	458.19998	100.0	3 h 46 min
1350	1605.049993623048	100.0	1266.965	359.0147	1629.5	180.8	100.0	3 h 54 min
1400	1521.1999910250306	100.0	1260.008	367.5982	1620.7	236.4	100.0	4 h 3 min
1450	1602.9199935365468	100.0	1177.732	391.77512	1603.65	298.1	100.0	4 h 11 min
1500	1546.499994147569	100.0	1277.1371	328.2439	1608.7	421.25	100.0	4 h 20 min
1550	1470.999992877245	100.0	1086.88	442.47415	1620.5	272.4	100.0	4 h 28 min
1600	1550.899992223829	100.0	1224.9711	346.15845	1585.45	224.8	100.0	4 h 37 min
1650	1511.4999919459224	100.0	1090.077	353.56238	1573.4	354.25	100.0	4 h 45 min
1700	1473.5999935865402	100.0	1124.109	395.61722	1576.55	303.1	100.0	4 h 54 min
1750	1464.4999910481274	100.0	1109.449	392.24835	1510.15	-197.75	100.0	5 h 2 min
1800	1541.6999945294112	100.0	1146.381	364.40482	1563.65	359.2	100.0	5 h 10 min
1850	1544.199993211776	100.0	1155.6589	371.84576	1539.2	194.0	100.0	5 h 19 min
1900	1293.8349950924517	100.0	1240.073	334.72562	1568.1	202.65	100.0	5 h 27 min
1950	1510.7499927580357	100.0	1112.835	371.69437	1524.55	187.8	100.0	5 h 35 min
2000	1463.6999923791736	100.0	1099.336	371.69357	1513.3	-142.6	100.0	5 h 44 min
2050	1421.2999888770282	100.0	1046.924	381.1061	1558.55	176.3	100.0	5 h 52 min
2100	1410.6999897025526	100.0	1029.915	421.88422	1490.65	-160.45	100.0	6 h 1 min
2150	1455.3299920655786	100.0	1093.119	378.45532	1485.4	115.549995	100.0	6 h 9 min
2200	1335.3499903362244	100.0	1048.999	304.38547	1460.25	396.15	100.0	6 h 17 min
2250	1055.1699981003999	100.0	1038.302	332.7961	1476.45	358.95	100.0	6 h 25 min
2300	1424.6599886778743	100.0	1074.2911	349.40607	1489.6	178.59999	100.0	6 h 34 min
2350	1463.4999898932874	100.0	1087.788	384.30362	1459.05	-133.85	100.0	6 h 42 min
2400	1381.579990683496	100.0	1001.725	417.4692	1486.25	-82.850006	100.0	6 h 51 min
2450	1447.7549915470183	100.0	1028.814	383.25522	1508.45	-189.40001	100.0	6 h 59 min
2500	1430.2999902665615	100.0	977.908	383.42685	1498.1	109.149994	100.0	7 h 8 min
2550	1479.4999949224293	100.0	940.54	411.3062	1483.05	76.0	100.0	7 h 16 min
2600	1430.669991740957	100.0	991.78406	393.65985	1500.2	237.8	100.0	7 h 24 min
2650	1451.6499934829772	100.0	939.815	429.6131	1455.7	-44.400005	100.0	7 h 33 min
2700	1407.5999929830432	100.0	1047.3141	335.4042	1460.55	175.2	100.0	7 h 41 min
2750	1322.5999930910766	100.0	1024.877	337.4106	1476.0	243.34999	100.0	7 h 49 min
2800	1181.299993699044	100.0	1047.437	362.39154	1450.95	100.149994	100.0	7 h 58 min
2850	1277.6199946381153	100.0	976.5101	416.78134	1495.55	-163.25	100.0	8 h 6 min
2900	1349.0499888323247	100.0	866.18896	408.27164	1439.45	-196.8	100.0	8 h 14 min
2950	1402.8999901719392	100.0	939.1161	340.17316	1426.9	186.95	100.0	8 h 23 min
3000	1142.9999850466847	100.0	1078.0972	321.81808	1430.45	313.35	100.0	8 h 31 min
3050	1277.0999897383153	100.0	938.645	360.85992	1438.15	34.1	100.0	8 h 39 min
3100	1365.4999933503568	100.0	860.346	387.97913	1438.6	138.5	100.0	8 h 48 min
3150	1376.7099924892186	100.0	998.15	356.75522	1447.6	-236.95001	100.0	8 h 56 min
3200	1137.8649954862892	100.0	977.961	349.26584	1404.05	184.9	100.0	9 h 5 min
3250	1423.7499929368496	100.0	922.459	407.1751	1443.4	-239.90001	100.0	9 h 13 min
3300	1172.1999832838774	100.0	911.919	306.93027	1439.85	174.05	100.0	9 h 21 min
3350	942.0899927321822	100.0	936.353	351.8107	1462.9	29.499996	100.0	9 h 29 min
3400	1421.099991824478	100.0	983.75696	332.37122	1382.9	198.25	100.0	9 h 38 min
3450	1272.3999938480556	100.0	1031.31	360.2338	1467.55	-168.0	100.0	9 h 46 min
3500	1190.1999940782785	100.0	1001.82306	316.58575	1509.95	197.34999	100.0	9 h 55 min
3550	1376.8799951680005	100.0	913.303	311.62222	1391.9	184.75	100.0	10 h 3 min
3600	1367.9499932266772	100.0	1076.3369	360.3325	1532.65	219.5	100.0	10 h 12 min
3650	1456.2999912388623	100.0	1020.04205	392.33542	1517.2	-120.450005	100.0	10 h 20 min
3700	972.9999804124236	100.0	990.72406	445.74255	1498.0	-256.0	100.0	10 h 29 min
3750	1401.7999903410673	100.0	1003.1941	445.09726	1487.9	-222.85	100.0	10 h 37 min
3800	1430.3999878764153	100.0	978.50903	395.26202	1481.35	78.35	100.0	10 h 46 min
3850	1248.3999867238103	100.0	990.55493	411.47684	1512.45	14.5999975	100.0	10 h 54 min
3900	1420.299989130348	100.0	1092.8059	410.3436	1592.0	283.15	100.0	11 h 3 min
3950	1493.5499908216298	100.0	992.51404	482.10233	1534.7	-232.2	100.0	11 h 11 min
4000	1258.1999829635024	100.0	938.7949	430.92014	1551.6	161.65	100.0	11 h 20 min
4050	1490.1499907113612	100.0	1087.612	389.15237	1641.85	166.09999	100.0	11 h 28 min
4100	1386.1199874557556	100.0	945.42096	505.1333	1572.85	-124.05	100.0	11 h 37 min
4150	1484.64998960495	100.0	1072.5919	455.89954	1597.3	-276.55002	100.0	11 h 46 min
4200	831.0299953255802	100.0	1068.438	475.05072	1577.25	134.65	100.0	11 h 54 min
4250	1355.2999867536128	100.0	1145.8771	338.7974	1556.65	359.9	100.0	12 h 2 min
4300	1499.099991042167	100.0	1070.55	418.63257	1575.3	-14.850003	100.0	12 h 11 min
4350	1575.199991300702	100.0	1066.865	434.70105	1620.55	79.049995	100.0	12 h 20 min
4400	1320.1999879777431	100.0	1044.929	440.7706	1602.95	86.049995	100.0	12 h 28 min
4450	1457.7999890446663	100.0	1142.037	418.44257	1552.1	138.4	100.0	12 h 37 min
4500	1335.6499870941043	100.0	958.43005	538.9885	1613.25	-25.200005	100.0	12 h 46 min
4550	1558.2999909035861	100.0	1043.754	449.57227	1595.25	-11.650004	100.0	12 h 54 min
4600	1488.5999920144677	100.0	1122.908	461.62808	1626.15	163.45	100.0	13 h 3 min
4650	1490.3999896422029	100.0	1107.316	452.68753	1623.6	-33.300003	100.0	13 h 11 min
4700	1259.4999852515757	100.0	1173.479	422.64648	1606.5	-1.1000042	100.0	13 h 20 min
4750	1409.3999902158976	100.0	1191.321	364.15515	1577.9	110.45	100.0	13 h 29 min
4800	1474.8999885730445	100.0	1064.3411	477.96622	1587.8	-27.450005	100.0	13 h 37 min
4850	1471.999991208315	100.0	1136.644	439.2395	1579.5	77.9	100.0	13 h 45 min
4900	1579.1999923624098	100.0	1075.828	422.46094	1593.85	337.15	100.0	13 h 53 min
4950	1601.8999935947359	100.0	1110.07	443.80704	1608.8	-161.5	100.0	14 h 1 min
5000	1466.6999904997647	100.0	1214.9501	415.5698	1604.0	282.4	100.0	14 h 9 min
5050	1475.599990066141	100.0	994.7219	471.25967	1588.8	25.649998	100.0	14 h 17 min
5100	1488.3999910354614	100.0	985.642	447.802	1613.5	-60.850002	100.0	14 h 25 min
5150	1564.69999172166	100.0	965.984	521.50354	1606.65	-128.20001	100.0	14 h 33 min
5200	1379.2999888062477	100.0	1036.008	459.1405	1635.65	19.699997	100.0	14 h 41 min
5250	1563.6999912969768	100.0	943.031	468.9062	1598.7	-27.100004	100.0	14 h 49 min
5300	1498.2999903224409	100.0	1137.068	465.08292	1640.15	140.15	100.0	14 h 57 min
5350	1558.3999918997288	100.0	1124.704	410.22888	1579.2	133.3	100.0	15 h 5 min
5400	1559.4999941922724	100.0	1091.356	483.10373	1659.15	-79.05	100.0	15 h 13 min
5450	1521.599990285933	100.0	964.8981	517.2668	1641.95	-188.15001	100.0	15 h 21 min
5500	1572.8999919705093	100.0	1058.8091	481.7497	1619.2	-203.20001	100.0	15 h 29 min
5550	1542.0999899245799	100.0	1077.648	447.7711	1592.7	-12.450005	100.0	15 h 37 min
5600	1472.399988554418	100.0	1095.727	500.71643	1638.05	49.899998	100.0	15 h 45 min
5650	1493.0999878533185	100.0	1147.619	403.74118	1623.5	49.249996	100.0	15 h 53 min
5700	1401.9999881610274	100.0	1016.0781	485.67416	1571.6	-180.35	100.0	16 h 0 min
5750	1542.2999910153449	100.0	1022.59094	435.15024	1574.8	191.15	100.0	16 h 8 min
5800	1604.8999925889075	100.0	1170.112	432.64108	1656.35	-7.300005	100.0	16 h 16 min
5850	1419.3999888002872	100.0	987.65906	493.06375	1632.55	-148.6	100.0	16 h 23 min
5900	1509.999991901219	100.0	1124.239	470.73535	1637.15	29.249996	100.0	16 h 31 min
5950	1594.6999936811626	100.0	1154.203	480.41342	1628.45	126.1	100.0	16 h 39 min
6000	1053.8999930307268	100.0	1141.719	453.38602	1631.4	37.949997	100.0	16 h 46 min
6050	1481.2999906651676	100.0	1122.713	446.4785	1612.6	11.799995	100.0	16 h 54 min
6100	1558.099991288036	100.0	983.43	471.9177	1641.05	-46.750004	100.0	17 h 1 min
6150	1584.4999910853803	100.0	997.84393	510.85422	1632.4	-136.5	100.0	17 h 9 min
6200	1663.8999938182533	100.0	1171.816	459.48157	1636.45	43.899998	100.0	17 h 17 min
6250	1627.499993238598	100.0	1181.4929	457.39227	1687.4	49.549995	100.0	17 h 25 min
6300	1468.7899883940815	100.0	1124.2119	488.20844	1650.1	157.15	100.0	17 h 32 min
6350	1004.1999840661883	100.0	1176.259	466.90262	1655.95	-72.950005	100.0	17 h 40 min
6400	1508.8999905698001	100.0	1001.2939	495.5024	1598.75	-9.600005	100.0	17 h 47 min
6450	1470.9999894499779	100.0	1139.721	466.69916	1648.8	71.149994	100.0	17 h 55 min
6500	1537.8999942578375	100.0	940.807	525.0486	1619.05	-6.450005	100.0	18 h 2 min
6550	1511.5999899357557	100.0	970.8909	464.3143	1577.3	5.0999956	100.0	18 h 10 min
6600	1322.099985461682	100.0	1059.396	517.4378	1634.95	56.449997	100.0	18 h 17 min
6650	1555.1999913156033	100.0	1128.633	452.11777	1636.2	-150.15001	100.0	18 h 25 min
6700	1606.0999925620854	100.0	1206.916	430.90308	1634.85	42.749996	100.0	18 h 33 min
6750	1485.9999881461263	100.0	1057.8159	467.48276	1648.6	-113.8	100.0	18 h 40 min
6800	1619.4999941401184	100.0	1066.89	457.30795	1621.35	76.25	100.0	18 h 48 min
6850	1488.49998915568	100.0	1136.407	452.2929	1640.45	141.09999	100.0	18 h 55 min
6900	1595.8999928422272	100.0	1041.034	446.51715	1622.35	24.149994	100.0	19 h 3 min
6950	1563.3999925553799	100.0	1057.8169	530.8033	1621.3	-159.45001	100.0	19 h 10 min
7000	1520.5999895110726	100.0	974.91907	484.35278	1590.8	-26.500004	100.0	19 h 17 min
7050	1575.7999914437532	100.0	1077.19	482.616	1606.6	-252.70001	100.0	19 h 25 min
7100	1543.8999911658466	100.0	1099.517	518.80054	1621.1	-80.200005	100.0	19 h 33 min
7150	1523.6999905519187	100.0	1003.62695	518.13824	1651.7	-110.100006	100.0	19 h 40 min
7200	1562.4999929480255	100.0	928.511	464.42972	1640.4	203.7	100.0	19 h 47 min
7250	1577.999992787838	100.0	1046.554	464.86166	1628.2	115.2	100.0	19 h 55 min
7300	1467.9999907240272	100.0	1182.1781	483.6634	1619.2	163.45	100.0	20 h 3 min
7350	1546.199989899993	100.0	1151.2778	474.44803	1651.4	111.34999	100.0	20 h 10 min
7400	1601.6999926827848	100.0	1014.401	516.66296	1672.0	9.349995	99.78	20 h 18 min
7450	1604.5499920919538	100.0	1085.4441	503.94208	1596.35	-111.700005	100.0	20 h 25 min
7500	1412.0999885760248	100.0	1045.808	524.0802	1636.35	-12.200005	100.0	20 h 33 min
7550	1536.099990669638	100.0	1036.9281	503.22986	1615.75	-153.90001	100.0	20 h 40 min
7600	1434.5999879911542	100.0	1021.96906	520.11743	1610.95	44.099995	100.0	20 h 47 min
7650	1602.2999933324754	100.0	1013.497	502.58105	1645.7	17.699995	100.0	20 h 55 min
7700	1583.5999919176102	100.0	1160.1641	485.72333	1663.45	71.049995	100.0	21 h 2 min
7750	1460.2999884746969	100.0	1076.17	538.19745	1633.3	-204.75002	100.0	21 h 10 min
7800	1546.2999920137227	100.0	1076.239	514.505	1624.05	-13.150004	100.0	21 h 18 min
7850	1462.29998710379	100.0	1228.145	399.80707	1606.1	95.549995	100.0	21 h 25 min
7900	1580.7999920994043	100.0	1070.295	555.9156	1656.5	-246.40001	100.0	21 h 33 min
7950	1574.6999909467995	100.0	1143.129	523.9421	1649.4	-62.000004	100.0	21 h 40 min
8000	1564.1999907270074	100.0	1150.724	490.43674	1637.6	-120.700005	100.0	21 h 48 min
8050	1537.2999898530543	100.0	1137.5951	494.57007	1668.15	-12.150005	100.0	21 h 56 min
8100	1605.9999936968088	100.0	1197.381	459.57922	1626.3	-121.90001	100.0	22 h 3 min
8150	1530.0999898724258	100.0	1040.302	571.7382	1642.1	-200.25	100.0	22 h 11 min
8200	1588.8999930508435	100.0	1005.85596	544.9234	1645.95	-204.05	100.0	22 h 18 min
8250	1553.1999916508794	100.0	1187.579	452.14493	1667.8	64.299995	100.0	22 h 25 min
8300	1583.8999918214977	100.0	1115.664	497.7136	1641.35	-14.450004	100.0	22 h 33 min
8350	1672.7999942153692	100.0	1156.104	490.527	1660.35	37.199997	100.0	22 h 41 min
8400	1429.4999864287674	100.0	1072.1691	433.86237	1639.4	49.1	100.0	22 h 48 min
8450	1628.7999937906861	100.0	1067.509	475.4692	1661.8	186.55	100.0	22 h 55 min
8500	1662.4999941177666	100.0	1115.7789	502.1838	1639.2	-29.100004	100.0	23 h 3 min
8550	1621.5999934151769	100.0	1107.015	469.03937	1669.45	2.2499945	100.0	23 h 10 min
8600	1629.0999938510358	100.0	1085.489	486.88254	1640.25	54.049995	100.0	23 h 17 min
8650	1648.699994277209	100.0	1124.838	523.6621	1655.6	-102.9	100.0	23 h 25 min
8700	1580.5999908819795	100.0	946.949	548.1358	1681.2	-30.100004	100.0	23 h 32 min
8750	1619.5999939665198	100.0	1121.5509	477.94632	1638.1	38.749992	100.0	23 h 40 min
8800	1546.7999895587564	100.0	1059.7699	488.6404	1636.35	132.95	100.0	23 h 47 min
8850	1682.9999927729368	88.0	1203.776	469.50012	1634.95	-154.90001	100.0	23 h 55 min
8900	1570.9999929070473	100.0	1129.4039	543.5122	1676.45	-139.5	100.0	24 h 2 min
8950	1596.1999925523996	100.0	1124.5249	557.8243	1667.3	-42.700005	100.0	24 h 10 min
9000	1533.5499931313097	100.0	1013.6211	546.9299	1651.1	77.6	100.0	24 h 17 min
9050	1633.8999935723841	100.0	1071.7211	523.6519	1625.15	-79.25001	100.0	24 h 24 min
9100	1143.8299940232187	100.0	1071.7439	496.00043	1673.35	-98.350006	100.0	24 h 31 min
9150	1436.599984511733	100.0	1178.8682	510.95557	1675.1	111.1	100.0	24 h 39 min
9200	1348.2249921206385	100.0	1119.367	488.17664	1649.25	22.499994	100.0	24 h 46 min
9250	1591.4999931193888	100.0	1121.7891	510.80267	1640.9	43.749992	100.0	24 h 54 min
9300	1664.5999942943454	100.0	1129.022	536.234	1662.3	-19.550003	100.0	25 h 1 min
9350	1541.7999914959073	100.0	1085.965	488.67102	1679.8	43.999992	99.96	25 h 8 min
9400	1617.8999927602708	100.0	1048.174	513.73224	1655.0	-88.850006	100.0	25 h 16 min
9450	1610.3999927863479	100.0	1091.547	525.26086	1672.6	-113.200005	100.0	25 h 23 min
9500	1330.39998793602	100.0	1100.9929	508.9287	1666.8	-130.15001	100.0	25 h 31 min
9550	1577.5999902635813	100.0	986.59	553.6513	1651.9	-60.300007	100.0	25 h 38 min
9600	1575.099991824478	100.0	1131.991	526.12415	1638.9	-47.350006	100.0	25 h 45 min
9650	1617.0999923460186	100.0	1073.119	546.62164	1636.5	-259.7	100.0	25 h 53 min
9700	1618.2999928034842	100.0	1128.249	516.5696	1665.45	84.15	100.0	26 h 0 min
9750	1590.7999921366572	100.0	1110.311	484.398	1667.15	-124.700005	100.0	26 h 8 min
9800	805.2299946323037	100.0	1118.647	560.71814	1665.9	-42.250008	100.0	26 h 15 min
9850	1628.5999933853745	100.0	1207.713	486.0382	1690.65	138.75	100.0	26 h 23 min
9900	1618.3999932482839	100.0	1233.8461	435.20963	1673.75	272.95	100.0	26 h 30 min
9950	1768.5999959856272	76.0	1154.217	563.9314	1670.05	-16.700005	100.0	26 h 37 min
10000	1687.699993956834	97.0	1001.32306	512.82263	1645.95	65.4	100.0	26 h 45 min
10050	1566.4999923445284	100.0	1076.015	535.1744	1669.75	-116.50001	100.0	26 h 52 min
10100	1577.0999929085374	100.0	1085.379	515.5364	1662.7	185.65	100.0	26 h 59 min
10150	1527.2999889142811	100.0	1041.4921	501.29382	1663.4	199.55	100.0	27 h 7 min
10200	1647.299993481487	100.0	1063.483	561.31494	1671.65	-16.600006	100.0	27 h 14 min
10250	1663.9999934732914	100.0	993.611	490.63437	1636.75	34.299995	100.0	27 h 22 min
10300	1627.4999928884208	100.0	1069.504	555.91864	1705.55	-230.90001	99.96	27 h 29 min
10350	1634.6999945156276	100.0	1032.991	524.34863	1663.05	24.199997	100.0	27 h 36 min
10400	1599.2999931760132	100.0	1018.11993	538.56586	1692.75	-52.800003	100.0	27 h 44 min
10450	1598.799993082881	100.0	1125.006	521.31696	1678.35	-88.25	100.0	27 h 51 min
10500	1635.0999938957393	100.0	1128.195	538.4401	1747.0	105.299995	99.46	27 h 59 min
10550	1660.099994149059	100.0	1031.114	542.7823	1667.65	-3.6500058	100.0	28 h 6 min
10600	1631.6999931894243	100.0	1178.677	518.9127	1667.7	2.0499952	100.0	28 h 14 min
10650	1541.0999918989837	100.0	1115.27	553.8341	1674.05	69.799995	100.0	28 h 21 min
10700	1602.9499928578734	100.0	1172.025	543.973	1664.05	-38.100006	100.0	28 h 29 min
10750	1632.4999922700226	100.0	1137.8159	526.1473	1685.45	30.449997	100.0	28 h 36 min
10800	1611.6499930173159	100.0	1136.949	477.21613	1666.45	58.699997	100.0	28 h 44 min
10850	1601.9999931491911	100.0	990.882	598.9234	1666.35	-129.20001	100.0	28 h 51 min
10900	1618.7999924346805	100.0	935.123	565.56226	1648.05	-89.600006	100.0	28 h 58 min
10950	1574.199991684407	100.0	1125.745	500.69885	1649.4	17.549995	100.0	29 h 6 min
11000	1592.649994250387	100.0	1179.789	564.2428	1668.75	-38.350002	100.0	29 h 13 min
11050	1597.299991313368	100.0	1155.475	513.04425	1667.5	14.999994	100.0	29 h 21 min
11100	1530.4999900273979	100.0	1066.805	493.75217	1661.7	72.649994	100.0	29 h 28 min
11150	1579.499991670251	100.0	1067.469	567.553	1648.6	60.349995	100.0	29 h 36 min
11200	1657.2999947927892	100.0	1164.3749	507.49222	1652.3	28.799997	100.0	29 h 43 min
11250	1554.1499898806214	100.0	1240.8821	460.86142	1670.9	286.5	100.0	29 h 51 min
11300	1653.0999944843352	100.0	1133.621	498.9262	1669.8	82.74999	100.0	29 h 58 min
11350	1306.5499913580716	100.0	1193.905	450.88327	1661.85	195.5	100.0	30 h 6 min
11400	1602.5999910831451	100.0	1280.336	445.39606	1650.6	126.84999	100.0	30 h 14 min
11450	1523.0999921001494	100.0	1121.172	483.34033	1681.5	12.649996	100.0	30 h 21 min
11500	1559.4099933356047	100.0	1046.711	480.9699	1645.3	186.34999	100.0	30 h 28 min
11550	1619.6999935992062	100.0	1117.2141	540.12756	1653.55	121.95	100.0	30 h 36 min
11600	1644.2999945543706	100.0	1071.799	580.8737	1663.25	-80.700005	100.0	30 h 43 min
11650	1592.5999919474125	100.0	1133.697	546.44543	1675.4	-118.850006	100.0	30 h 51 min
11700	1636.7499933205545	100.0	1229.2561	420.68262	1648.35	332.0	100.0	30 h 58 min
11750	1589.7999928742647	100.0	1146.7319	466.79572	1652.3	100.549995	100.0	31 h 4 min
11800	1641.4499936327338	100.0	989.9611	544.6847	1664.6	-126.200005	99.88	31 h 10 min
11850	1591.4999910108745	100.0	1042.841	531.6568	1652.0	-144.45001	100.0	31 h 17 min
11900	1460.6999902762473	100.0	1092.8269	535.54846	1676.5	97.899994	100.0	31 h 23 min
11950	1559.099990595132	100.0	1169.0339	513.1352	1636.3	115.7	100.0	31 h 29 min
12000	1107.869990432635	100.0	1154.474	490.59512	1657.6	33.1	100.0	31 h 35 min
12050	1557.0999882929027	100.0	1033.58	483.7856	1665.55	149.55	100.0	31 h 42 min
12100	1582.699990991503	100.0	1052.6431	504.48865	1667.65	-145.20001	100.0	31 h 48 min
12150	1637.599994711578	100.0	1193.121	501.01004	1661.6	105.85	100.0	31 h 54 min
12200	1658.5999935641885	100.0	946.02594	582.2367	1648.5	-249.40001	100.0	32 h 1 min
12250	1581.949992313981	100.0	1102.078	507.6328	1662.05	52.649998	100.0	32 h 7 min
12300	1360.9899908594787	100.0	1225.282	443.9708	1643.0	90.649994	100.0	32 h 13 min
12350	1621.9999929964542	100.0	1037.519	441.33224	1641.0	74.649994	100.0	32 h 19 min
12400	1598.1999909207225	100.0	1126.9961	494.25153	1654.8	13.8499975	100.0	32 h 26 min
12450	1544.5999924317002	100.0	994.79	596.34454	1670.2	-214.75	100.0	32 h 32 min
12500	1655.599994264543	100.0	1178.892	427.90018	1661.7	30.199997	100.0	32 h 38 min
12550	1559.599988795817	100.0	1104.253	535.91815	1656.8	-14.950002	100.0	32 h 45 min
12600	1606.249993313104	100.0	1142.565	499.18433	1653.2	-155.45001	100.0	32 h 51 min
12650	1641.6999936290085	100.0	1199.6019	549.3529	1670.45	-71.4	100.0	32 h 57 min
12700	1575.399990849197	100.0	1135.4028	532.9491	1684.95	-240.3	99.84	33 h 4 min
12750	1589.0999913029373	100.0	1073.088	543.94293	1697.35	-244.15001	100.0	33 h 10 min
12800	1581.0699921056628	100.0	1083.4469	539.17535	1661.9	125.24999	100.0	33 h 16 min
12850	1684.4999953992665	100.0	1108.948	514.0394	1667.85	-86.00001	100.0	33 h 23 min
12900	1653.5499941445887	100.0	1064.4932	557.06995	1664.55	-35.4	100.0	33 h 29 min
12950	1639.3999937027693	100.0	1181.639	486.77722	1665.65	-172.90001	100.0	33 h 35 min
13000	1693.7999934405088	89.0	1162.696	498.57605	1680.45	38.349995	100.0	33 h 42 min
13050	1630.6999930553138	100.0	1139.751	469.75208	1692.8	0.3499961	100.0	33 h 48 min
13100	1634.799992389977	100.0	975.17206	559.07794	1736.6	1.8999938	99.58	33 h 54 min
13150	1569.6999902017415	100.0	1179.618	515.7382	1741.8	59.449997	99.56	34 h 0 min
13200	1449.6199927456678	100.0	1041.2959	520.7348	1662.7	48.999996	100.0	34 h 7 min
13250	1567.3999914228916	100.0	1102.062	539.0826	1691.45	96.6	100.0	34 h 13 min
13300	1609.6999923549592	100.0	923.45593	549.598	1668.8	-183.0	100.0	34 h 19 min
13350	1660.5999940857291	100.0	1145.129	555.5303	1802.5	-104.700005	99.32	34 h 26 min
13400	1636.2999929077923	100.0	1051.0769	495.30774	1660.9	41.199997	100.0	34 h 32 min
13450	1112.7999950129538	100.0	1140.65	514.9708	1679.9	33.749996	100.0	34 h 39 min
13500	1582.2499917671084	100.0	1036.388	497.87103	1659.0	-19.350006	100.0	34 h 45 min
13550	1610.199993725866	100.0	997.062	541.9375	1713.3	144.45	99.76	34 h 51 min
13600	1558.8999922536314	100.0	1006.961	609.5844	1673.85	-127.950005	99.94	34 h 57 min
13650	1617.09999146685	100.0	1183.99	524.452	1719.6	-24.400005	99.56	35 h 4 min
13700	1657.4999934844673	100.0	1204.431	527.16736	1698.6	18.049994	99.72	35 h 10 min
13750	1573.299990016967	100.0	1032.972	558.2459	1666.65	-226.65001	100.0	35 h 16 min
13800	1643.499993700534	100.0	1070.4929	574.19543	1672.1	-75.0	100.0	35 h 23 min
13850	1666.0999929346144	98.0	1050.669	517.32104	1657.4	81.45	100.0	35 h 29 min
13900	1624.3999918475747	100.0	1145.217	497.81512	1696.05	56.649994	99.86	35 h 35 min
13950	1636.0999919734895	100.0	1169.0011	498.3239	1671.7	243.05	100.0	35 h 42 min
14000	1675.0999932996929	97.0	1065.2839	590.8016	1692.1	2.499996	99.98	35 h 48 min
14050	1630.1499925404787	100.0	1294.557	466.2921	1673.9	141.05	100.0	35 h 55 min
14100	1641.3999922275543	100.0	1137.4569	497.282	1676.65	34.499996	100.0	36 h 1 min
14150	1658.7999932020903	100.0	1055.328	507.8566	1668.6	99.99999	100.0	36 h 7 min
14200	1620.1999928355217	100.0	1015.0951	590.2055	1651.3	-80.8	100.0	36 h 14 min
14250	1622.9999913349748	100.0	1055.7	526.4911	1684.9	198.59999	99.72	36 h 20 min
14300	1630.6999938450754	100.0	1136.909	489.19672	1752.6	66.649994	99.36	36 h 26 min
14350	1743.4999950937927	80.0	1057.5791	532.4033	1680.05	-134.1	100.0	36 h 33 min
14400	1290.8899933878333	100.0	1143.0099	571.0839	1728.6	-34.300007	99.2	36 h 39 min
14450	1531.8999907113612	100.0	1143.099	541.2063	1721.0	110.149994	99.4	36 h 45 min
14500	1733.7999944835901	79.0	1090.781	579.32404	1701.05	33.049995	99.3	36 h 51 min
14550	1623.2999938316643	100.0	1069.2319	554.5515	1687.05	-284.6	100.0	36 h 58 min
14600	1666.2999944388866	100.0	1074.958	523.6932	1681.3	57.699997	100.0	37 h 4 min
14650	1141.0799943611025	100.0	1109.658	555.25214	1669.5	-23.900003	99.86	37 h 10 min
14700	1596.799992956221	100.0	1028.688	530.88727	1694.2	-73.450005	100.0	37 h 16 min
14750	1551.7999910488725	100.0	1155.218	465.8788	1726.3	212.5	99.3	37 h 23 min
14800	1650.5999932140112	100.0	1129.464	549.4921	1674.3	-51.000004	100.0	37 h 29 min
