Epoch	AverageEpRet	StdEpRet	MaxEpRet	MinEpRet	EpLen	TotalEnvInteracts	LossPi	LossV	DeltaLossPi	DeltaLossV	Entropy	KL	ClipFrac	StopIter	Time
0	-114.25	5.1904764	-106.0	-126.25	80.0	2000	4.5283232e-05	2012.6627	-0.12425271	-1556.0398	3.4911466	1.0565563	0.4705	19.0	53.990830183029175
1	-111.32084	9.493406	-91.200005	-125.0	80.0	4000	0.15438612	422.40717	-0.16765636	-247.36255	3.44873	1.0659701	0.59000003	19.0	102.84809947013855
2	-112.6	8.849082	-97.450005	-129.7	80.0	6000	0.010437439	212.28247	-0.079882056	-132.16638	3.473199	1.0106063	0.468	19.0	156.33808207511902
3	-110.98751	6.7621536	-95.85	-122.05	80.0	8000	0.029458297	157.89009	-0.096644156	-97.92078	3.4783359	1.0514212	0.5105	19.0	207.9368278980255
4	-113.65625	7.1036863	-102.450005	-128.75	80.0	10000	0.14293373	149.51025	-0.14094245	-97.61356	3.4789414	0.99946636	0.671	19.0	263.86438250541687
5	-117.47083	6.6043377	-103.1	-129.6	80.0	12000	0.14093007	173.06232	-0.10560753	-122.18541	3.4740348	1.0634518	0.81949997	19.0	319.91560554504395
6	-117.112495	5.0714326	-107.25	-125.450005	80.0	14000	0.13275036	128.78807	-0.12313528	-90.19682	3.2606213	1.3943913	0.7565	19.0	375.9964756965637
7	-117.6	4.987275	-108.1	-127.15	80.0	16000	0.038625576	122.39728	-0.091172084	-81.72222	3.2375782	1.5998521	0.8035	19.0	428.9824278354645
8	-117.01459	5.9860344	-101.25	-130.8	80.0	18000	0.09097019	159.2302	-0.11281645	-111.10799	3.358059	1.2873381	0.7615	19.0	483.98883724212646
9	-116.65625	5.6436973	-105.9	-129.6	80.0	20000	0.13013275	103.79431	-0.10492532	-70.28425	3.4357371	1.1907697	0.748	19.0	539.5864343643188
10	-117.375	5.9391713	-103.1	-130.45	80.0	22000	0.17412916	157.41522	-0.18995385	-120.31878	3.1254227	1.5044299	0.7335	19.0	596.1592478752136
11	-118.86875	6.3063593	-105.450005	-129.5	80.0	24000	0.17276467	130.3227	-0.13397327	-92.693245	3.4314704	1.122982	0.756	19.0	644.1817395687103
12	-120.51459	6.6865463	-104.9	-137.2	80.0	26000	0.03631265	227.9829	-0.08926364	-175.0299	2.955491	1.5523372	0.80500007	19.0	689.0793368816376
13	-118.1875	5.28749	-108.35	-128.05	80.0	28000	0.21058005	140.2043	-0.12635246	-101.90047	3.383928	1.328984	0.77750003	19.0	739.6098809242249
14	-118.385414	4.4239283	-109.55	-127.8	80.0	30000	0.22896451	111.547104	-0.13284695	-74.29719	3.1155276	1.6278137	0.747	19.0	789.9893198013306
15	-120.21875	4.350809	-112.65	-128.45	80.0	32000	0.39542466	127.84674	-0.22682208	-93.84422	3.1017132	1.7111139	0.869	19.0	844.1744165420532
16	-121.45209	3.8556361	-114.200005	-127.4	80.0	34000	0.24563289	121.06618	-0.09771503	-90.8941	3.2427645	1.6849773	0.7915	19.0	895.0867261886597
17	-118.966675	5.2680564	-107.450005	-131.2	80.0	36000	0.30906165	115.53583	-0.117275216	-77.984665	3.3019986	1.6199584	0.83199996	19.0	948.4897427558899
18	-119.11667	5.0083413	-110.200005	-128.15001	80.0	38000	0.20288497	149.6095	-0.085012436	-115.69786	3.082015	1.8592317	0.7745	19.0	1002.9869301319122
19	-122.693756	4.6306343	-113.6	-133.25	80.0	40000	0.15633813	149.84444	-0.1034085	-111.63106	3.1898313	1.4395198	0.776	19.0	1056.8827333450317
20	-120.77293	4.7503724	-112.200005	-130.90001	80.0	42000	0.27145362	127.06931	-0.07754514	-94.55663	3.288673	1.579385	0.82949996	19.0	1108.3800177574158
21	-119.39376	4.794143	-107.75	-127.85	80.0	44000	0.2655361	97.42944	-0.1003631	-64.065315	3.3000548	1.5309587	0.79	19.0	1156.7951564788818
22	-119.94167	4.0596247	-111.55	-127.4	80.0	46000	0.19625169	99.9386	-0.08434294	-62.723522	3.331784	1.53895	0.816	19.0	1208.0222871303558
23	-119.22709	5.1466613	-110.35	-132.15001	80.0	48000	0.20239757	84.9683	-0.09549847	-60.443085	3.2793846	1.4142728	0.7935	19.0	1259.5117619037628
24	-119.82709	4.2752433	-113.15	-126.6	80.0	50000	0.16718023	112.24727	-0.08552566	-78.03867	3.2443533	1.4405544	0.7935	19.0	1309.60085105896
25	-120.1	5.690929	-109.6	-133.8	80.0	52000	0.12970944	118.56518	-0.083663076	-82.8621	3.18473	1.5648048	0.8115	19.0	1362.6339635849
26	-119.88749	5.192368	-111.1	-133.85	80.0	54000	10.403306	131.52512	-10.0796585	-97.52304	3.2577262	3.0271182	0.9985	16.0	1413.8495652675629
27	-126.6875	6.1686773	-113.25	-138.55	80.0	56000	0.09090999	897.18896	-0.00033288915	-747.40906	1.900257	1.8583872	0.8605	19.0	1473.486296415329
28	-109.293755	5.0895796	-98.85	-124.65	80.0	58000	0.25863594	159.77435	0.0	-121.116714	1.5797037	3.705125	0.68299997	0.0	1509.0901243686676
29	-110.7125	4.697279	-97.5	-119.9	80.0	60000	0.28059453	54.46753	-0.042087056	-25.063496	2.0078015	2.6597476	0.8735	19.0	1553.5796566009521
30	-110.98751	3.8840287	-104.3	-119.450005	80.0	62000	0.38041818	67.6844	-0.077360146	-34.412125	2.5129263	2.2705822	0.9055	19.0	1599.3327016830444
31	-109.74375	4.428395	-101.5	-120.6	80.0	64000	0.33289385	76.14895	-0.055902064	-40.736053	2.677887	2.2439919	0.931	19.0	1641.3124465942383
32	-110.81667	3.4362862	-103.6	-117.200005	80.0	66000	0.37159503	82.19017	-0.09705903	-37.12021	2.6313868	2.3028255	0.9475	19.0	1684.6581315994263
33	-112.458336	3.014606	-105.75	-117.700005	80.0	68000	0.7364547	65.99724	-0.42809638	-34.889076	2.5742912	2.5117357	1.0	19.0	1729.1672937870026
34	-107.375	4.815211	-98.75	-118.15	80.0	70000	1.0655441	193.83395	-0.76465833	-117.35299	2.3602433	3.0132446	0.99950004	16.0	1769.7930419445038
35	-101.31667	12.864638	-79.700005	-131.6	80.0	72000	0.46552774	120.5525	0.0	-68.566505	1.6799973	3.2185163	0.816	0.0	1804.1930303573608
36	-101.997925	11.1221485	-76.3	-122.200005	80.0	74000	0.28641033	93.01563	0.0	-43.367035	1.8504232	3.0657167	0.85249996	0.0	1837.5828731060028
37	-95.975	10.596944	-78.4	-122.05	80.0	76000	0.25994998	86.96078	0.0	-52.60549	1.8065468	3.0267062	0.814	0.0	1870.3111481666565
38	-108.75417	15.170929	-79.05	-143.15001	80.0	78000	0.43093035	110.53702	-0.02000337	-47.556778	1.857465	3.0034914	0.8455	1.0	1906.6658284664154
39	-102.86875	12.128031	-73.450005	-135.25	80.0	80000	0.52864313	109.24865	0.0	-49.598118	1.8926109	3.074369	0.8655	0.0	1942.8055803775787
40	-102.46875	11.081516	-80.1	-131.40001	80.0	82000	0.22417414	103.21536	0.0	-49.541737	1.8648899	3.110613	0.84749997	0.0	1976.8762230873108
41	-106.17917	10.811192	-84.65	-126.75	80.0	84000	0.19141775	105.298996	0.004908152	-56.50889	1.8668216	3.0002596	0.8905	6.0	2013.667029619217
42	-100.26667	11.705854	-81.850006	-121.3	80.0	86000	0.17980935	85.63309	-0.010542286	-43.203228	2.0571208	2.9419394	0.866	19.0	2049.8378188610077
43	-101.9	14.35043	-77.25	-132.55	80.0	88000	0.32572353	91.45767	-0.09872322	-55.81422	1.8098874	2.9439254	0.8945	19.0	2086.474735736847
44	-103.856255	10.191974	-81.9	-126.850006	80.0	90000	0.62557447	117.71129	0.0	-66.99107	2.0228653	3.0439029	0.84749997	0.0	2120.4189240932465
45	-105.90417	12.962172	-74.65	-139.25	80.0	92000	0.37341136	139.58998	0.0	-56.059998	1.9041574	3.2281475	0.831	0.0	2156.639086008072
46	-104.13334	10.165881	-91.5	-133.40001	80.0	94000	0.32463163	157.96942	0.0	-62.79489	1.8054426	3.2630656	0.8485	0.0	2191.6301124095917
47	-106.59583	10.836916	-80.35	-133.1	80.0	96000	0.42854565	164.81387	0.0	-57.02652	1.5896478	3.6719117	0.788	0.0	2228.7687604427338
48	-105.622925	10.908952	-82.9	-125.350006	80.0	98000	0.60598683	163.30626	0.0	-51.01774	1.169337	3.96211	0.6565	0.0	2266.636466741562
49	-105.94167	12.109335	-83.5	-129.6	80.0	100000	0.14743897	160.09377	0.0	-53.395027	1.3332288	3.7277412	0.7075	0.0	2304.2262551784515
50	-103.51459	9.923514	-81.4	-131.95	80.0	102000	0.1882842	167.9997	0.0	-45.293606	1.169232	3.9247465	0.6745	0.0	2341.0612318515778
51	-105.94375	5.887776	-92.85	-116.3	80.0	104000	0.20374529	157.30641	0.0	-42.776115	1.3589468	4.2335424	0.66050005	0.0	2378.516318321228
52	-100.17084	12.32701	-76.15	-127.8	80.0	106000	0.17219411	165.59747	0.0	-48.76915	1.1666541	4.5025463	0.62899995	0.0	2415.322236061096
53	-102.08126	10.645996	-78.700005	-122.15	80.0	108000	0.17089257	162.9537	0.0	-57.200844	1.4512398	4.220131	0.741	0.0	2451.593662261963
54	-103.87083	7.7999988	-87.85	-119.75	80.0	110000	0.16039397	161.78674	0.0	-36.181797	1.1681113	4.4423084	0.636	0.0	2489.491687774658
55	-103.28959	7.6056705	-82.200005	-114.4	80.0	112000	0.22199039	204.14674	0.0	-94.33278	1.0632635	4.486706	0.61099994	0.0	2527.627077817917
56	-103.90625	12.846023	-81.55	-129.65001	80.0	114000	0.44671074	177.09862	0.0	-94.961044	1.3321911	3.8287587	0.77349997	0.0	2562.213353395462
57	-98.45626	10.123933	-77.6	-123.15	80.0	116000	0.3413583	94.67862	0.0	-53.902332	1.5782412	3.4377544	0.7945	0.0	2596.68154668808
58	-101.475006	11.753457	-79.0	-131.0	80.0	118000	0.1967307	91.58506	0.0	-49.550224	1.685884	3.0757294	0.77750003	0.0	2628.5092730522156
59	-103.575005	10.568931	-82.950005	-122.100006	80.0	120000	0.19297624	96.994514	0.0	-58.373833	1.6362724	3.1572838	0.788	0.0	2662.3831877708435
60	-100.237495	12.917553	-69.600006	-124.100006	80.0	122000	0.16698596	91.21701	0.0	-52.44626	1.7191719	3.0911264	0.788	0.0	2697.1434857845306
61	-98.96042	10.678103	-79.0	-126.05	80.0	124000	0.5407221	70.66941	0.0	-44.845955	1.3439069	4.1430197	0.822	0.0	2729.7400753498077
62	-106.55418	12.877224	-90.0	-135.95	80.0	126000	0.12373834	111.59063	0.0	-72.90286	1.6705077	3.1733637	0.862	0.0	2764.3781039714813
63	-99.64376	12.1296835	-76.05	-124.65	80.0	128000	0.08538476	80.24515	-0.01926756	-51.40932	1.8964719	3.0032387	0.8705	5.0	2797.803243160248
64	-105.27708	17.444954	-75.850006	-159.40001	80.0	130000	0.12530866	103.20998	-0.003906662	-58.99055	1.9207478	3.001863	0.857	1.0	2830.335238456726
65	-108.185425	11.179263	-86.0	-128.95	80.0	132000	0.073936	98.957504	-0.022468615	-65.787865	2.0676563	2.7561722	0.8945	19.0	2868.7700040340424
66	-107.90208	9.573819	-83.75	-127.4	80.0	134000	0.17096594	133.41924	-0.056685403	-97.980835	1.9554918	2.911264	0.919	19.0	2908.9676439762115
67	-104.58958	9.499408	-82.700005	-118.100006	80.0	136000	0.34369105	108.71442	-0.07635915	-72.30187	2.2165024	2.878038	0.938	19.0	2947.5697231292725
68	-102.19584	7.1942525	-84.700005	-117.05	80.0	138000	0.09289161	84.12221	-0.037826203	-61.943604	2.282184	2.6019425	0.8995	19.0	2984.8411288261414
69	-100.05834	11.034667	-79.75	-120.200005	80.0	140000	0.12108934	118.27149	-0.034313224	-86.59781	2.2799482	2.8876305	0.90900004	19.0	3024.2253677845
70	-103.15625	7.787561	-87.5	-117.5	80.0	142000	0.59522545	119.95228	0.0	-89.01578	2.2189157	3.0053632	0.86249995	0.0	3058.826008796692
71	-98.28542	9.716615	-76.200005	-119.950005	80.0	144000	0.09353982	115.35455	0.0	-87.532875	2.023571	3.094983	0.867	0.0	3091.835720062256
72	-104.12083	8.707791	-87.35	-120.75	80.0	146000	0.04130471	89.92809	-0.017715473	-64.10943	2.1908627	2.984358	0.8735	19.0	3128.226270198822
73	-100.36875	7.6529384	-85.4	-114.15	80.0	148000	0.015609495	80.089516	0.0	-56.16555	2.132227	3.1303635	0.87	0.0	3163.173864364624
74	-105.91459	9.500115	-83.0	-124.55	80.0	150000	0.062364973	101.01849	0.0	-71.84996	2.0521808	3.0821502	0.8615	0.0	3198.060222864151
75	-104.40625	8.1509	-85.85	-119.350006	80.0	152000	0.25943297	89.043884	0.0	-60.870926	2.0915785	3.224839	0.87049997	0.0	3233.3467104434967
76	-105.381256	7.6320567	-86.8	-116.8	80.0	154000	0.26004684	149.41023	0.0	-115.55999	1.8633807	3.4997957	0.85599995	0.0	3268.734062194824
77	-102.012505	9.336937	-83.8	-125.950005	80.0	156000	0.26144484	130.39273	0.0	-88.34416	1.9637945	3.4050984	0.829	0.0	3302.575649023056
78	-97.575005	8.796318	-77.5	-113.700005	80.0	158000	0.29246175	93.75076	0.0	-73.01501	1.9492357	3.1980205	0.81949997	0.0	3334.3142371177673
79	-99.904175	9.153812	-82.65	-117.55	80.0	160000	0.16693866	106.67793	0.0	-75.77786	1.879509	3.478272	0.81500006	0.0	3367.2852177619934
80	-103.94584	9.69264	-88.15	-121.15	80.0	162000	0.3020997	133.57645	0.0	-97.60387	1.917398	3.4362593	0.828	0.0	3401.0878019332886
81	-103.35209	7.5187197	-81.15	-113.4	80.0	164000	0.29142696	145.09198	0.0	-106.21921	1.8840052	3.5452492	0.8215	0.0	3436.6044416427612
82	-101.88959	9.334746	-84.8	-119.0	80.0	166000	0.102591544	129.4514	0.0	-94.12286	1.9508673	3.2288275	0.806	0.0	3473.192212820053
83	-102.75833	8.65427	-87.950005	-116.9	80.0	168000	0.16156244	113.09427	0.0	-87.74271	1.9043012	3.3671236	0.824	0.0	3508.5500152111053
84	-98.350006	9.436786	-79.5	-116.350006	80.0	170000	0.2167809	99.787	0.0	-72.977715	1.8616192	3.58143	0.8225	0.0	3540.4736564159393
85	-101.981255	5.256878	-86.05	-110.950005	80.0	172000	0.07681581	73.78297	0.0	-50.13503	2.0599813	3.1293945	0.83349997	0.0	3574.1741988658905
86	-98.04376	8.4815035	-80.05	-111.15	80.0	174000	0.069175795	120.76506	0.0	-91.67613	1.840806	3.6223595	0.849	0.0	3608.764314174652
87	-103.21458	5.05265	-92.65	-111.450005	80.0	176000	0.18844846	175.04797	0.0	-129.67792	1.7029078	3.7962716	0.8495	0.0	3645.022226333618
88	-99.793755	8.1504	-80.25	-109.8	80.0	178000	0.09693174	100.72334	0.0	-67.78342	1.7669365	3.6298215	0.829	0.0	3679.2327456474304
89	-104.12083	6.607901	-87.6	-116.4	80.0	180000	0.23994504	171.55911	0.0	-100.7439	1.748724	3.7580984	0.8515	0.0	3716.300122022629
90	-105.02291	7.814357	-89.4	-118.0	80.0	182000	0.31701604	215.41977	0.0	-122.01695	1.5748951	3.971394	0.84250003	0.0	3754.001935005188
91	-107.075005	7.8828535	-90.950005	-119.4	80.0	184000	0.19107616	160.54684	0.0	-64.52889	1.6586957	3.6428537	0.81000006	0.0	3792.643427848816
92	-98.75	12.290944	-69.05	-128.55	80.0	186000	0.30784532	109.88168	0.0	-65.86131	1.8396237	3.3627172	0.792	0.0	3824.6615302562714
93	-97.53541	9.89091	-75.5	-112.0	80.0	188000	0.16605225	94.86725	0.0	-62.304955	1.982708	3.3042157	0.8215	0.0	3855.8195362091064
94	-104.45209	8.2641735	-86.85	-116.100006	80.0	190000	0.06080457	153.78064	0.0	-115.49002	1.8116374	3.5753267	0.83	0.0	3890.03994679451
95	-102.239586	8.129113	-87.350006	-117.15	80.0	192000	0.25947312	146.07233	0.0	-88.92949	1.7488686	3.5479608	0.8225	0.0	3927.554034471512
96	-102.11667	8.171032	-82.950005	-123.600006	80.0	194000	0.30286574	128.95212	0.0	-62.971237	1.671859	3.7498937	0.811	0.0	3962.0614931583405
97	-97.54584	8.412873	-78.450005	-113.9	80.0	196000	0.4429227	122.68243	0.0	-89.29784	1.6420572	3.760991	0.82350004	0.0	3995.7151391506195
98	-99.918755	10.055967	-74.6	-115.55	80.0	198000	0.2822726	83.645	0.0	-53.78825	1.8675523	3.5018291	0.83	0.0	4027.2426252365112
99	-99.25834	9.150907	-83.600006	-123.15	80.0	200000	0.14953426	67.807976	0.0	-37.220127	1.9866908	3.4688926	0.8575	0.0	4059.5137073993683
100	-100.66876	7.8919377	-85.5	-114.350006	80.0	202000	0.09960646	65.30146	0.0	-39.932724	2.0999105	3.0258086	0.84749997	0.0	4093.185272693634
101	-97.36667	11.628947	-80.35	-125.25	80.0	204000	0.06571513	86.450905	-0.0224041	-52.1756	2.3442726	2.552826	0.8905	19.0	4129.218816280365
102	-100.73541	15.202348	-75.1	-144.8	80.0	206000	0.09396783	104.5328	-0.029158367	-70.56654	2.3473668	2.5272536	0.892	19.0	4167.3508477211
103	-103.91042	9.014941	-87.850006	-122.15	80.0	208000	0.1568872	87.58303	-0.016804034	-60.725914	2.5788722	2.4917686	0.921	19.0	4204.060428619385
104	-101.64167	15.054311	-70.75	-132.65001	80.0	210000	0.068684265	120.85995	0.0	-80.235275	2.2614875	3.2126477	0.88250005	0.0	4237.3528554439545
105	-101.63959	10.910479	-75.5	-126.8	80.0	212000	0.20364574	127.45711	-0.05026625	-86.87015	2.31349	2.8830528	0.9175	19.0	4274.442707538605
106	-122.05417	14.972864	-95.700005	-159.20001	80.0	214000	0.12596783	353.52664	0.0	-224.72583	2.3299878	3.5050342	0.8785	0.0	4307.386336326599
107	-118.58543	14.856105	-90.950005	-144.55	80.0	216000	0.2700897	232.14255	0.0	-114.19912	2.0782647	3.559108	0.83650005	0.0	4340.479488611221
108	-110.833336	12.942186	-79.65	-140.1	80.0	218000	0.24388613	172.43161	0.0	-109.940475	1.957534	4.0464134	0.815	0.0	4369.8255615234375
109	-116.989586	17.955334	-83.25	-153.65001	80.0	220000	0.2948615	201.54646	0.0	-90.57261	1.8615165	4.695333	0.849	0.0	4402.596931695938
110	-117.458336	13.94982	-94.0	-147.45	80.0	222000	0.31600747	191.6771	0.0	-82.97644	2.047885	4.1456065	0.8245	0.0	4433.5382244586945
111	-119.99375	17.6393	-78.200005	-145.70001	80.0	224000	0.2600778	216.24918	0.0	-99.66582	2.084299	3.687244	0.8075	0.0	4463.452132463455
112	-125.6875	15.567717	-92.8	-156.45001	80.0	226000	0.21166366	244.17776	0.0	-109.27794	2.2501035	3.7109737	0.8605	0.0	4493.577866792679
113	-116.09375	14.189539	-89.4	-145.35	80.0	228000	0.30616096	242.59023	0.0	-146.41165	2.0905685	3.7826877	0.81700003	0.0	4524.340439558029
114	-107.17291	14.922814	-82.6	-138.75	80.0	230000	0.18685621	203.9381	0.0	-134.40985	2.206099	3.5593112	0.849	0.0	4550.787036418915
115	-111.25833	11.473262	-88.700005	-133.75	80.0	232000	0.11809046	127.62106	0.0	-66.384445	2.1184692	3.6499324	0.828	0.0	4581.467004299164
116	-114.75625	7.8698573	-105.0	-131.85	80.0	234000	0.46292126	132.3221	0.0	-75.78333	2.109773	3.7716253	0.8555	0.0	4611.499148845673
117	-107.1875	8.540983	-89.65	-124.450005	80.0	236000	0.25026202	136.762	0.0	-90.96919	2.192649	3.6386	0.8325	0.0	4641.668250083923
118	-115.07499	11.685576	-92.100006	-138.5	80.0	238000	0.25258276	166.45627	0.0	-88.48099	2.2286525	3.6438835	0.8715	0.0	4673.6793303489685
119	-100.854164	8.168116	-84.8	-114.0	80.0	240000	0.4517867	132.70587	0.0	-104.07913	1.7450762	3.7957234	0.8445	0.0	4704.821455955505
120	-120.75	17.662426	-97.450005	-162.05	80.0	242000	0.1807783	365.25372	0.0	-236.98541	2.1061294	4.193761	0.87950003	0.0	4736.639366149902
121	-103.41459	9.97913	-84.55	-118.350006	80.0	244000	0.13569357	241.42877	0.0	-188.77917	1.5760809	4.8105264	0.827	0.0	4768.083659648895
122	-113.16042	10.701634	-93.700005	-131.0	80.0	246000	0.16824342	220.00769	0.0	-139.20848	2.0590284	3.880343	0.8685	0.0	4801.259257316589
123	-113.03333	14.535342	-86.850006	-148.85	80.0	248000	0.10108565	230.00043	0.0	-135.5997	2.1894248	3.6259933	0.8505	0.0	4832.404046297073
124	-117.67084	16.961538	-79.75	-165.1	80.0	250000	0.24402425	174.16757	0.0	-70.02658	2.0949907	4.0066385	0.8435	0.0	4865.214987277985
125	-116.67916	11.864152	-86.0	-134.95	80.0	252000	0.25766885	187.46826	0.0	-92.42109	2.0256324	3.758605	0.8635	0.0	4896.691201686859
126	-123.625	15.780896	-91.25	-160.75	80.0	254000	0.21735434	280.745	0.0	-156.0766	2.0829844	3.9728694	0.864	0.0	4930.642249345779
127	-127.1625	14.797469	-98.9	-149.1	80.0	256000	0.06999633	248.77835	0.0	-94.22957	2.1219888	3.7503545	0.831	0.0	4961.825482606888
128	-119.43333	17.040752	-97.55	-160.85	80.0	258000	0.22447708	243.59018	0.0	-98.95748	1.9850161	4.0694475	0.815	0.0	4994.531543970108
129	-126.80001	22.049284	-86.0	-175.65001	80.0	260000	0.24474199	381.69678	0.0	-178.63455	1.9218152	4.413112	0.80350006	0.0	5028.275481939316
130	-115.3125	13.8765335	-87.950005	-143.6	80.0	262000	0.25016436	225.19131	0.0	-118.09838	1.6015184	4.5685716	0.83599997	0.0	5059.1682715415955
131	-113.58958	11.39874	-88.700005	-128.90001	80.0	264000	0.12757401	214.30548	0.0	-108.42697	1.8821547	4.1909804	0.8425	0.0	5091.277213096619
132	-114.94375	12.410013	-89.3	-142.40001	80.0	266000	0.18719423	174.17928	0.0	-95.45376	1.917868	4.2242813	0.8405	0.0	5123.4679362773895
133	-119.197914	16.127665	-86.8	-149.40001	80.0	268000	0.13801241	243.7746	0.0	-143.96362	2.2692463	3.2849588	0.806	0.0	5154.904216051102
134	-117.33334	14.189747	-90.15	-149.05	80.0	270000	0.21154614	226.06972	0.0	-128.80042	2.3654108	3.304465	0.849	0.0	5188.266086578369
135	-114.59167	16.324507	-83.5	-150.1	80.0	272000	0.39534953	289.33908	0.0	-178.42754	2.1020432	3.627074	0.83949995	0.0	5222.108397245407
136	-119.84167	15.979399	-89.75	-147.75	80.0	274000	0.068403915	250.32901	0.0	-123.265656	2.3447149	3.5152168	0.834	0.0	5255.157341957092
137	-126.791664	16.06634	-94.4	-165.85	80.0	276000	0.10856762	386.2813	0.0	-213.04279	2.2029333	4.0476294	0.8875	0.0	5286.334172487259
138	-111.350006	15.804107	-68.100006	-140.7	80.0	278000	0.28622892	502.39832	0.0	-417.3542	2.1489303	3.5449138	0.857	0.0	5317.504122257233
139	-114.22709	15.983123	-84.0	-141.3	80.0	280000	0.12820992	244.1701	0.0	-138.28697	2.217817	3.3823972	0.81799996	0.0	5349.384282112122
140	-125.56458	16.630316	-95.950005	-164.1	80.0	282000	0.11113764	330.0049	0.0	-175.56642	2.5435896	3.195588	0.8355	0.0	5381.8726143836975
141	-120.52291	18.255962	-86.9	-156.3	80.0	284000	0.060560502	268.38644	0.0	-133.2387	2.4205513	3.1189332	0.8145	0.0	5413.428994655609
142	-113.75625	12.893484	-87.600006	-133.05	80.0	286000	0.034852777	234.41443	0.0	-133.26907	2.492715	3.1330638	0.815	0.0	5444.419420719147
143	-118.63334	16.466715	-98.200005	-163.95001	80.0	288000	0.104382224	288.79388	0.0	-154.3177	2.3577206	3.422857	0.8255	0.0	5476.957269668579
144	-102.560425	10.464135	-81.55	-124.15	80.0	290000	0.061605867	165.86177	0.0	-119.14702	2.1656299	3.299509	0.79050004	0.0	5507.98500919342
145	-104.279175	12.80113	-85.6	-134.1	80.0	292000	0.11936108	141.11171	0.0	-85.574455	2.0713463	3.5923874	0.82750005	0.0	5540.518077611923
146	-102.55001	11.176538	-76.75	-125.700005	80.0	294000	0.105668604	132.37787	0.0	-76.92728	2.3916824	3.0798836	0.81299996	0.0	5571.799763679504
147	-102.668755	10.811739	-63.750004	-117.75	80.0	296000	0.28715384	197.91385	0.0	-147.61511	2.2035117	3.164927	0.84999996	0.0	5606.753177642822
148	-104.73334	12.535505	-76.55	-144.65001	80.0	298000	0.2628403	170.43816	0.0	-121.438736	2.310587	3.2296622	0.8455	0.0	5641.090536355972
149	-107.92084	10.016403	-89.25	-127.55	80.0	300000	0.15548071	202.2973	0.0	-136.62592	2.4301133	3.27261	0.8629999	0.0	5674.269786119461
150	-108.35	11.4938755	-84.55	-131.35	80.0	302000	0.25221056	157.26855	0.0	-95.66952	2.0658326	3.5873265	0.862	0.0	5705.839715480804
151	-110.55834	17.78969	-82.0	-160.8	80.0	304000	0.09963496	233.61346	0.0	-146.64182	2.1602345	3.7359214	0.84650004	0.0	5737.328866481781
152	-117.606255	10.646109	-94.450005	-137.7	80.0	306000	0.2827342	205.81018	0.0	-113.13622	2.3880816	3.357038	0.8325	0.0	5768.7030420303345
153	-125.19375	12.98854	-100.65	-152.90001	80.0	308000	0.13416266	212.76782	0.0	-83.25662	2.2623172	3.4639804	0.796	0.0	5801.2863829135895
154	-129.04791	18.338089	-96.55	-166.75	80.0	310000	0.13763562	302.5688	0.0	-138.25668	2.168199	3.4998937	0.8025	0.0	5833.935723543167
155	-127.33959	17.47072	-95.50001	-157.45001	80.0	312000	0.15765554	302.11603	0.0	-109.80446	2.3363066	3.505702	0.86399996	0.0	5866.418670415878
156	-119.48751	15.954585	-98.950005	-157.90001	80.0	314000	0.482715	262.20004	0.0	-130.12082	2.0818682	3.5574286	0.845	0.0	5897.14648270607
157	-125.16876	14.864063	-93.8	-163.40001	80.0	316000	0.15022218	284.8405	0.0	-117.503746	2.2933831	3.5222502	0.8435	0.0	5929.757908821106
158	-111.739586	10.97048	-89.200005	-131.40001	80.0	318000	0.20057416	238.14989	0.0	-156.64616	2.0576692	3.717471	0.80050004	0.0	5961.898242235184
159	-117.09585	15.409973	-88.5	-144.90001	80.0	320000	0.091537826	217.83228	0.0	-105.49701	1.9111779	4.1512375	0.773	0.0	5992.98906826973
160	-120.520836	10.800896	-100.700005	-151.6	80.0	322000	0.23564354	184.46556	0.0	-95.05548	2.064637	3.8323574	0.829	0.0	6023.65238404274
161	-115.86459	14.042483	-94.450005	-151.5	80.0	324000	0.2800886	225.00656	0.0	-112.48396	1.9422457	3.7681463	0.786	0.0	6054.097997426987
162	-113.75833	9.571646	-92.950005	-137.40001	80.0	326000	0.2275365	199.94	0.0	-91.26099	2.1897545	3.4558258	0.81149995	0.0	6084.839287042618
163	-118.78125	11.316375	-100.700005	-144.05	80.0	328000	0.13410719	181.67545	0.0	-87.27092	2.1133614	3.305707	0.8045	0.0	6117.0067093372345
164	-119.3375	12.53163	-99.5	-149.25	80.0	330000	0.18047208	209.44223	0.0	-98.40199	2.091284	3.4671614	0.81049997	0.0	6148.88463139534
165	-117.864586	14.807209	-89.700005	-145.5	80.0	332000	0.24644455	178.09962	0.0	-80.9969	2.0724232	3.9034762	0.82850003	0.0	6183.156208515167
166	-113.85	16.01671	-84.4	-138.85	80.0	334000	0.06168794	178.07819	0.0	-106.46086	2.1043081	3.6358426	0.83949995	0.0	6214.265189409256
167	-110.00834	10.197371	-98.100006	-145.5	80.0	336000	0.19378692	173.44328	0.0	-105.16016	2.095097	3.8060932	0.84250003	0.0	6244.825059890747
168	-110.66874	11.437745	-85.100006	-124.200005	80.0	338000	0.35565737	180.55698	0.0	-111.99845	2.1617315	3.596872	0.84099996	0.0	6276.439780473709
169	-107.30833	9.701499	-90.450005	-127.5	80.0	340000	0.1757936	130.84201	0.0	-70.2115	2.2428575	3.3450117	0.867	0.0	6308.259360790253
170	-120.31458	14.228049	-91.65	-143.75	80.0	342000	0.18113974	230.5487	0.0	-95.21134	2.2980552	3.6116061	0.85150003	0.0	6340.450553178787
171	-123.739586	12.352511	-97.350006	-145.6	80.0	344000	0.23109284	248.35147	0.0	-102.36331	2.1952486	3.6241221	0.843	0.0	6371.898734807968
172	-116.779175	12.775929	-97.9	-149.3	80.0	346000	0.24438417	258.16565	0.0	-127.15959	2.2352183	3.4928672	0.814	0.0	6403.657033205032
173	-130.2896	20.277514	-91.15	-163.3	80.0	348000	0.2528611	349.0096	0.0	-155.86179	2.4332118	3.3444362	0.8225	0.0	6435.241272926331
174	-117.81667	13.718194	-95.700005	-152.25	80.0	350000	0.26911643	352.41217	0.0	-221.53748	1.9402733	4.0562596	0.783	0.0	6466.241283655167
175	-122.82084	16.167078	-102.0	-161.20001	80.0	352000	0.13804725	253.73857	0.0	-110.081985	2.2203715	3.4753056	0.80850005	0.0	6497.21445608139
176	-116.42292	17.59179	-92.600006	-155.35	80.0	354000	0.17127006	312.38617	0.0	-175.81581	1.701091	4.3491645	0.668	0.0	6527.791454076767
177	-123.41459	20.000402	-77.700005	-167.8	80.0	356000	0.21361321	330.1124	0.0	-140.03812	2.1687107	4.1248894	0.8585	0.0	6560.050203323364
178	-115.65	13.861314	-91.25	-144.85	80.0	358000	0.8470003	253.62433	0.0	-167.99435	2.406537	3.0688605	0.797	0.0	6591.078116416931
179	-119.9125	13.511077	-92.3	-141.45	80.0	360000	0.19920923	248.98247	0.0	-141.45044	2.3629382	3.3649023	0.7995	0.0	6623.2700181007385
180	-109.79584	12.94296	-87.8	-131.6	80.0	362000	0.36733246	271.97098	0.0	-200.29764	2.313745	3.234809	0.828	0.0	6654.956446170807
181	-110.118744	10.961844	-89.100006	-133.45	80.0	364000	0.2698435	166.92296	0.0	-94.643394	2.3360472	3.3652868	0.8395	0.0	6688.607517242432
182	-110.006256	13.206607	-80.8	-132.90001	80.0	366000	0.27619466	193.9302	0.0	-121.12364	2.3638663	3.4142883	0.86450005	0.0	6721.48161149025
183	-115.82917	14.500956	-79.35	-141.20001	80.0	368000	0.2027017	219.10318	0.0	-117.11006	2.5210319	3.0583744	0.852	0.0	6752.905277490616
184	-115.06458	13.385537	-82.55	-144.0	80.0	370000	0.25437647	204.16422	0.0	-109.7033	2.4028082	3.4514265	0.8455	0.0	6785.270651102066
185	-116.80833	11.067444	-97.3	-136.40001	80.0	372000	0.25986814	220.08511	0.0	-144.57294	2.4049735	3.5993907	0.83599997	0.0	6816.819550275803
186	-111.64792	15.813284	-84.0	-139.40001	80.0	374000	0.15621343	214.70822	0.0	-135.68617	2.4350097	3.2076442	0.82	0.0	6848.154305934906
187	-115.81667	19.638279	-76.850006	-175.35	80.0	376000	0.18308164	269.17044	0.0	-159.51146	2.5169399	3.1513383	0.845	0.0	6879.9534471035
188	-120.720825	16.236801	-94.450005	-158.8	80.0	378000	0.21248531	287.22073	0.0	-145.99034	2.3238811	3.5124092	0.7765	0.0	6911.726356267929
189	-120.19375	18.222528	-85.6	-175.35	80.0	380000	0.23280475	328.05627	0.0	-204.35461	2.2407641	3.419919	0.8325	0.0	6944.439703941345
190	-121.24375	14.232448	-89.4	-146.85	80.0	382000	0.23047715	294.15845	0.0	-147.02643	2.1687036	3.536958	0.80799997	0.0	6976.348486661911
191	-116.08543	14.734871	-90.35	-156.65001	80.0	384000	0.13716182	230.67993	0.0	-96.35131	1.4024817	4.932493	0.5835	0.0	7008.546151638031
192	-115.81667	11.711833	-91.4	-133.1	80.0	386000	0.22107443	255.38121	0.0	-139.98257	1.4829898	5.4207797	0.6145	0.0	7038.025222063065
193	-122.78125	12.683231	-100.3	-149.35	80.0	388000	0.25934494	286.30182	0.0	-149.61514	1.7239008	4.3327036	0.726	0.0	7070.605127573013
194	-116.41458	12.484845	-95.3	-142.65001	80.0	390000	0.22594571	226.12517	0.0	-103.72698	1.6828179	4.325901	0.73300004	0.0	7102.758117198944
195	-124.46875	14.547515	-99.15	-149.05	80.0	392000	0.20796308	226.08414	0.0	-70.36221	1.5619605	4.781001	0.64400005	0.0	7133.99794793129
196	-119.137505	15.80446	-87.4	-152.55	80.0	394000	0.32461953	255.72554	0.0	-105.96704	2.004867	3.9488182	0.788	0.0	7163.608642578125
197	-124.59583	11.805234	-100.5	-143.3	80.0	396000	0.28109407	292.14096	0.0	-156.50864	2.3199372	3.4043934	0.79349995	0.0	7197.275834798813
198	-121.99375	16.060955	-91.700005	-166.85	80.0	398000	0.22036049	303.7076	0.0	-130.7301	1.6484927	4.6100454	0.6285	0.0	7229.351888656616
199	-127.70626	11.849776	-104.350006	-159.90001	80.0	400000	0.24100837	245.05925	0.0	-63.107567	1.5960461	5.0525208	0.6625	0.0	7261.66925907135
200	-134.175	20.825651	-99.8	-177.8	80.0	402000	0.5403789	403.7882	0.0	-118.58801	1.7010009	4.7357893	0.757	0.0	7295.010060548782
201	-123.666664	13.973378	-100.15	-161.25	80.0	404000	0.18713099	285.0589	0.0	-120.42673	1.8097697	3.912695	0.668	0.0	7326.810625553131
202	-132.21458	18.432951	-95.75	-173.90001	80.0	406000	0.14789936	373.2751	0.0	-103.27681	1.8023496	5.2508287	0.65999997	0.0	7358.947962522507
203	-125.989586	18.210524	-89.850006	-157.1	80.0	408000	0.2571156	340.3607	0.0	-139.34544	1.629288	4.674917	0.69049996	0.0	7391.5227217674255
204	-128.07085	16.654335	-94.0	-165.55	80.0	410000	0.17151105	366.50763	0.0	-173.13942	1.5288621	6.306778	0.6685	0.0	7422.873334884644
205	-115.01876	13.357183	-94.950005	-152.5	80.0	412000	0.15942186	217.45395	0.0	-119.635895	1.533659	5.628357	0.58599997	0.0	7454.010623931885
206	-113.93958	15.814346	-78.9	-144.7	80.0	414000	0.2248545	207.96779	0.0	-83.640656	1.9104259	4.790161	0.6895	0.0	7483.174666881561
207	-116.77708	13.988663	-87.200005	-144.6	80.0	416000	0.24066702	190.12628	0.0	-80.43462	1.9264491	4.5401087	0.70350003	0.0	7514.697805643082
208	-118.22083	9.576208	-91.25	-133.35	80.0	418000	0.27913445	180.52954	0.0	-83.07176	1.9606018	4.570923	0.79499996	0.0	7544.240812540054
209	-124.48334	15.447354	-94.950005	-150.3	80.0	420000	0.23728175	281.65976	0.0	-101.874886	2.013361	4.131607	0.691	0.0	7574.928713560104
210	-124.731255	13.675412	-89.75	-147.15001	80.0	422000	0.19265099	252.911	0.0	-90.69863	1.925221	3.981587	0.6475	0.0	7604.678577661514
211	-116.041664	12.043893	-93.5	-139.65001	80.0	424000	0.22835551	237.48944	0.0	-117.05904	2.0210786	3.856998	0.719	0.0	7632.768670320511
212	-119.38959	16.188377	-90.100006	-146.1	80.0	426000	0.21515158	241.03421	0.0	-100.8515	1.8939668	4.0429087	0.706	0.0	7662.300019979477
213	-121.091675	11.180877	-99.450005	-142.05	80.0	428000	0.2790246	240.05396	0.0	-112.67444	2.1849174	3.632648	0.753	0.0	7692.183868646622
214	-121.35834	12.863227	-88.700005	-142.2	80.0	430000	0.20362997	256.11508	0.0	-117.867645	1.7159536	4.75714	0.65400004	0.0	7721.848227977753
215	-119.01666	16.729805	-94.350006	-164.75	80.0	432000	0.26752985	232.88208	0.0	-103.10722	1.8883791	4.015229	0.749	0.0	7753.166126728058
216	-116.916664	12.8859	-96.450005	-143.1	80.0	434000	0.27674216	218.27235	0.0	-113.72612	2.0920086	3.663195	0.7825	0.0	7785.004736423492
217	-115.37084	14.716969	-87.4	-152.05	80.0	436000	0.29428422	208.87802	0.0	-105.287155	2.4846184	3.1834188	0.76600003	0.0	7818.157599210739
218	-107.67291	10.132333	-84.450005	-127.450005	80.0	438000	0.13110468	173.14734	0.0	-105.91242	1.9293165	4.0398393	0.77	0.0	7849.941689968109
219	-121.76459	14.582107	-99.8	-162.40001	80.0	440000	0.2082125	248.14233	0.0	-110.19246	2.3088665	3.4527116	0.838	0.0	7881.025477647781
220	-118.48126	16.11528	-89.100006	-167.6	80.0	442000	0.22750561	227.6079	0.0	-86.892975	2.1899104	3.6245897	0.72599995	0.0	7913.0948667526245
221	-123.68125	15.516906	-96.55	-167.20001	80.0	444000	0.26944074	236.75317	0.0	-87.19422	2.4107344	3.438129	0.803	0.0	7944.151918411255
222	-120.04792	14.100676	-89.8	-147.55	80.0	446000	0.3872866	260.66367	0.0	-112.147156	2.1333237	3.6674922	0.792	0.0	7975.992833375931
223	-123.029175	13.372616	-93.75	-147.8	80.0	448000	0.23976368	272.64444	0.0	-116.921776	1.9729581	4.574198	0.81350005	0.0	8007.723122596741
224	-118.466675	12.994868	-91.6	-142.0	80.0	450000	0.2346853	223.62057	0.0	-117.21119	2.068999	3.9607213	0.6305	0.0	8040.452697992325
225	-119.27084	17.946455	-78.5	-162.85	80.0	452000	0.23028836	314.3949	0.0	-172.69302	2.096897	4.6372967	0.624	0.0	8072.591246128082
226	-119.595825	11.299493	-97.55	-137.5	80.0	454000	0.3394971	229.19397	0.0	-101.20829	2.2244272	4.2118807	0.616	0.0	8103.666297674179
227	-122.90833	12.456722	-96.5	-150.2	80.0	456000	0.27360946	247.02396	0.0	-113.038666	2.5477388	3.0080948	0.7335	0.0	8135.982210159302
228	-121.73126	13.255305	-100.8	-146.65001	80.0	458000	0.20959127	237.06822	0.0	-92.73051	2.392198	3.902892	0.6455	0.0	8167.999442815781
229	-128.14375	16.237638	-105.350006	-158.1	80.0	460000	0.19096932	288.0598	0.0	-107.49073	1.99789	5.7516327	0.582	0.0	8199.92080616951
230	-136.88542	15.537056	-112.700005	-169.20001	80.0	462000	0.21997337	332.53494	0.0	-105.45816	1.9128592	5.462842	0.651	0.0	8232.958992481232
231	-125.99375	14.855481	-98.5	-153.45001	80.0	464000	0.2444226	310.98505	0.0	-126.906906	1.8806223	5.0782933	0.65900004	0.0	8264.014899253845
232	-136.40001	18.386787	-110.3	-166.5	80.0	466000	0.22813845	415.6692	0.0	-165.85815	2.1534975	4.317442	0.7305	0.0	8295.454712152481
233	-129.57709	17.362585	-103.600006	-185.75	80.0	468000	0.1860373	385.818	0.0	-140.76128	2.0743966	3.7320163	0.6555	0.0	8328.570286035538
234	-129.09375	17.924938	-100.9	-170.65001	80.0	470000	0.15961033	281.53064	0.0	-90.616104	2.2863004	3.553399	0.679	0.0	8360.724878311157
235	-121.75208	9.047622	-103.9	-142.7	80.0	472000	0.2167032	246.58788	0.0	-116.24896	2.0505924	3.9980426	0.70000005	0.0	8393.877282619476
236	-125.69584	14.955043	-100.9	-154.40001	80.0	474000	0.14078403	265.288	0.0	-91.58137	1.8416983	4.7563915	0.566	0.0	8426.428212881088
237	-128.02293	13.255148	-98.950005	-145.5	80.0	476000	0.18324935	246.4157	0.0	-75.71944	1.8196186	4.595749	0.684	0.0	8458.432461738586
238	-117.68958	13.550024	-95.100006	-141.40001	80.0	478000	0.17168668	247.03217	0.0	-104.47004	1.9705707	5.7825384	0.675	0.0	8489.882488965988
239	-112.645836	13.923473	-84.850006	-141.25	80.0	480000	0.21544474	168.79605	0.0	-72.9657	2.1213164	4.5132604	0.6495	0.0	8520.83002448082
240	-122.854164	16.628752	-95.75	-168.85	80.0	482000	0.44616225	253.66324	0.0	-98.70349	1.9973348	5.0200872	0.6695	0.0	8552.282821893692
241	-119.93334	13.585965	-87.700005	-153.5	80.0	484000	0.21179529	201.64017	0.0	-76.79453	1.9970273	4.282034	0.60599995	0.0	8583.736446857452
242	-110.15	9.984489	-83.5	-130.85	80.0	486000	0.17276773	135.0155	0.0	-68.24219	2.2178226	3.3916304	0.667	0.0	8615.883615970612
243	-119.16459	12.815279	-93.15	-143.90001	80.0	488000	0.10237168	211.04648	0.0	-91.273384	2.0228708	4.1770406	0.534	0.0	8648.497044801712
244	-115.11875	12.630451	-93.05	-137.90001	80.0	490000	0.15595368	221.59811	0.0	-102.94325	2.1146169	3.8318357	0.582	0.0	8680.62046122551
245	-119.84792	15.456393	-88.6	-146.85	80.0	492000	0.27724764	260.80774	0.0	-122.43788	2.4410849	3.493312	0.74	0.0	8712.513694763184
246	-117.07709	10.199969	-97.8	-137.7	80.0	494000	0.26808754	191.62039	0.0	-90.78359	2.390207	3.4971719	0.742	0.0	8744.643428325653
247	-117.30625	15.119946	-93.450005	-146.75	80.0	496000	0.1787008	270.42365	0.0	-134.05362	2.2933369	3.4182947	0.7235	0.0	8777.04294371605
248	-117.01251	14.7231	-82.75	-141.35	80.0	498000	0.16570875	194.69623	0.0	-82.829544	2.3476052	3.8188992	0.67850006	0.0	8807.955043315887
249	-123.5	14.6362915	-102.55	-156.1	80.0	500000	0.18770044	237.2851	0.0	-108.32471	2.4664829	3.276336	0.731	0.0	8840.153281211853
250	-119.84375	15.006119	-93.6	-159.55	80.0	502000	0.23776078	264.96906	0.0	-131.04234	2.3600087	3.358251	0.7525	0.0	8869.49884057045
251	-117.75417	14.199956	-95.4	-155.6	80.0	504000	0.16069461	188.40408	0.0	-75.11049	2.0335042	3.589415	0.6595	0.0	8900.310445547104
252	-122.04374	14.280342	-96.950005	-159.75	80.0	506000	0.26427796	255.25073	0.0	-125.374275	2.334294	3.717046	0.748	0.0	8931.642548084259
253	-131.68333	18.974255	-109.25	-191.40001	80.0	508000	0.21010196	330.02466	0.0	-142.85913	2.673586	3.1494808	0.80799997	0.0	8963.948361873627
254	-122.075005	11.936821	-99.5	-146.35	80.0	510000	0.17522758	255.0502	0.0	-123.02329	2.0003471	4.2405405	0.606	0.0	8998.83500289917
255	-122.052086	13.399686	-99.25	-146.65001	80.0	512000	0.25145596	279.20972	0.0	-155.73947	2.6432133	3.004041	0.7295	0.0	9030.321260690689
256	-120.225006	18.229454	-89.75	-169.20001	80.0	514000	0.2212784	283.81476	0.0	-123.22539	2.237044	3.1543627	0.68850005	0.0	9063.03423500061
257	-120.40208	13.478544	-98.75	-157.8	80.0	516000	0.16233215	211.85872	0.0	-99.75365	2.0665207	3.7438014	0.6625	0.0	9096.646878957748
258	-117.44584	19.59638	-81.4	-170.55	80.0	518000	0.6523223	303.36542	0.0	-159.85184	2.1878915	3.7693007	0.7865	0.0	9128.641512870789
259	-118.674995	15.717727	-86.25	-163.6	80.0	520000	0.15436238	329.94196	0.0	-200.492	2.3459225	3.2963057	0.6105	0.0	9162.118466377258
260	-130.07085	26.613943	-100.3	-227.45001	80.0	522000	0.31903812	470.51904	-0.020557825	-227.53397	2.4821053	3.0263758	0.77250004	4.0	9197.563941955566
261	-112.16459	12.451794	-81.15	-140.7	80.0	524000	0.2998404	359.09717	-0.061544813	-288.1402	2.4500504	3.0394216	0.7835	9.0	9231.015635967255
262	-123.637505	16.203943	-93.100006	-160.65001	80.0	526000	0.1487799	250.79883	0.0	-97.962585	2.4479423	3.2602568	0.813	0.0	9264.082113265991
263	-127.38125	18.919596	-97.0	-171.45001	80.0	528000	0.163064	283.53552	0.0	-97.48872	2.3012376	3.633137	0.782	0.0	9296.167291402817
264	-125.310425	15.812474	-94.450005	-154.8	80.0	530000	0.2585193	278.73236	0.0	-122.72356	2.128426	4.1302767	0.783	0.0	9327.639422655106
265	-124.25001	18.780613	-89.450005	-156.70001	80.0	532000	0.12664974	343.15155	0.0	-124.26657	2.3252687	3.0390964	0.70350003	0.0	9359.814732074738
266	-123.8125	19.534529	-90.8	-164.25	80.0	534000	0.20120248	297.31073	0.0	-99.62739	2.3568168	3.3499084	0.7135	0.0	9392.691927909851
267	-130.43333	19.110456	-82.75	-164.35	80.0	536000	0.23833932	382.0567	0.0	-114.14317	2.234748	4.0944295	0.696	0.0	9427.29090166092
268	-127.17501	12.176275	-105.450005	-157.55	80.0	538000	0.2711482	276.29977	0.0	-122.41871	2.1360095	3.8601487	0.757	0.0	9460.03361916542
269	-136.99376	19.126205	-105.5	-192.8	80.0	540000	0.22518738	384.5512	0.0	-107.31106	1.9113884	4.3783293	0.72949994	0.0	9495.191127061844
270	-126.92292	16.942162	-95.200005	-166.5	80.0	542000	0.15564826	388.787	0.0	-178.30582	1.4657218	5.7915654	0.5425	0.0	9528.636285305023
271	-134.20418	26.185627	-101.25	-210.95001	80.0	544000	0.12261413	446.9828	0.0	-170.51215	1.8463163	4.208225	0.56149995	0.0	9562.515379190445
272	-129.71458	13.73172	-105.350006	-161.40001	80.0	546000	0.14104831	391.44562	0.0	-183.16153	1.8587488	4.6278715	0.5585	0.0	9594.556623220444
273	-131.69583	22.070112	-94.65	-179.95001	80.0	548000	0.16756733	394.82843	0.0	-147.51646	1.9885719	3.9051013	0.6725	0.0	9627.719020843506
274	-128.44585	20.248184	-90.15	-184.70001	80.0	550000	0.10157834	316.3179	0.0	-104.76214	1.4568923	4.691028	0.49199998	0.0	9660.091947317123
275	-126.68125	16.847982	-79.950005	-151.90001	80.0	552000	0.23237893	364.88992	0.0	-131.04659	2.1254745	3.7677684	0.722	0.0	9694.230333328247
276	-141.42291	17.346373	-114.55	-183.75	80.0	554000	0.20806186	402.45404	0.0	-121.42204	1.8815162	4.4085493	0.5885	0.0	9728.374801158905
277	-141.1646	21.442974	-102.65	-186.45001	80.0	556000	0.19064319	479.77728	0.0	-155.40517	1.9587785	4.392004	0.607	0.0	9763.37866139412
278	-142.72084	23.338577	-94.450005	-188.0	80.0	558000	0.100872636	478.74506	0.0	-103.27144	1.8431592	4.379323	0.5705	0.0	9799.308237314224
279	-139.79584	21.154846	-97.4	-183.85	80.0	560000	0.15482038	453.06003	0.0	-102.4498	1.79363	4.6410246	0.604	0.0	9832.731979846954
280	-135.11668	21.208282	-100.4	-198.90001	80.0	562000	0.21813855	487.83124	0.0	-208.7536	1.6579691	5.098594	0.55499995	0.0	9867.582233428955
281	-144.25417	26.358315	-85.55	-208.1	80.0	564000	0.2175345	514.79724	0.0	-165.43945	1.8429251	4.375835	0.61600006	0.0	9903.140458345413
282	-124.35834	16.029757	-91.350006	-158.90001	80.0	566000	0.11374463	410.53802	0.0	-200.96475	1.7535186	4.8268976	0.6065	0.0	9935.313971281052
283	-131.53752	15.654648	-97.600006	-174.05	80.0	568000	0.19870402	304.92596	0.0	-92.92228	1.9406713	4.363391	0.663	0.0	9969.08189702034
284	-128.20833	16.401878	-100.3	-161.3	80.0	570000	0.1710375	403.7394	0.0	-178.40073	1.8384945	4.8908715	0.69850004	0.0	10002.889029026031
285	-138.57709	28.640863	-107.3	-232.75002	80.0	572000	0.18646401	470.9535	0.0	-146.10596	2.031346	3.944173	0.6545	0.0	10036.54544878006
286	-133.21875	20.102772	-103.450005	-178.05	80.0	574000	0.16792147	418.05643	0.0	-141.25905	2.361064	3.8117723	0.73300004	0.0	10070.285126686096
287	-133.29376	16.012966	-98.850006	-157.55	80.0	576000	0.17351238	305.06778	0.0	-110.009186	1.9378053	4.666661	0.582	0.0	10103.33344078064
288	-130.4771	13.308879	-111.05	-154.40001	80.0	578000	0.16639443	317.1298	0.0	-121.973656	2.1077538	5.2759886	0.6095	0.0	10134.829320669174
289	-135.70833	17.381687	-109.100006	-161.70001	80.0	580000	0.40641382	365.89197	0.0	-121.037544	1.752384	6.2945247	0.5395	0.0	10169.05361866951
290	-137.925	15.545726	-107.700005	-169.25	80.0	582000	0.095367976	395.04056	0.0	-149.1556	1.5871933	8.265615	0.448	0.0	10201.41871881485
291	-133.96667	24.457172	-88.8	-178.8	80.0	584000	0.17641252	422.476	0.0	-117.20938	1.8642884	6.9432535	0.55649996	0.0	10236.57518863678
292	-134.54375	12.670787	-110.350006	-159.05	80.0	586000	0.13446009	386.0266	0.0	-134.06917	1.6013292	7.154311	0.5145	0.0	10269.584669351578
293	-125.78125	15.674295	-93.5	-151.55	80.0	588000	0.13408518	318.8991	0.0	-126.03258	1.6077471	7.5316296	0.5755	0.0	10301.393387317657
294	-127.7875	21.958405	-86.0	-192.05	80.0	590000	0.18280731	384.25433	0.0	-144.7287	1.8697941	6.311117	0.65199995	0.0	10333.246032238007
295	-121.54584	14.22801	-95.950005	-146.1	80.0	592000	0.14525516	298.8767	0.0	-111.22195	1.6448932	7.715949	0.51900005	0.0	10365.827891349792
296	-127.052086	16.549564	-92.200005	-169.70001	80.0	594000	0.13802893	288.3698	0.0	-108.840096	1.452445	6.991935	0.535	0.0	10399.544248819351
297	-130.87917	14.612436	-104.200005	-156.85	80.0	596000	0.16850784	334.62946	0.0	-129.54062	1.6210978	5.74579	0.513	0.0	10432.290307044983
298	-126.42084	24.346188	-80.600006	-199.05	80.0	598000	0.16251712	370.81747	0.0	-140.83597	2.0588894	4.022399	0.62950003	0.0	10465.462351083755
299	-136.16042	21.42946	-83.55	-172.45001	80.0	600000	0.1860686	443.23288	0.0	-137.29642	2.0300705	4.4363294	0.658	0.0	10500.21046257019
300	-130.8	19.124004	-93.75	-162.0	80.0	602000	0.08624245	411.24884	0.0	-162.06653	1.1479979	6.3061686	0.35500002	0.0	10532.20961356163
301	-118.41876	14.223637	-88.0	-155.1	80.0	604000	0.2413332	309.28976	0.0	-166.20851	1.9427288	4.609359	0.59150004	0.0	10564.10686302185
302	-137.08333	19.265604	-106.100006	-195.8	80.0	606000	0.25251377	406.55728	0.0	-144.92136	2.2726858	3.593613	0.69850004	0.0	10596.578143835068
303	-137.62083	23.62003	-103.0	-201.45001	80.0	608000	0.20172039	550.5039	0.0	-262.14365	1.7871896	4.123945	0.58849996	0.0	10629.506800889969
304	-134.53334	16.374083	-109.05	-176.45001	80.0	610000	0.13422051	399.78357	0.0	-176.85359	1.8337791	4.353629	0.5575	0.0	10662.399526834488
305	-130.83333	15.472326	-102.200005	-167.55	80.0	612000	0.16723385	338.9572	0.0	-174.5508	1.8537153	4.4176674	0.62299997	0.0	10694.709997653961
306	-125.93542	15.571091	-99.850006	-163.8	80.0	614000	0.19968504	295.91736	0.0	-112.521515	2.0028424	4.5785007	0.6565	0.0	10727.212495326996
307	-114.8125	15.131958	-92.75	-145.65001	80.0	616000	0.19039583	217.37518	0.0	-91.21643	2.0792437	3.9612036	0.633	0.0	10759.442417621613
308	-118.39792	15.771088	-86.0	-154.05	80.0	618000	0.21903525	216.55103	0.0	-72.473755	2.4197307	3.422147	0.7255	0.0	10790.75193452835
309	-117.260414	11.656481	-96.5	-136.0	80.0	620000	0.34231344	230.55756	0.0	-123.63489	2.151495	3.5995967	0.69449997	0.0	10820.308322906494
310	-116.622925	12.95882	-100.350006	-156.25	80.0	622000	0.2073668	174.22723	0.0	-70.14447	2.3807573	3.1313057	0.74	0.0	10851.219408988953
311	-114.037506	15.75631	-84.450005	-155.35	80.0	624000	0.17667991	189.86789	-0.02566998	-85.16617	2.3967772	3.0149298	0.773	8.0	10885.289877414703
312	-118.55001	14.844999	-91.5	-154.45001	80.0	626000	0.11086041	229.04726	0.0	-103.24266	2.4162219	3.1341531	0.667	0.0	10915.97059583664
313	-113.08542	11.161648	-87.55	-128.05	80.0	628000	0.21134904	200.37491	0.0	-113.73292	2.4746466	3.3043008	0.7205	0.0	10946.482545137405
314	-114.27292	11.978314	-89.75	-135.85	80.0	630000	0.19625135	218.71472	-0.021454018	-108.282036	2.7334142	3.0002031	0.81350005	13.0	10981.814781427383
315	-110.00417	13.779031	-84.05	-142.1	80.0	632000	0.18163425	185.33377	0.0	-86.1035	2.4455147	3.0453424	0.699	0.0	11012.774218559265
316	-116.63959	16.712378	-91.3	-167.8	80.0	634000	0.22284195	203.49582	0.0	-78.22953	2.5482225	3.2062378	0.7315	0.0	11045.195232629776
317	-121.56458	16.749804	-96.3	-166.20001	80.0	636000	0.1837059	236.10928	0.0	-77.10599	2.502205	3.21275	0.77	0.0	11079.15562415123
318	-119.22708	19.990883	-78.65	-161.6	80.0	638000	0.21993375	243.6138	0.0	-95.89794	2.222886	3.8817813	0.7355	0.0	11111.541468858719
319	-125.354164	15.990198	-79.75	-156.6	80.0	640000	0.15536673	296.59277	0.0	-136.77856	2.5004706	3.1743639	0.687	0.0	11145.921521902084
320	-124.90625	14.944677	-100.05	-163.0	80.0	642000	0.16866374	257.59525	0.0	-77.36879	2.1606326	3.7356164	0.5985	0.0	11177.799181938171
321	-123.208336	17.543873	-98.200005	-175.6	80.0	644000	0.25147897	248.98016	0.0	-87.59363	2.2972593	3.5250077	0.708	0.0	11209.641317605972
322	-119.42084	16.00626	-82.850006	-151.25	80.0	646000	0.23792219	228.73668	0.0	-90.49138	2.5083084	3.3396862	0.74450004	0.0	11241.428900003433
323	-124.42917	19.041298	-91.15	-170.1	80.0	648000	0.23240384	272.74048	0.0	-98.05203	2.2786336	3.700951	0.69850004	0.0	11273.751237869263
324	-113.302086	11.714223	-95.5	-138.55	80.0	650000	0.18079992	211.76079	0.0	-102.16318	2.2254782	4.009763	0.70350003	0.0	11304.491668462753
325	-117.21458	13.128624	-95.950005	-152.15001	80.0	652000	0.20644218	215.33022	0.0	-79.68777	1.9261212	4.3725157	0.61749995	0.0	11336.29376411438
326	-130.53334	16.305916	-99.75	-156.35	80.0	654000	0.24468517	352.51123	0.0	-140.88818	2.0310822	4.9368057	0.6225	0.0	11370.493862867355
327	-129.26875	17.982927	-102.700005	-175.90001	80.0	656000	0.1903101	448.0462	0.0	-221.47928	2.3290954	4.0880194	0.657	0.0	11403.054862737656
328	-131.78334	15.089551	-107.600006	-157.20001	80.0	658000	0.20963547	357.38983	0.0	-142.03606	2.1649764	4.0869756	0.66999996	0.0	11436.5517141819
329	-127.8125	16.096762	-93.700005	-148.45001	80.0	660000	0.12548727	308.6318	0.0	-99.30238	2.028491	5.6569133	0.585	0.0	11467.798575162888
330	-135.48125	20.28776	-102.8	-173.35	80.0	662000	0.16075268	391.4391	0.0	-113.720184	2.0256102	5.877723	0.6155	0.0	11501.83671927452
331	-142.58542	22.729643	-102.5	-206.8	80.0	664000	0.179773	505.052	0.0	-176.90555	1.6997654	7.376352	0.527	0.0	11534.921921491623
332	-125.43125	16.922735	-93.700005	-164.20001	80.0	666000	0.14199182	329.52216	0.0	-115.48132	1.9336464	5.1445875	0.6	0.0	11567.09280872345
333	-131.45625	16.791779	-92.950005	-159.05	80.0	668000	0.18183768	369.49695	0.0	-158.85344	1.8850918	5.461069	0.561	0.0	11601.46038031578
334	-120.94375	16.028421	-98.600006	-166.5	80.0	670000	0.19327222	305.98962	0.0	-120.22832	1.9410942	5.8780327	0.6055	0.0	11633.332002162933
335	-125.25	16.8384	-102.15	-167.35	80.0	672000	0.15044451	305.253	0.0	-116.16985	1.6003674	8.337599	0.46999997	0.0	11664.75767660141
336	-133.42293	15.060351	-99.350006	-163.45001	80.0	674000	0.067459844	343.7386	0.0	-99.700264	1.10315	10.405577	0.32	0.0	11697.561603307724
337	-136.81042	17.576353	-109.3	-174.3	80.0	676000	0.09761073	480.78915	0.0	-205.24217	1.0998058	14.181488	0.343	0.0	11729.948247909546
338	-132.58125	16.941196	-101.4	-172.35	80.0	678000	0.07020713	377.3179	0.0	-159.6116	1.3704412	7.8697186	0.426	0.0	11760.593102693558
339	-143.07916	23.2555	-109.0	-195.75	80.0	680000	0.10942432	550.68195	0.0	-238.00006	1.393527	7.959178	0.423	0.0	11794.226329088211
340	-144.64168	18.853657	-122.55	-187.6	80.0	682000	0.08957374	525.2983	0.0	-183.75092	1.1112914	13.577089	0.287	0.0	11829.39068555832
341	-144.79584	20.793245	-113.200005	-187.70001	80.0	684000	0.07064401	645.3148	0.0	-281.30475	1.0620244	12.805277	0.29549998	0.0	11863.864683628082
342	-181.54167	38.705505	-116.950005	-266.75	80.0	686000	0.032205887	1175.2686	0.0	-329.88586	0.8005948	12.218513	0.21	0.0	11902.7947909832
343	-166.53542	35.93595	-107.75	-253.65001	80.0	688000	0.07016006	1059.583	0.0	-406.66592	0.7588871	19.837137	0.2435	0.0	11940.593993902206
344	-195.50208	55.69278	-120.25001	-329.6	80.0	690000	0.019579316	1620.4956	0.0	-384.97418	0.42736685	18.21709	0.1	0.0	11983.233593702316
345	-190.91045	38.69559	-116.200005	-266.2	80.0	692000	0.045023773	1333.2407	0.0	-395.4672	0.64244133	19.81007	0.17300001	0.0	12021.971706867218
346	-198.55208	49.408997	-137.8	-301.7	80.0	694000	0.09308203	1695.5432	0.0	-555.7744	0.6639117	21.702116	0.23300001	0.0	12061.516506910324
347	-160.79791	23.633339	-124.75	-207.8	80.0	696000	0.02384634	1193.5154	0.0	-638.821	0.5487093	27.444834	0.16399999	0.0	12096.531765460968
348	-168.27084	28.21785	-100.950005	-204.75	80.0	698000	0.06357554	943.5405	0.0	-334.28217	0.76379055	18.823908	0.226	0.0	12132.661707878113
349	-150.27916	28.701916	-106.450005	-228.35	80.0	700000	0.035281833	1005.61475	0.0	-517.4242	0.8684559	23.539482	0.236	0.0	12168.32410478592
350	-146.20209	19.1235	-104.100006	-179.75	80.0	702000	0.071499795	552.2313	0.0	-170.83928	1.0304157	17.32471	0.32999998	0.0	12203.798431873322
351	-150.08333	22.779593	-108.9	-203.3	80.0	704000	0.008393768	588.68286	0.0	-169.96591	0.7182329	24.34768	0.18150002	0.0	12240.043000221252
352	-150.74583	28.769869	-99.5	-204.45001	80.0	706000	0.09421554	670.8836	0.0	-190.98555	1.2192687	20.13594	0.37	0.0	12274.420898675919
353	-139.17917	18.039518	-107.4	-175.85	80.0	708000	0.04208932	481.41754	0.0	-158.32018	0.99535257	21.993599	0.284	0.0	12308.79785990715
354	-140.71042	27.10929	-100.55	-218.55	80.0	710000	0.08708875	558.7261	0.0	-170.19594	1.292861	13.687378	0.38300002	0.0	12341.269077301025
355	-137.04584	19.038694	-96.100006	-177.40001	80.0	712000	0.05305852	423.08676	0.0	-130.0246	1.0757244	16.622894	0.3255	0.0	12373.32007241249
356	-148.04584	26.719435	-105.200005	-210.05	80.0	714000	0.053893045	577.2847	0.0	-158.02167	1.028266	19.191923	0.311	0.0	12407.800043344498
357	-142.06667	24.111511	-104.3	-209.55	80.0	716000	0.07254289	531.96625	0.0	-160.11224	1.0923747	16.211739	0.3235	0.0	12441.648409843445
358	-145.20209	16.58579	-115.9	-174.6	80.0	718000	0.09265615	445.41974	0.0	-123.32622	1.211473	14.289611	0.3715	0.0	12475.575294733047
359	-155.36876	19.457321	-126.8	-204.15001	80.0	720000	0.1589346	765.218	0.0	-338.19965	1.3323759	10.799003	0.45750004	0.0	12510.387808322906
360	-139.02084	21.156834	-102.9	-179.6	80.0	722000	0.044345092	507.9309	0.0	-183.301	0.96441615	16.815548	0.3115	0.0	12544.815081834793
361	-143.05835	21.00902	-102.9	-185.35	80.0	724000	0.05861781	524.192	0.0	-187.41017	1.0169305	16.589542	0.26350003	0.0	12578.927279472351
362	-141.7396	25.143644	-95.65	-200.55	80.0	726000	0.053325593	549.3478	0.0	-152.92511	0.93546915	19.374012	0.2905	0.0	12612.391010046005
363	-137.84377	19.876324	-94.75	-170.35	80.0	728000	0.08498293	455.9082	0.0	-173.84415	0.9642306	15.426712	0.31300002	0.0	12644.60556936264
364	-141.26459	22.962337	-86.15	-191.70001	80.0	730000	0.0669875	447.9051	0.0	-120.812195	0.92209315	16.521719	0.2865	0.0	12677.610967636108
365	-135.73334	25.107315	-97.55	-193.95001	80.0	732000	0.049619813	406.046	0.0	-90.887985	0.83563536	15.8900175	0.2625	0.0	12709.629415750504
366	-148.95625	19.921137	-124.350006	-202.40001	80.0	734000	0.12871015	675.2554	0.0	-275.07733	1.0397022	14.211774	0.37049997	0.0	12744.040593624115
367	-150.13335	19.583496	-114.200005	-189.20001	80.0	736000	0.099925384	658.0221	0.0	-236.09694	0.9905874	10.8564205	0.3735	0.0	12778.22426867485
368	-143.26668	24.66451	-101.200005	-196.6	80.0	738000	0.025440807	545.23267	0.0	-160.87274	0.6836698	17.179766	0.20300001	0.0	12812.82780957222
369	-148.44585	23.617657	-108.55	-197.6	80.0	740000	0.102524094	600.141	0.0	-175.26259	0.90224874	13.755323	0.29	0.0	12846.66532588005
370	-151.4896	29.198782	-99.15	-225.70001	80.0	742000	0.060286563	641.1321	0.0	-180.60774	0.6525127	16.883753	0.20300001	0.0	12880.448096513748
371	-155.78127	24.23477	-107.75	-208.45001	80.0	744000	0.04171683	648.2846	0.0	-193.86115	0.7087202	15.036819	0.25449997	0.0	12915.500467061996
372	-157.25626	19.724485	-118.3	-191.20001	80.0	746000	0.079808295	724.57886	0.0	-273.37753	0.79072475	15.542392	0.2525	0.0	12949.060255765915
373	-156.14168	23.933002	-88.75	-202.95001	80.0	748000	0.05703372	690.2611	0.0	-194.08322	0.81974757	15.300035	0.2995	0.0	12983.50449681282
374	-148.03334	24.223942	-105.700005	-202.45001	80.0	750000	0.48244885	538.31177	0.0	-179.22185	0.69519854	21.330425	0.1985	0.0	13017.501848220825
375	-168.57709	25.096087	-108.450005	-224.3	80.0	752000	0.030882763	996.1825	0.0	-391.37204	0.5757245	19.781126	0.1735	0.0	13053.34022974968
376	-148.27708	33.15469	-95.05	-209.20001	80.0	754000	0.022778131	781.84625	0.0	-288.35568	0.46779913	29.297085	0.13149999	0.0	13089.102554798126
377	-178.51459	33.375046	-123.450005	-267.5	80.0	756000	0.092654124	1112.6077	0.0	-332.5951	0.69917756	20.837322	0.24200001	0.0	13129.140678167343
378	-207.44792	42.580116	-129.35	-306.5	80.0	758000	0.04835193	1606.9487	0.0	-418.27704	0.36750877	19.64272	0.13999999	0.0	13172.129483699799
379	-193.29376	50.52627	-95.4	-278.40002	80.0	760000	0.01739731	1974.8865	0.0	-848.3334	0.36718267	20.782665	0.123	0.0	13213.971775054932
380	-191.46875	44.348965	-110.950005	-287.75	80.0	762000	0.047658443	1584.2393	0.0	-609.7496	0.5788959	15.097067	0.18900001	0.0	13256.139328956604
381	-214.65417	67.43276	-135.5	-396.25003	80.0	764000	0.007939797	1981.1658	0.0	-448.85513	0.29730836	17.265493	0.079	0.0	13298.69299197197
382	-237.49792	74.34862	-120.3	-376.80002	80.0	766000	0.023622245	2277.9124	0.0	-377.8208	0.2805319	15.870819	0.0925	0.0	13343.636801242828
383	-231.9417	53.904068	-149.45001	-356.05002	80.0	768000	0.03924822	2639.857	0.0	-1010.2304	0.41838133	14.911114	0.153	0.0	13389.65127325058
384	-196.31042	34.139187	-133.75	-267.80002	80.0	770000	0.0271289	1612.7947	0.0	-560.2637	0.33720878	20.477985	0.1155	0.0	13430.778020381927
385	-196.2771	30.80887	-120.350006	-251.55	80.0	772000	0.026897164	1626.3481	0.0	-595.5324	0.3534674	25.240002	0.110999994	0.0	13471.121449232101
386	-207.67708	47.90046	-101.350006	-322.2	80.0	774000	0.004502505	1955.1198	0.0	-662.8682	0.2666464	25.466904	0.075	0.0	13511.302070617676
387	-175.62085	25.439991	-134.1	-229.40001	80.0	776000	0.028300766	1010.46405	0.0	-252.30582	0.36962	20.189047	0.13049999	0.0	13549.983873605728
388	-183.39375	34.680176	-123.4	-258.80002	80.0	778000	0.024562208	1073.7063	0.0	-235.74875	0.44798964	19.076424	0.15	0.0	13590.813731431961
389	-185.31458	39.293655	-102.3	-279.2	80.0	780000	0.018464597	1457.68	0.0	-516.2129	0.41648036	18.405666	0.121999994	0.0	13631.180267572403
390	-199.73543	40.82189	-138.05	-310.05002	80.0	782000	0.03691484	1660.971	0.0	-513.82776	0.4537769	20.611849	0.1275	0.0	13675.273673057556
391	-257.27084	59.43704	-166.40001	-401.2	80.0	784000	0.016766703	2848.3381	0.0	-599.5169	0.39222464	18.145424	0.1365	0.0	13725.790981054306
392	-335.23544	45.13062	-224.85	-405.80002	80.0	786000	-0.00039461814	4796.3154	0.0	-991.3512	0.046795473	10.800463	0.0145000005	0.0	13786.393702983856
393	-262.20627	61.337555	-139.55	-386.45	80.0	788000	0.015073292	3552.0354	0.0	-1272.6694	0.08815993	16.099932	0.024	0.0	13837.97177863121
394	-342.58127	49.73667	-223.75002	-415.00003	80.0	790000	-0.00025500637	4863.6196	0.0	-883.4603	0.04062652	9.079188	0.0069999998	0.0	13902.131714105606
395	-330.70212	57.398712	-203.5	-405.7	80.0	792000	0.003538331	6095.213	0.0	-2231.4019	0.033375442	9.169306	0.0055	0.0	13962.240975379944
396	-360.7771	30.242514	-273.5	-406.1	80.0	794000	-7.571094e-05	6046.6914	0.0	-1501.7527	0.025544561	14.4688	0.0025	0.0	14028.63382768631
397	-341.86044	37.38081	-259.80002	-406.65002	80.0	796000	1.7711893e-05	5949.702	0.0	-1830.9197	0.03288722	17.98502	0.0035	0.0	14091.594045162201
398	-320.40836	68.75332	-187.20001	-444.1	80.0	798000	0.003246259	4744.215	0.0	-1088.6035	0.050141588	22.75859	0.007	0.0	14150.951216220856
399	-296.8896	57.774105	-201.45001	-396.6	80.0	800000	0.0023305435	3670.5076	0.0	-896.9684	0.06327127	25.780148	0.013	0.0	14208.211779117584
400	-330.2042	43.925617	-254.40001	-433.45	80.0	802000	0.0022617108	4541.186	0.0	-893.9878	0.06508233	18.114033	0.0085	0.0	14268.78693318367
401	-284.3229	47.52084	-202.15001	-395.25003	80.0	804000	0.0017824164	3811.0718	0.0	-1377.1738	0.03790454	25.689445	0.0075	0.0	14321.6926715374
402	-300.94583	49.77564	-209.90001	-393.15002	80.0	806000	0.0007484243	3878.4468	0.0	-1057.852	0.03790654	20.705112	0.0075000003	0.0	14379.752334356308
403	-337.1896	48.12857	-197.70001	-405.7	80.0	808000	0.00016050413	4685.99	0.0	-1030.7235	0.026175579	13.269526	0.0005	0.0	14441.066186666489
404	-352.60837	44.58904	-230.20001	-424.55002	80.0	810000	0.0014235973	5814.8384	0.0	-1499.6876	0.039463148	13.770806	0.0235	0.0	14504.868642807007
405	-367.33542	28.060972	-264.55002	-412.50003	80.0	812000	-1.21071935e-08	5501.908	0.0	-655.3845	0.015857182	12.72592	0.0	0.0	14572.059040307999
406	-436.70004	3.0517578e-05	-436.7	-436.7	80.0	814000	-0.0047343466	12576.773	-0.0006807943	-5250.681	0.0033820209	1.5515809	0.032	19.0	14658.67573094368
407	-181.31877	40.48678	-124.950005	-285.80002	80.0	816000	0.035710316	2691.903	0.0	-1778.9795	0.45573807	14.455541	0.206	0.0	14697.782114982605
408	-216.13335	50.46122	-131.75	-327.90002	80.0	818000	0.0045836624	1910.2742	0.0	-411.57596	0.23475143	19.233238	0.075	0.0	14742.222694158554
409	-244.21043	51.501286	-136.90001	-334.05002	80.0	820000	0.0078085326	2460.1584	0.0	-416.16205	0.1496852	20.516151	0.0585	0.0	14789.111841917038
410	-244.82501	51.82441	-147.90001	-348.7	80.0	822000	0.027210847	2111.3809	0.0	-220.74142	0.17954977	13.2388115	0.0935	0.0	14838.604574203491
411	-229.14168	56.81959	-135.90001	-332.05002	80.0	824000	0.052674133	2421.2095	0.0	-674.3435	0.27485394	10.086192	0.1595	0.0	14886.1051633358
412	-209.48126	50.25954	-134.75	-331.25	80.0	826000	0.014121158	1762.6172	0.0	-525.41174	0.32260448	11.900663	0.1155	0.0	14931.814455032349
413	-226.8042	45.38898	-140.15001	-344.2	80.0	828000	0.005543454	2030.231	0.0	-409.69662	0.21442676	13.023796	0.073	0.0	14976.726382732391
414	-240.02293	61.84664	-154.70001	-366.05002	80.0	830000	0.008434465	2281.144	0.0	-389.74142	0.16017924	11.186529	0.063	0.0	15024.425107717514
415	-277.81042	48.0766	-156.20001	-347.6	80.0	832000	0.015806206	3239.14	0.0	-631.6905	0.17804682	8.994471	0.089	0.0	15077.345677375793
416	-243.425	70.17247	-119.8	-382.35	80.0	834000	0.019630646	3047.0923	0.0	-1055.2886	0.17601076	13.315239	0.107999995	0.0	15124.351651191711
417	-261.44168	54.96226	-166.0	-377.45	80.0	836000	0.009293288	2694.6091	0.0	-503.98016	0.13353282	11.777819	0.082	0.0	15174.38677239418
418	-283.56876	58.001137	-192.0	-386.65002	80.0	838000	0.002583962	3723.7046	0.0	-924.1208	0.0987891	11.886265	0.034	0.0	15227.207315444946
419	-296.55627	49.345757	-178.8	-387.7	80.0	840000	0.005287586	3741.89	0.0	-736.69336	0.047616746	13.304197	0.017	0.0	15282.075528860092
420	-272.7604	57.28368	-172.20001	-361.40002	80.0	842000	0.010602056	3005.4858	0.0	-418.69427	0.09015754	11.648401	0.037	0.0	15336.04246044159
421	-245.12085	53.74257	-143.85	-362.0	80.0	844000	0.030683724	2591.035	0.0	-606.8451	0.19397086	15.291555	0.076000005	0.0	15383.723507165909
422	-285.90625	62.61816	-135.40001	-399.80002	80.0	846000	0.0134909665	3150.896	0.0	-356.7902	0.09816259	12.549963	0.041	0.0	15440.216339588165
423	-286.55002	59.794727	-180.35	-384.65002	80.0	848000	0.0081405025	3482.6248	0.0	-614.7915	0.07982713	17.79895	0.031	0.0	15494.540928125381
424	-265.50418	60.535393	-140.45001	-362.6	80.0	850000	0.010060218	3805.1362	0.0	-1241.0002	0.13344125	17.016314	0.0525	0.0	15548.42144703865
425	-266.3292	66.091774	-135.7	-378.7	80.0	852000	0.01060307	3138.0093	0.0	-617.65436	0.12164033	18.158894	0.044	0.0	15600.744855880737
426	-259.3646	49.942493	-143.6	-350.7	80.0	854000	0.022099767	2787.9868	0.0	-617.4016	0.19156222	18.146515	0.09199999	0.0	15649.171807289124
427	-279.31046	69.98769	-146.2	-395.25003	80.0	856000	0.009462545	3571.1313	0.0	-754.3848	0.11648767	15.3176155	0.041	0.0	15702.083254814148
428	-272.4542	60.88111	-126.5	-372.1	80.0	858000	0.0057313815	3110.7737	0.0	-566.6559	0.11360772	19.58975	0.0445	0.0	15753.431747198105
429	-303.7771	53.05633	-189.05	-387.6	80.0	860000	0.0051782816	3801.8696	0.0	-629.19867	0.05200523	17.522186	0.019499999	0.0	15811.571638822556
430	-290.99377	59.136562	-156.35	-377.65002	80.0	862000	0.010104584	3594.329	0.0	-709.2728	0.106123164	15.749321	0.042499997	0.0	15867.468299627304
431	-238.30835	54.720016	-124.75	-335.5	80.0	864000	0.013202066	3215.1042	0.0	-1300.6476	0.1990899	16.889887	0.0665	0.0	15914.849207162857
432	-342.68127	42.011967	-239.65001	-410.95	80.0	866000	0.0021154834	4857.3047	0.0	-855.8211	0.039398104	18.468538	0.011	0.0	15979.793544769287
433	-348.74167	47.953365	-213.6	-405.7	80.0	868000	0.0027639177	5364.423	0.0	-1100.7512	0.02279026	13.733115	0.0075	0.0	16043.821231603622
434	-345.34375	40.538185	-263.75	-405.6	80.0	870000	0.00824291	5587.707	0.0	-1428.2163	0.034002136	12.290229	0.0185	0.0	16108.463322877884
435	-363.14377	36.738003	-222.8	-397.40002	80.0	872000	0.0004798835	6009.1914	0.0	-1353.9252	0.01688644	13.172707	0.0025	0.0	16175.66014456749
436	-369.19376	32.398262	-278.05002	-416.00003	80.0	874000	0.00013297144	6448.7886	0.0	-1698.9962	0.016419608	10.269335	0.001	0.0	16247.310706853867
437	-374.98752	24.23661	-300.1	-407.40002	80.0	876000	-3.7252903e-09	5860.301	0.0	-981.87036	0.014451461	12.954169	0.0	0.0	16317.093893289566
438	-436.70004	3.0517578e-05	-436.7	-436.7	80.0	878000	-9.186505e-05	10567.505	-0.0054047676	-3886.461	5.6636545e-05	0.9541575	0.048	19.0	16403.92412161827
439	-341.99585	48.215294	-220.75002	-396.40002	80.0	880000	2.6077032e-08	5736.2856	0.0	-1506.5537	0.013767532	20.908194	0.0	0.0	16467.991361141205
440	-436.70004	3.0517578e-05	-436.7	-436.7	80.0	882000	-2.3109678e-05	8486.476	-0.005781723	-1859.1001	1.4802711e-05	2.611301	0.048	19.0	16566.478051424026
441	-355.26877	26.565796	-284.30002	-387.7	80.0	884000	-2.0116568e-07	5195.962	0.0	-666.1577	0.01144741	13.550203	0.0	0.0	16633.416256666183
442	-369.65417	4.4952936	-368.05002	-387.1	80.0	886000	7.1013346e-09	5097.832	0.0	-27.554688	0.0013713242	10.785015	0.0	0.0	16702.88375735283
443	-367.27295	3.8103511	-349.0	-368.15002	80.0	888000	-2.4068868e-08	5022.617	0.0	-14.296082	0.00062285666	11.108074	0.0	0.0	16772.90071082115
444	-368.6	2.688826	-365.1	-377.25	80.0	890000	2.3515895e-08	5105.5933	0.0	-134.80103	0.0011569447	10.545759	0.0	0.0	16840.798631191254
445	-367.68335	1.800386	-359.05002	-368.15002	80.0	892000	-8.731149e-10	5043.0947	0.0	-5.1289673	0.00066169834	10.761198	0.0	0.0	16911.622087478638
446	-368.0542	0.019983856	-368.05002	-368.15002	80.0	894000	1.44355e-08	5040.124	0.0	-0.7318115	0.0007883343	10.751751	0.0	0.0	16982.842517852783
447	-368.43335	1.8176615	-368.05002	-377.15002	80.0	896000	1.9092113e-08	5045.589	0.0	-9.955994	0.0007475439	10.702147	0.0	0.0	17053.78132557869
448	-368.05002	0.0	-368.05002	-368.05002	80.0	898000	-2.0721927e-08	5039.085	0.0	-2.2938843	0.00073998026	10.28188	0.0	0.0	17125.34736251831
449	-368.0542	2.5981529	-359.05002	-377.05002	80.0	900000	1.2223609e-09	5039.3604	0.0	-2.3120117	0.0006191713	10.315565	0.0	0.0	17196.144640684128
450	-368.4375	1.8168923	-368.05002	-377.15002	80.0	902000	1.0477379e-09	5047.0293	0.0	-15.511902	0.0006347433	10.100436	0.0	0.0	17266.275387763977
451	-368.05627	0.02997697	-368.0	-368.15002	80.0	904000	-2.3283064e-08	5039.6973	0.0	-3.3932495	0.0005301747	10.687445	0.0	0.0	17335.730533361435
452	-368.8125	2.498969	-368.05002	-377.15002	80.0	906000	-5.355105e-09	5065.458	0.0	-22.064392	0.0005876422	10.54667	0.0	0.0	17410.568860769272
453	-367.25626	3.8066952	-349.0	-368.05002	80.0	908000	-1.4464604e-08	5024.9507	0.0	-6.134094	0.0005620073	10.926693	0.0	0.0	17481.852615833282
454	-365.34167	13.072168	-302.65002	-368.15002	80.0	910000	-9.778887e-09	4946.546	0.0	-10.493347	0.0008652726	10.830037	0.0	0.0	17551.779480934143
455	-368.4542	1.8137171	-368.05002	-377.15002	80.0	912000	-1.2223609e-09	5026.3906	0.0	-7.7037354	0.0012645298	10.492721	0.0	0.0	17622.91070985794
456	-367.68335	1.800386	-359.05002	-368.15002	80.0	914000	-5.355105e-09	5035.05	0.0	-16.789673	0.001292485	10.193793	0.0	0.0	17697.27520298958
457	-366.7584	6.2155004	-336.95	-368.15002	80.0	916000	5.122274e-09	5132.2017	0.0	-145.78406	0.00090560515	10.568947	0.0	0.0	17768.0094063282
458	-368.42502	1.7984369	-368.05002	-377.05002	80.0	918000	-1.14087015e-08	5057.171	0.0	-6.1831055	0.00047155382	10.741546	0.0	0.0	17835.985589504242
459	-362.97916	17.065964	-302.75	-377.05002	80.0	920000	1.6763806e-08	4880.9033	0.0	-15.289368	0.00074799435	11.114061	0.0	0.0	17905.52711200714
460	-367.2417	6.0408163	-349.0	-377.15002	80.0	922000	-8.1490725e-09	5062.952	0.0	-58.266235	0.0012296974	10.087148	0.0	0.0	17978.790553331375
461	-368.06665	0.03727009	-368.05002	-368.15002	80.0	924000	8.731149e-09	5035.4976	0.0	-3.9135132	0.00090364664	10.469564	0.0	0.0	18051.119776010513
462	-368.0542	0.019983856	-368.05002	-368.15002	80.0	926000	-6.708433e-09	5032.58	0.0	-1.3292236	0.0009021609	10.276914	0.0	0.0	18122.56310749054
463	-368.23752	5.1003747	-349.0	-377.25	80.0	928000	-5.820766e-09	5140.404	0.0	-171.50287	0.0017073462	10.373962	0.0	0.0	18192.103098869324
464	-366.55835	8.025829	-345.80002	-377.35	80.0	930000	-2.0954758e-09	4966.0396	0.0	-16.66919	0.0019260525	11.22073	0.0	0.0	18262.417281389236
465	-368.03336	4.701479	-348.95	-377.15002	80.0	932000	-1.2340024e-08	5066.8643	0.0	-69.25305	0.0018781588	10.741381	0.0	0.0	18330.984684944153
466	-368.31042	1.1868143	-368.05002	-374.0	80.0	934000	1.5366822e-08	5084.4653	0.0	-46.10486	0.0012182132	10.869653	0.0	0.0	18400.308063030243
467	-361.7313	15.710387	-311.95	-368.15002	80.0	936000	-6.7520887e-09	4845.4136	0.0	-19.171692	0.0020720698	12.07897	0.0	0.0	18470.656472444534
468	-366.44998	15.865957	-302.75	-387.2	80.0	938000	-7.450581e-09	5548.9272	0.0	-639.8298	0.004632635	11.033166	0.0	0.0	18540.449419260025
469	-366.61044	11.824561	-321.25	-386.35	80.0	940000	-2.6077032e-08	4982.7656	0.0	-156.36282	0.0057507963	15.134119	0.0	0.0	18609.226764440536
470	-365.5896	20.620554	-302.75	-394.2	80.0	942000	9.313226e-09	4982.402	0.0	-73.2948	0.002863174	14.497398	0.0	0.0	18679.83945465088
471	-366.7938	16.42611	-293.65002	-387.1	80.0	944000	-4.1909516e-09	5013.0264	0.0	-36.740784	0.0022711987	14.081605	0.0	0.0	18749.87271118164
472	-366.8937	4.1424994	-349.0	-368.15002	80.0	946000	-8.381903e-09	5054.204	0.0	-32.67334	0.0014476727	15.378386	0.0	0.0	18822.43901491165
473	-366.77087	5.5451756	-349.0	-377.15002	80.0	948000	3.4924597e-09	5136.877	0.0	-144.42554	0.0018419765	13.229681	0.0	0.0	18893.09321475029
474	-367.73544	7.692834	-348.95	-377.35	80.0	950000	4.656613e-09	4973.5933	0.0	-54.112976	0.0041418048	14.786198	0.0	0.0	18963.891691684723
475	-361.71875	19.192175	-302.65002	-387.30002	80.0	952000	-3.7252903e-09	4862.332	0.0	-59.97345	0.0039289678	15.628321	0.0	0.0	19035.715059041977
476	-356.32083	19.273743	-302.65002	-386.25003	80.0	954000	-2.4214387e-08	4803.9727	0.0	-181.55713	0.0045880806	17.678738	0.0	0.0	19104.17138648033
477	-369.2333	6.7729816	-349.0	-387.1	80.0	956000	3.259629e-09	5643.5073	0.0	-636.9953	0.0039881314	13.800269	0.0	0.0	19177.627762556076
478	-366.8417	10.694689	-330.05002	-377.65002	80.0	958000	-4.656613e-10	4959.99	0.0	-50.528748	0.00628499	15.065074	0.0	0.0	19248.162099838257
479	-362.78958	18.785383	-313.80002	-396.80002	80.0	960000	-1.816079e-08	4954.923	0.0	-328.1087	0.010564495	16.669792	0.0	0.0	19317.02544593811
480	-367.65625	5.024285	-349.0	-377.15002	80.0	962000	-1.6763806e-08	5288.326	0.0	-258.63287	0.0020851945	13.8135395	0.0	0.0	19388.412603139877
481	-367.64792	4.282051	-349.0	-377.05002	80.0	964000	-1.7753337e-08	5020.169	0.0	-10.450989	0.002229137	15.303964	0.0	0.0	19457.444598913193
482	-360.56042	18.47407	-302.75	-377.05002	80.0	966000	1.2572855e-08	4854.621	0.0	-26.613342	0.0021112124	16.93237	0.0	0.0	19527.259805202484
483	-357.1	25.787409	-291.30002	-377.35	80.0	968000	6.9849193e-10	4710.998	0.0	-79.10242	0.00448271	17.288437	0.0	0.0	19596.266366004944
484	-365.61252	17.277056	-302.95	-387.1	80.0	970000	-7.450581e-09	5189.544	0.0	-335.9746	0.003804706	14.119278	0.0	0.0	19665.76116323471
485	-349.82083	41.42839	-244.20001	-396.6	80.0	972000	0.000320971	4776.3867	0.0	-427.9804	0.012833481	18.039185	0.0005	0.0	19730.798123836517
486	-358.11044	18.984377	-302.85	-377.35	80.0	974000	0.00030876556	5330.841	0.0	-755.5171	0.007091631	14.706605	0.001	0.0	19801.11866736412
487	-359.1	22.39485	-302.75	-386.25003	80.0	976000	0.00014851056	5029.864	0.0	-422.19006	0.007274776	13.890453	0.001	0.0	19867.358871221542
488	-363.74585	21.239077	-302.85	-386.45	80.0	978000	-5.826354e-06	5285.2324	0.0	-581.3573	0.00823589	14.289777	0.0	0.0	19933.711921453476
489	-364.75626	13.153538	-303.25	-373.0	80.0	980000	0.00034640916	4993.4463	0.0	-89.772705	0.003438037	13.092567	0.001	0.0	20001.246839284897
490	-369.6167	3.3922272	-368.05002	-377.25	80.0	982000	1.1641532e-09	5053.29	0.0	-12.051697	0.001373008	14.084702	0.0	0.0	20074.428066015244
491	-367.64377	4.271817	-349.1	-377.15002	80.0	984000	-8.614734e-09	5037.166	0.0	-11.65094	0.0009187872	13.364639	0.0	0.0	20147.576969385147
492	-368.08334	0.055276617	-368.05002	-368.25	80.0	986000	4.1909516e-09	5051.866	0.0	-6.7959595	0.0011593944	13.004772	0.0	0.0	20222.013906478882
493	-368.05002	0.0	-368.05002	-368.05002	80.0	988000	1.0360964e-08	5047.329	0.0	-1.071228	0.0006281324	12.43819	0.0	0.0	20295.315066814423
494	-365.29373	11.979786	-311.65002	-377.15002	80.0	990000	2.7939677e-09	4948.0024	0.0	-15.829834	0.0007270533	12.896113	0.0	0.0	20366.04710674286
495	-368.05002	0.0	-368.05002	-368.05002	80.0	992000	1.9790605e-09	5040.866	0.0	-4.451233	0.00072406605	12.603303	0.0	0.0	20435.39346432686
496	-367.88126	0.8093002	-364.0	-368.05002	80.0	994000	-1.5832484e-08	5034.0537	0.0	-5.3084106	0.00060793984	12.479088	0.0	0.0	20506.36315512657
497	-368.05835	0.027640227	-368.05002	-368.15002	80.0	996000	-1.1026714e-08	5036.462	0.0	-3.8011475	0.00054388214	11.978856	0.0	0.0	20574.226158618927
498	-368.0542	0.019983856	-368.05002	-368.15002	80.0	998000	-8.047209e-09	5045.1357	0.0	-0.7373047	0.00051847246	12.440954	0.0	0.0	20646.850978136063
499	-368.4292	1.797679	-368.05002	-377.05002	80.0	1000000	9.895302e-10	5047.1523	0.0	-1.9101562	0.00048897497	12.284513	0.0	0.0	20717.03370475769
