Episode	TestRet	TestSteps	AverageEpRet	StdEpRet	MaxEpRet	MinEpRet	EpLen	Time
50	-295.00000439584255	100.0	-331.663	11.609585	-308.35	-354.75	100.0	10 min 33 sec
100	-295.00000439584255	100.0	-333.48804	8.662245	-307.85	-350.55002	100.0	21 min 9 sec
150	-293.29000469632444	100.0	-328.26602	9.533149	-304.1	-349.85	100.0	31 min 43 sec
200	-287.020005273819	100.0	-326.872	9.109836	-306.30002	-346.2	100.0	42 min 31 sec
250	-308.2850057732314	100.0	-323.885	10.964056	-288.25	-353.25	100.0	53 min 16 sec
300	-296.12000605389477	100.0	-324.49	10.593036	-302.35	-344.75	100.0	1 h 3 min 51 sec
350	-295.82000539712607	100.0	-319.769	13.281512	-272.6	-340.15	100.0	1 h 15 min 0 sec
400	-294.05500578097997	100.0	-313.099	17.150845	-260.95	-333.9	100.0	1 h 27 min 13 sec
450	-291.64000559970737	100.0	-315.99503	14.66073	-277.95	-338.4	100.0	1 h 38 min 34 sec
500	-340.47500784732404	100.0	-310.34503	17.643509	-252.95001	-336.65	100.0	1 h 51 min 9 sec
550	-303.2300068799406	100.0	-302.065	21.276953	-245.1	-330.35	100.0	2 h 3 min 33 sec
600	-302.09500589594245	100.0	-301.136	18.19612	-260.35	-327.0	100.0	2 h 16 min 12 sec
650	-294.10000560730697	100.0	-291.673	23.970287	-218.1	-335.0	100.0	2 h 28 min 44 sec
700	-277.74500604122875	100.0	-289.86102	26.58606	-189.8	-333.0	100.0	2 h 41 min 0 sec
750	-286.46000577285884	100.0	-290.225	26.73829	-188.05	-326.80002	100.0	2 h 53 min 33 sec
800	-354.17000852897763	100.0	-277.85202	29.51125	-214.20001	-323.75	100.0	3 h 6 min 2 sec
850	-268.7350064884871	100.0	-267.709	32.594734	-184.95001	-310.5	100.0	3 h 18 min 27 sec
900	-280.63000532723964	100.0	-270.528	29.58764	-209.05	-315.95	100.0	3 h 32 min 35 sec
950	-299.1100049618632	100.0	-266.091	33.554497	-183.75	-328.1	100.0	3 h 46 min 1 sec
1000	-282.10000557750465	100.0	-261.643	38.936977	-125.65	-312.95	100.0	3 h 59 min 16 sec
1050	-271.42000597156584	100.0	-256.874	37.16817	-150.1	-316.80002	100.0	4 h 15 min 3 sec
1100	-305.760005928576	100.0	-251.68103	44.43575	-109.850006	-308.4	100.0	4 h 31 min 5 sec
1150	-302.08000581897795	100.0	-238.56601	43.77282	-147.35	-309.2	100.0	4 h 46 min 49 sec
1200	-356.82001017034054	100.0	-248.18504	38.51631	-163.65001	-311.9	100.0	5 h 1 min 34 sec
1250	-260.3900060724467	100.0	-237.16202	41.246002	-85.450005	-291.6	100.0	5 h 15 min 53 sec
1300	-282.7400050625205	100.0	-224.36803	51.935276	-77.850006	-324.35	100.0	5 h 30 min 20 sec
1350	-250.2850067861378	100.0	-237.238	45.36745	-127.50001	-304.05002	100.0	5 h 43 min 13 sec
1400	-271.05000635683535	100.0	-234.23997	43.594986	-144.1	-321.25	100.0	5 h 55 min 49 sec
1450	-288.5500066533685	100.0	-231.94199	44.93947	-114.75001	-358.55002	100.0	6 h 7 min 17 sec
1500	-256.4900055218488	100.0	-224.875	46.148117	-94.350006	-321.5	100.0	6 h 18 min 39 sec
1550	-310.2450086638331	100.0	-227.97502	45.222733	-145.85	-362.25	100.0	6 h 32 min 6 sec
1600	-249.2200058043003	100.0	-228.836	53.51447	-67.25001	-319.2	100.0	6 h 47 min 25 sec
1650	-286.91500611156226	100.0	-225.20702	47.697163	-85.65	-304.5	100.0	7 h 2 min 32 sec
1700	-311.3200071711093	100.0	-221.19398	47.36387	-82.25001	-313.2	100.0	7 h 15 min 59 sec
1750	-279.08000720739363	100.0	-226.99	48.698483	-116.55	-372.1	100.0	7 h 28 min 40 sec
1800	-287.8050068568438	100.0	-216.11502	42.71088	-122.90001	-318.85	100.0	7 h 41 min 28 sec
1850	-246.93500580750407	100.0	-220.52101	68.51421	-112.05	-520.2	100.0	7 h 54 min 22 sec
1900	-277.69500616565347	100.0	-224.987	49.834507	-117.700005	-335.5	100.0	8 h 7 min 7 sec
1950	-258.1700067393482	100.0	-214.48703	44.760918	-49.850006	-293.80002	100.0	8 h 19 min 52 sec
2000	-272.7400066893548	100.0	-225.76102	59.03954	-117.25001	-429.65002	100.0	8 h 33 min 2 sec
2050	-282.715005948022	100.0	-203.581	49.246082	-58.850006	-336.40002	100.0	8 h 46 min 3 sec
2100	-276.1950057633221	100.0	-241.45801	54.912582	-160.3	-420.05002	100.0	8 h 58 min 47 sec
2150	-280.1700070943683	100.0	-230.54602	54.345627	-25.500006	-376.75	100.0	9 h 11 min 53 sec
2200	-283.01500658355656	100.0	-238.19301	45.43106	-115.8	-422.25	100.0	9 h 25 min 1 sec
2250	-265.2300059899688	100.0	-243.45903	41.566124	-161.95001	-355.5	100.0	9 h 37 min 59 sec
2300	-263.2900067873299	100.0	-234.01802	37.660015	-135.3	-297.1	100.0	9 h 51 min 8 sec
2350	-286.3050059426576	100.0	-242.17299	35.38169	-172.3	-302.1	100.0	10 h 4 min 33 sec
2400	-375.140011286363	100.0	-244.84903	62.769127	-143.25	-550.45	100.0	10 h 17 min 22 sec
2450	-260.52500546127555	100.0	-238.40701	40.562286	-153.35	-380.85	100.0	10 h 30 min 14 sec
2500	-276.90500614866613	100.0	-235.919	25.287453	-186.0	-285.2	100.0	10 h 43 min 20 sec
2550	-260.9200058400631	100.0	-260.18204	56.668827	-170.75	-483.55002	100.0	10 h 56 min 25 sec
2600	-283.1800061665475	100.0	-236.68599	35.208996	-177.45001	-335.2	100.0	11 h 9 min 23 sec
2650	-321.32500993721186	100.0	-240.571	38.176235	-169.85	-356.4	100.0	11 h 22 min 12 sec
2700	-251.52500593587757	100.0	-254.16801	49.749886	-160.45001	-427.15002	100.0	11 h 35 min 15 sec
2750	-282.97000646479427	100.0	-231.86	36.341206	-174.05	-301.0	100.0	11 h 48 min 29 sec
2800	-292.6500064983964	100.0	-242.85	36.774265	-147.65001	-370.5	100.0	12 h 1 min 15 sec
2850	-298.940008000657	100.0	-233.31099	33.025303	-129.35	-296.5	100.0	12 h 14 min 31 sec
2900	-230.07000646069645	100.0	-233.801	28.868135	-180.95001	-296.9	100.0	12 h 27 min 43 sec
2950	-209.6950061161071	100.0	-226.875	37.180103	-151.45001	-336.05002	100.0	12 h 40 min 41 sec
3000	-284.88000759743153	100.0	-213.639	36.76137	-105.55	-277.0	100.0	12 h 53 min 40 sec
3050	-266.3050068061799	100.0	-222.119	35.440186	-141.70001	-290.2	100.0	13 h 6 min 47 sec
3100	-247.19500729739667	100.0	-219.27602	37.852386	-138.1	-300.65	100.0	13 h 19 min 47 sec
3150	-257.6750056285411	100.0	-236.099	50.677296	-134.6	-374.40002	100.0	13 h 32 min 48 sec
3200	-264.33500661328435	100.0	-263.953	50.40033	-185.75	-411.40002	100.0	13 h 45 min 47 sec
3250	-291.7500072963536	100.0	-228.19704	36.709274	-131.70001	-299.75	100.0	13 h 59 min 1 sec
3300	-226.56500643454493	100.0	-229.07498	37.32194	-124.50001	-309.4	100.0	14 h 12 min 3 sec
3350	-246.27000686377286	100.0	-264.809	93.167	-149.0	-626.2	100.0	14 h 24 min 55 sec
3400	-254.50500598922372	100.0	-260.988	82.07686	-133.40001	-520.85004	100.0	14 h 37 min 57 sec
3450	-266.42000630237163	100.0	-248.80002	60.361107	-152.95001	-450.1	100.0	14 h 50 min 55 sec
3500	-242.38500587232411	100.0	-240.50102	53.723873	-154.15001	-419.15002	100.0	15 h 4 min 1 sec
3550	-274.2600075479597	100.0	-220.39201	39.010178	-153.85	-329.30002	100.0	15 h 17 min 2 sec
3600	-240.38000666312874	100.0	-223.24603	34.791645	-152.15001	-329.95	100.0	15 h 30 min 16 sec
3650	-253.28000671193004	100.0	-218.74301	31.537397	-145.75	-278.55002	100.0	15 h 43 min 19 sec
3700	-278.3550068248063	100.0	-223.49301	37.90099	-91.700005	-304.1	100.0	15 h 56 min 29 sec
3750	-232.94500618427992	100.0	-216.92699	25.73882	-150.25	-281.2	100.0	16 h 9 min 26 sec
3800	-234.4800061762333	100.0	-220.95702	46.760975	-143.20001	-434.0	100.0	16 h 22 min 29 sec
3850	-232.8300061967224	100.0	-220.264	31.983185	-138.65001	-286.2	100.0	16 h 35 min 41 sec
3900	-251.01500637307763	100.0	-223.48303	31.465998	-151.20001	-276.9	100.0	16 h 48 min 42 sec
3950	-267.3050062529743	100.0	-216.72202	35.148304	-137.40001	-302.7	100.0	17 h 1 min 41 sec
4000	-290.5250083357096	100.0	-220.98303	34.522137	-156.85	-314.45	100.0	17 h 14 min 52 sec
4050	-266.6050064917654	100.0	-218.015	44.00825	-131.65001	-365.75	100.0	17 h 27 min 42 sec
4100	-254.23500583842397	100.0	-215.306	37.46741	-93.90001	-317.80002	100.0	17 h 40 min 54 sec
4150	-236.68000635206698	100.0	-213.544	33.518364	-135.5	-267.80002	100.0	17 h 54 min 17 sec
4200	-353.020012190938	100.0	-227.165	60.187775	-94.950005	-414.6	100.0	18 h 6 min 54 sec
4250	-551.6100216455758	100.0	-248.194	40.351997	-187.15001	-396.95	100.0	18 h 19 min 51 sec
4300	-223.9800060018897	100.0	-235.43102	78.95959	-68.350006	-569.15	100.0	18 h 33 min 0 sec
4350	-242.8150069821626	100.0	-230.855	52.886524	-154.05	-410.00003	100.0	18 h 45 min 56 sec
4400	-244.35000658333303	100.0	-228.489	57.3697	-138.55	-445.90002	100.0	18 h 58 min 57 sec
4450	-241.12000544108452	100.0	-233.399	58.29326	-131.15001	-442.40002	100.0	19 h 12 min 10 sec
4500	-246.69500695466996	100.0	-228.49902	53.939175	-89.350006	-375.80002	100.0	19 h 25 min 6 sec
4550	-231.30500607006252	100.0	-221.94301	50.436543	-126.65001	-404.65002	100.0	19 h 38 min 15 sec
4600	-226.43000626824795	100.0	-206.91	34.465393	-137.70001	-281.9	100.0	19 h 51 min 20 sec
4650	-259.20500714927914	100.0	-208.151	42.81814	-128.1	-408.50003	100.0	20 h 4 min 32 sec
4700	-236.15000598840416	100.0	-216.487	35.865986	-115.50001	-297.55002	100.0	20 h 17 min 43 sec
4750	-271.3700077883899	100.0	-238.83502	63.499912	-111.950005	-398.7	100.0	20 h 30 min 50 sec
4800	-240.79000643640757	100.0	-220.06099	35.706932	-136.45001	-291.45	100.0	20 h 43 min 51 sec
4850	-204.95000513605774	100.0	-204.73701	37.910507	-27.100006	-276.35	100.0	20 h 56 min 52 sec
4900	-243.05000691488385	100.0	-212.18	46.215595	-101.55	-302.65002	100.0	21 h 9 min 47 sec
4950	-223.2200058490038	100.0	-213.774	37.709015	-110.8	-278.35	100.0	21 h 22 min 45 sec
5000	-253.74500622861086	100.0	-202.00902	38.434017	-79.8	-272.4	100.0	21 h 35 min 43 sec
5050	-246.28000727556645	100.0	-218.75699	57.89855	-123.15001	-479.7	100.0	21 h 48 min 50 sec
5100	-230.4150069694966	100.0	-202.559	30.507063	-115.3	-254.35	100.0	22 h 2 min 7 sec
5150	-286.92000625431535	100.0	-218.21301	75.51424	-84.950005	-452.85	100.0	22 h 15 min 16 sec
5200	-200.27500619776546	100.0	-206.074	35.151535	-115.200005	-284.2	100.0	22 h 28 min 19 sec
5250	-254.1350073300302	100.0	-218.072	30.648857	-120.850006	-273.9	100.0	22 h 41 min 18 sec
5300	-237.760005556792	100.0	-199.03001	42.462803	-85.65	-293.2	100.0	22 h 54 min 19 sec
5350	-280.7100076377392	100.0	-210.54	31.64552	-130.5	-286.45	100.0	23 h 7 min 19 sec
5400	-260.4700076315552	100.0	-224.449	52.374462	-115.100006	-395.75003	100.0	23 h 20 min 35 sec
5450	-253.2350068282336	100.0	-222.791	38.54561	-150.1	-293.75	100.0	23 h 33 min 24 sec
5500	-236.13000665977597	100.0	-214.76303	56.258827	-123.850006	-488.95	100.0	23 h 46 min 19 sec
5550	-231.66000767908992	100.0	-206.003	44.62622	-64.450005	-312.05002	100.0	23 h 59 min 12 sec
5600	-266.9400074496865	100.0	-204.89005	44.203815	-52.150005	-276.05002	100.0	24 h 12 min 21 sec
5650	-261.7100069668144	100.0	-226.66002	43.951843	-126.3	-427.90002	100.0	24 h 25 min 5 sec
5700	-356.4250118602067	100.0	-208.42	38.500957	-122.25001	-288.05002	100.0	24 h 38 min 3 sec
5750	-262.82500681728123	100.0	-211.413	55.142048	-93.3	-411.05002	100.0	24 h 50 min 52 sec
5800	-211.17500646859406	100.0	-197.34401	36.04263	-121.200005	-279.0	100.0	25 h 3 min 44 sec
5850	-229.40500585027038	100.0	-205.159	42.77456	-110.00001	-286.80002	100.0	25 h 16 min 43 sec
5900	-214.71500662975012	100.0	-205.89403	42.032574	-113.65001	-280.15	100.0	25 h 29 min 38 sec
5950	-230.81000652387738	100.0	-198.66301	43.643173	-89.50001	-282.75	100.0	25 h 42 min 31 sec
6000	-206.05500713326037	100.0	-202.084	53.585346	-47.000004	-358.75	100.0	25 h 55 min 12 sec
6050	-240.7250076327473	100.0	-205.29898	45.351574	-118.55	-333.15002	100.0	26 h 8 min 1 sec
6100	-257.33000741899014	100.0	-214.331	49.134754	-74.50001	-372.40002	100.0	26 h 20 min 38 sec
6150	-288.07000940032304	100.0	-221.32903	52.30878	-56.850006	-355.25	100.0	26 h 33 min 20 sec
6200	-281.07000724971294	100.0	-199.83502	44.74054	-83.40001	-315.40002	100.0	26 h 46 min 14 sec
6250	-201.07000667899848	100.0	-210.72798	31.83775	-148.1	-285.1	100.0	26 h 58 min 57 sec
6300	-236.58000629656016	100.0	-200.261	47.305603	-29.250006	-310.25	100.0	27 h 11 min 43 sec
6350	-223.03500754982232	100.0	-216.104	51.530983	-139.95001	-388.6	100.0	27 h 24 min 28 sec
6400	-288.29501141905786	100.0	-211.404	43.64018	-95.350006	-295.65002	100.0	27 h 37 min 7 sec
6450	-251.52000734955072	100.0	-203.44899	43.362057	-102.40001	-300.35	100.0	27 h 49 min 45 sec
6500	-219.98500595875083	100.0	-210.125	57.33529	-119.65001	-475.15002	100.0	28 h 2 min 29 sec
6550	-267.6550073377788	100.0	-205.73701	38.120102	-100.25001	-279.80002	100.0	28 h 15 min 13 sec
6600	-230.88500724062322	100.0	-200.687	36.24901	-90.950005	-267.15	100.0	28 h 27 min 56 sec
6650	-227.93500614129007	100.0	-201.40201	37.841965	-117.25001	-294.5	100.0	28 h 40 min 43 sec
6700	-256.87500748075547	100.0	-192.10902	37.644794	-103.55001	-257.4	100.0	28 h 53 min 29 sec
6750	-251.8900067731738	100.0	-192.33302	41.681965	-76.05	-271.7	100.0	29 h 6 min 4 sec
6800	-241.08000698201357	100.0	-189.877	30.797722	-96.100006	-246.95001	100.0	29 h 18 min 49 sec
6850	-182.41000606641174	100.0	-200.98802	42.43533	-99.25001	-285.7	100.0	29 h 31 min 36 sec
6900	-244.95500684157014	100.0	-193.181	45.541027	-63.850006	-276.65	100.0	29 h 44 min 11 sec
6950	-284.38000689931215	100.0	-197.003	40.096985	-94.850006	-285.15	100.0	29 h 56 min 56 sec
7000	-240.08000668510795	100.0	-199.503	43.610905	-93.850006	-322.25	100.0	30 h 9 min 40 sec
7050	-238.98500586897134	100.0	-207.72803	43.14751	-79.600006	-338.45	100.0	30 h 22 min 12 sec
7100	-237.89500744454563	100.0	-206.64398	35.722176	-104.100006	-274.55002	100.0	30 h 35 min 3 sec
7150	-196.56500631310047	100.0	-190.70201	39.302795	-81.200005	-279.75	100.0	30 h 47 min 49 sec
7200	-263.7550076361746	100.0	-193.269	35.458714	-114.55	-261.7	100.0	31 h 0 min 26 sec
7250	-240.81500667259098	100.0	-197.84003	39.811417	-76.25001	-297.95	100.0	31 h 13 min 4 sec
7300	-233.23500780314208	100.0	-208.506	36.805035	-108.00001	-306.5	100.0	31 h 25 min 36 sec
7350	-224.0700070530176	100.0	-188.05801	40.5888	-67.50001	-268.6	100.0	31 h 38 min 3 sec
7400	-245.1200068451464	100.0	-210.99	70.79483	-44.250004	-492.1	100.0	31 h 50 min 36 sec
7450	-221.48500648476184	100.0	-223.13803	59.960182	-107.850006	-390.6	100.0	32 h 3 min 10 sec
7500	-231.94000686630608	100.0	-210.85301	39.443768	-126.75001	-313.5	100.0	32 h 15 min 44 sec
7550	-231.40000660419463	100.0	-190.71301	43.620804	-89.25001	-285.30002	100.0	32 h 28 min 17 sec
7600	-218.26000682190062	100.0	-197.59102	45.462658	-101.65	-320.85	100.0	32 h 40 min 58 sec
7650	-213.94500692896546	100.0	-190.72202	43.554333	-104.90001	-313.6	100.0	32 h 53 min 33 sec
7700	-210.30500736646354	100.0	-193.036	41.373608	-109.100006	-319.25	100.0	33 h 6 min 1 sec
7750	-206.4200068771839	100.0	-208.44798	53.20275	-90.700005	-364.0	100.0	33 h 18 min 48 sec
7800	-162.7550058245659	100.0	-198.22198	46.21402	-64.200005	-261.0	100.0	33 h 31 min 38 sec
7850	-314.5550109464675	100.0	-195.4	49.74415	-30.200005	-268.7	100.0	33 h 44 min 10 sec
7900	-264.185007282719	100.0	-204.54301	40.645603	-100.950005	-278.0	100.0	33 h 57 min 0 sec
7950	-232.60500584281982	100.0	-191.58301	36.718502	-114.50001	-273.4	100.0	34 h 9 min 35 sec
8000	-227.32000705637037	100.0	-191.79102	36.282818	-78.600006	-257.55002	100.0	34 h 22 min 5 sec
8050	-219.6350062761456	100.0	-195.10402	42.758514	-82.8	-276.45	100.0	34 h 34 min 47 sec
8100	-250.62500721290706	100.0	-191.24898	38.385376	-68.100006	-273.15	100.0	34 h 47 min 24 sec
8150	-231.54000600799918	100.0	-202.487	42.91678	-88.100006	-271.0	100.0	35 h 0 min 6 sec
8200	-235.21500625237823	100.0	-188.931	37.235706	-107.8	-266.95	100.0	35 h 12 min 41 sec
8250	-194.31500717699527	100.0	-190.98201	40.235523	-56.900005	-268.4	100.0	35 h 25 min 17 sec
8300	-207.66500634849072	100.0	-205.121	45.39865	-109.75001	-316.05002	100.0	35 h 37 min 53 sec
8350	-219.8850066833198	100.0	-187.703	38.45585	-86.3	-273.05002	100.0	35 h 50 min 17 sec
8400	-217.52500634156166	100.0	-204.86801	54.358356	-90.600006	-359.15002	100.0	36 h 2 min 55 sec
8450	-228.07000571750103	100.0	-196.915	49.73647	-64.8	-350.45	100.0	36 h 15 min 32 sec
8500	-247.74500647373497	100.0	-214.81201	77.84174	-59.950005	-490.85	100.0	36 h 27 min 57 sec
8550	-182.41500647254287	100.0	-210.00801	45.658463	-107.05	-337.6	100.0	36 h 40 min 32 sec
8600	-237.34000679701566	100.0	-203.78702	36.58481	-114.55	-274.35	100.0	36 h 53 min 34 sec
8650	-214.54000747799873	100.0	-183.47601	45.623077	-47.700005	-274.5	100.0	37 h 5 min 59 sec
8700	-211.74500684179367	100.0	-187.151	48.87682	-72.950005	-301.1	100.0	37 h 18 min 38 sec
8750	-231.18000670820476	100.0	-191.68597	42.94921	-109.05	-267.95	100.0	37 h 31 min 10 sec
8800	-301.2500095847994	100.0	-196.67601	44.53784	-87.200005	-337.35	100.0	37 h 43 min 32 sec
8850	-232.45000697635115	100.0	-197.97398	40.23783	-113.850006	-317.6	100.0	37 h 56 min 13 sec
8900	-196.1750067897141	100.0	-194.00102	43.036964	-65.15	-284.80002	100.0	38 h 8 min 56 sec
8950	-195.13500749841333	100.0	-204.101	43.649185	-116.600006	-303.25	100.0	38 h 21 min 22 sec
9000	-242.9750068064779	100.0	-191.015	40.6203	-87.75001	-296.05002	100.0	38 h 33 min 50 sec
9050	-207.9500061158091	100.0	-212.35703	45.279675	-135.25	-348.05002	100.0	38 h 46 min 21 sec
9100	-264.99000624641775	100.0	-198.819	42.02036	-80.05	-297.6	100.0	38 h 58 min 54 sec
9150	-179.8750059109181	100.0	-186.709	41.253563	-62.050007	-289.5	100.0	39 h 11 min 20 sec
9200	-220.05000658556818	100.0	-180.99298	40.518887	-72.65001	-278.0	100.0	39 h 23 min 49 sec
9250	-239.73000660128892	100.0	-188.49298	47.70859	-33.850006	-256.65	100.0	39 h 36 min 17 sec
9300	-261.19000729359686	100.0	-203.39502	39.14624	-100.850006	-284.5	100.0	39 h 48 min 57 sec
9350	-231.3600054308772	100.0	-186.384	49.064915	-71.200005	-331.95	100.0	40 h 1 min 18 sec
9400	-235.78500603549182	100.0	-197.26701	50.68548	-50.900005	-350.7	100.0	40 h 14 min 1 sec
9450	-259.0200070783496	100.0	-184.46901	47.34381	-75.00001	-315.55002	100.0	40 h 26 min 23 sec
9500	-283.41000786311923	100.0	-199.43	58.88675	-93.15001	-378.2	100.0	40 h 38 min 53 sec
9550	-222.39500788412988	100.0	-181.60101	39.753117	-97.850006	-311.15	100.0	40 h 51 min 29 sec
9600	-197.04500643536448	100.0	-193.269	47.166134	-94.25001	-298.30002	100.0	41 h 4 min 9 sec
9650	-229.50500709824263	100.0	-214.44203	65.637115	-89.25001	-491.2	100.0	41 h 16 min 28 sec
9700	-233.78000613600017	100.0	-184.634	40.301098	-73.100006	-261.9	100.0	41 h 29 min 11 sec
9750	-296.1150107201189	100.0	-176.46402	56.239315	-30.600006	-374.30002	100.0	41 h 41 min 41 sec
9800	-206.03000665418804	100.0	-175.95702	50.81505	-84.8	-362.55002	100.0	41 h 54 min 9 sec
9850	-209.55500643104315	100.0	-180.17099	48.163136	-49.750008	-294.30002	100.0	42 h 6 min 39 sec
9900	-188.99000607952476	100.0	-177.69	40.751415	-83.850006	-257.9	100.0	42 h 19 min 16 sec
9950	-215.40500642694533	100.0	-171.14099	54.02931	10.849996	-276.35	100.0	42 h 31 min 43 sec
10000	-205.40000682659448	100.0	-187.313	37.465744	-113.55	-267.7	100.0	42 h 44 min 20 sec
10050	-258.18500624336303	100.0	-185.73898	46.576622	-12.850007	-286.25	100.0	42 h 56 min 46 sec
10100	-206.47000656723975	100.0	-182.661	44.778408	-72.3	-283.90002	100.0	43 h 9 min 17 sec
10150	-208.69500524811446	100.0	-191.13602	42.18995	-67.25001	-315.45	100.0	43 h 21 min 56 sec
10200	-198.31000543683768	100.0	-201.54602	84.21814	-100.350006	-499.45	100.0	43 h 34 min 25 sec
10250	-191.77000671625137	100.0	-176.613	45.98835	-42.300003	-317.2	100.0	43 h 47 min 4 sec
10300	-234.4100067626685	100.0	-171.03102	59.163284	-19.150007	-270.55002	100.0	43 h 59 min 41 sec
10350	-216.1950072862208	100.0	-183.31401	48.355877	-35.300007	-318.90002	100.0	44 h 11 min 53 sec
10400	-224.88000700324773	100.0	-179.53201	48.885025	-70.600006	-289.2	100.0	44 h 24 min 44 sec
10450	-175.47000693641604	100.0	-167.135	60.83018	-43.400005	-305.90002	100.0	44 h 37 min 15 sec
10500	-195.06000773087143	100.0	-163.81201	44.28211	-63.900005	-274.5	100.0	44 h 49 min 47 sec
10550	-207.60000705830754	100.0	-173.41101	52.323364	-38.250004	-309.40002	100.0	45 h 2 min 28 sec
10600	-172.64500738307834	100.0	-178.877	51.5047	-64.450005	-288.95	100.0	45 h 14 min 45 sec
10650	-297.8800105880946	100.0	-180.30801	46.00166	-60.550007	-292.1	100.0	45 h 27 min 7 sec
10700	-196.20000673159956	100.0	-162.7	51.47206	47.54999	-241.6	100.0	45 h 39 min 40 sec
10750	-215.67500647865236	100.0	-146.282	51.314037	-9.200006	-244.65001	100.0	45 h 52 min 1 sec
10800	-178.6100066781044	100.0	-157.99701	55.009	-38.45001	-239.8	100.0	46 h 4 min 41 sec
10850	-183.84000666849315	100.0	-169.28601	49.764023	-68.15	-265.75	100.0	46 h 17 min 14 sec
10900	-171.41500684432685	100.0	-163.34702	46.17544	-49.800007	-265.90002	100.0	46 h 29 min 37 sec
10950	-205.18500753715634	100.0	-177.43903	66.7734	-34.900005	-354.1	100.0	46 h 42 min 4 sec
11000	-229.2300074044615	100.0	-151.11902	49.188488	-26.700006	-279.7	100.0	46 h 54 min 29 sec
11050	-279.1000092316419	100.0	-171.79002	53.06622	-41.500008	-309.85	100.0	47 h 7 min 11 sec
11100	-275.96001008227466	100.0	-182.83002	71.84672	-65.100006	-387.75003	100.0	47 h 19 min 35 sec
11150	-197.1350082308054	100.0	-142.389	60.81023	14.099993	-244.40001	100.0	47 h 32 min 16 sec
11200	-200.83000711426138	100.0	-155.014	51.189007	-9.200007	-251.65001	100.0	47 h 44 min 53 sec
11250	-409.0500174667686	100.0	-145.55202	62.67007	-12.050005	-389.6	100.0	47 h 57 min 38 sec
11300	-155.26000638902187	100.0	-159.99402	76.54829	14.699995	-397.6	100.0	48 h 10 min 2 sec
11350	-148.3100052423775	100.0	-149.63501	71.96561	-31.650003	-349.85	100.0	48 h 22 min 34 sec
11400	-133.01000681966542	100.0	-132.929	65.24994	12.999995	-328.7	100.0	48 h 35 min 4 sec
11450	-161.18000704497098	100.0	-152.341	64.91632	-25.500008	-335.2	100.0	48 h 47 min 36 sec
11500	-161.20500721372665	100.0	-143.679	51.605766	-19.000006	-263.30002	100.0	49 h 0 min 8 sec
11550	-122.70000610053539	100.0	-145.389	42.073112	-40.050007	-262.45	100.0	49 h 12 min 28 sec
11600	-242.48000715747474	100.0	-152.279	61.96814	-16.500008	-283.6	100.0	49 h 25 min 4 sec
11650	-219.89500828795136	100.0	-166.77	67.95196	-52.100006	-309.80002	100.0	49 h 37 min 21 sec
11700	-93.60500639267266	100.0	-147.535	59.88311	29.749994	-260.4	100.0	49 h 50 min 16 sec
11750	-230.0900067590177	100.0	-161.791	51.737556	-19.300007	-257.90002	100.0	50 h 3 min 1 sec
11800	-162.06000519581139	100.0	-149.15701	48.82639	-16.100004	-237.65001	100.0	50 h 15 min 59 sec
11850	-242.4800086889416	100.0	-155.02101	56.331142	74.45	-254.35	100.0	50 h 28 min 47 sec
11900	-229.5450071733445	100.0	-168.923	51.259254	-47.800007	-302.25	100.0	50 h 41 min 20 sec
11950	-211.89000786431134	100.0	-182.91602	56.943787	-70.850006	-303.2	100.0	50 h 54 min 2 sec
12000	-230.98500753715635	100.0	-156.022	57.078827	16.049995	-287.85	100.0	51 h 6 min 52 sec
12050	-162.63000595010817	100.0	-165.089	52.058197	-71.700005	-282.75	100.0	51 h 19 min 35 sec
12100	-259.1300116032362	100.0	-162.615	71.18892	-38.500004	-384.25003	100.0	51 h 32 min 22 sec
12150	-116.41500668860972	100.0	-149.507	52.194233	-19.500004	-244.90001	100.0	51 h 44 min 42 sec
