Epoch	AverageEpRet	StdEpRet	MaxEpRet	MinEpRet	EpLen	TotalEnvInteracts	LossPi	LossV	DeltaLossPi	DeltaLossV	Entropy	KL	ClipFrac	StopIter	Time
0	-38.71121	3.9891992	-29.95	-45.0	80.0	40000	3.958121e-08	4.290426	-0.011752497	-3.401358	3.4936152	0.011334835	0.087050006	49.0	19.056069135665894
1	-37.910526	3.7869902	-24.5	-44.100002	80.0	80000	-1.3737008e-08	0.8994367	-0.008160345	-0.028464206	3.484451	0.012236186	0.05825	49.0	38.18826460838318
2	-37.050865	3.4880526	-29.35	-42.100002	80.0	120000	-6.0535967e-09	0.79110134	-0.009115063	-0.016838744	3.4740129	0.0126978215	0.061175004	49.0	57.20978665351868
3	-37.54643	2.537502	-31.75	-42.45	80.0	160000	7.450581e-09	0.7442617	-0.008730549	-0.017917588	3.4648128	0.012184392	0.070374995	49.0	75.67146873474121
4	-37.36786	2.2437701	-31.2	-41.9	80.0	200000	-8.1490725e-09	0.69882286	-0.00886536	-0.01170408	3.450994	0.012069656	0.074425004	49.0	94.30369520187378
5	-37.410713	2.6165974	-29.050001	-40.2	80.0	240000	0.0	0.65724057	-0.009077983	-0.016141579	3.4333649	0.008303727	0.05335	49.0	112.84974312782288
6	-36.38393	2.3759604	-28.85	-39.7	80.0	280000	-1.5599653e-08	0.63947535	-0.010428899	-0.016552627	3.411582	0.011652726	0.08732499	49.0	131.40697121620178
7	-36.734547	1.8946548	-31.65	-39.100002	80.0	320000	-6.519258e-09	0.60910445	-0.01041094	-0.02884382	3.3834636	0.011320625	0.09035	49.0	150.03306674957275
8	-35.6875	2.179475	-29.95	-39.05	80.0	360000	1.6763806e-08	0.5585927	-0.011964556	-0.033491597	3.3634913	0.012282309	0.10185	49.0	168.34157919883728
9	-35.716072	1.8408341	-29.45	-38.5	80.0	400000	0.0	0.5132214	-0.012354393	-0.045425132	3.3291368	0.011149352	0.08855	49.0	186.84013438224792
10	-35.092857	2.0548813	-30.550001	-38.5	80.0	440000	6.0535967e-09	0.5579027	-0.014142839	-0.11177465	3.2780142	0.014544988	0.115925	49.0	205.25733923912048
11	-35.15804	2.409186	-30.15	-39.0	80.0	480000	8.381903e-09	0.47874224	-0.014120476	-0.033781864	3.2355118	0.009020556	0.083399996	49.0	224.0859944820404
12	-35.60268	2.0366383	-30.75	-38.7	80.0	520000	-1.3038516e-08	0.45741	-0.015942618	-0.054675415	3.1854315	0.009721611	0.091225	49.0	242.39964318275452
13	-34.586605	2.2442284	-27.95	-38.0	80.0	560000	-7.21775e-09	0.42867526	-0.015619477	-0.04622697	3.1322975	0.009890465	0.096750006	49.0	261.5084764957428
14	-34.217857	2.4452477	-26.65	-37.9	80.0	600000	1.3969839e-09	0.4326157	-0.017572317	-0.06545251	3.0792558	0.010929024	0.11975001	49.0	280.0974054336548
15	-33.01518	3.825898	-21.2	-37.95	80.0	640000	1.0244548e-08	0.41185018	-0.017311871	-0.035878126	3.0228825	0.0112611605	0.098875	49.0	299.51563596725464
16	-32.29474	4.123496	-16.95	-37.850002	80.0	680000	1.8626451e-09	0.42857796	-0.017111149	-0.043733276	2.973762	0.010249365	0.098825	49.0	318.925874710083
17	-31.151754	6.1422324	-9.75	-38.2	80.0	720000	-1.1175871e-08	0.47794104	-0.017279252	-0.04669655	2.9353104	0.008679952	0.098775	49.0	337.98678374290466
18	-29.949139	8.650745	0.25000018	-37.95	80.0	760000	-1.8626451e-09	0.63356304	-0.017401615	-0.040749088	2.8999023	0.009233678	0.095874995	49.0	357.7946252822876
19	-24.238136	14.909493	11.15	-37.600002	80.0	800000	3.7252903e-09	1.2783222	-0.017942537	-0.15616745	2.8550618	0.011570785	0.117125005	49.0	377.21202850341797
20	-21.980175	19.162539	24.25	-38.100002	80.0	840000	5.5879354e-09	1.347364	-0.01567803	-0.13843474	2.8108869	0.008699194	0.093975	49.0	396.23695516586304
21	-24.063116	19.137869	25.95	-38.0	80.0	880000	1.8626451e-09	1.241344	-0.0149320215	-0.09787722	2.79292	0.0066426685	0.073025	49.0	415.88893008232117
22	-19.065834	22.53386	38.75	-37.05	80.0	920000	-5.5879354e-09	1.5507145	-0.015665755	-0.08957724	2.7567682	0.009135414	0.076925	49.0	435.7965271472931
23	-22.39138	22.229649	31.449999	-37.05	80.0	960000	1.21071935e-08	1.1644998	-0.0138653945	-0.09298441	2.753152	0.008388734	0.082625	49.0	455.61499857902527
24	-8.575424	28.246456	34.7	-38.600002	80.0	1000000	4.656613e-09	2.0000658	-0.014178506	-0.25466454	2.6393824	0.008139638	0.082975	49.0	475.02532172203064
25	-18.074165	26.442669	44.0	-37.0	80.0	1040000	4.656613e-09	1.6612408	-0.013665724	-0.15454066	2.6646533	0.0071297428	0.07610001	49.0	494.68378472328186
26	-12.869355	28.316166	46.15	-37.3	80.0	1080000	-1.8626451e-09	1.7055256	-0.013837643	-0.10816619	2.6310725	0.006841149	0.075525	49.0	514.5385885238647
27	-11.9096775	29.352621	41.45	-37.25	80.0	1120000	-3.7252903e-09	1.6544974	-0.013642316	-0.091567785	2.6090524	0.0077334885	0.086425	49.0	534.2820038795471
28	-19.929842	25.220394	46.5	-37.25	80.0	1160000	-2.8521754e-09	1.079802	-0.0137562845	-0.09559744	2.6258025	0.007465589	0.081425	49.0	554.601381778717
29	-19.844263	25.599445	40.05	-37.0	80.0	1200000	-2.3283064e-09	1.1876726	-0.01318165	-0.08046967	2.6144805	0.00812145	0.078975	49.0	573.9850957393646
30	-17.517189	25.8374	43.9	-36.850002	80.0	1240000	1.8626451e-09	1.3099389	-0.014005978	-0.09593808	2.5771089	0.008948457	0.085225	49.0	594.7121138572693
31	-10.925758	29.375914	47.6	-37.8	80.0	1280000	2.7939677e-09	1.8024629	-0.013725875	-0.14147831	2.4905019	0.008877268	0.08995	49.0	615.149019241333
32	-12.628906	28.352129	49.9	-37.15	80.0	1320000	-1.1175871e-08	1.5660217	-0.014279857	-0.098141454	2.543363	0.008515	0.079075	49.0	635.5024409294128
33	-11.313282	29.035797	51.75	-35.25	80.0	1360000	6.519258e-09	1.735888	-0.014682942	-0.08846481	2.5125613	0.008557831	0.0871	49.0	655.8969404697418
34	-11.672389	28.543167	48.7	-35.55	80.0	1400000	5.122274e-09	1.6218774	-0.013963465	-0.17190853	2.4654326	0.010522816	0.095775	49.0	676.4986934661865
35	-12.930769	26.924566	47.0	-36.55	80.0	1440000	3.7252903e-09	1.4761329	-0.015525665	-0.14452797	2.4915633	0.008683478	0.098575	49.0	697.110348701477
36	-10.623136	29.880728	47.4	-37.2	80.0	1480000	-7.916242e-09	1.3424778	-0.015070538	-0.103882544	2.4496655	0.0071299965	0.081875	49.0	717.9691321849823
37	-9.444697	29.762203	53.45	-36.9	80.0	1520000	-6.519258e-09	1.6556224	-0.014795339	-0.09354791	2.41736	0.0083706025	0.08247501	49.0	739.0091569423676
38	-9.230884	29.784098	48.9	-37.05	80.0	1560000	7.916242e-09	1.5256469	-0.015320764	-0.108888954	2.3879094	0.008338194	0.08655	49.0	760.3709309101105
39	-5.2375007	31.063318	53.7	-37.2	80.0	1600000	-9.313226e-09	1.7718077	-0.014324151	-0.12003411	2.3189087	0.0084833205	0.085075006	49.0	781.678216457367
40	-7.8415494	29.135546	51.95	-36.5	80.0	1640000	-6.0535967e-09	1.9604111	-0.015402127	-0.10583481	2.3369474	0.007459889	0.082525	49.0	803.2169568538666
41	-14.289189	23.659647	46.7	-38.100002	80.0	1680000	0.0	1.4774456	-0.015412606	-0.08256571	2.3688488	0.008184179	0.09015	49.0	825.080296754837
42	-6.547143	29.11043	51.4	-37.2	80.0	1720000	0.0	1.9525808	-0.014987309	-0.10665189	2.2898407	0.0074807787	0.087825	49.0	845.9386320114136
43	-7.7345076	30.610548	56.55	-35.600002	80.0	1760000	2.3283064e-09	1.8443328	-0.015407983	-0.110911004	2.2834425	0.00892777	0.09712501	49.0	867.3644835948944
44	-5.36875	29.589325	51.05	-36.600002	80.0	1800000	-1.8626451e-09	1.9336708	-0.015268409	-0.11280662	2.2393618	0.007098602	0.091525	49.0	888.5688879489899
45	-5.5812507	29.20492	50.149998	-36.350002	80.0	1840000	6.9849193e-09	2.0653992	-0.014964409	-0.2036933	2.2096376	0.008556825	0.085250005	49.0	910.1053829193115
46	-1.1541102	31.236847	61.75	-35.55	80.0	1880000	1.8626451e-09	2.0698168	-0.015259815	-0.15948428	2.1922097	0.0097495075	0.092525005	49.0	931.9392857551575
47	-5.8324327	29.525023	59.399998	-35.600002	80.0	1920000	2.7939677e-09	2.091024	-0.014990002	-0.14670207	2.1829164	0.0074757775	0.081424996	49.0	953.4494144916534
48	-6.476028	32.242214	63.899998	-35.350002	80.0	1960000	1.8626451e-09	2.055581	-0.016510695	-0.1544161	2.1894376	0.010396314	0.099975005	49.0	975.5837550163269
49	-2.0361843	29.854084	69.15	-33.55	80.0	2000000	1.3969839e-09	2.5692003	-0.016185103	-0.12711553	2.1419508	0.009743482	0.096499994	49.0	998.4228703975677
50	-6.5157537	30.526176	58.649998	-35.2	80.0	2040000	1.3038516e-08	2.259016	-0.014509499	-0.31356007	2.132935	0.008167669	0.087375	49.0	1020.7203695774078
51	-0.64133364	30.855879	70.4	-36.600002	80.0	2080000	-2.3283064e-09	2.395771	-0.015460445	-0.15975827	2.1362724	0.010506062	0.100499995	49.0	1042.8100459575653
52	-4.892362	29.432405	55.95	-35.5	80.0	2120000	-6.0535967e-09	2.120269	-0.014932716	-0.18004845	2.0956419	0.0066186	0.0893	49.0	1063.8019044399261
53	-1.166026	30.530975	71.45	-37.0	80.0	2160000	4.5401976e-09	2.4659457	-0.014933387	-0.16020565	2.083985	0.0073526893	0.09125	49.0	1086.293380498886
54	-1.3527036	32.488712	59.3	-36.95	80.0	2200000	6.519258e-09	2.0397394	-0.015288154	-0.118660524	2.0714343	0.007946063	0.08885	49.0	1107.7825028896332
55	-1.6445949	33.407276	63.0	-36.65	80.0	2240000	-7.450581e-09	2.4688644	-0.014600066	-0.16229199	2.0203893	0.010086154	0.086674996	49.0	1129.8859703540802
56	-0.7642866	32.23583	65.45	-33.9	80.0	2280000	-7.450581e-09	2.2967353	-0.01462755	-0.1385591	2.0434232	0.007805598	0.080825	49.0	1153.074059009552
57	-3.577027	30.018898	61.95	-36.4	80.0	2320000	-4.656613e-09	2.2378693	-0.015145554	-0.15099815	2.0105698	0.008936269	0.09635	49.0	1174.867519378662
58	-5.691096	28.92533	60.4	-35.95	80.0	2360000	-6.519258e-09	2.1268063	-0.01482904	-0.15830086	1.9889662	0.008313285	0.0914	49.0	1196.9048435688019
59	-0.80743283	33.23548	68.25	-34.65	80.0	2400000	5.122274e-09	2.127943	-0.014966856	-0.22175333	1.9640027	0.008950707	0.094775	49.0	1218.6463255882263
60	-4.1952057	34.111015	64.7	-37.100002	80.0	2440000	1.4901161e-08	1.9609027	-0.015142333	-0.16262339	1.841758	0.008521309	0.093150005	49.0	1240.7725417613983
61	-2.2256954	33.880226	69.7	-36.5	80.0	2480000	9.313226e-10	2.0678458	-0.013806732	-0.16016689	1.9016956	0.007692136	0.081225	49.0	1262.1432135105133
62	-4.3547297	30.51458	56.399998	-35.600002	80.0	2520000	5.122274e-09	1.76333	-0.013198802	-0.12394275	1.9212497	0.0073028374	0.081475	49.0	1283.9050629138947
63	6.899285	35.078968	66.9	-36.350002	80.0	2560000	-5.5879354e-09	2.184795	-0.014066655	-0.20950864	1.8408451	0.010880118	0.080025	49.0	1305.5612909793854
64	3.2902772	37.08042	67.85	-36.4	80.0	2600000	1.8626451e-09	2.015182	-0.013329264	-0.1480502	1.8083286	0.00717179	0.085425004	49.0	1326.8211472034454
65	6.0592856	38.64892	85.75	-35.25	80.0	2640000	0.0	2.5798378	-0.013292739	-0.1992963	1.7821952	0.0068487353	0.071375	49.0	1347.9032151699066
66	3.482142	33.937546	70.6	-36.600002	80.0	2680000	-1.8626451e-09	2.2324347	-0.012547084	-0.2624616	1.7735034	0.007695881	0.0806	49.0	1369.318707227707
67	-0.19452144	34.45927	71.05	-36.3	80.0	2720000	-9.080395e-09	1.8048337	-0.012953734	-0.153467	1.8016323	0.008760848	0.084374994	49.0	1390.8331367969513
68	0.7417795	37.4193	73.75	-37.4	80.0	2760000	9.313226e-10	1.902552	-0.0129933385	-0.12002392	1.8004936	0.008199451	0.0888	49.0	1412.5020606517792
69	-2.5979168	35.764324	70.3	-36.100002	80.0	2800000	-5.122274e-09	2.1782722	-0.012993333	-0.19278665	1.7635503	0.0073077995	0.08525	49.0	1434.2890048027039
70	11.13169	39.167645	79.95	-35.45	80.0	2840000	1.3969839e-08	2.5903125	-0.012746872	-0.17498828	1.7721722	0.00696872	0.090875	49.0	1455.5965123176575
71	6.6787667	37.579796	69.55	-36.4	80.0	2880000	-4.656613e-09	2.1612964	-0.013507873	-0.14330134	1.7024662	0.009455481	0.086025	49.0	1477.1591081619263
72	8.869079	39.89662	81.25	-36.55	80.0	2920000	-1.3969839e-09	2.2132163	-0.013005377	-0.15828487	1.6883099	0.0094343005	0.088125005	49.0	1498.887696504593
73	10.383108	42.982193	75.7	-35.95	80.0	2960000	-2.0954758e-09	2.189382	-0.013115512	-0.15317507	1.679698	0.007852472	0.07715	49.0	1520.4557070732117
74	3.8521419	41.51779	87.8	-37.350002	80.0	3000000	6.0535967e-09	2.2567754	-0.013741869	-0.17950393	1.618176	0.007123596	0.082949996	49.0	1541.678210735321
75	5.204167	38.629642	80.55	-36.7	80.0	3040000	-9.313226e-10	2.3770833	-0.012504108	-0.21028915	1.5987638	0.00760253	0.071925	49.0	1563.1702961921692
76	6.2728567	39.71371	80.35	-36.850002	80.0	3080000	5.820766e-10	2.3313813	-0.013249496	-0.19660667	1.6254239	0.0069061397	0.077425	49.0	1584.4505519866943
77	18.827084	43.432632	83.15	-37.100002	80.0	3120000	-1.3969839e-09	2.8491096	-0.012975412	-0.26483405	1.6060195	0.010548757	0.07565	49.0	1606.0240046977997
78	21.727142	43.69698	91.05	-36.600002	80.0	3160000	-2.7939677e-09	2.9831057	-0.01280318	-0.18875143	1.5761278	0.007816616	0.085525006	49.0	1627.2988862991333
79	14.647182	40.68868	83.25	-35.350002	80.0	3200000	-1.1175871e-08	2.7906883	-0.013213336	-0.21832147	1.5597677	0.008605184	0.0846	49.0	1648.6048033237457
80	5.4753733	41.551987	78.4	-36.7	80.0	3240000	1.8626451e-09	2.1778336	-0.012600727	-0.2351284	1.5065138	0.0064262403	0.077125	49.0	1670.1013281345367
81	13.146428	43.673332	82.6	-36.8	80.0	3280000	-7.450581e-09	2.5993426	-0.013801636	-0.20731544	1.5101775	0.008763352	0.088700004	49.0	1692.118400335312
82	17.507576	46.245853	100.25	-37.15	80.0	3320000	5.122274e-09	2.5084066	-0.012920442	-0.21627975	1.4349482	0.0061871125	0.075950004	49.0	1712.940259218216
83	11.473846	45.60804	100.15	-36.9	80.0	3360000	0.0	2.4979794	-0.012809485	-0.22342217	1.471284	0.0077670035	0.083075	49.0	1733.7410480976105
84	16.431618	45.92456	85.9	-36.7	80.0	3400000	2.7939677e-09	3.1152105	-0.013055727	-0.24931508	1.4484696	0.00790575	0.08275001	49.0	1754.7003226280212
85	15.901491	46.088493	86.35	-36.600002	80.0	3440000	6.9849193e-10	3.006553	-0.013476152	-0.2835815	1.4280429	0.0075020553	0.075975	49.0	1774.8328657150269
86	14.065217	46.371143	99.0	-36.55	80.0	3480000	7.450581e-09	2.8187587	-0.012617822	-0.3738492	1.467176	0.008959463	0.088775	49.0	1796.2442746162415
87	7.692423	46.99285	97.65	-36.65	80.0	3520000	1.7462298e-09	2.6049657	-0.013232606	-0.2590802	1.4414353	0.00621511	0.074499995	49.0	1817.1366636753082
88	13.079545	44.093414	96.45	-36.65	80.0	3560000	-1.0244548e-08	2.833723	-0.013329055	-0.29549244	1.4781753	0.015789513	0.076924995	49.0	1837.4130103588104
89	20.057575	49.364723	97.6	-36.3	80.0	3600000	-9.313226e-10	3.3585086	-0.012927273	-0.4097681	1.4786638	0.00691293	0.076225	49.0	1857.3619306087494
90	20.124628	49.211052	96.0	-36.8	80.0	3640000	-2.7939677e-09	3.2389116	-0.013335386	-0.34040263	1.4707029	0.0083495155	0.08505	49.0	1877.3865439891815
91	8.092307	50.185577	92.5	-37.100002	80.0	3680000	2.7939677e-09	2.3501198	-0.012252798	-0.21639484	1.4520848	0.006433315	0.0653	49.0	1897.5374205112457
92	8.847015	47.314327	90.85	-38.5	80.0	3720000	-3.259629e-09	2.8111176	-0.012506231	-0.20742035	1.4661933	0.007846871	0.08045	49.0	1917.8186211585999
93	16.25	48.352894	95.3	-36.7	80.0	3760000	4.656613e-09	3.1395025	-0.012500752	-0.22280113	1.4556034	0.0071311267	0.078375	49.0	1938.1245784759521
94	30.133581	50.26585	99.55	-36.5	80.0	3800000	1.8626451e-09	3.1855454	-0.01242535	-0.22220932	1.4449352	0.010374763	0.088775	49.0	1958.3538782596588
95	18.105072	49.868183	111.35	-36.8	80.0	3840000	3.7252903e-09	3.0645165	-0.013058515	-0.2135933	1.4364114	0.008362007	0.07455	49.0	1979.341430902481
96	15.891911	54.24601	104.95	-36.75	80.0	3880000	0.0	3.0223603	-0.013398387	-0.3524453	1.4254498	0.007840832	0.088525	49.0	1999.5357999801636
97	16.065153	50.267284	92.25	-37.5	80.0	3920000	9.313226e-10	3.7137992	-0.013326708	-0.31469595	1.4556812	0.009377491	0.083875	49.0	2019.6547346115112
98	27.0125	52.49826	100.5	-36.9	80.0	3960000	1.8626451e-09	3.7240796	-0.012460985	-0.2585213	1.450823	0.008087295	0.081650004	49.0	2039.482836484909
99	15.7265625	55.52723	110.45	-39.8	80.0	4000000	-3.7252903e-09	3.5659006	-0.01326501	-0.43615222	1.4330094	0.008719156	0.080825	49.0	2059.194968700409
100	19.470634	53.141552	109.9	-37.600002	80.0	4040000	2.7939677e-09	3.4144452	-0.012139374	-0.4845336	1.4516399	0.006542257	0.076124996	49.0	2079.2179362773895
101	17.336155	52.940193	101.45	-37.2	80.0	4080000	1.4901161e-08	4.0522594	-0.012944579	-0.38502008	1.403322	0.0070261313	0.077825	49.0	2099.156149864197
102	27.849216	57.587044	104.1	-38.8	80.0	4120000	-8.381903e-09	4.409724	-0.01235085	-0.34337837	1.4301398	0.0073409914	0.075025	49.0	2119.2486732006073
103	13.5393915	56.748325	132.15	-37.600002	79.378784	4160000	-4.8894435e-09	3.377945	-0.012330695	-0.27897075	1.4298286	0.007426824	0.08115	49.0	2139.0263137817383
104	23.555555	56.651295	109.95	-37.3	80.0	4200000	-4.1909516e-09	3.96979	-0.012931755	-0.26514855	1.42185	0.009391151	0.0767	49.0	2158.7096498012543
105	22.518547	59.672493	109.95	-37.2	80.0	4240000	6.0535967e-09	5.0645843	-0.013207008	-0.3892546	1.456018	0.009237627	0.07545	49.0	2178.6521072387695
106	19.441803	59.73276	106.95	-38.3	80.0	4280000	1.8626451e-09	4.8566813	-0.012681611	-0.43254966	1.4772475	0.007142419	0.0829	49.0	2198.274738073349
107	29.36984	58.427868	108.85	-38.95	80.0	4320000	8.381903e-09	5.2970033	-0.012541987	-0.57175493	1.4257264	0.006904785	0.077525005	49.0	2217.908305644989
108	18.089516	62.13759	131.35	-39.100002	79.40323	4360000	3.7252903e-09	5.103692	-0.0129453605	-0.8591589	1.4366198	0.009581997	0.085925005	49.0	2237.718274116516
109	11.707936	60.881096	131.85	-39.3	79.38095	4400000	9.313226e-10	4.159564	-0.012986356	-0.34901977	1.439791	0.0068204617	0.0799	49.0	2257.5057961940765
110	37.659325	66.82704	132.8	-39.7	78.254234	4440000	-3.7252903e-09	5.602099	-0.012324695	-0.5648699	1.4019688	0.008016003	0.0853	49.0	2276.694947242737
111	33.635593	66.655266	133.8	-39.850002	77.9661	4480000	4.656613e-09	5.650549	-0.012854361	-0.5186387	1.3876383	0.007342119	0.082675	49.0	2295.72634100914
112	30.190321	69.66535	135.05	-39.4	75.51613	4520000	3.7252903e-09	6.183837	-0.012874689	-0.55675566	1.3541517	0.008555005	0.08555	49.0	2315.012408733368
113	14.691128	67.08684	133.75	-39.600002	76.69355	4560000	0.0	4.9479117	-0.012444638	-0.4496418	1.445534	0.0076290914	0.08575	49.0	2334.271405696869
114	45.59127	72.66252	138.2	-41.05	73.031746	4600000	0.0	6.528411	-0.013230953	-0.50476986	1.3532724	0.009147679	0.08759999	49.0	2353.4463357925415
115	40.64603	75.618965	135.55	-42.25	71.77778	4640000	6.519258e-09	5.9630227	-0.013220113	-0.41750777	1.3544282	0.015550878	0.0956	42.0	2372.1194083690643
116	45.81885	75.545166	138.3	-40.75	72.03278	4680000	1.8626451e-09	6.672763	-0.012124872	-0.43738446	1.3702868	0.007765925	0.077425	49.0	2391.3602447509766
117	46.157936	76.28772	138.2	-39.4	71.333336	4720000	-2.7939677e-09	6.641635	-0.011807099	-0.43278548	1.3645743	0.006146859	0.07185	49.0	2410.240555524826
118	36.573437	77.70345	138.9	-42.45	70.171875	4760000	-1.0244548e-08	5.4641294	-0.012445109	-0.4584505	1.3041005	0.006348443	0.07005	49.0	2429.310263156891
119	48.231453	76.40212	140.15	-42.15	69.59677	4800000	-2.7939677e-09	6.077453	-0.0128438305	-0.4888906	1.3488866	0.007888041	0.075575	49.0	2448.6748852729797
120	30.88	78.14107	137.7	-44.3	71.6	4840000	-1.3969839e-08	4.8025956	-0.011401257	-0.33449915	1.3301533	0.005869112	0.06345	49.0	2467.880533695221
121	51.577778	79.32155	138.65	-40.850002	67.06349	4880000	-2.7939677e-09	6.191951	-0.012062946	-0.42474502	1.328052	0.008229019	0.074125	49.0	2486.6822049617767
122	39.658592	79.10746	137.0	-44.0	69.453125	4920000	1.3038516e-08	5.685302	-0.01130409	-0.4263237	1.2912893	0.0060673878	0.069075	49.0	2505.691002845764
123	24.163708	78.6041	139.8	-44.55	70.48387	4960000	-1.0244548e-08	3.8932421	-0.011719145	-0.42748702	1.3364179	0.006269861	0.0641	49.0	2524.7924654483795
124	47.027534	82.70176	138.0	-41.05	62.768116	5000000	4.656613e-09	5.9450264	-0.010468079	-0.42535442	1.2550039	0.0062338877	0.055875	49.0	2544.0721848011017
125	61.429993	80.705574	140.6	-42.9	60.885715	5040000	-1.7695129e-08	5.8633986	-0.01071693	-0.23102632	1.2571945	0.015138201	0.067200005	41.0	2562.618362426758
126	45.452206	82.5815	140.25	-41.7	64.05882	5080000	1.1641532e-08	5.298416	-0.011377055	-0.35886854	1.3118945	0.0073991576	0.0641	49.0	2581.515771150589
127	65.04392	82.74423	139.7	-43.7	57.364864	5120000	-5.5879354e-09	7.5986776	-0.011510067	-0.6008792	1.277869	0.0067652473	0.06235	49.0	2600.341372728348
128	43.144928	85.06009	141.5	-43.7	60.971016	5160000	-8.8475645e-09	5.4098186	-0.010891993	-0.41529715	1.2981381	0.0051376084	0.06285	49.0	2619.3888680934906
129	49.692028	83.787994	141.5	-41.600002	61.710144	5200000	1.2223609e-09	5.487523	-0.011253724	-0.2999006	1.2881103	0.0064391596	0.059825	49.0	2638.1348965168
130	41.619118	85.00061	140.75	-43.3	61.558823	5240000	-9.778887e-09	5.465207	-0.011614148	-0.37368926	1.2841542	0.0083555	0.077325	49.0	2656.9339034557343
131	35.0125	84.540955	141.2	-42.2	62.382355	5280000	-5.122274e-09	4.4048862	-0.0101946825	-0.38143435	1.2742664	0.00640624	0.059975002	49.0	2675.8140902519226
132	44.042957	85.181175	140.75	-41.3	60.69014	5320000	-4.656613e-10	5.1803226	-0.010297757	-0.27780512	1.2815986	0.004951653	0.058825	49.0	2694.638021707535
133	58.4987	85.89737	142.5	-41.7	55.57143	5360000	1.1641532e-09	5.653944	-0.010600787	-0.30964267	1.2405965	0.006113827	0.059375	49.0	2713.029186487198
134	72.79879	83.161255	141.75	-40.7	50.891567	5400000	-4.1909516e-09	7.2009277	-0.0096001085	-0.2936925	1.1504048	0.006583205	0.059600003	49.0	2731.8069548606873
135	57.307693	85.61537	142.4	-40.600002	55.53846	5440000	-4.656613e-10	5.7331285	-0.010017936	-0.30133605	1.2101412	0.0058219256	0.057625003	49.0	2750.544342517853
136	53.55192	85.79014	141.55	-41.4	56.525642	5480000	3.4924597e-09	5.2455072	-0.01010974	-0.29084182	1.1926415	0.0056584207	0.06505	49.0	2769.641982793808
137	55.44557	87.111404	142.3	-40.3	54.050632	5520000	9.313226e-10	5.7067413	-0.009488394	-0.3133855	1.1487336	0.0058880523	0.05835	49.0	2788.3366112709045
138	62.393673	86.45342	141.15	-40.600002	52.0	5560000	9.313226e-10	5.8577127	-0.009146268	-0.26655596	1.1329105	0.005822693	0.0627	49.0	2807.315864086151
139	39.897995	87.06305	142.95	-40.5	57.666668	5600000	4.656613e-10	4.036892	-0.009217251	-0.24081556	1.1876667	0.0046722596	0.053525	49.0	2826.2251710891724
140	48.588963	86.70455	143.5	-41.0	56.376625	5640000	1.3038516e-08	4.285297	-0.009813811	-0.23944366	1.1382513	0.006502166	0.061	49.0	2845.0640456676483
141	42.114	87.06924	143.25	-39.8	57.413334	5680000	6.0535967e-09	3.9621263	-0.009165918	-0.23483637	1.1498222	0.0045023924	0.05295	49.0	2863.9305913448334
142	53.912983	87.1536	143.6	-39.4	54.415585	5720000	-3.259629e-09	4.544793	-0.009024979	-0.25764552	1.0838003	0.0058597764	0.062425002	49.0	2882.923610687256
143	48.455265	86.98026	143.8	-38.8	55.960526	5760000	-3.7252903e-09	4.0772314	-0.009587891	-0.2311706	1.1208284	0.0057369787	0.068624996	49.0	2901.856598377228
144	53.811394	87.09854	143.25	-41.3	54.291138	5800000	9.778887e-09	4.479646	-0.009831595	-0.31394023	1.0586452	0.005093312	0.050475	49.0	2920.8091855049133
145	35.62432	86.79662	143.35	-39.4	57.783783	5840000	-1.5133992e-08	2.9802432	-0.008993431	-0.21411766	1.1074898	0.0047253477	0.050525002	49.0	2939.589593887329
146	54.112026	87.55723	143.45	-38.600002	53.329113	5880000	9.313226e-10	4.358201	-0.009302926	-0.20892029	1.0394512	0.0055662924	0.057324998	49.0	2958.4828259944916
147	63.847027	86.41527	144.05	-39.8	51.011906	5920000	-1.3969839e-09	5.415023	-0.0065286886	-0.34784448	1.0012002	0.018382683	0.074499995	25.0	2976.2745316028595
148	54.29568	87.20494	143.7	-39.100002	53.71605	5960000	-9.313226e-09	3.7224135	-0.009154135	-0.194833	1.0121989	0.0047449735	0.05275	49.0	2995.2963149547577
149	35.804726	86.139946	144.05	-38.25	58.162163	6000000	2.3283064e-09	3.2674584	-0.009761921	-0.25518727	1.0594459	0.0051290393	0.054250002	49.0	3014.1795353889465
150	62.259766	86.95894	143.9	-37.3	49.95402	6040000	-1.8626451e-09	4.3961325	-0.008869837	-0.29928774	1.0082796	0.008763768	0.0784	49.0	3033.1990740299225
151	57.524998	86.88026	143.3	-39.4	51.662792	6080000	-1.0477379e-09	4.268633	-0.009610676	-0.23896503	1.0512168	0.004849038	0.049999997	49.0	3052.149335861206
152	67.723656	86.5732	144.05	-38.0	47.60215	6120000	1.3504177e-08	4.3384476	-0.009225517	-0.2623378	0.996017	0.005676769	0.055375002	49.0	3071.261676311493
153	58.7523	86.730194	144.4	-38.2	51.11494	6160000	0.0	4.296854	-0.009617731	-0.20428401	1.0367373	0.0056349253	0.071375	49.0	3090.370951652527
154	65.787636	85.61968	144.15	-39.2	49.370785	6200000	1.2572855e-08	4.9538555	-0.009430708	-0.37032574	0.9897667	0.006237285	0.053900003	49.0	3109.312762260437
155	55.814533	87.35825	144.0	-37.2	51.55814	6240000	7.450581e-09	4.3881664	-0.009727746	-0.25364795	0.97862285	0.0052202404	0.05635	49.0	3128.7033154964447
156	56.837643	86.371216	143.8	-39.2	52.258427	6280000	1.2572855e-08	3.839461	-0.003948584	-0.172075	1.0370423	0.01712405	0.1679	28.0	3146.8793404102325
157	40.2557	84.89485	143.8	-37.5	57.392406	6320000	3.259629e-09	3.6972232	-0.01031713	-0.2229001	1.0220225	0.0059687602	0.069525	49.0	3166.1255972385406
158	83.12404	81.63077	144.05	-37.65	43.076923	6360000	-9.778887e-09	6.0437374	-0.009873092	-0.30398026	0.93241966	0.0073893303	0.056099996	49.0	3185.4812998771667
159	61.724728	85.78845	144.35	-37.5	50.31868	6400000	3.259629e-09	4.809071	-0.010053994	-0.23919782	0.97230494	0.007097531	0.08	49.0	3204.514214038849
160	50.033337	86.18567	145.15	-40.600002	53.78161	6440000	6.519258e-09	3.8364272	-0.009660885	-0.28621185	0.9766845	0.0075362506	0.06315	49.0	3223.8018701076508
161	38.558754	84.50301	144.8	-36.95	57.3875	6480000	0.0	3.1876087	0.0011984522	-0.17930871	0.9994844	0.016321084	0.186575	4.0	3241.1413576602936
162	68.004395	85.313866	144.7	-38.100002	48.67033	6520000	-3.7252903e-09	4.554827	0.0051648603	-0.26416358	0.88229686	0.024365991	0.18785	1.0	3257.824197292328
163	67.10833	84.28847	144.9	-38.0	49.041668	6560000	-9.313226e-10	4.3608284	-0.010475287	-0.2251772	0.91194	0.017736647	0.062975	49.0	3276.944236278534
164	71.0915	84.5552	144.2	-37.9	46.57	6600000	-4.656613e-10	4.6556582	-0.010229938	-0.27119723	0.91981673	0.0052914536	0.059775002	49.0	3296.3836522102356
165	61.561665	85.68105	144.8	-38.0	49.644444	6640000	-5.122274e-09	4.09004	-0.009820077	-0.20838758	0.97834206	0.005040325	0.056625	49.0	3315.444728374481
166	50.40232	84.338	143.9	-37.7	54.372093	6680000	-3.0267984e-09	3.9711957	-0.011314157	-0.23872474	0.96423566	0.008436646	0.073225	49.0	3335.045352458954
167	59.052197	85.243225	145.15	-36.95	50.9011	6720000	2.3283064e-10	4.4815564	-0.010594156	-0.28233314	0.93618125	0.007148476	0.070250005	49.0	3354.5084278583527
168	73.53883	82.02725	144.8	-37.0	46.728157	6760000	0.0	5.4903564	-0.010633593	-0.2899574	0.9579065	0.0066242525	0.06485	49.0	3374.004099369049
169	56.177174	83.56684	145.25	-38.2	52.717392	6800000	6.2864274e-09	4.2480803	-0.011841923	-0.21059456	0.9810784	0.0065578767	0.0708	49.0	3393.536425113678
170	49.50988	84.07809	144.45	-37.05	54.488373	6840000	6.0535967e-09	3.841598	-0.011538535	-0.16845822	0.96155536	0.0062876246	0.063875	49.0	3412.8902838230133
171	64.30745	84.27165	144.8	-37.3	49.531914	6880000	9.313226e-09	4.1081395	-0.011320726	-0.22286952	0.8978131	0.006217508	0.06315	49.0	3432.4205214977264
172	78.19104	80.10391	144.5	-37.0	45.377357	6920000	-5.122274e-09	5.217807	-0.011290882	-0.29031712	0.90807176	0.0064236373	0.063925	49.0	3452.1133892536163
173	73.99571	81.99887	144.8	-37.100002	46.352383	6960000	4.4237822e-09	5.3892837	-0.011510402	-0.26120085	0.84551066	0.0056772325	0.062	49.0	3472.179112434387
174	63.784023	82.858116	144.8	-37.3	49.86598	7000000	4.656613e-09	4.8074265	-0.0110596055	-0.30500644	0.88809353	0.0046049496	0.052775003	49.0	3492.06892991066
175	80.004364	79.63838	144.7	-36.5	44.796116	7040000	-3.7252903e-09	5.2193284	-0.011246705	-0.31829956	0.846498	0.0054087415	0.059975	49.0	3511.7521874904633
176	64.17245	79.81814	144.7	-36.9	51.295918	7080000	-7.916242e-09	4.820585	-0.012354262	-0.2624925	0.9181856	0.006866918	0.074149996	49.0	3531.8704619407654
177	74.97401	81.93521	145.05	-36.75	46.37	7120000	0.0	4.415522	-0.010214134	-0.26536533	0.8385511	0.0060132314	0.04935	49.0	3550.9475378990173
178	71.825745	81.90614	145.25	-38.350002	47.544556	7160000	-6.9849193e-09	4.608368	-0.01062017	-0.28773117	0.8261652	0.0054649655	0.0558	49.0	3570.3816916942596
179	70.249535	79.2304	145.15	-36.7	48.803738	7200000	-1.8626451e-09	5.156101	-0.011719041	-0.3069486	0.863731	0.0073905373	0.065125	49.0	3590.616443634033
180	58.23833	82.90411	144.8	-36.8	53.1	7240000	-1.071021e-08	4.176317	-0.0107742855	-0.31763095	0.8472258	0.0063251676	0.06305	49.0	3610.1757736206055
181	66.24323	83.798004	145.35	-36.9	48.583332	7280000	9.313226e-09	4.115633	-0.010422405	-0.28070283	0.8117871	0.0054324307	0.060775	49.0	3629.5430030822754
182	61.673977	80.94299	145.25	-36.8	51.785713	7320000	2.3283064e-10	4.3104067	-0.011244296	-0.26297712	0.84235543	0.0064897155	0.06065	49.0	3649.4285311698914
183	64.76489	82.25724	144.8	-37.7	50.585106	7360000	2.3283064e-09	3.9636278	-0.01055934	-0.27547464	0.80599403	0.005990098	0.050249998	49.0	3669.4577264785767
184	58.30272	82.498405	145.35	-37.5	52.010868	7400000	9.778887e-09	3.6387508	-0.0110918535	-0.23374675	0.78052807	0.0060056094	0.061449997	49.0	3689.343398809433
185	55.2288	80.85638	145.35	-36.9	54.032608	7440000	9.778887e-09	3.9272707	-0.011332342	-0.27601117	0.7953465	0.005981921	0.059750002	49.0	3709.206130504608
186	47.528828	81.3421	145.35	-36.8	56.682354	7480000	-3.7252903e-09	3.8458722	-0.01135622	-0.3016176	0.79756767	0.007835753	0.061375	49.0	3728.8279263973236
187	62.131386	81.001686	144.8	-36.600002	51.19149	7520000	7.916242e-09	3.9936278	-0.010858054	-0.3480482	0.7789129	0.0072760005	0.06915	49.0	3748.142007112503
188	74.580185	78.605156	144.9	-37.0	47.160378	7560000	1.1641532e-09	5.7821655	-0.012000388	-0.32828957	0.75792325	0.006041374	0.06407501	49.0	3768.0438113212585
189	72.66226	79.547905	145.35	-36.600002	47.320755	7600000	8.8475645e-09	4.537272	-0.010852836	-0.27501762	0.7452059	0.005509124	0.057775	49.0	3787.8773090839386
190	66.202576	81.760796	144.8	-36.8	49.195877	7640000	1.0244548e-08	4.093767	-0.010479521	-0.24646509	0.78643763	0.0085891755	0.0814	49.0	3808.0358593463898
191	75.22615	79.67917	145.35	-36.5	46.51376	7680000	-8.789357e-09	4.707559	-0.010961455	-0.2993529	0.68441606	0.005495006	0.063125	49.0	3828.2655351161957
192	78.48048	81.28691	145.35	-36.9	44.285713	7720000	-9.313226e-10	4.0272794	-0.009865529	-0.22089717	0.6942134	0.0057882783	0.055425	49.0	3847.926880121231
193	35.360363	80.86015	145.35	-36.5	59.207317	7760000	-8.381903e-09	3.1312919	0.0031411885	-0.19089411	0.71244836	0.018059198	0.174325	5.0	3865.3931410312653
194	72.135574	79.972595	145.35	-36.3	47.85577	7800000	-4.1909516e-09	4.3024793	0.004646158	-0.2841117	0.71345294	0.021014059	0.1455	1.0	3883.111517429352
195	65.63145	81.40706	145.35	-36.600002	50.03093	7840000	6.9849193e-09	4.2520213	-0.009707652	-0.25143343	0.7039056	0.00796856	0.0704	49.0	3902.7897696495056
196	76.83537	76.7486	144.9	-36.5	46.820755	7880000	1.3504177e-08	5.0544157	-0.010675954	-0.28742984	0.7064053	0.006060988	0.058075	49.0	3923.03098654747
197	49.236904	81.63114	144.8	-36.600002	55.845238	7920000	7.450581e-09	3.7335854	-0.010620536	-0.24708188	0.731658	0.0068998756	0.071925	49.0	3942.5776529312134
198	70.47551	81.990425	145.15	-37.100002	47.469387	7960000	5.5879354e-09	4.898764	-0.00989138	-0.40390444	0.6802582	0.0063074445	0.054825	49.0	3962.370001077652
199	62.748913	80.2444	145.25	-37.3	52.282608	8000000	7.450581e-09	4.3039703	-0.011290178	-0.34480202	0.7011906	0.010854565	0.072775	49.0	3982.3187680244446
200	66.195915	77.59034	145.35	-38.8	51.39796	8040000	-3.7252903e-09	5.5480633	-0.011385636	-0.5190759	0.67664963	0.0076106014	0.0659	49.0	4002.1884336471558
201	52.059998	78.59914	145.35	-36.7	55.366665	8080000	5.122274e-09	4.376488	-0.010348286	-0.41691214	0.72289836	0.006227602	0.061049998	49.0	4022.0688996315002
202	72.5299	78.606064	145.35	-37.100002	48.051548	8120000	-5.5879354e-09	5.8232465	-0.010230511	-0.5557318	0.67471176	0.006283597	0.0579	49.0	4041.2486419677734
203	72.61927	76.72178	145.35	-36.9	49.375	8160000	-1.8626451e-09	6.862858	-0.011533868	-0.5924667	0.60678923	0.004713116	0.049650002	49.0	4061.3174057006836
204	61.08258	76.68166	145.35	-37.2	54.13483	8200000	1.4901161e-08	6.114014	-0.011818309	-0.57016623	0.7215186	0.0064342674	0.0624	49.0	4080.5943026542664
205	75.705154	76.48002	145.35	-36.9	48.206184	8240000	0.0	6.4177094	-0.01042714	-0.45481223	0.66916394	0.0069415877	0.0647	49.0	4100.037876367569
206	85.479904	76.14578	145.35	-37.5	43.51402	8280000	-9.313226e-09	5.454995	-0.011019496	-0.42493886	0.6167789	0.00600166	0.053850003	49.0	4119.361614942551
207	77.10959	75.11971	145.25	-36.7	48.050507	8320000	1.3504177e-08	6.2243557	-0.010833488	-0.49403504	0.66943216	0.0060963635	0.0559	49.0	4138.700856208801
208	83.024506	74.85165	145.35	-37.3	45.65	8360000	-6.519258e-09	6.999203	-0.010256572	-0.49046335	0.64831454	0.006456809	0.0601	49.0	4158.017057180405
209	55.756874	76.6996	145.35	-41.9	56.7125	8400000	-4.656613e-09	6.6546297	-0.01030476	-0.63004285	0.71361035	0.005241925	0.05305	49.0	4177.32092165947
210	70.78631	75.300026	145.25	-37.7	53.04762	8440000	7.450581e-09	8.482098	-0.011274271	-0.8177898	0.73804903	0.0064218612	0.065074995	49.0	4196.3281173706055
211	87.169495	75.06276	145.35	-39.3	44.27	8480000	-8.381903e-09	6.07324	-0.010679904	-0.4836328	0.6773626	0.004857753	0.05055	49.0	4215.544896841049
212	96.28051	68.53301	145.35	-38.9	43.97	8520000	1.21071935e-08	9.559858	-0.011394208	-0.9069355	0.7461706	0.006412033	0.064449996	49.0	4234.2736649513245
213	78.89946	79.21242	145.35	-40.3	47.296703	8560000	-6.9849193e-09	7.492117	-0.011453418	-0.64116377	0.7279744	0.0060175275	0.06385	49.0	4253.248340129852
214	82.725555	76.14848	145.35	-39.600002	47.922222	8600000	-1.3969839e-09	7.7298408	-0.011183456	-0.4836991	0.7415398	0.0058618356	0.05795	49.0	4271.97310590744
215	85.100006	70.62776	145.25	-39.25	51.04762	8640000	-6.519258e-09	9.571823	-0.012151211	-0.69469535	0.7261743	0.0068181735	0.066175	49.0	4290.755909919739
216	82.36478	75.9992	145.25	-39.7	48.670456	8680000	1.0244548e-08	6.695612	-0.011295816	-0.52919257	0.74711776	0.006574893	0.058975004	49.0	4309.598487615585
217	87.56526	74.45839	145.35	-39.7	45.66316	8720000	9.313226e-09	9.014912	-0.011120777	-1.2870276	0.72358793	0.005292017	0.056950003	49.0	4328.429526090622
218	84.95561	74.279305	145.35	-40.3	49.05618	8760000	-3.7252903e-09	10.535398	-0.010475558	-0.81634873	0.72395265	0.0052126776	0.049075	49.0	4347.598536014557
219	93.69407	72.679276	145.35	-41.3	43.732674	8800000	1.3969839e-08	8.6156025	-0.011223693	-0.49237806	0.71047246	0.006325622	0.057275	49.0	4366.810224056244
220	88.573074	72.312325	145.35	-42.2	48.252747	8840000	1.3969839e-09	8.839331	-0.0106687285	-0.65195954	0.7058905	0.006377002	0.058325	49.0	4385.59940123558
221	98.15765	67.63209	145.35	-42.5	44.591835	8880000	4.656613e-09	9.056648	-0.010875342	-0.50958	0.69000053	0.0056708567	0.054	49.0	4404.498642921448
222	82.34293	78.53848	145.35	-40.4	47.47826	8920000	-1.071021e-08	6.279345	-0.011084544	-0.3803624	0.69743484	0.005426554	0.050724998	49.0	4423.556263685226
223	73.570885	80.2356	145.25	-41.0	53.07595	8960000	1.6763806e-08	6.385945	-0.010415547	-0.45705283	0.7342395	0.005984864	0.0563	49.0	4442.381266832352
224	87.69651	72.54979	145.35	-39.9	49.604652	9000000	-3.0267984e-09	7.6385927	-0.010928869	-0.41991788	0.68991315	0.0073634256	0.05545	49.0	4461.221188783646
225	88.3454	69.723946	145.25	-44.100002	50.287357	9040000	-6.519258e-09	8.798204	-0.009751314	-0.72075903	0.6853244	0.011893487	0.0599	49.0	4480.372949361801
226	85.60266	75.1648	145.35	-42.8	47.98936	9080000	5.5879354e-09	7.031676	-0.010225726	-0.5112459	0.7087837	0.00528276	0.05345	49.0	4499.4501531124115
227	94.84226	69.055916	145.35	-41.5	45.57732	9120000	-4.656613e-10	8.058539	-0.010074313	-0.61863434	0.7023221	0.00623136	0.055775	49.0	4518.376583814621
228	85.84759	74.78204	145.35	-43.9	50.012047	9160000	0.0	8.644819	-0.010656889	-0.6573607	0.7232243	0.00787586	0.062175002	49.0	4537.5414452552795
229	74.75122	75.88623	145.35	-39.8	53.76829	9200000	7.450581e-09	7.205453	-0.0102369245	-0.69708097	0.74483126	0.0074751824	0.057775	49.0	4556.368491649628
230	74.056015	81.045074	145.35	-40.600002	50.55422	9240000	2.7939677e-09	7.9251237	-0.011357858	-0.5135163	0.7355892	0.0072869444	0.055575	49.0	4575.626474618912
231	100.28381	66.74408	145.35	-38.4	43.77451	9280000	1.0244548e-08	9.739958	-0.010321768	-1.0469998	0.65304315	0.00621092	0.059675	49.0	4594.541387796402
232	95.37819	70.675285	145.35	-41.5	45.106384	9320000	3.7252903e-09	7.7146187	-0.009678344	-0.50293756	0.6773625	0.00933878	0.057475	49.0	4613.533172130585
233	91.24148	74.19964	145.35	-39.9	46.265957	9360000	-9.313226e-10	7.094269	-0.009715332	-0.41752055	0.6892461	0.0076729804	0.058800004	49.0	4632.614331960678
234	86.36349	75.8563	145.35	-40.2	47.91011	9400000	7.450581e-09	7.7472897	-0.010297948	-0.49880546	0.69549656	0.0063396553	0.0582	49.0	4651.604084968567
235	105.075966	65.266846	145.35	-38.600002	42.317307	9440000	-7.450581e-09	10.131374	-0.009974359	-0.9846787	0.66322917	0.006119482	0.061300002	49.0	4670.619688510895
236	81.32059	77.444786	145.35	-41.0	50.964706	9480000	1.1175871e-08	8.469087	-0.009883197	-0.63035405	0.71295786	0.0051004514	0.050750002	49.0	4689.52494430542
237	74.57125	78.445206	145.35	-40.5	52.9625	9520000	-1.8626451e-09	6.729228	-0.009841455	-0.6304643	0.7163795	0.0050104107	0.051349998	49.0	4708.45241856575
238	94.02609	70.86761	145.35	-42.2	47.336956	9560000	3.259629e-09	8.935276	-0.009582687	-0.6765382	0.7010529	0.005337555	0.046275	49.0	4727.265593290329
239	103.99947	64.54665	145.35	-38.5	44.329895	9600000	2.561137e-08	6.6341066	-0.009189185	-0.46242788	0.6635817	0.0071756	0.05775	49.0	4746.371783256531
240	77.74176	79.39797	145.35	-40.600002	51.070587	9640000	6.0535967e-09	6.9627895	-0.010055957	-0.4729213	0.73118263	0.0049302205	0.051425	49.0	4765.327434539795
241	91.19101	72.45893	145.25	-38.0	48.044945	9680000	-5.5879354e-09	7.1402807	-0.0098119695	-0.47422522	0.69210064	0.0063029025	0.0554	49.0	4784.049399137497
242	105.84858	65.58536	145.35	-40.4	41.009525	9720000	1.1641532e-08	8.437952	-0.009737909	-0.40951496	0.6411877	0.005573009	0.052325003	49.0	4802.8843359947205
243	83.104164	76.52396	145.35	-38.7	51.17857	9760000	1.7695129e-08	7.476643	-0.01052411	-0.40164116	0.73763335	0.0062585846	0.05855	49.0	4821.869653224945
244	94.65107	69.62405	145.35	-38.4	47.19355	9800000	-1.1175871e-08	9.942106	-0.011208903	-0.68902326	0.7381156	0.006059581	0.06407499	49.0	4840.69948387146
245	90.60805	71.59355	145.35	-36.600002	48.747128	9840000	-4.656613e-10	10.019863	-0.010445686	-0.5511567	0.6952145	0.006346092	0.057850003	49.0	4859.691491365433
246	88.84375	72.357635	145.35	-36.5	48.863636	9880000	5.122274e-09	9.432774	-0.0108736195	-0.39765114	0.71725583	0.0064023095	0.069350004	49.0	4878.471219539642
247	95.55862	65.566246	145.35	-31.4	48.195404	9920000	-1.2572855e-08	11.587147	-0.010819687	-0.5990015	0.72123337	0.0065913093	0.067725	49.0	4897.354031801224
248	112.39905	57.27417	145.35	-32.350002	39.61905	9960000	-1.5832484e-08	9.407629	-0.01121576	-0.49965006	0.66928923	0.00609573	0.058925003	49.0	4916.311394691467
249	103.2673	63.70428	145.35	-31.85	41.78846	10000000	-9.313226e-09	10.007873	-0.010919414	-0.49328673	0.68178725	0.006409122	0.059375003	49.0	4935.312043905258
250	99.35051	66.11429	145.35	-33.3	43.969696	10040000	-1.21071935e-08	11.479799	-0.010762661	-0.608971	0.6978816	0.0075991554	0.058675	49.0	4954.248449802399
251	103.19369	63.61968	145.35	-29.900002	41.86408	10080000	9.313226e-10	10.242241	-0.01112698	-0.54449475	0.69664	0.006735609	0.055275	49.0	4972.89577293396
252	112.35803	56.053394	145.35	-23.300001	38.607143	10120000	-1.1175871e-08	12.055074	-0.011402383	-0.6649586	0.68520796	0.0071122297	0.05775	49.0	4991.8063225746155
253	104.25138	65.47077	145.35	-31.2	38.55963	10160000	1.1175871e-08	10.031317	-0.009688834	-0.5545487	0.71409494	0.0059515317	0.04895	49.0	5010.573299646378
254	99.385864	64.41167	145.25	-28.300001	43.909092	10200000	1.3038516e-08	11.746893	-0.010699576	-0.5377443	0.7403025	0.00527406	0.0491	49.0	5029.4018750190735
255	110.42177	57.562416	145.35	-28.6	39.092594	10240000	1.8626451e-08	10.2010565	-0.010472793	-0.50383997	0.69899434	0.0057421923	0.052225	49.0	5048.352171182632
256	108.68451	58.200226	145.35	-25.400002	39.309734	10280000	-1.3969839e-08	14.033875	-0.009826814	-0.9205233	0.7072397	0.0049305274	0.047325	49.0	5067.321383714676
257	114.33553	55.47748	145.35	-26.800001	35.586777	10320000	1.8626451e-09	11.980902	-0.008139975	-1.0458972	0.68249	0.017918639	0.0533	24.0	5084.883526086807
258	111.54572	56.418415	145.35	-30.300001	37.418804	10360000	-1.6065314e-08	11.705074	-0.009955305	-0.60445035	0.7052561	0.005616728	0.0524	49.0	5103.486056804657
259	101.709526	62.04627	145.35	-24.300001	40.87619	10400000	5.5879354e-09	13.848769	-0.0110929655	-0.7322434	0.7499083	0.0056711715	0.0536	49.0	5122.835252046585
260	107.40834	57.88469	145.35	-20.7	39.648148	10440000	-5.5879354e-09	11.545355	-0.010725138	-0.6192571	0.7331215	0.006492622	0.054974996	49.0	5141.492569446564
261	115.07327	49.668953	145.35	-6.200001	37.21552	10480000	5.355105e-09	15.28696	-0.011624156	-0.9276012	0.72766453	0.005719454	0.058825	49.0	5160.399961471558
262	112.194305	50.840137	145.8	-7.100001	38.54386	10520000	5.5879354e-09	16.930214	-0.012493936	-0.6631539	0.7393647	0.006026688	0.065225005	49.0	5179.390621185303
263	111.45855	50.060326	145.35	2.5499995	38.936935	10560000	-4.656613e-09	16.095806	-0.01179445	-1.2781919	0.778545	0.007599451	0.0642	49.0	5198.090988874435
264	112.383026	48.02917	145.25	-11.750001	39.87156	10600000	-5.5879354e-09	16.353592	-0.012113625	-0.93634653	0.80301	0.0069277817	0.066725	49.0	5216.953213214874
265	113.69273	47.70891	145.35	-21.1	38.444443	10640000	1.5366822e-08	16.070759	-0.011775903	-1.1567401	0.77404606	0.0067011807	0.066375	49.0	5236.176075935364
266	119.2375	41.0259	145.35	6.1499996	37.166668	10680000	1.0244548e-08	16.457245	-0.011729557	-1.0591564	0.7827638	0.005657477	0.0573	49.0	5255.455402851105
267	119.927505	41.21084	145.35	1.3999999	36.566666	10720000	8.381903e-09	15.553947	-0.011323809	-0.83995306	0.73259485	0.0063042436	0.054899998	49.0	5274.352583646774
268	114.16697	45.480034	145.35	-16.85	39.955357	10760000	-4.4237822e-09	17.73302	-0.0112012485	-0.9894687	0.78525126	0.006253815	0.056675002	49.0	5293.614737033844
269	120.4272	40.314262	145.25	1.1499993	36.504	10800000	1.7695129e-08	16.438568	-0.011681401	-0.7600728	0.7523041	0.006637671	0.05985	49.0	5312.777779579163
270	117.24107	39.394596	145.25	14.099999	40.214287	10840000	4.8894435e-09	17.456202	-0.011648946	-1.142006	0.7908204	0.0071860426	0.0637	49.0	5331.8413915634155
271	121.09237	37.78781	145.35	1.0499994	38.025425	10880000	-3.259629e-09	21.02146	-0.011058579	-1.291637	0.76857054	0.0064416155	0.055625	49.0	5350.640482902527
272	121.38347	37.974453	145.35	16.1	37.258064	10920000	-1.8626451e-08	18.404202	-0.011581523	-1.0123725	0.75766784	0.005583344	0.055575002	49.0	5369.856800556183
273	117.83292	41.413834	145.35	-4.3500004	39.116665	10960000	3.7252903e-09	19.344229	-0.011151646	-1.548159	0.771805	0.006709773	0.055524997	49.0	5388.954676389694
274	120.197624	41.317398	145.35	-8.6	36.825397	11000000	-1.6763806e-08	18.668495	-0.0114435945	-1.0050459	0.7395054	0.006525323	0.0574	49.0	5408.3095490932465
275	121.84334	36.925056	145.35	-11.1	37.516666	11040000	-1.3969839e-09	20.941702	-0.01039178	-1.1057668	0.7356738	0.005276108	0.04705	49.0	5427.175167560577
276	120.01336	38.20414	145.35	4.0499988	38.939655	11080000	-7.450581e-09	18.012377	-0.01075015	-1.2807611	0.75934184	0.0053243893	0.05625	49.0	5446.178287267685
277	124.871666	35.8608	145.35	2.749999	35.181103	11120000	-1.5366822e-08	22.748272	-0.010723904	-1.9834954	0.7161107	0.006637652	0.047575	49.0	5465.431137561798
278	129.99371	27.514292	145.35	-1.4500011	33.037037	11160000	3.259629e-09	20.973381	-0.010919742	-1.2228346	0.6982156	0.00680647	0.053225	49.0	5484.892903804779
279	122.67222	34.861935	145.35	1.6499997	39.0	11200000	-1.0244548e-08	22.254314	-0.010894265	-1.0935504	0.7614442	0.008179369	0.058675002	49.0	5504.090467453003
280	128.35	30.698202	145.35	15.15	33.89313	11240000	1.8626451e-09	20.374628	-0.010153882	-1.1665794	0.71503097	0.005260706	0.046925	49.0	5523.427963256836
281	128.95953	29.491602	145.35	13.449999	33.564884	11280000	9.313226e-09	16.232365	-0.011188114	-1.2604173	0.68635356	0.0061888653	0.052950002	49.0	5542.698878526688
282	123.53811	34.618553	145.35	1.0499996	38.204918	11320000	-7.450581e-09	24.27879	-0.010537572	-1.3621229	0.74945045	0.0060605113	0.047599997	49.0	5561.769164323807
283	128.325	30.175838	145.35	6.9999995	34.853848	11360000	-3.7252903e-09	19.914677	-0.010770766	-0.99813545	0.69980675	0.006703473	0.05145	49.0	5580.93927693367
284	127.5431	29.395597	145.35	0.99999946	36.260162	11400000	8.381903e-09	21.66687	-0.011562913	-1.6468616	0.73959	0.005688833	0.050674997	49.0	5600.147346735001
285	121.710915	36.295864	145.7	-25.150002	40.672726	11440000	-1.1175871e-08	22.214462	-0.011587545	-1.2459741	0.78824353	0.006450262	0.050575003	49.0	5619.473346233368
286	125.42027	31.381014	145.35	-5.9000006	39.144146	11480000	1.8626451e-09	22.83192	-0.011373082	-1.8434696	0.77618897	0.007134383	0.060275	49.0	5638.237082242966
287	127.01516	28.156267	145.35	13.499999	37.64754	11520000	6.519258e-09	21.80352	-0.0113891745	-1.0654736	0.77116776	0.006897797	0.0532	49.0	5657.186803817749
288	131.5519	25.474596	145.7	-2.6000004	33.659092	11560000	7.450581e-09	19.913242	-0.011133391	-2.1483393	0.7262566	0.008872589	0.063925	49.0	5676.3707938194275
289	131.80827	22.562136	145.25	17.1	33.977444	11600000	-5.355105e-09	17.60371	-0.010487059	-0.7342763	0.7240222	0.006647793	0.051025	49.0	5695.548837661743
290	133.1304	19.163994	145.35	28.7	34.68	11640000	-1.3969839e-08	19.61562	-0.011663206	-1.5559602	0.72419983	0.006545117	0.057025	49.0	5714.362053155899
291	130.5964	25.017014	145.35	13.499999	35.36	11680000	9.313226e-10	22.015717	-0.0114882225	-1.0741769	0.7493472	0.0061874846	0.0527	49.0	5733.503045797348
292	132.37537	24.257944	145.35	21.949999	32.44853	11720000	1.21071935e-08	19.476864	-0.010927986	-2.084943	0.68811303	0.005216821	0.0498	49.0	5752.23411154747
293	132.14883	23.356556	145.25	22.6	33.48062	11760000	-7.450581e-09	19.57808	-0.011066141	-1.1122756	0.71821105	0.0076313084	0.057425	49.0	5771.490268468857
294	131.4947	21.152205	145.25	36.5	35.886177	11800000	-2.7939677e-09	19.742523	-0.011587637	-1.1056178	0.76040286	0.0061569037	0.053925	49.0	5790.310792684555
295	135.18665	13.949285	145.35	61.0	33.312977	11840000	-1.8626451e-08	19.833113	-0.011537593	-1.3681519	0.7327039	0.006813351	0.055675	49.0	5809.086004257202
296	135.33359	16.473675	145.35	32.45	32.138687	11880000	-4.1909516e-09	19.09856	-0.010914277	-0.80007124	0.69436646	0.005722477	0.04755	49.0	5828.104809999466
297	136.72534	13.051749	145.35	60.7	30.402779	11920000	1.46683306e-08	17.31197	-0.011970604	-0.97481143	0.66697145	0.007881336	0.053475	49.0	5847.056498527527
298	133.34325	18.878586	145.25	31.9	34.214287	11960000	-5.122274e-09	19.392624	-0.011407347	-1.4664305	0.7182615	0.006517574	0.056625	49.0	5866.068271636963
299	138.39868	7.7544065	145.25	104.299995	29.006622	12000000	6.519258e-09	19.456373	-0.011741349	-0.9339143	0.6536796	0.007062249	0.058124997	49.0	5884.73645734787
300	137.32774	12.302356	145.35	40.6	29.869864	12040000	1.071021e-08	19.695484	-0.011106823	-0.8304082	0.67325133	0.0056536095	0.052500002	49.0	5903.314740419388
301	136.39142	11.714945	145.25	69.9	31.22857	12080000	1.3038516e-08	18.634045	-0.011860567	-0.76014376	0.69779795	0.0064178747	0.055375	49.0	5922.146232128143
302	138.74059	10.030603	145.35	51.899998	27.83117	12120000	-1.8626451e-09	17.597761	-0.010778468	-0.55600274	0.6302945	0.0051778555	0.04735	49.0	5941.267164707184
303	138.86304	10.958732	145.35	33.4	27.20497	12160000	-9.313226e-09	17.56958	-0.012216094	-1.2965475	0.61095405	0.010457105	0.06365	49.0	5960.200117111206
304	139.46335	10.213419	145.35	39.149998	26.378881	12200000	-1.0244548e-08	15.557173	-0.010840179	-0.6454389	0.58948696	0.006195258	0.0475	49.0	5978.829835891724
305	138.12819	9.846471	145.35	80.3	29.060402	12240000	-1.5599653e-08	18.411625	-0.011501759	-0.9868957	0.63849604	0.007337366	0.054075	49.0	5997.585003852844
306	137.91068	11.953709	145.25	19.599998	28.646667	12280000	0.0	18.917976	-0.011321517	-0.83043003	0.64817166	0.0068461355	0.053	49.0	6016.3833792209625
307	140.30087	5.976861	145.25	87.8	25.529411	12320000	-3.7252903e-09	16.695862	-0.010917709	-0.6330668	0.5837907	0.0069940602	0.044999998	49.0	6034.98667383194
308	139.65341	7.502842	145.35	88.0	26.838509	12360000	-5.5879354e-09	16.71162	-0.010749384	-0.5084088	0.60995656	0.005703112	0.043875	49.0	6053.93820810318
309	139.64137	5.889695	145.35	105.2	26.91358	12400000	7.916242e-09	16.715626	-0.0111816805	-0.48638356	0.6179476	0.00590532	0.04595	49.0	6072.745805025101
310	139.42297	6.7893734	145.6	99.5	27.192547	12440000	-1.6298145e-09	15.510632	-0.012205759	-0.46730363	0.6178989	0.00596757	0.054425	49.0	6091.7866768836975
311	139.82439	5.5327754	145.35	111.35	26.384146	12480000	2.7939677e-09	17.87702	-0.011373832	-0.568344	0.59648633	0.006404833	0.050375	49.0	6110.408522129059
312	140.94371	4.1029243	145.7	128.85	24.571428	12520000	5.122274e-09	16.095932	-0.0116757285	-0.5266664	0.5671934	0.015108199	0.059699997	48.0	6128.9948852062225
313	140.68457	4.3023896	145.25	120.55	24.925714	12560000	-3.4924597e-09	15.702654	-0.0114267785	-0.60531735	0.5853976	0.006752626	0.052975003	49.0	6147.951762199402
314	138.70688	11.303881	145.35	33.399998	27.10625	12600000	9.313226e-10	19.200272	-0.0106154615	-1.5454975	0.6143069	0.007112388	0.053124998	49.0	6166.646883010864
315	140.51329	4.801327	145.35	107.5	25.196531	12640000	1.7535058e-09	14.847136	-0.011703432	-0.6815995	0.5809274	0.006395635	0.057225	49.0	6185.339105606079
316	140.84285	4.0367513	145.35	120.15	24.777143	12680000	-2.910383e-09	14.759825	-0.011194081	-0.49209368	0.57067657	0.006540648	0.0518	49.0	6204.121159553528
317	141.04604	3.9820156	145.25	117.0	24.435028	12720000	-7.3341653e-09	14.513496	-0.01146519	-0.48478627	0.5620351	0.006984427	0.053425	49.0	6223.108068227768
318	141.42747	3.348357	145.35	127.45	23.802198	12760000	2.6775524e-09	14.934948	-0.011319233	-0.5083591	0.54097164	0.0073252367	0.0508	49.0	6242.230336427689
319	141.07814	6.249811	145.35	87.4	23.93989	12800000	-4.773028e-09	14.475619	-0.011063861	-0.48766387	0.5310415	0.006020298	0.050875	49.0	6260.877877235413
320	141.8843	2.766462	145.35	131.6	22.86911	12840000	-5.5879354e-09	13.101849	-0.010156614	-0.3971597	0.5057063	0.0070749065	0.049425	49.0	6279.725018501282
321	141.53218	4.650911	145.35	93.25	23.212767	12880000	-3.259629e-09	13.550156	-0.010774974	-0.35214102	0.5206884	0.0063768947	0.0492	49.0	6298.054556846619
322	141.53865	2.918057	145.35	133.3	23.508108	12920000	-1.8626451e-08	13.773936	-0.01074075	-0.4707471	0.53947175	0.0069294004	0.059049997	49.0	6316.955285549164
323	141.66132	4.8490653	145.35	89.5	23.005262	12960000	-6.519258e-09	12.992516	-0.010849648	-0.4216206	0.5147232	0.0060421936	0.049850002	49.0	6335.868572950363
324	140.17062	10.533522	145.35	19.1	24.700565	13000000	-1.0244548e-08	16.575705	-0.011568619	-2.1331468	0.5429912	0.020083608	0.06362499	42.0	6354.34348988533
325	141.46658	4.575676	145.35	91.9	23.31016	13040000	-2.3283064e-09	15.07276	-0.010340174	-0.5551963	0.51215863	0.00655107	0.04575	49.0	6373.188872098923
326	141.81508	2.7273254	145.35	133.9	22.989418	13080000	-4.1909516e-09	13.406944	-0.010848697	-0.38763678	0.5006044	0.006582061	0.049675	49.0	6392.120853900909
327	141.32295	3.3260756	145.35	121.6	23.879782	13120000	3.4924597e-09	14.842348	-0.010918036	-0.49389684	0.52027786	0.0072250464	0.055200003	49.0	6411.129738330841
328	142.03886	2.8626626	145.35	130.65	22.42487	13160000	1.3504177e-08	12.58087	-0.010605538	-0.40390444	0.4863248	0.0066470997	0.048699997	49.0	6429.910972356796
329	142.23985	2.8408363	145.8	130.45	22.096447	13200000	-4.4237822e-09	12.2494545	-0.010260051	-0.29206705	0.473091	0.0069602616	0.047525	49.0	6448.902649879456
330	142.19641	2.5971353	145.7	132.0	22.169231	13240000	-3.2014214e-09	12.301207	-0.010537962	-0.3359245	0.4685173	0.0064672474	0.055625	49.0	6467.439027547836
331	142.11224	2.439968	145.35	131.75	22.290817	13280000	-3.0267984e-09	12.521641	-0.010672691	-0.38047457	0.48523605	0.0067033838	0.050775	49.0	6486.216960191727
332	141.74345	5.4251037	145.35	92.4	22.848167	13320000	2.7474016e-08	11.996796	-0.0101540405	-0.5689366	0.47937053	0.0067718583	0.046775	49.0	6504.799320936203
333	141.49973	4.5856576	145.35	106.3	23.404255	13360000	-1.1641532e-09	13.155119	-0.010810476	-0.670084	0.48289868	0.014919385	0.064075	49.0	6523.794274806976
334	142.13147	2.6322627	145.35	131.6	22.147207	13400000	9.778887e-09	12.939699	-0.009958571	-0.39818978	0.4719662	0.0062963236	0.049325	49.0	6542.692121744156
335	142.24417	2.672587	145.35	129.8	22.010153	13440000	-7.450581e-09	11.625321	-0.01071321	-0.38311327	0.45932502	0.0055388063	0.04915	49.0	6561.596282482147
336	142.16072	4.1641774	145.35	106.9	22.22449	13480000	-1.44355e-08	11.1822	-0.0109456815	-0.3188405	0.4656307	0.0063697905	0.05155	49.0	6580.424737453461
337	142.36835	3.3215723	145.35	109.5	21.894472	13520000	4.656613e-09	11.108482	-0.010409416	-0.32284606	0.45714524	0.006661813	0.0467	49.0	6598.777020215988
338	142.09691	2.4617145	145.35	132.75	22.438145	13560000	2.910383e-10	12.760101	-0.010649891	-0.35528064	0.46418417	0.007177178	0.052275002	49.0	6617.282653570175
339	142.48341	2.3633304	145.8	132.45	21.58911	13600000	-6.2864274e-09	11.14667	-0.009820484	-0.29382527	0.44303486	0.0070278347	0.05485	49.0	6636.257255554199
340	142.50746	2.4172463	145.7	127.35	21.621891	13640000	1.3737008e-08	10.902266	-0.0105800545	-0.28197443	0.44245726	0.006575592	0.049975	49.0	6654.988648891449
341	142.52115	2.090707	145.7	134.0	21.557215	13680000	-5.47152e-09	11.168867	-0.010611552	-0.30063593	0.43894255	0.00568501	0.047700003	49.0	6673.612068414688
342	142.5694	1.977893	145.8	135.6	21.587065	13720000	2.561137e-09	11.971466	-0.010275959	-0.34521198	0.4342183	0.00617457	0.046275	49.0	6692.399309158325
343	142.06866	7.5341434	145.35	41.399998	21.701492	13760000	1.0244548e-08	11.280015	-0.0059709847	-0.73692644	0.41085663	0.017730756	0.05515	12.0	6709.642279148102
344	142.61404	1.9191571	145.35	136.7	21.581282	13800000	1.7374987e-08	11.388175	-0.0098522995	-0.2843423	0.42759562	0.0065737236	0.049325	49.0	6728.538932323456
345	142.76538	2.945016	145.35	113.1	20.995121	13840000	-7.450581e-09	10.50331	-0.010545734	-0.30047965	0.39986807	0.007007855	0.0489	49.0	6747.233808040619
346	142.88423	1.9848223	145.25	133.0	21.092234	13880000	-5.355105e-09	10.271191	-0.010237059	-0.32602286	0.40472132	0.0068390276	0.0479	49.0	6766.126699447632
347	142.99475	1.646019	145.35	137.1	20.885714	13920000	-7.1013346e-09	10.720045	-0.009683587	-0.25444138	0.397914	0.0074166413	0.048275	49.0	6784.737730026245
348	142.56921	3.6861005	145.7	98.5	21.502462	13960000	-1.3969839e-09	11.084291	-0.009805468	-0.39401507	0.40932506	0.0061469437	0.043875	49.0	6803.548203229904
349	142.87775	3.152981	145.6	103.95	20.966507	14000000	8.381903e-09	10.046974	-0.009031365	-0.26856637	0.39547902	0.006110586	0.0444	49.0	6822.407141208649
350	142.65369	2.0233622	145.8	132.45	21.465687	14040000	-8.381903e-09	11.042662	-0.009591339	-0.24851882	0.4091828	0.0063199312	0.042175002	49.0	6841.377289056778
351	143.00572	1.7045777	145.6	136.85	20.780952	14080000	-1.0826625e-08	10.672278	-0.009408452	-0.29658377	0.38086838	0.006372695	0.0435	49.0	6860.053309202194
352	143.16103	1.623097	145.35	137.55	20.507042	14120000	9.895302e-09	10.397678	-0.0093839755	-0.3094114	0.38210818	0.0062871217	0.043925002	49.0	6878.786743402481
353	143.08043	1.7650442	145.8	136.65	20.674528	14160000	-5.5879354e-09	9.850866	-0.009814089	-0.2654984	0.3820689	0.006228199	0.045825	49.0	6897.675664663315
354	143.11597	1.6974237	145.35	136.55	20.507042	14200000	-1.0477379e-08	9.848246	-0.009962238	-0.3171327	0.37027878	0.006326312	0.04395	49.0	6916.469095945358
355	143.05165	1.8740993	145.35	135.15	20.62736	14240000	-2.3283064e-10	9.836264	-0.009093783	-0.26519555	0.37738332	0.0056846403	0.0424	49.0	6935.094594478607
356	142.71425	4.4079204	145.7	86.7	21.154589	14280000	-1.21071935e-08	9.921107	-0.009600101	-0.2921003	0.39023986	0.0075371233	0.047650002	49.0	6954.306631803513
357	142.99976	3.4249685	145.8	100.3	20.712265	14320000	-3.0267984e-09	9.539784	-0.008963127	-0.260226	0.37336665	0.005387633	0.042675	49.0	6973.277714967728
358	143.23885	1.6612167	145.5	137.85	20.404652	14360000	9.313226e-10	9.595646	-0.009188687	-0.26720774	0.36260518	0.0067585357	0.045550004	49.0	6991.870810270309
359	143.38693	1.5567698	145.6	135.35	20.059633	14400000	-5.2386895e-09	9.446295	-0.00951735	-0.24984181	0.34822482	0.006324171	0.0462	49.0	7010.924158334732
360	143.08064	2.7700691	145.6	110.7	20.613207	14440000	5.820766e-10	10.185443	-0.009568766	-0.33514124	0.3610722	0.0060733543	0.042499997	49.0	7029.684270143509
361	143.10284	1.6955173	145.25	134.45	20.620853	14480000	-7.799827e-09	10.303639	-0.009852059	-0.2734573	0.36971846	0.007067511	0.045375	49.0	7048.404017925262
362	143.4306	1.6773195	145.8	130.25	19.954338	14520000	-7.21775e-09	8.968804	-0.008906253	-0.28032708	0.34325725	0.005886155	0.040775	49.0	7067.429266691208
363	143.10283	2.8989248	145.7	106.6	20.584906	14560000	4.656613e-09	9.981464	-0.009531803	-0.28698385	0.3567747	0.007873593	0.0463	49.0	7085.955305099487
364	143.4387	1.4935727	145.8	137.25	20.064516	14600000	1.3329554e-08	9.4117365	-0.009770822	-0.2898929	0.34432003	0.0057155685	0.041525	49.0	7104.645493745804
365	143.46713	1.588289	145.7	132.2	19.990868	14640000	-2.9802322e-08	9.2608385	-0.008831882	-0.26575655	0.34254164	0.0077871573	0.04455	49.0	7123.317954540253
366	143.32166	1.9979404	145.8	125.2	20.258064	14680000	6.8102963e-09	9.065544	-0.009463068	-0.2610864	0.3503709	0.0065090503	0.045250002	49.0	7142.483057498932
367	143.44817	1.6060237	145.8	133.85	20.050228	14720000	-8.381903e-09	9.18243	-0.009302162	-0.26533568	0.3486582	0.0063137254	0.041100003	49.0	7161.456817865372
368	143.30487	1.4493169	145.6	133.55	20.189816	14760000	-1.2572855e-08	9.481013	-0.008947872	-0.26779062	0.35001844	0.0063611446	0.043575	49.0	7180.467502355576
369	143.45753	1.5256028	145.7	136.3	20.03653	14800000	1.5308615e-08	9.298128	-0.00913318	-0.2754662	0.3386951	0.0069174953	0.043624997	49.0	7199.1443021297455
370	143.59064	1.6862298	145.7	126.4	19.757992	14840000	-9.313226e-09	8.592827	-0.009453017	-0.2724045	0.33533296	0.007094442	0.042225003	49.0	7218.100425481796
371	143.31935	2.8469636	145.4	106.0	20.101383	14880000	-2.0721927e-08	8.913653	-0.009214998	-0.26209855	0.33535346	0.006587436	0.047650002	49.0	7236.645640850067
372	143.32523	2.8353648	145.8	107.3	20.091743	14920000	1.1641532e-09	8.787874	-0.009210915	-0.27996576	0.33916724	0.005988797	0.045325004	49.0	7255.4110453128815
373	143.53523	1.3698779	145.7	136.55	19.813637	14960000	6.9849193e-09	8.656075	-0.009618637	-0.31333053	0.3305006	0.0076841335	0.049325	49.0	7274.274557590485
374	143.50525	2.053015	145.8	124.5	19.922375	15000000	-7.916242e-09	8.592398	-0.009823674	-0.2787127	0.32573158	0.006781011	0.0473	49.0	7292.8113334178925
375	143.40967	2.1209884	145.7	123.15	20.064516	15040000	2.3283064e-09	8.837839	-0.009439714	-0.28590637	0.33428866	0.0059295692	0.040875	49.0	7311.316182136536
376	143.4316	1.5838501	145.8	135.2	20.013636	15080000	-6.6065695e-09	9.02045	-0.009200778	-0.29734915	0.33436322	0.005859102	0.041149996	49.0	7330.409176826477
377	143.65915	1.2028122	145.6	139.0	19.59375	15120000	8.032657e-09	8.49215	-0.009073675	-0.21434993	0.3201596	0.0064445315	0.042575	49.0	7349.241705417633
378	143.42523	3.171353	145.6	101.0	20.009174	15160000	-2.0954758e-09	8.179674	-0.00948639	-0.28639627	0.3357916	0.007824015	0.048875	49.0	7368.052632570267
379	143.50905	1.386035	145.7	138.8	19.846153	15200000	7.799827e-09	8.680115	-0.009420278	-0.274507	0.33479804	0.009823747	0.046974998	49.0	7386.911153316498
380	143.30666	1.4297831	145.8	134.0	20.133028	15240000	1.0826625e-08	9.222957	-0.009515842	-0.27346468	0.34774786	0.006342893	0.049824998	49.0	7405.8829662799835
381	143.3578	3.0714886	145.5	106.4	20.073395	15280000	6.519258e-09	8.541462	-0.009339178	-0.3181641	0.34505722	0.0076698214	0.0471	49.0	7424.811002254486
382	143.70401	1.2871554	145.25	138.85	19.428572	15320000	7.741619e-09	8.168177	-0.008606866	-0.26296228	0.32184434	0.0068755457	0.045	49.0	7443.589338302612
383	143.30756	3.1368885	145.6	103.6	20.151377	15360000	-1.9790605e-08	9.228383	-0.009301105	-0.32046986	0.34483865	0.0065135933	0.041975	49.0	7462.346517086029
384	143.2449	1.6977166	145.35	135.05	20.305555	15400000	7.683411e-09	9.516716	-0.0095672235	-0.32956886	0.34816137	0.0060945335	0.043575	49.0	7481.184615135193
385	143.63416	1.2876151	145.5	137.05	19.584822	15440000	-8.3236955e-09	8.750782	-0.009387324	-0.31820643	0.32485187	0.0065857954	0.04245	49.0	7499.76881313324
386	143.73415	1.3961859	145.5	137.5	19.424107	15480000	-6.9849193e-09	8.094447	-0.009342762	-0.29875237	0.3096615	0.0063108574	0.040475	49.0	7518.367596626282
387	143.5209	2.8909683	145.5	105.7	19.790909	15520000	-1.839362e-08	8.347101	-0.009756869	-0.26053423	0.3266216	0.008186005	0.046875	49.0	7537.058454275131
388	143.63588	2.6983202	145.35	108.8	19.632286	15560000	5.4133125e-09	8.337066	-0.009207843	-0.27502126	0.32525557	0.006534647	0.041575	49.0	7555.380800247192
389	143.41927	2.7489562	145.5	108.5	20.018349	15600000	-3.958121e-09	8.757143	-0.009117493	-0.28887612	0.33336765	0.0059196493	0.04435	49.0	7574.174481630325
390	143.66974	1.267334	145.5	138.45	19.511211	15640000	5.005859e-09	8.588297	-0.009236225	-0.25886428	0.3180654	0.0077975607	0.0463	49.0	7593.121186971664
391	143.80995	1.0816039	145.6	139.2	19.296461	15680000	1.0477379e-08	8.109295	-0.008589743	-0.30778128	0.3027469	0.0062030694	0.0405	49.0	7611.560382127762
392	143.26689	3.8957007	145.5	105.3	20.152779	15720000	-1.3969839e-08	8.507721	-0.009935239	-0.3367133	0.3281002	0.0072416607	0.042875	49.0	7630.660069227219
393	143.72134	1.536804	145.6	130.45	19.502222	15760000	-2.5844201e-08	8.380596	-0.008729917	-0.28978366	0.31520197	0.005343039	0.03825	49.0	7649.437308311462
394	143.66644	1.2368906	145.7	138.45	19.707207	15800000	9.080395e-09	8.632172	-0.009070791	-0.24622852	0.32362482	0.006759433	0.040875	49.0	7667.77899479866
395	143.76889	1.2832206	145.6	137.55	19.395555	15840000	-6.9849193e-09	8.275543	-0.008810534	-0.27572507	0.30761263	0.0068923626	0.040775	49.0	7686.525658369064
396	143.65982	1.4103785	145.6	134.4	19.589285	15880000	-1.3737008e-08	8.526287	-0.0092288535	-0.29072917	0.3184998	0.006336133	0.043125	49.0	7705.181024074554
397	143.84691	1.2246324	145.8	139.3	19.274336	15920000	4.831236e-09	8.003773	-0.008646673	-0.2814591	0.31036973	0.0065238494	0.039	49.0	7723.922855854034
398	143.8938	1.2560582	145.8	138.5	19.265488	15960000	-6.519258e-09	8.068805	-0.00856507	-0.21872038	0.30425274	0.0061470605	0.0392	49.0	7742.7034730911255
399	143.88931	1.2226236	145.5	135.15	19.227074	16000000	-4.452886e-09	7.9385567	-0.008608146	-0.22939885	0.30237308	0.007249714	0.039925	49.0	7761.69330739975
400	143.7596	1.2438631	145.7	137.6	19.459822	16040000	-8.731149e-09	8.237274	-0.008635534	-0.25242746	0.30953324	0.0058078985	0.039449997	49.0	7780.33612704277
401	143.69527	1.6680589	145.6	133.1	19.626125	16080000	1.9790605e-09	8.187042	-0.008828025	-0.30424082	0.31382912	0.0061347573	0.04005	49.0	7799.208724975586
402	143.88597	1.244347	145.7	136.15	19.22807	16120000	6.0535967e-09	7.694071	-0.008966148	-0.2670203	0.29938385	0.006388915	0.043975	49.0	7818.100529432297
403	143.61317	5.3898754	145.6	82.7	19.459822	16160000	3.7252903e-09	8.099596	-0.004108378	-0.76374644	0.29449534	0.026787128	0.043125	6.0	7835.008919715881
404	143.85771	1.4667895	145.35	132.15	19.339207	16200000	1.2572855e-08	7.943388	-0.009025287	-0.2769192	0.30632296	0.005742294	0.0425	49.0	7854.01451420784
405	143.88597	1.0495504	145.6	140.0	19.201754	16240000	-4.656613e-09	7.9524226	-0.008928249	-0.18410665	0.3015439	0.0062507745	0.041474998	49.0	7872.791619300842
406	143.61266	2.952152	145.7	103.6	19.701357	16280000	-6.9849193e-09	7.9898806	-0.009271462	-0.2937783	0.30274588	0.0071949433	0.042600002	49.0	7891.875453472137
407	143.8773	1.452008	145.7	132.3	19.273129	16320000	-8.789357e-09	7.2979045	-0.008591069	-0.23202074	0.29871103	0.0056977333	0.041025	49.0	7910.89594912529
408	143.73706	2.8096669	145.25	105.4	19.508928	16360000	6.2864274e-09	7.7218256	-0.009228891	-0.2888419	0.30815136	0.005961625	0.042025	49.0	7930.006199598312
409	144.01544	1.029231	145.35	140.25	19.073914	16400000	1.2805685e-08	7.597494	-0.008770608	-0.23899335	0.29325232	0.006382866	0.040349998	49.0	7948.987322807312
410	143.78252	1.254323	145.35	135.9	19.47982	16440000	1.6880222e-09	7.892212	-0.009224249	-0.2136485	0.3143934	0.0058624297	0.04495	49.0	7967.922261238098
411	143.76166	1.4039576	145.6	134.65	19.52018	16480000	2.561137e-09	8.288268	-0.0096418485	-0.22575587	0.31450826	0.006426944	0.04145	49.0	7986.93451499939
412	144.00064	1.1241368	145.7	138.55	19.08261	16520000	-1.1292286e-08	7.653908	-0.008714318	-0.24289411	0.29550394	0.0055030924	0.037175	49.0	8005.506373882294
413	143.884	1.08801	145.6	139.75	19.27111	16560000	2.6077032e-08	7.9208646	-0.008866686	-0.23099816	0.30062056	0.0057875677	0.04155	49.0	8024.71769285202
414	143.9218	1.0134326	145.5	138.8	19.202642	16600000	4.5401976e-09	7.614693	-0.009001669	-0.20843399	0.3012739	0.0064118514	0.039475	49.0	8043.59649014473
415	143.92938	1.1261504	145.6	137.75	19.149122	16640000	-3.259629e-09	7.3622007	-0.008764161	-0.21106678	0.29973304	0.006180682	0.03955	49.0	8062.381828069687
416	143.97183	1.2414793	145.7	136.15	19.148472	16680000	-8.1490725e-10	7.4338517	-0.008916289	-0.19982034	0.29759943	0.0059768623	0.0445	49.0	8081.036459207535
417	143.57175	4.4814696	145.35	79.9	19.668161	16720000	1.9790605e-09	8.441484	-0.009472379	-0.4300496	0.31767893	0.007598708	0.04435	49.0	8099.587107896805
418	143.99174	1.2440805	145.6	135.9	19.043478	16760000	-1.1641532e-09	7.1930904	-0.0084078275	-0.21821326	0.2961903	0.006535744	0.039224997	49.0	8118.623922109604
419	143.95659	0.9909021	145.35	139.05	19.157894	16800000	-2.013985e-08	7.7666087	-0.009036228	-0.21183401	0.29930013	0.006469801	0.0442	49.0	8137.312855243683
420	143.89558	1.0304514	145.7	139.85	19.277533	16840000	6.664777e-09	7.9975433	-0.008659307	-0.29916066	0.30446458	0.0066426895	0.0434	49.0	8155.956804037094
421	143.74225	2.810295	145.25	104.9	19.446903	16880000	4.656613e-09	7.583494	-0.008691564	-0.2723421	0.30648744	0.0057787085	0.041575	49.0	8174.834105730057
422	144.03783	1.1531351	145.7	136.95	18.982609	16920000	2.0954758e-09	7.2587247	-0.008494078	-0.19294524	0.2929224	0.0061896294	0.039675	49.0	8193.300716161728
423	143.9625	1.381657	145.35	129.85	19.171053	16960000	-1.8626451e-09	7.4549127	-0.008595538	-0.27376604	0.29744333	0.007134362	0.043875	49.0	8212.121537685394
424	144.09636	1.0313936	145.35	137.85	18.871244	17000000	1.7462298e-09	6.82141	-0.007976115	-0.21905804	0.2821737	0.0052758995	0.035749998	49.0	8230.84703540802
425	144.12073	0.91683424	145.35	140.0	18.777779	17040000	-8.614734e-09	7.2374	-0.008700224	-0.19052601	0.28041607	0.0061051473	0.042224996	49.0	8249.565105676651
426	144.04437	1.1465787	145.35	136.6	18.939394	17080000	7.1013346e-09	6.936325	-0.007897323	-0.19738817	0.27982324	0.0061835377	0.039550003	49.0	8268.114932775497
427	144.05391	1.1006149	145.35	137.7	18.878262	17120000	6.2282197e-09	7.0517397	-0.0089279665	-0.23635519	0.2848798	0.006169645	0.0393	49.0	8287.043736457825
428	144.06937	1.2539269	145.5	132.9	18.943478	17160000	-2.9394869e-09	7.0879893	-0.0090753585	-0.22690487	0.28625154	0.006183773	0.0406	49.0	8305.601881742477
429	143.91681	1.3005002	145.8	135.8	19.131004	17200000	1.0477379e-08	7.5298796	-0.0090133585	-0.21200901	0.29584283	0.0066586845	0.039899997	49.0	8324.380768537521
430	143.90457	2.8539393	145.35	103.7	19.117392	17240000	-1.1874363e-08	7.167673	-0.008806337	-0.32244962	0.2910234	0.007174085	0.0409	49.0	8343.49752497673
431	143.61206	3.7999399	145.5	103.7	19.607143	17280000	2.2118911e-08	7.6286993	-0.009406269	-0.28238463	0.31203276	0.0129619995	0.048024997	49.0	8362.252959489822
432	143.87146	1.5438626	145.35	131.2	19.27876	17320000	1.2572855e-08	8.019677	-0.00921798	-0.33550584	0.3132556	0.006543817	0.04825	49.0	8381.22076702118
433	143.98183	1.0146729	145.35	138.55	18.99567	17360000	1.3271347e-08	7.7628293	-0.008618822	-0.26261646	0.3015192	0.0072886846	0.04865	49.0	8399.921667814255
434	143.9935	1.0250969	145.35	137.4	18.969696	17400000	5.820766e-10	8.056254	-0.00978644	-0.2525127	0.29829645	0.007973688	0.0479	49.0	8418.960923910141
435	143.82542	2.9545045	145.25	104.3	19.340708	17440000	-1.21071935e-08	7.898329	-0.008959981	-0.24144012	0.3013776	0.00721947	0.043525003	49.0	8437.605783224106
436	143.99582	0.8925745	145.6	140.65	19.035242	17480000	-3.434252e-09	7.496385	-0.00875251	-0.22781831	0.30589885	0.0070059	0.0473	49.0	8456.255356311798
437	144.00542	1.0142502	145.7	139.55	18.95671	17520000	-2.5087502e-08	7.753444	-0.00926246	-0.20470852	0.292111	0.0065309224	0.040475	49.0	8474.862177610397
438	143.83679	1.430913	145.7	130.35	19.237885	17560000	6.9849193e-09	7.860903	-0.0085948305	-0.19834566	0.29955837	0.006640427	0.042375002	49.0	8493.811347723007
439	143.70714	2.7143455	145.8	107.0	19.482143	17600000	1.6298145e-09	7.660286	-0.0085470155	-0.2279079	0.3121487	0.005796458	0.040775	49.0	8512.736948728561
440	143.8739	1.3538078	145.6	130.9	19.048246	17640000	-1.1641532e-08	7.5849395	-0.008391628	-0.1988194	0.29967263	0.0064961254	0.041474998	49.0	8531.530693292618
441	143.5491	3.7287695	145.7	105.9	19.600897	17680000	1.0244548e-08	7.566146	-0.009154653	-0.24017859	0.31421223	0.0064510596	0.045025	49.0	8549.985607624054
442	143.64534	2.8636553	145.6	104.2	19.493334	17720000	-9.313226e-10	7.598999	-0.009118987	-0.22810668	0.30763185	0.0061748372	0.040425003	49.0	8568.853163719177
443	143.99936	0.91499054	145.7	139.35	18.943966	17760000	3.4924597e-09	7.849292	-0.008832586	-0.26483554	0.28871801	0.0071192877	0.041025	49.0	8587.527391433716
444	143.98021	1.0744007	145.35	137.45	19.013044	17800000	2.7939677e-09	7.384878	-0.008956177	-0.23979014	0.29165417	0.00721932	0.042825	49.0	8606.134779691696
445	143.8337	3.0411787	145.6	100.6	19.176212	17840000	3.0966476e-08	7.6287804	-0.009067651	-0.30661678	0.2954424	0.007162805	0.043325	49.0	8624.978831768036
446	143.4819	4.4657207	145.35	102.799995	19.819004	17880000	-6.519258e-09	8.051044	-0.009222417	-0.5891079	0.31724462	0.008240968	0.048	49.0	8644.136176586151
447	143.99203	1.016582	145.7	136.8	18.926723	17920000	-7.566996e-09	7.0372777	-0.008528974	-0.30599004	0.28177246	0.0049933754	0.040025003	49.0	8662.658752441406
448	143.74977	3.0674553	145.6	101.6	19.376106	17960000	-3.0267984e-09	7.343362	-0.009325785	-0.20430005	0.29657167	0.007111979	0.040375	49.0	8681.370642185211
449	144.16234	0.7095522	145.35	140.9	18.676596	18000000	1.4086254e-08	6.6206	-0.008356234	-0.19270259	0.27106392	0.006433553	0.038000003	49.0	8699.762470245361
450	144.02806	0.97854525	145.6	136.6	18.960869	18040000	2.3283064e-09	7.2216377	-0.008198682	-0.23572636	0.28082347	0.006800176	0.041925	49.0	8718.726462841034
451	144.05759	0.891905	145.6	139.85	18.883118	18080000	1.3504177e-08	6.948699	-0.008043827	-0.201442	0.2867223	0.0065957094	0.039049998	49.0	8737.097051620483
452	143.97226	2.6014829	145.5	106.5	19.0	18120000	-4.8894435e-09	7.2272267	-0.007919556	-0.25178623	0.28010237	0.0061418414	0.037675	49.0	8755.861562013626
453	144.0792	0.97807854	145.6	139.0	18.854076	18160000	-8.1490725e-10	6.7502127	-0.008179986	-0.25002015	0.27665746	0.006407805	0.041875	49.0	8774.594916343689
454	143.90765	2.5061357	145.5	108.4	19.09607	18200000	-1.5599653e-08	7.567342	-0.008008328	-0.22944266	0.28346297	0.0062752105	0.0397	49.0	8793.233455657959
455	144.10086	0.79787314	145.6	141.3	18.726496	18240000	7.3341653e-09	7.2979383	-0.008223996	-0.20165604	0.27352083	0.006132644	0.041175	49.0	8812.344895124435
456	143.98225	2.7068634	145.6	104.4	18.91342	18280000	-9.778887e-09	7.1094294	-0.008373134	-0.22796488	0.2768235	0.006613341	0.042175002	49.0	8831.07232928276
457	144.12915	0.7908327	145.4	140.8	18.702127	18320000	3.3760443e-09	7.19205	-0.007905655	-0.22161442	0.2639593	0.0065496946	0.043950003	49.0	8849.961345672607
458	143.95152	2.654671	145.7	106.3	18.9869	18360000	-9.080395e-09	6.7875504	-0.008357268	-0.19354028	0.27778792	0.0075177928	0.042175002	49.0	8868.753957748413
459	144.20622	0.6985837	145.5	141.4	18.596567	18400000	1.0593794e-08	6.53179	-0.007723064	-0.14689803	0.25524738	0.0065268017	0.03945	49.0	8887.058928728104
460	143.97166	1.4588163	145.7	130.55	19.0	18440000	-1.4202669e-08	7.5780277	-0.007933073	-0.20463997	0.2733613	0.0058058444	0.03965	49.0	8905.583972454071
461	144.03862	0.8685177	145.7	139.7	18.866953	18480000	4.656613e-10	7.290955	-0.0078120604	-0.18624079	0.2718475	0.0061886916	0.038175	49.0	8924.154489517212
462	144.08905	0.7644307	145.7	141.2	18.793991	18520000	-1.2572855e-08	7.088008	-0.0082641	-0.1911788	0.26909485	0.006406669	0.042875	49.0	8942.583082675934
463	143.99394	2.7262843	145.7	104.7	18.926407	18560000	9.546056e-09	6.8773074	-0.008466661	-0.2169705	0.27229714	0.0067146607	0.039625	49.0	8961.69076538086
464	144.10667	1.0225418	145.6	134.4	18.74569	18600000	-1.19325705e-08	7.036784	-0.007917534	-0.19200641	0.2699018	0.0068003293	0.039849997	49.0	8980.433308839798
465	144.08598	0.8586828	145.8	140.5	18.818966	18640000	4.452886e-09	7.2504287	-0.007911451	-0.206895	0.2674564	0.005486821	0.038174998	49.0	8998.97281217575
466	143.9161	3.180235	145.8	97.5	18.947826	18680000	9.313226e-10	7.108021	-0.00806545	-0.18811512	0.26975712	0.0077253086	0.046025	49.0	9017.732149839401
467	144.03506	0.9781173	145.5	136.5	18.900433	18720000	-4.598405e-09	7.11376	-0.008454988	-0.25575364	0.2741801	0.0061836015	0.040000003	49.0	9036.421722888947
468	144.00865	0.9382277	145.35	139.55	18.90909	18760000	-3.3760443e-09	7.352621	-0.008186204	-0.25039423	0.2666609	0.0063181664	0.0413	49.0	9055.007483243942
469	143.98766	0.8675049	145.25	139.75	18.887445	18800000	2.3283064e-10	7.5512595	-0.007961128	-0.19084972	0.26743007	0.006886858	0.038625002	49.0	9073.487684965134
470	143.83391	2.9916875	145.25	100.799995	19.118942	18840000	-1.7229468e-08	7.2865186	-0.0081261555	-0.20007992	0.27573878	0.007719474	0.048225	49.0	9092.026275634766
471	144.07596	0.813839	145.25	139.05	18.800865	18880000	8.614734e-09	6.837182	-0.0076891473	-0.20306027	0.25971818	0.006137223	0.0358	49.0	9110.902544260025
472	143.92282	2.7896962	145.35	103.6	18.995651	18920000	9.313226e-09	6.932828	-0.0074588433	-0.22311842	0.2582428	0.0061350437	0.039225	49.0	9129.382875919342
473	143.75398	2.6878388	145.7	106.1	19.256638	18960000	1.6239937e-08	7.246496	-0.007717233	-0.21846056	0.27563584	0.006685838	0.045925	49.0	9148.397139787674
474	144.04048	1.3999673	145.35	127.55	18.87013	19000000	-1.2922101e-08	6.6882715	-0.008133104	-0.16852748	0.2630233	0.0060804677	0.041500002	49.0	9167.253757715225
475	143.82466	3.6852138	145.35	105.0	19.200872	19040000	1.7229468e-08	6.881855	-0.007879529	-0.21950996	0.2677508	0.00644906	0.0366	49.0	9186.054802179337
476	144.1251	0.7507527	145.35	140.2	18.716738	19080000	5.355105e-09	6.92179	-0.0073785316	-0.20960611	0.25003004	0.005576645	0.039975	49.0	9204.634854316711
477	144.06218	0.88301367	145.35	137.9	18.764957	19120000	-1.8626451e-09	7.18031	-0.007323904	-0.1766929	0.25505567	0.007965922	0.045950003	49.0	9223.042647838593
478	143.90439	2.914664	145.35	101.9	18.912281	19160000	3.259629e-09	6.962717	-0.0068625296	-0.17753088	0.263803	0.008009557	0.044150002	49.0	9241.27928519249
479	144.11398	0.7327936	145.25	140.6	18.618645	19200000	2.2817403e-08	6.755101	-0.0070560966	-0.18019867	0.24332005	0.0048370194	0.033025004	49.0	9259.91280078888
480	144.24498	0.73531514	145.25	140.9	18.512606	19240000	-8.6729415e-09	6.6018057	-0.00728349	-0.1853146	0.23515463	0.0049639344	0.0357	49.0	9278.612317085266
481	144.25127	0.85760367	145.6	139.75	18.485231	19280000	-1.1816155e-08	6.7415915	-0.0076857186	-0.13311541	0.2361921	0.0067356825	0.03865	49.0	9297.162271499634
482	144.11107	1.0066085	145.35	136.6	18.689362	19320000	-1.6298145e-09	7.2525005	-0.007963787	-0.16705745	0.24323313	0.006660576	0.040675	49.0	9316.172449350357
483	144.21858	0.87118286	145.25	139.45	18.523207	19360000	9.313226e-09	6.9946785	-0.007717319	-0.15999532	0.24287671	0.0053071417	0.034175	49.0	9334.986724853516
484	144.10858	2.6974735	145.6	104.25	18.708155	19400000	1.21071935e-08	7.587359	-0.007658926	-1.1013054	0.24496277	0.0059014484	0.03675	49.0	9353.073092222214
485	144.04677	2.8759732	145.35	104.8	18.824034	19440000	-7.916242e-09	6.8745565	-0.0070629893	-0.18779802	0.24946593	0.005673144	0.04185	49.0	9371.681908369064
486	144.20213	0.9229856	145.7	136.3	18.508474	19480000	4.4237822e-09	6.5244374	-0.0075116907	-0.1601001	0.24053526	0.0069253333	0.0389	49.0	9390.061360359192
487	144.1905	0.76326853	145.4	140.75	18.50211	19520000	1.6647391e-08	6.5679917	-0.007758517	-0.12057364	0.23696035	0.0055886116	0.03545	49.0	9408.32327914238
488	144.16228	0.8481525	145.25	138.3	18.61017	19560000	4.947651e-09	6.884638	-0.0073128287	-0.15666682	0.24533921	0.006952329	0.038875002	49.0	9427.306181192398
489	143.64691	4.671057	145.5	101.799995	19.353983	19600000	1.839362e-08	6.8359637	-0.008204414	-0.24859554	0.26806176	0.006469799	0.040525	49.0	9445.746196985245
490	143.9987	2.7894263	145.6	104.1	18.806868	19640000	8.614734e-09	6.7732205	-0.007812068	-0.19310737	0.24924932	0.006319438	0.039925	49.0	9464.472939491272
491	144.24248	0.71791625	145.5	140.3	18.430962	19680000	9.95351e-09	6.78455	-0.0074200574	-0.20668674	0.23848379	0.004940756	0.033575002	49.0	9482.93565607071
492	144.24513	0.74392134	145.5	141.6	18.436441	19720000	-1.0011718e-08	6.3363724	-0.00704034	-0.20089054	0.23606348	0.0062480234	0.03555	49.0	9501.708708763123
493	144.2956	0.6874335	145.6	141.65	18.355648	19760000	-5.005859e-09	6.4538517	-0.0070941495	-0.17156464	0.22905377	0.00625299	0.036025003	49.0	9520.789671421051
494	144.25627	0.8603068	145.7	140.1	18.430962	19800000	-6.693881e-10	6.601279	-0.007317339	-0.13833225	0.23900056	0.005777435	0.035449997	49.0	9539.623890399933
495	143.92392	3.5582905	145.7	105.7	19.017391	19840000	2.3283064e-08	6.7961445	-0.008239793	-0.18748575	0.2562502	0.0067828447	0.0394	49.0	9557.861733436584
496	144.02821	4.164822	145.7	82.3	18.666666	19880000	-7.799827e-09	6.605368	-0.008060887	-0.24141991	0.2507494	0.0051604733	0.036425002	49.0	9576.183414697647
497	144.36798	0.77317095	145.7	140.65	18.25523	19920000	4.0163286e-09	6.8045382	-0.0074971234	-0.19772172	0.22686315	0.006486793	0.037025	49.0	9595.260524272919
498	144.193	2.7338247	145.7	104.2	18.538136	19960000	6.4028427e-09	6.588244	-0.0075752824	-0.23673642	0.23811474	0.005925863	0.03475	49.0	9613.792506456375
499	144.54875	0.65431744	145.8	141.4	17.92946	20000000	3.7252903e-09	6.2524004	-0.00656587	-0.1859129	0.21918705	0.0049178055	0.033375002	49.0	9632.65467953682
