Episode	TestRet	TestSteps	AverageEpRet	StdEpRet	MaxEpRet	MinEpRet	EpLen	Time
50	-108.00000160932541	80.0	-94.967	6.1468825	-77.35	-111.75	80.0	2 min 8 sec
100	-119.00000350177288	80.0	-96.872	30.759644	-38.350002	-193.25002	80.0	5 min 7 sec
150	-144.2000039368868	80.0	-87.197	47.398968	32.199997	-195.25002	80.0	8 min 11 sec
200	-171.80000713467598	80.0	-53.417004	66.877884	129.25	-217.8	80.0	11 min 15 sec
250	-181.40001095831394	80.0	15.898998	83.28041	232.4	-114.700005	80.0	14 min 17 sec
300	-222.4000110924244	80.0	101.812996	98.17925	329.0	-54.200005	80.0	17 min 22 sec
350	565.1999956071377	80.0	242.872	144.0312	563.55	-132.20001	80.0	20 min 24 sec
400	174.09999041631818	80.0	417.904	123.81545	576.7	126.6	80.0	23 min 28 sec
450	575.6999979354441	80.0	452.43903	131.20302	592.15	-64.450005	79.56	26 min 26 sec
500	571.1999959647655	80.0	514.50604	109.496635	654.0	81.299995	77.06	29 min 22 sec
550	592.5499977916479	80.0	524.957	105.66736	651.4	150.25	77.36	32 min 17 sec
600	576.5999979935586	80.0	542.072	95.01778	647.85	68.7	79.28	35 min 12 sec
650	575.1999975964427	80.0	522.535	105.86339	654.45	107.0	79.3	38 min 9 sec
700	572.1999967284501	80.0	538.163	86.79241	638.25	199.65	79.08	41 min 4 sec
750	521.1999952867627	80.0	544.176	73.105316	639.0	174.05	79.32	44 min 4 sec
800	546.4999959953129	80.0	513.359	119.54701	658.55	116.049995	78.74	46 min 56 sec
850	475.1999931335449	80.0	486.705	132.99242	602.2	174.4	80.0	49 min 58 sec
900	547.7999971136451	80.0	503.512	110.12476	591.0	140.8	80.0	52 min 58 sec
950	541.2999951951206	80.0	511.45	121.623314	586.55	-3.7000015	80.0	55 min 56 sec
1000	577.9499968700111	80.0	489.41898	145.02852	658.15	57.649998	79.38	58 min 57 sec
1050	561.7999968491495	80.0	492.523	120.80413	599.2	121.25	80.0	1 h 1 min
1100	574.8999969922006	80.0	493.36	110.56756	664.1	176.1	79.22	1 h 4 min
1150	570.5999963283539	80.0	500.82297	118.26503	594.7	74.4	80.0	1 h 7 min
1200	569.9999967589974	80.0	500.98703	105.266884	598.55	165.4	80.0	1 h 10 min
1250	534.1999952197075	80.0	465.678	163.65323	647.6	-25.95	79.48	1 h 13 min
1300	559.7999962493777	80.0	526.947	71.15343	594.85	203.5	80.0	1 h 16 min
1350	571.6999960355461	80.0	499.09097	132.4307	596.05	-87.5	79.94	1 h 19 min
1400	593.0999975539744	80.0	562.60803	48.381943	653.4	389.1	78.18	1 h 22 min
1450	639.6999976336956	50.0	530.247	67.9721	660.4	293.6	78.6	1 h 25 min
1500	564.5999956652522	80.0	514.095	112.94017	637.4	83.55	79.4	1 h 28 min
1550	571.1999963149428	80.0	520.567	97.25692	676.15	140.6	79.18	1 h 31 min
1600	553.2999958656728	80.0	519.241	96.073326	665.6	171.6	79.28	1 h 34 min
1650	584.5999967083335	80.0	548.437	74.20396	653.15	164.5	78.28	1 h 37 min
1700	520.5999948605895	80.0	513.967	112.7586	629.5	189.5	78.08	1 h 40 min
1750	577.6999962590635	80.0	528.22296	131.50146	657.35	58.0	78.26	1 h 43 min
1800	644.8999981060624	54.0	538.462	128.248	662.25	104.1	74.62	1 h 45 min
1850	582.7999974936247	80.0	551.961	114.77768	669.7	160.15	74.96	1 h 48 min
1900	632.1499975919724	57.0	525.833	120.12921	664.9	131.9	75.16	1 h 51 min
1950	588.599997356534	80.0	562.48804	79.91803	666.15	318.5	74.68	1 h 54 min
2000	602.9999976232648	80.0	554.03595	111.66868	659.8	195.9	71.98	1 h 57 min
2050	641.0999980084598	56.0	551.25104	112.39684	663.0	161.15	74.16	1 h 59 min
2100	599.9999975115061	80.0	509.85696	150.3753	645.2	19.05	77.96	2 h 2 min
2150	607.0999970398843	72.0	528.04395	153.07848	659.55	7.3999987	76.34	2 h 5 min
2200	639.299997612834	50.0	520.312	154.2311	669.9	52.75	74.38	2 h 8 min
2250	643.1499978639185	51.0	511.672	163.54453	662.4	10.799997	75.88	2 h 10 min
2300	636.3499977104366	55.0	556.91504	138.92566	670.25	97.35	66.66	2 h 13 min
2350	656.5999982133508	44.0	512.36597	181.45134	673.6	-21.400002	72.08	2 h 16 min
2400	601.2999961338937	60.0	572.37604	115.00477	663.1	86.1	70.36	2 h 18 min
2450	629.5999975092709	58.0	574.523	101.03993	658.8	200.7	71.1	2 h 21 min
2500	539.5999943614006	80.0	560.76697	130.81097	667.05	39.1	69.42	2 h 23 min
2550	590.9999970421195	80.0	567.71405	147.82112	676.4	62.45	65.3	2 h 26 min
2600	669.0999986641109	40.0	568.197	130.9715	670.8	199.8	63.76	2 h 29 min
2650	675.2999989874661	40.0	579.799	138.38159	680.3	-15.400001	62.68	2 h 31 min
2700	592.7999971359968	80.0	587.515	107.43538	677.1	156.85	65.38	2 h 34 min
2750	651.5499980002642	45.0	604.48	97.025764	670.8	255.9	59.36	2 h 36 min
2800	650.499997895211	44.0	573.668	147.55911	677.85	91.35	61.98	2 h 38 min
2850	576.9999963119626	80.0	579.97504	114.28264	679.85	218.2	64.54	2 h 41 min
2900	662.5999983251095	40.0	597.7	113.71142	684.95	105.7	58.14	2 h 43 min
2950	663.499998472631	42.0	610.277	116.748665	679.2	59.699997	55.8	2 h 45 min
3000	679.6999990157783	36.0	580.37506	136.89005	675.85	74.5	61.82	2 h 48 min
3050	675.4999989978969	40.0	581.59796	111.96136	680.25	235.45	62.8	2 h 50 min
3100	638.8499977402389	53.0	618.25006	85.484245	684.6	195.55	57.96	2 h 52 min
3150	666.1999985128641	40.0	605.582	90.188934	681.05	233.6	61.28	2 h 55 min
3200	663.0999983511865	40.0	595.10297	104.20488	680.65	275.65	61.7	2 h 57 min
3250	665.7499985396862	41.0	555.087	175.29857	679.6	40.0	61.76	2 h 59 min
3300	634.7999975793064	54.0	561.162	169.47795	685.75	21.449999	60.08	3 h 2 min
3350	668.8999987542629	42.0	581.515	147.3927	683.3	21.9	59.4	3 h 4 min
3400	653.7999980673194	44.0	587.149	123.59411	685.9	117.5	60.48	3 h 6 min
3450	665.5499985292554	41.0	606.527	108.22893	680.7	150.5	58.6	3 h 8 min
3500	644.249997921288	51.0	563.26996	162.01227	682.85	96.45	58.9	3 h 11 min
3550	675.1499988287687	37.0	600.141	136.31493	681.7	57.2	55.12	3 h 13 min
3600	682.1499989926815	33.0	602.374	115.130714	683.9	246.75	56.34	3 h 15 min
3650	664.7999986410141	44.0	604.78796	110.72636	682.75	189.75	57.04	3 h 17 min
3700	668.8999985530972	38.0	589.38495	140.75795	681.95	-20.500002	57.04	3 h 20 min
3750	642.9499977529049	49.0	610.534	109.411804	679.55	225.55	54.8	3 h 22 min
3800	688.2999992631376	32.0	598.896	134.39516	683.6	93.9	55.54	3 h 24 min
3850	690.1499993093312	31.0	578.319	139.05338	688.55	148.85	58.06	3 h 26 min
3900	673.7499986551702	35.0	619.087	120.5636	687.0	131.35	50.62	3 h 28 min
3950	673.8499989621341	41.0	577.369	146.64108	684.95	78.5	60.64	3 h 31 min
4000	670.9999987632036	40.0	578.609	173.39114	686.3	-28.45	53.34	3 h 33 min
4050	653.4999980516732	44.0	605.26807	123.029755	684.45	147.7	53.06	3 h 35 min
4100	645.6999979019165	50.0	611.287	125.52501	691.8	40.399998	52.46	3 h 37 min
4150	676.7999988645315	36.0	583.511	138.43422	686.8	133.9	56.54	3 h 39 min
4200	679.7499989680946	35.0	589.76904	144.82718	686.1	92.25	55.58	3 h 41 min
4250	666.5999984331429	38.0	634.766	102.84983	688.1	84.15	48.6	3 h 44 min
4300	676.0999988280237	36.0	599.659	144.70215	684.65	106.95	54.4	3 h 46 min
4350	684.799999281764	36.0	574.105	162.8335	690.85	103.049995	56.7	3 h 48 min
4400	676.0999988280237	36.0	570.825	176.95798	684.45	31.199999	57.88	3 h 50 min
4450	678.2499989904463	37.0	599.19104	131.32889	685.7	13.499999	56.92	3 h 52 min
4500	681.3999990038574	34.0	626.918	97.25353	688.4	160.65	50.24	3 h 54 min
4550	680.6999989673495	34.0	574.35	160.34108	686.1	28.4	58.44	3 h 57 min
4600	681.6499989666045	33.0	598.528	134.36964	687.65	144.2	55.78	3 h 59 min
4650	683.5999991185963	34.0	630.696	114.391075	686.25	21.099998	48.98	4 h 1 min
4700	677.0499988272786	35.0	633.377	97.95663	684.7	215.15	48.72	4 h 3 min
4750	685.7999991327524	32.0	566.024	160.89658	684.3	93.65	57.62	4 h 5 min
4800	682.0999990403652	34.0	564.424	162.93494	685.05	102.25	56.34	4 h 7 min
4850	680.349998999387	35.0	574.62396	170.39175	683.9	1.2499993	57.4	4 h 9 min
4900	680.6999989673495	34.0	609.013	104.05608	681.55	198.65	56.46	4 h 12 min
4950	679.8499988727272	33.0	570.344	170.30142	677.6	27.199999	56.72	4 h 14 min
5000	684.8499991334975	33.0	586.534	146.86922	683.75	11.15	55.26	4 h 16 min
5050	681.3499990515411	35.0	587.13904	135.9859	687.05	132.85	56.02	4 h 18 min
5100	677.0499988272786	35.0	570.618	181.64497	686.6	54.1	53.88	4 h 20 min
5150	671.5499986410141	37.0	620.197	102.8478	687.0	270.6	51.76	4 h 22 min
5200	663.3499986156821	45.0	635.931	99.061295	686.25	54.199997	47.6	4 h 25 min
5250	609.3999966569245	62.0	616.969	110.00968	686.8	141.85	53.38	4 h 27 min
5300	683.2999992035329	36.0	631.865	98.31088	685.7	254.25	48.04	4 h 29 min
5350	690.6999992877245	30.0	624.181	106.03962	689.35	152.25	52.52	4 h 31 min
5400	683.9499990865588	33.0	590.231	175.34203	685.75	-5.100001	51.36	4 h 33 min
5450	681.4499990567565	35.0	582.437	163.51671	688.4	118.6	52.4	4 h 35 min
5500	662.9499984942377	43.0	616.80804	115.63211	690.6	186.35	49.24	4 h 37 min
5550	684.0999991446733	34.0	628.995	116.62991	689.35	165.65	45.78	4 h 39 min
5600	684.8999991863966	34.0	605.58496	139.9946	688.5	108.5	49.84	4 h 41 min
5650	677.8999988213181	34.0	576.71	144.99405	688.5	156.65	55.08	4 h 43 min
5700	682.5999990664423	34.0	608.977	119.4748	686.8	151.7	52.08	4 h 45 min
5750	545.0999955274165	80.0	607.36	111.17234	688.4	284.4	52.46	4 h 47 min
5800	681.849999178201	37.0	630.76306	95.337555	689.45	159.5	50.32	4 h 49 min
5850	646.0499983169138	57.0	617.23804	122.5708	685.75	31.75	51.14	4 h 52 min
5900	664.699998434633	40.0	582.961	151.02707	686.35	1.1499977	56.32	4 h 54 min
5950	685.9999991431832	32.0	635.94403	88.624245	686.35	269.6	48.88	4 h 56 min
6000	671.0499988161027	41.0	600.289	158.69203	684.6	70.5	50.14	4 h 58 min
6050	578.0999963693321	80.0	617.172	130.54395	686.95	114.25	48.44	5 h 0 min
6100	676.649998806417	35.0	634.601	79.67568	688.35	232.45	50.76	5 h 2 min
6150	658.9999983385205	44.0	628.029	89.50166	691.4	350.25	49.16	5 h 4 min
6200	666.1999984122813	38.0	603.431	137.14098	687.9	22.699999	51.9	5 h 7 min
6250	680.5999989621341	34.0	595.218	135.49342	685.35	118.7	53.62	5 h 9 min
6300	680.1499988883734	33.0	649.565	49.30626	689.45	436.75	46.88	5 h 11 min
6350	685.6499991752207	33.0	626.20197	105.136314	685.5	152.8	48.34	5 h 13 min
6400	660.7499982789159	41.0	600.747	128.91866	685.6	211.4	51.9	5 h 15 min
6450	677.9999988265336	34.0	613.85803	130.48837	687.2	134.55	51.14	5 h 17 min
6500	682.2499989978969	33.0	624.762	84.07442	685.45	359.05	53.02	5 h 19 min
6550	669.4499986320734	39.0	632.339	114.492905	689.45	88.549995	47.22	5 h 21 min
6600	674.7499988079071	37.0	600.71796	141.25053	687.85	84.9	51.26	5 h 23 min
6650	676.3999988436699	36.0	627.91003	102.71293	689.6	179.05	49.84	5 h 25 min
6700	688.0499993003905	33.0	631.01196	101.680405	687.7	240.2	48.0	5 h 27 min
6750	685.7499991804361	33.0	594.959	132.29639	689.95	204.3	53.96	5 h 29 min
6800	678.7499989159405	35.0	606.357	121.12411	685.7	238.09999	52.08	5 h 31 min
6850	682.9499990344048	33.0	606.763	132.54202	691.75	90.8	50.62	5 h 33 min
6900	681.5999990142882	34.0	567.26605	176.32793	690.15	-13.050002	54.96	5 h 35 min
6950	672.9999985657632	34.0	625.87	98.27953	684.35	212.6	51.06	5 h 37 min
7000	650.3999977894127	42.0	628.80695	106.61269	685.35	57.149998	51.74	5 h 39 min
7050	672.1499986723065	37.0	639.044	85.06577	688.0	271.3	47.94	5 h 41 min
7100	677.8499989695847	37.0	598.284	110.61516	686.45	274.55	57.04	5 h 44 min
7150	685.1499991491437	33.0	639.19403	86.99669	684.15	161.75	48.6	5 h 46 min
7200	681.3499990515411	35.0	589.594	134.10677	685.65	195.45	56.4	5 h 48 min
7250	662.8499984890223	43.0	615.45404	134.21808	687.6	87.25	47.84	5 h 50 min
7300	677.849998768419	33.0	634.335	76.44351	688.5	340.4	50.8	5 h 52 min
7350	683.3499990552664	33.0	626.178	117.63976	694.6	125.25	48.78	5 h 54 min
7400	672.0999987199903	38.0	639.636	78.522156	685.1	331.25	48.16	5 h 56 min
7450	683.54999916628	35.0	589.37396	161.0935	689.55	85.799995	50.92	5 h 58 min
7500	680.8999990783632	36.0	621.456	147.36588	695.3	38.0	44.68	6 h 0 min
7550	686.3999991640449	32.0	623.461	115.60254	693.15	212.05	49.84	6 h 2 min
7600	678.6999990642071	38.0	629.85095	105.87557	690.05	99.25	49.66	6 h 4 min
7650	668.399998627603	40.0	636.46704	94.19877	690.25	263.25	46.7	6 h 6 min
7700	686.949999243021	33.0	601.70105	150.96683	689.6	75.799995	50.54	6 h 8 min
7750	676.0499987751245	35.0	617.964	124.37564	688.9	132.05	48.0	6 h 10 min
7800	687.8499991893768	31.0	613.448	133.27509	689.5	61.75	50.56	6 h 12 min
7850	679.1499989368021	35.0	607.149	131.92744	693.95	220.55	51.42	6 h 14 min
7900	679.9499989785254	35.0	533.614	206.23805	685.45	-6.2000017	59.78	6 h 16 min
7950	678.2999988421798	34.0	605.708	148.11194	688.8	155.8	48.62	6 h 18 min
8000	682.8499991297722	35.0	601.30096	131.58191	687.4	221.25	51.88	6 h 20 min
8050	685.8499990850687	31.0	604.26697	133.07385	686.3	-14.800002	51.6	6 h 22 min
8100	687.3499992638826	33.0	627.66504	126.307434	687.9	113.85	46.06	6 h 24 min
8150	676.8999987691641	34.0	617.188	116.61487	688.5	156.3	50.0	6 h 26 min
8200	650.5499982498586	51.0	610.182	133.5579	687.35	91.549995	50.74	6 h 28 min
8250	690.7499992400408	29.0	604.263	140.17078	686.5	120.2	50.8	6 h 30 min
8300	677.399998895824	36.0	633.52203	104.09434	687.0	166.95	48.08	6 h 32 min
8350	680.5999988615513	32.0	618.39294	115.31236	687.5	55.85	50.46	6 h 34 min
8400	669.4499986320734	39.0	617.94	131.80334	694.15	61.649998	47.94	6 h 36 min
8450	685.1499991491437	33.0	585.861	154.52606	691.15	50.649998	53.36	6 h 39 min
8500	679.5499989576638	35.0	598.312	136.6686	689.45	178.55	51.58	6 h 41 min
8550	686.8499991372228	31.0	612.37506	120.630684	684.4	154.25	50.58	6 h 43 min
8600	676.3499987907708	35.0	616.84	146.61894	691.4	8.149999	45.76	6 h 45 min
8650	675.0499987229705	35.0	646.865	84.61016	689.75	205.1	45.72	6 h 46 min
8700	680.0499989837408	35.0	640.125	81.515526	690.55	269.3	48.76	6 h 48 min
8750	677.4999989010394	36.0	587.96	159.68092	686.65	137.2	51.04	6 h 51 min
8800	673.999998819083	38.0	624.69495	84.23505	686.75	311.15	53.2	6 h 53 min
8850	675.4499987438321	35.0	572.80994	175.27065	685.9	-61.95	55.32	6 h 55 min
8900	679.2999989949167	36.0	601.28	154.90056	688.85	-22.650002	51.06	6 h 57 min
8950	686.0499991960824	33.0	622.81396	107.31145	689.15	140.0	50.28	6 h 59 min
9000	680.1499989889562	35.0	636.246	110.54898	690.35	20.5	46.72	7 h 1 min
9050	689.5999993309379	32.0	617.939	122.78928	687.4	92.45	49.18	7 h 3 min
9100	681.3499989509583	33.0	610.57	107.235565	692.4	263.2	55.26	7 h 5 min
9150	681.299998998642	34.0	557.481	193.58514	689.65	-11.150002	53.56	7 h 7 min
9200	676.6499990075827	39.0	612.181	141.31822	690.7	53.949997	48.02	7 h 9 min
9250	683.5499989651144	31.0	601.937	153.82751	690.45	89.4	52.5	7 h 11 min
9300	681.4499990567565	35.0	627.597	103.94053	692.1	183.05	48.18	7 h 13 min
9350	667.6999983899295	36.0	607.687	132.40065	689.5	71.299995	52.28	7 h 15 min
9400	682.8499990291893	33.0	597.698	154.3694	693.4	110.6	50.86	7 h 17 min
9450	677.1999988853931	36.0	638.093	104.59894	690.5	41.899998	45.74	7 h 19 min
9500	691.1499992609024	29.0	627.85095	94.824455	688.9	286.7	48.7	7 h 21 min
9550	668.0499986596406	41.0	616.751	112.88948	685.55	270.15	50.74	7 h 23 min
9600	671.2999985776842	36.0	621.142	107.273926	685.25	101.15	53.06	7 h 25 min
9650	669.6499985419214	37.0	604.827	131.16895	690.85	217.65	52.7	7 h 27 min
9700	669.3999984785914	36.0	596.193	130.57962	688.95	204.3	52.78	7 h 29 min
9750	679.9999989308417	34.0	614.6309	112.27271	688.6	188.25	51.1	7 h 31 min
9800	674.5999988503754	38.0	644.979	75.20841	687.85	337.85	46.28	7 h 33 min
9850	680.9999989829957	34.0	622.80396	109.57899	689.7	238.9	49.3	7 h 35 min
9900	687.3499992638826	33.0	595.418	150.97185	690.15	27.15	53.54	7 h 38 min
9950	679.349998947233	35.0	611.145	126.12872	691.65	174.55	51.44	7 h 40 min
10000	687.7499991841614	31.0	642.00397	70.24931	688.1	414.1	48.26	7 h 42 min
10050	686.1499992012978	33.0	609.568	159.45021	688.45	15.249998	48.06	7 h 43 min
10100	683.4999990127981	32.0	608.18506	154.87054	690.65	-65.850006	50.66	7 h 46 min
10150	683.6499990709126	33.0	634.107	108.30473	688.7	211.05	46.7	7 h 47 min
10200	677.8499988690019	35.0	603.23804	140.265	686.4	145.4	51.14	7 h 49 min
10250	685.2499990537763	31.0	648.471	66.04363	689.5	334.15	46.74	7 h 51 min
10300	686.3499992117286	33.0	622.369	107.04505	687.3	210.05	51.28	7 h 53 min
10350	688.8499992415309	31.0	627.747	92.9116	689.35	272.6	51.16	7 h 55 min
10400	680.2999989464879	34.0	648.736	74.12577	691.15	352.4	45.14	7 h 57 min
10450	681.7999989241362	32.0	637.528	90.47374	689.45	314.6	47.2	7 h 59 min
10500	676.7499989122152	37.0	631.191	83.952835	692.05	294.55	51.08	8 h 1 min
10550	670.0499987639487	41.0	606.502	166.98883	690.5	-34.9	46.9	8 h 3 min
10600	687.899999242276	32.0	639.337	116.21561	690.05	47.8	45.86	8 h 5 min
10650	677.1499989330769	37.0	618.39996	123.382774	690.75	207.95	49.04	8 h 7 min
10700	682.1999990455806	34.0	639.408	101.003456	690.55	237.15	44.92	8 h 9 min
10750	677.7499987632036	33.0	632.32007	76.639435	686.15	306.95	52.38	8 h 11 min
10800	682.0999990403652	34.0	571.52795	162.24976	688.8	36.999996	55.2	8 h 13 min
10850	683.1999989971519	32.0	622.196	131.2824	693.6	170.4	47.08	8 h 15 min
10900	679.0499989315867	35.0	609.16296	119.587036	692.9	108.5	52.28	8 h 17 min
10950	685.7999991327524	32.0	645.895	74.47931	691.8	320.2	47.12	8 h 19 min
11000	684.249999102205	33.0	608.5881	140.81708	691.65	88.549995	50.76	8 h 21 min
11050	688.2999992631376	32.0	640.575	74.17061	690.6	371.0	49.0	8 h 23 min
11100	662.5999984256923	42.0	602.865	166.855	688.9	-50.600002	48.96	8 h 25 min
11150	675.399998690933	34.0	605.48505	133.9521	690.35	149.45	51.88	8 h 27 min
11200	687.7999992370605	32.0	617.964	105.80093	683.85	242.6	51.34	8 h 29 min
11250	683.0499990396202	33.0	615.73804	110.78351	688.8	305.4	50.98	8 h 31 min
11300	685.5999991223216	32.0	636.645	87.74972	691.4	202.35	49.38	8 h 33 min
11350	684.5499991178513	33.0	574.237	153.18494	691.3	22.049997	54.92	8 h 35 min
11400	686.3999991640449	32.0	595.375	137.37112	686.95	74.25	56.3	8 h 37 min
11450	698.5499995462596	27.0	590.896	161.55263	691.35	13.549997	52.22	8 h 39 min
11500	686.2999992594123	34.0	634.082	122.3497	689.75	42.6	46.42	8 h 41 min
11550	672.4499987885356	39.0	622.759	125.55076	694.6	204.8	48.4	8 h 43 min
11600	687.9999992474914	32.0	619.098	125.54518	693.25	23.05	49.12	8 h 45 min
11650	695.7999994531274	28.0	626.911	125.78395	690.4	212.2	44.98	8 h 47 min
11700	674.5499987974763	37.0	610.36597	142.32013	686.85	34.399998	50.12	8 h 49 min
11750	685.2999991066754	32.0	619.44604	113.66288	691.35	236.55	49.62	8 h 51 min
11800	682.549999114126	35.0	604.98206	150.62238	686.85	75.0	48.32	8 h 53 min
11850	690.349999319762	31.0	599.67303	146.83769	686.9	108.35	50.64	8 h 55 min
11900	682.7999991774559	36.0	640.595	83.70568	693.55	234.2	47.6	8 h 57 min
11950	694.5499994382262	29.0	643.757	71.853264	691.4	425.25	48.16	8 h 59 min
12000	681.7499989718199	33.0	602.349	146.57684	693.2	46.25	49.92	9 h 1 min
12050	685.4499991647899	33.0	622.14496	84.985504	687.95	297.05	54.48	9 h 3 min
12100	691.4499993771315	31.0	628.093	108.64292	689.3	169.5	49.66	9 h 5 min
12150	625.6999974064529	60.0	619.383	120.17016	690.6	120.85	49.44	9 h 7 min
12200	695.1499994695187	29.0	630.117	112.39881	688.55	163.85	46.46	9 h 9 min
12250	686.3499991111457	31.0	606.216	154.44324	690.3	59.399998	48.36	9 h 11 min
12300	683.749999076128	33.0	629.734	107.58234	687.6	87.75	49.0	9 h 13 min
12350	690.7499993406236	31.0	616.194	134.33943	688.85	77.1	48.14	9 h 15 min
12400	686.7499991320074	31.0	640.336	72.49666	687.25	381.35	47.64	9 h 17 min
12450	687.899999242276	32.0	611.10596	123.99563	690.55	122.15	51.32	9 h 19 min
12500	683.9999991394579	34.0	633.388	99.77906	690.4	295.3	46.44	9 h 21 min
12550	685.2999991066754	32.0	660.558	57.292454	692.5	314.7	43.1	9 h 23 min
12600	687.9999992474914	32.0	595.75604	152.34196	691.2	175.05	49.44	9 h 25 min
12650	682.0499990880489	35.0	630.13696	97.07642	691.55	278.95	48.56	9 h 27 min
12700	692.8499993495643	29.0	615.13794	124.57304	688.55	196.75	50.22	9 h 29 min
12750	691.799999345094	30.0	629.123	98.4919	690.05	287.3	49.4	9 h 31 min
12800	664.4499983713031	39.0	635.54596	104.146515	692.55	238.9	46.6	9 h 33 min
12850	691.7499993927777	31.0	630.55	103.70333	690.6	238.65	47.5	9 h 35 min
12900	687.9499991945922	31.0	644.608	72.860405	688.8	270.1	49.3	9 h 37 min
12950	682.6499990187585	33.0	627.277	106.5859	688.8	230.1	49.62	9 h 39 min
13000	688.9999992996454	32.0	613.715	124.64034	690.8	73.65	50.38	9 h 41 min
13050	691.349999371916	31.0	645.251	88.04274	691.9	142.7	46.8	9 h 43 min
13100	683.1999989971519	32.0	640.63904	76.81797	688.15	305.15	48.66	9 h 45 min
13150	688.2999991625547	30.0	642.674	90.74309	689.5	163.0	46.12	9 h 46 min
13200	684.0999990440905	32.0	637.36005	83.63398	689.3	324.95	48.26	9 h 48 min
13250	676.9999986737967	32.0	606.364	120.57894	691.15	206.7	53.5	9 h 50 min
13300	691.0499993562698	31.0	645.094	109.05035	695.2	0.39999807	43.16	9 h 52 min
13350	692.799999397248	30.0	581.43896	175.93495	692.05	70.85	52.04	9 h 54 min
13400	685.2999992072582	34.0	615.219	116.8369	690.9	156.95	52.94	9 h 56 min
13450	682.4999990612268	34.0	626.26196	118.62183	695.2	195.5	48.48	9 h 58 min
13500	686.2499991059303	31.0	608.588	147.14258	691.95	13.899999	49.78	10 h 0 min
13550	689.1499992571771	31.0	612.886	154.8237	693.9	-90.75	46.4	10 h 2 min
13600	682.9999990873039	34.0	618.51404	133.50323	692.75	113.299995	50.42	10 h 4 min
13650	694.6499994434416	29.0	627.965	123.58609	692.55	123.4	48.18	10 h 6 min
13700	689.649999383837	33.0	626.96704	107.78332	690.75	104.65	49.58	10 h 8 min
13750	668.6999986432493	40.0	644.80396	86.32427	689.35	242.3	44.58	10 h 10 min
13800	693.2499993704259	29.0	624.8091	139.52324	692.2	84.1	46.64	10 h 12 min
13850	682.7999989762902	32.0	616.15	117.08425	690.5	195.0	50.42	10 h 14 min
13900	680.599999062717	36.0	604.118	144.5272	693.3	168.3	49.32	10 h 16 min
13950	691.8999993503094	30.0	629.772	101.326706	690.05	268.6	48.94	10 h 18 min
14000	684.249999102205	33.0	609.48206	157.91176	692.4	-80.35	48.9	10 h 20 min
14050	690.5499993301928	31.0	609.70905	117.76198	695.0	255.8	51.84	10 h 22 min
14100	695.3499994799495	29.0	641.178	98.45154	693.2	125.9	46.0	10 h 24 min
14150	692.3499993234873	29.0	647.188	81.353096	690.35	235.2	44.92	10 h 26 min
14200	688.3999991677701	30.0	616.322	135.80933	691.4	46.649998	49.96	10 h 28 min
14250	671.6999985985458	36.0	631.58295	105.990486	692.1	254.8	48.72	10 h 30 min
14300	687.9499992951751	33.0	651.587	82.4304	690.3	232.3	44.66	10 h 32 min
14350	694.8499994538724	29.0	623.714	106.41565	693.5	238.2	50.24	10 h 33 min
14400	688.9499992467463	31.0	612.157	137.21681	692.95	48.149998	49.7	10 h 35 min
14450	692.0999993607402	30.0	606.57404	169.7445	691.4	-62.95	50.14	10 h 37 min
14500	684.7499990276992	31.0	606.296	132.16032	690.65	121.7	49.7	10 h 39 min
14550	695.3999994322658	28.0	625.831	138.13782	692.8	69.95	44.94	10 h 41 min
14600	691.3999993242323	30.0	635.641	125.185844	693.6	-93.75	45.6	10 h 43 min
14650	696.3999994844198	28.0	621.60205	113.1472	691.75	241.0	49.34	10 h 45 min
14700	680.5999988615513	32.0	636.541	88.59518	691.8	269.2	47.16	10 h 47 min
14750	691.7499992921948	29.0	619.989	134.5773	690.7	-42.600002	48.66	10 h 49 min
14800	687.4999992214143	32.0	630.841	120.690346	689.8	86.9	46.76	10 h 51 min
14850	687.7999992370605	32.0	665.24896	33.513577	693.0	550.8	44.3	10 h 53 min
14900	689.3499991670251	29.0	643.465	94.97738	693.3	210.05	45.06	10 h 55 min
14950	687.2999992109835	32.0	629.58405	109.97633	697.05	115.549995	49.02	10 h 57 min
15000	678.7999989688396	36.0	611.58	155.00795	690.65	25.849998	47.4	10 h 59 min
15050	689.3499992676079	31.0	628.656	91.40774	688.85	304.45	51.82	11 h 1 min
15100	689.3999992199242	30.0	628.213	117.42386	693.1	231.85	44.4	11 h 3 min
15150	683.0999990925193	34.0	612.836	145.34422	690.1	137.34999	47.06	11 h 5 min
15200	689.5499991774559	29.0	635.722	86.845894	693.25	246.7	48.1	11 h 6 min
15250	676.2999988384545	36.0	623.976	122.57793	693.3	186.84999	47.5	11 h 8 min
15300	688.3499992154539	31.0	637.586	118.677376	690.3	-42.7	46.26	11 h 10 min
15350	691.9499993026257	29.0	656.64197	53.296066	692.55	479.75	44.52	11 h 12 min
15400	690.6999992877245	30.0	624.1531	131.96288	690.5	32.899998	49.2	11 h 14 min
15450	690.0499993041158	31.0	619.75	151.64037	690.3	-27.900002	44.48	11 h 16 min
15500	694.7999994009733	28.0	607.276	124.05639	696.0	194.9	53.12	11 h 18 min
15550	691.6499993875623	31.0	609.50806	145.32277	693.0	50.399998	47.98	11 h 20 min
15600	656.9999984353781	48.0	628.32	123.44962	693.15	166.09999	46.0	11 h 22 min
15650	679.0499991327524	39.0	580.349	178.01399	694.65	-61.350002	52.88	11 h 24 min
15700	686.5999991744757	32.0	634.844	98.33999	691.1	243.05	45.6	11 h 26 min
15750	685.9499992914498	35.0	640.972	100.06167	691.75	115.55	47.62	11 h 28 min
15800	686.949999243021	33.0	643.11304	110.94545	691.55	92.65	44.04	11 h 30 min
15850	686.9999991953373	32.0	612.558	117.966255	693.05	241.7	52.52	11 h 32 min
15900	687.6999992318451	32.0	642.842	84.89968	691.5	258.6	46.4	11 h 34 min
15950	688.9499992467463	31.0	636.831	83.26558	692.3	369.35	47.68	11 h 36 min
16000	681.0999988876283	32.0	621.73804	150.62952	694.65	-84.65	44.5	11 h 37 min
16050	688.6999992839992	32.0	652.74	69.15443	693.55	375.15	43.32	11 h 39 min
16100	684.8499991334975	33.0	647.54095	77.31797	691.35	329.5	45.52	11 h 41 min
16150	689.7999992407858	30.0	604.377	130.35728	694.8	176.55	53.0	11 h 43 min
16200	677.6499989591539	37.0	642.06995	85.52671	692.85	277.85	47.36	11 h 45 min
16250	667.3999986760318	42.0	648.447	86.311676	694.15	249.65	44.12	11 h 47 min
16300	688.4999992735684	32.0	643.956	94.40045	689.0	229.25	45.22	11 h 49 min
16350	687.5499991737306	31.0	605.94995	128.53981	691.9	160.84999	53.36	11 h 51 min
16400	697.649999499321	27.0	614.51	124.24195	693.95	223.5	49.94	11 h 53 min
16450	669.9499987587333	41.0	623.97705	129.70317	694.25	193.65	45.8	11 h 55 min
16500	687.5499991737306	31.0	603.23	173.72421	691.25	-64.9	48.08	11 h 57 min
16550	685.949999190867	33.0	623.164	103.23163	690.05	303.6	49.68	11 h 59 min
16600	682.7999989762902	32.0	619.386	133.31534	694.25	164.0	48.04	12 h 1 min
16650	687.7999992370605	32.0	621.446	107.83865	694.35	153.65	54.08	12 h 3 min
16700	688.0999991521239	30.0	647.82495	103.5413	692.75	84.65	42.74	12 h 5 min
16750	680.1499989889562	35.0	634.141	107.05681	690.95	231.65	45.96	12 h 7 min
16800	689.3999992199242	30.0	618.543	154.07324	693.7	22.699997	44.8	12 h 9 min
16850	683.8499990813434	33.0	608.89703	150.63838	693.75	122.35	48.84	12 h 11 min
16900	690.349999319762	31.0	620.88	102.510124	690.25	281.55	50.2	12 h 13 min
16950	693.3999994285405	30.0	613.895	136.23419	690.45	21.999998	51.1	12 h 15 min
17000	683.8999992348254	36.0	635.80597	85.46715	689.4	349.65	47.34	12 h 17 min
17050	696.8999995104969	28.0	603.77795	127.041405	691.45	110.2	53.12	12 h 19 min
17100	690.4999992772937	30.0	640.73804	91.02609	691.95	228.45	46.48	12 h 20 min
17150	656.5499984622002	49.0	613.301	145.65765	689.05	31.099997	47.68	12 h 22 min
17200	687.649999178946	31.0	655.83	62.46288	693.7	355.25	45.22	12 h 24 min
17250	689.5499992780387	31.0	645.91003	94.33418	692.25	160.45	44.22	12 h 26 min
17300	694.4999993853271	28.0	642.30005	104.69004	693.5	182.45	43.74	12 h 28 min
17350	690.1499992087483	29.0	624.841	140.60785	692.6	-77.5	46.02	12 h 30 min
17400	680.7499990202487	35.0	628.66797	123.50316	694.8	167.09999	45.38	12 h 32 min
17450	690.7999992929399	30.0	636.141	112.33403	693.1	152.05	45.22	12 h 34 min
17500	686.199999153614	32.0	638.943	105.18067	692.25	137.9	44.48	12 h 36 min
17550	683.54999916628	35.0	634.367	108.0751	691.65	213.45	46.98	12 h 38 min
17600	656.3999986052513	52.0	640.193	115.00367	692.0	-7.250003	44.56	12 h 40 min
17650	693.8999993540347	28.0	653.17896	67.07596	691.85	347.1	45.08	12 h 41 min
17700	681.9499990828335	35.0	637.27106	85.62998	692.05	301.9	48.98	12 h 43 min
17750	697.0999995209277	28.0	632.172	104.2494	689.4	193.15	48.96	12 h 45 min
17800	690.7499992400408	29.0	634.292	129.5621	691.65	-89.65	45.96	12 h 47 min
17850	684.5999990701675	32.0	642.818	93.40407	691.4	162.6	44.88	12 h 49 min
17900	688.4499992206693	31.0	609.08704	144.99747	686.85	62.55	49.0	12 h 51 min
17950	682.3999990560114	34.0	620.355	120.350044	688.05	71.45	50.52	12 h 53 min
18000	682.4499990083277	33.0	633.942	98.726295	692.4	243.0	45.94	12 h 55 min
18050	692.999999307096	28.0	605.3909	136.11038	689.9	109.65	49.98	12 h 57 min
18100	690.7999992929399	30.0	622.034	134.95116	691.9	120.549995	46.64	12 h 59 min
18150	676.1999987326562	34.0	638.913	88.168945	692.95	295.05	48.46	13 h 1 min
18200	678.7999988682568	34.0	624.37	127.83241	690.2	-2.4000013	49.86	13 h 3 min
18250	691.1499992609024	29.0	616.807	148.3435	695.35	36.499996	48.22	13 h 5 min
18300	691.4499993771315	31.0	605.24896	135.84506	692.75	81.5	51.66	13 h 7 min
18350	686.4999991692603	32.0	637.36096	101.974945	690.4	145.4	48.66	13 h 9 min
18400	684.1999990493059	32.0	634.36	95.762344	688.75	192.3	49.86	13 h 11 min
18450	686.0999991483986	32.0	599.435	129.34111	692.65	163.5	55.48	13 h 13 min
18500	685.2999991066754	32.0	616.63696	139.41246	693.4	136.9	46.62	13 h 15 min
18550	685.0499990433455	31.0	630.933	97.09861	693.0	244.9	48.6	13 h 17 min
18600	690.099999256432	30.0	624.2	110.63924	690.4	214.09999	47.76	13 h 19 min
18650	688.4999991729856	30.0	594.86096	160.3631	693.65	-1.6000018	49.74	13 h 21 min
18700	687.149999152869	31.0	610.372	142.2181	693.45	81.45	49.82	13 h 23 min
18750	688.3499992154539	31.0	602.72205	152.22624	691.85	7.7999983	50.0	13 h 25 min
18800	685.2999992072582	34.0	582.514	197.6516	692.6	-64.25	46.6	13 h 26 min
18850	690.7999992929399	30.0	604.87805	139.26474	692.3	85.5	51.44	13 h 28 min
18900	681.1999989934266	34.0	619.60596	113.209564	690.7	159.85	51.12	13 h 30 min
18950	672.9999988675117	40.0	616.219	122.479996	690.95	150.15	48.72	13 h 32 min
19000	669.2499987222254	41.0	640.57007	110.1278	695.45	28.299997	45.94	13 h 34 min
19050	683.6499989703298	31.0	599.344	148.42021	690.65	114.6	50.48	13 h 36 min
19100	687.149999152869	31.0	605.946	144.58615	693.7	162.2	47.96	13 h 38 min
19150	688.3499992154539	31.0	624.845	120.120735	695.05	-0.650002	49.52	13 h 40 min
19200	689.9499992989004	31.0	633.75	123.343	691.7	140.25	45.56	13 h 42 min
19250	688.0999991521239	30.0	638.09705	107.50489	693.7	266.7	43.68	13 h 44 min
19300	691.8999992497265	28.0	619.85	131.78062	693.2	108.85	48.0	13 h 46 min
19350	671.3499987311661	39.0	600.72296	132.71455	687.75	102.75	54.12	13 h 48 min
19400	689.8499991931021	29.0	616.383	133.03537	691.6	157.45	49.08	13 h 50 min
19450	691.9499993026257	29.0	621.739	118.722664	692.5	203.15	49.9	13 h 52 min
19500	682.299999050796	34.0	597.804	158.98071	693.75	-110.75	54.9	13 h 54 min
19550	684.3499990068376	31.0	652.84705	63.471268	692.45	316.55	46.58	13 h 56 min
19600	688.0999991521239	30.0	620.50604	110.8245	690.0	221.45	50.96	13 h 58 min
19650	684.8499991334975	33.0	607.07697	119.86134	691.6	142.3	54.36	14 h 0 min
19700	695.0499994643033	29.0	624.651	105.04291	692.6	217.45	49.0	14 h 2 min
19750	689.0999993048608	32.0	591.52496	168.68895	692.3	-102.450005	54.44	14 h 4 min
19800	674.7499990090728	41.0	620.609	133.40533	691.45	139.85	46.18	14 h 6 min
19850	691.0499993562698	31.0	644.313	103.93921	695.3	115.9	44.4	14 h 8 min
19900	691.8999993503094	30.0	627.73706	128.41635	695.45	79.299995	46.4	14 h 10 min
19950	676.3999989442527	38.0	588.649	158.10555	695.6	124.5	53.9	14 h 12 min
20000	691.1999994143844	32.0	603.55896	139.69238	690.5	206.8	50.06	14 h 14 min
20050	676.2499987855554	35.0	632.8	123.18229	692.7	36.6	46.52	14 h 16 min
20100	682.9499990344048	33.0	584.69104	176.4286	688.5	-69.5	53.82	14 h 18 min
20150	692.5999993868172	30.0	627.314	89.9858	693.75	327.85	51.72	14 h 20 min
20200	686.899999089539	30.0	596.614	147.49219	691.05	4.499998	52.5	14 h 22 min
20250	680.7999990731478	36.0	654.932	49.85268	694.05	485.45	46.62	14 h 24 min
20300	675.3999987915158	36.0	593.968	161.38393	692.0	-78.5	51.38	14 h 26 min
20350	686.2999992594123	34.0	627.52905	162.19164	692.9	23.349998	41.78	14 h 28 min
20400	673.499998793006	38.0	627.11096	121.6864	692.8	63.949997	48.18	14 h 30 min
20450	688.89999929443	32.0	636.502	116.227135	693.6	145.7	44.18	14 h 32 min
20500	665.2999985665083	42.0	628.755	121.19973	693.25	82.9	47.88	14 h 34 min
20550	681.6499989666045	33.0	593.534	161.26512	693.3	-41.800003	50.86	14 h 36 min
20600	689.7999993413687	32.0	628.62805	113.355156	691.15	221.84999	45.8	14 h 38 min
20650	687.3999992161989	32.0	619.397	131.4147	698.25	225.5	47.1	14 h 40 min
20700	691.4999993294477	30.0	584.547	173.5515	690.65	77.799995	49.46	14 h 42 min
20750	694.3999993801117	28.0	631.42896	129.385	695.45	54.199997	46.48	14 h 43 min
20800	687.9499991945922	31.0	615.937	133.10387	692.3	65.5	48.96	14 h 45 min
20850	685.6999992281199	34.0	600.712	150.78474	695.3	50.899998	50.1	14 h 47 min
20900	693.5499993860722	29.0	613.699	126.574135	693.95	238.95	49.66	14 h 49 min
20950	689.7499992884696	31.0	607.78894	132.37233	688.85	103.4	53.58	14 h 51 min
21000	672.4499987885356	39.0	600.93896	152.76266	692.6	96.299995	52.44	14 h 54 min
21050	610.2999980486929	80.0	597.64307	159.37624	695.25	54.25	53.48	14 h 56 min
21100	686.0999991483986	32.0	603.687	141.54872	690.4	138.3	50.86	14 h 58 min
21150	685.5999992229044	34.0	594.28204	169.87558	690.7	66.9	50.36	15 h 0 min
21200	691.799999345094	30.0	626.63904	103.46851	693.1	235.75	49.76	15 h 2 min
21250	595.799997292459	80.0	622.257	104.97521	695.75	173.75	52.3	15 h 4 min
21300	695.199999421835	28.0	593.15704	162.76784	691.9	47.699997	51.34	15 h 6 min
21350	664.4499984718859	41.0	623.0969	110.64314	690.85	186.6	50.7	15 h 8 min
21400	687.0499991476536	31.0	648.03204	87.096275	690.35	240.3	43.98	15 h 10 min
21450	676.3499988913536	37.0	629.20404	93.83901	691.05	245.5	49.68	15 h 12 min
21500	695.3999994322658	28.0	621.64197	101.85598	695.1	249.09999	51.02	15 h 14 min
21550	681.2499991469085	37.0	630.675	108.776215	695.7	256.85	46.54	15 h 16 min
21600	685.3499990589917	31.0	637.16	105.75736	694.4	87.299995	47.96	15 h 18 min
21650	687.9999992474914	32.0	642.36597	96.3586	692.75	162.9	45.9	15 h 20 min
21700	688.0999991521239	30.0	609.496	138.87206	694.0	148.59999	48.48	15 h 22 min
21750	681.9499990828335	35.0	613.499	157.01146	691.95	-14.950001	46.14	15 h 24 min
21800	688.0999991521239	30.0	640.336	81.536156	693.85	288.1	47.8	15 h 26 min
21850	675.5499989502132	39.0	633.19	95.87679	694.95	264.0	47.92	15 h 28 min
21900	686.8499992378056	33.0	626.676	107.20464	691.9	177.65	47.96	15 h 30 min
21950	695.8999994583428	28.0	626.772	94.92199	693.95	327.8	50.96	15 h 32 min
22000	684.1499991975725	35.0	633.665	116.860214	697.5	97.45	45.4	15 h 34 min
22050	693.499999333173	28.0	593.62897	159.11012	693.6	87.7	51.96	15 h 36 min
22100	690.5499993301928	31.0	609.32794	142.68309	697.45	206.95	49.66	15 h 38 min
22150	687.0499991476536	31.0	630.79	110.17233	693.4	122.95	47.82	15 h 39 min
22200	686.4999992698431	34.0	628.045	112.10486	692.1	63.2	50.92	15 h 41 min
22250	691.0499993562698	31.0	632.8191	127.84942	694.0	66.049995	45.66	15 h 43 min
22300	681.8999990299344	34.0	625.77	124.146126	696.1	88.6	47.9	15 h 45 min
22350	689.3999991193414	28.0	611.522	127.40987	693.2	175.7	48.78	15 h 47 min
22400	693.1999994181097	30.0	600.644	155.17668	695.0	5.6499987	51.66	15 h 49 min
22450	691.0499993562698	31.0	593.704	158.91438	691.9	101.95	49.94	15 h 51 min
22500	690.8999992981553	30.0	621.04596	136.92065	693.65	26.849998	48.44	15 h 53 min
22550	692.4499993287027	29.0	592.931	164.87674	696.1	140.75	50.94	15 h 55 min
22600	685.499999217689	34.0	633.48303	115.987144	693.9	68.75	47.78	15 h 57 min
22650	676.0499988757074	37.0	638.864	108.33836	691.15	176.35	46.28	15 h 59 min
22700	680.0499989837408	35.0	558.19	190.97481	693.45	33.749996	54.22	16 h 1 min
22750	690.9499992504716	29.0	595.31604	156.40286	693.1	120.85	50.46	16 h 3 min
22800	671.9999985136092	34.0	639.58307	98.60101	691.55	211.0	46.9	16 h 5 min
22850	686.3999992646277	34.0	631.57794	87.47001	692.5	232.2	50.44	16 h 7 min
22900	692.7499993443489	29.0	621.578	125.35783	692.8	147.3	48.36	16 h 9 min
22950	680.1499989889562	35.0	605.331	162.7239	691.6	83.8	47.84	16 h 11 min
23000	691.4999994300306	32.0	621.723	97.27947	693.45	333.65	51.54	16 h 13 min
23050	610.5499979257584	80.0	610.47894	142.34688	695.35	133.35	47.98	16 h 15 min
23100	684.8999991863966	34.0	612.692	148.28159	691.9	113.4	47.88	16 h 17 min
23150	691.0999993085861	30.0	623.897	123.04236	696.95	139.85	48.06	16 h 19 min
23200	689.1999993100762	32.0	619.414	132.4933	694.0	155.55	48.2	16 h 21 min
23250	693.0499993599951	29.0	622.14	116.1989	694.7	228.05	49.4	16 h 23 min
23300	695.2999994270504	28.0	628.67993	112.93324	691.15	148.2	47.82	16 h 25 min
23350	695.449999384582	27.0	567.69995	164.70781	690.75	54.149998	56.66	16 h 27 min
23400	691.6499993875623	31.0	609.933	147.60484	693.2	49.149998	49.26	16 h 29 min
23450	693.749999396503	29.0	597.11896	157.13965	691.05	99.799995	49.08	16 h 31 min
23500	682.9999990873039	34.0	601.05096	136.79613	691.45	79.1	54.26	16 h 33 min
23550	692.8999993018806	28.0	609.104	153.83867	693.3	-74.200005	51.52	16 h 35 min
23600	691.799999345094	30.0	598.56	161.97853	689.15	14.299998	50.9	16 h 37 min
23650	689.9999992512167	30.0	607.13104	135.71681	691.8	109.95	51.66	16 h 39 min
23700	689.599999230355	30.0	559.028	195.20384	692.65	33.5	54.44	16 h 41 min
23750	682.8999990820885	34.0	596.3691	153.32936	689.05	85.299995	51.9	16 h 43 min
23800	689.7499992884696	31.0	601.074	167.53932	694.35	-58.15	49.44	16 h 45 min
23850	691.099999409169	32.0	598.15405	163.57332	694.1	71.299995	49.22	16 h 47 min
23900	689.099999204278	30.0	583.456	167.90944	697.35	153.45	50.66	16 h 49 min
23950	679.0999989844859	36.0	556.647	207.60596	692.0	-91.75	52.94	16 h 51 min
24000	686.4999991692603	32.0	633.00195	114.33078	691.05	177.7	47.02	16 h 53 min
24050	690.4499992243946	29.0	623.991	99.24132	691.05	315.05	49.7	16 h 55 min
24100	685.6999993287027	36.0	606.83704	145.38972	691.6	95.85	49.38	16 h 57 min
24150	684.2999991551042	34.0	610.715	138.75235	693.0	-27.500002	53.48	16 h 59 min
24200	680.4499989040196	33.0	603.35596	139.38948	691.9	-66.1	52.32	17 h 1 min
24250	690.9499993510544	31.0	613.295	131.69942	690.1	153.0	50.68	17 h 3 min
24300	695.9999994635582	28.0	614.135	129.56375	689.15	210.0	48.96	17 h 5 min
24350	693.0999994128942	30.0	633.201	106.92302	693.75	50.85	49.84	17 h 7 min
24400	682.7499990239739	33.0	591.031	162.10957	691.55	67.7	52.72	17 h 9 min
24450	687.9499991945922	31.0	621.281	143.9334	691.1	68.799995	44.9	17 h 11 min
24500	595.0499972775578	80.0	594.58	162.27202	691.25	41.649998	49.6	17 h 13 min
24550	690.54999922961	29.0	623.43	106.12707	693.8	160.0	49.96	17 h 14 min
24600	689.849999293685	31.0	616.427	136.35783	692.25	55.6	48.08	17 h 16 min
24650	676.9499990232289	39.0	599.00494	148.73285	692.1	155.8	50.0	17 h 18 min
24700	691.4499993771315	31.0	630.127	102.124016	691.9	163.5	49.32	17 h 19 min
24750	692.3499994240701	31.0	593.4761	163.55194	694.2	-69.6	52.86	17 h 21 min
24800	690.7999992929399	30.0	592.91595	151.24472	693.8	120.049995	53.66	17 h 23 min
24850	686.2499992065132	33.0	614.09705	133.896	691.35	197.95	48.48	17 h 24 min
24900	687.7499991841614	31.0	590.75995	158.76222	691.65	97.1	52.7	17 h 26 min
24950	693.4499993808568	29.0	634.77704	123.81524	693.05	17.15	43.96	17 h 28 min
25000	676.3499988913536	37.0	596.356	160.49997	692.45	104.0	48.34	17 h 29 min
25050	687.9999992474914	32.0	613.744	162.01845	691.05	-54.750004	47.1	17 h 31 min
25100	691.6499993875623	31.0	627.266	116.24187	695.4	79.45	49.44	17 h 32 min
25150	601.3499976433814	80.0	621.608	102.996216	689.95	209.4	53.7	17 h 34 min
25200	653.1499985866249	55.0	626.51495	119.61581	692.65	220.84999	47.66	17 h 36 min
25250	692.6999993920326	30.0	587.371	158.23567	692.85	104.049995	54.7	17 h 38 min
25300	601.5499975830317	80.0	600.858	142.89209	695.05	103.45	51.98	17 h 40 min
25350	692.4999993816018	30.0	604.48206	132.49777	690.35	26.999998	55.7	17 h 41 min
25400	693.1999994181097	30.0	615.045	131.76456	693.15	196.0	48.06	17 h 43 min
25450	694.1999994702637	30.0	573.783	179.5338	693.3	31.449999	52.88	17 h 44 min
25500	669.14999871701	41.0	618.13007	146.03883	694.55	99.0	47.16	17 h 46 min
25550	683.9499990865588	33.0	613.147	105.25309	689.2	253.9	54.94	17 h 48 min
25600	684.6499990224838	31.0	529.36304	199.75288	691.95	-0.30000103	58.54	17 h 50 min
25650	689.7499991878867	29.0	561.31995	183.92093	691.75	45.1	57.6	17 h 51 min
25700	681.9499988816679	31.0	605.734	126.068085	692.45	208.15	52.46	17 h 53 min
25750	683.8999991342425	34.0	620.103	119.4483	688.65	107.549995	53.08	17 h 55 min
25800	687.4999992214143	32.0	571.707	166.79715	688.55	108.049995	56.08	17 h 57 min
25850	687.3499991632998	31.0	657.625	65.48361	693.2	260.6	44.08	17 h 58 min
25900	693.0999994128942	30.0	565.385	176.83223	691.45	55.5	55.96	18 h 0 min
25950	662.5999987274408	48.0	551.54	197.929	692.6	-32.100002	57.42	18 h 2 min
26000	694.1999994702637	30.0	604.976	143.387	693.85	94.0	49.52	18 h 3 min
26050	684.6499991230667	33.0	593.95	165.34814	693.2	58.5	51.46	18 h 5 min
26100	690.9499993510544	31.0	586.522	140.28981	687.7	135.45	58.18	18 h 7 min
26150	689.4499992728233	31.0	622.50104	92.97735	695.25	211.25	54.68	18 h 8 min
26200	681.049998935312	33.0	566.885	176.35666	689.7	27.4	53.94	18 h 10 min
26250	676.7999988645315	36.0	585.93604	171.56212	691.4	27.849998	51.94	18 h 12 min
26300	680.3999990522861	36.0	552.235	177.99124	693.0	-48.45	58.02	18 h 14 min
26350	634.8999977856874	58.0	604.364	125.620575	691.55	172.65	55.9	18 h 15 min
26400	689.9999993517995	32.0	616.351	130.79498	690.2	97.799995	50.62	18 h 17 min
26450	689.0499992519617	31.0	623.773	120.578094	691.3	155.6	47.88	18 h 19 min
26500	683.9999992400408	36.0	616.799	117.55859	694.0	259.35	49.74	18 h 20 min
26550	679.8999989256263	34.0	595.615	154.29852	694.5	92.5	53.74	18 h 22 min
26600	692.3499994240701	31.0	627.83496	106.880104	698.6	169.5	51.2	18 h 24 min
26650	673.6499988511205	39.0	625.01807	88.8619	690.05	337.6	52.9	18 h 26 min
26700	686.7999991849065	32.0	613.35	119.19732	692.15	269.35	51.38	18 h 27 min
26750	675.8499988652766	37.0	602.46295	138.78844	691.55	62.199997	52.4	18 h 29 min
26800	673.5499988459051	39.0	596.66797	149.29498	690.75	67.9	53.22	18 h 31 min
26850	669.6499986425042	39.0	596.344	158.44954	695.75	75.65	51.06	18 h 32 min
26900	680.5999989621341	34.0	615.678	124.90915	693.85	178.65	50.4	18 h 34 min
26950	690.0999993570149	32.0	607.00104	141.40877	691.4	80.95	51.3	18 h 36 min
27000	682.5499990135431	33.0	598.37897	161.95967	689.65	-18.300001	50.76	18 h 37 min
27050	687.7499991841614	31.0	622.38696	97.65233	696.4	287.0	52.28	18 h 39 min
27100	670.2999989278615	44.0	557.898	210.06885	687.85	-73.05	52.7	18 h 41 min
27150	687.7499992847443	33.0	614.843	122.79429	691.05	27.099998	51.94	18 h 42 min
27200	686.0499991960824	33.0	601.525	135.79167	690.5	206.7	53.02	18 h 44 min
27250	681.799999024719	34.0	613.34705	106.25785	691.75	162.7	54.12	18 h 46 min
27300	687.9499991945922	31.0	614.497	131.44673	694.45	-46.65	51.54	18 h 47 min
27350	595.8499965034425	73.0	598.014	146.49178	689.45	211.75	51.44	18 h 49 min
27400	687.5499991737306	31.0	559.695	192.43433	691.95	-42.95	55.0	18 h 51 min
27450	691.2499993667006	31.0	624.078	102.517845	688.8	204.2	52.24	18 h 53 min
27500	680.5999989621341	34.0	629.087	109.09557	688.65	119.1	50.74	18 h 54 min
27550	689.9999992512167	30.0	629.32	124.61129	687.25	106.1	48.3	18 h 56 min
27600	656.4499983564019	47.0	610.348	114.95214	692.05	161.05	55.62	18 h 58 min
27650	693.3499993756413	29.0	569.628	189.59193	688.25	5.849999	53.9	18 h 59 min
27700	687.2499993592501	35.0	593.95496	150.25545	689.55	83.1	54.52	19 h 1 min
27750	687.7999992370605	32.0	594.895	156.06058	692.15	112.45	51.64	19 h 3 min
27800	692.5999993868172	30.0	634.677	105.159744	696.4	129.95	48.34	19 h 4 min
27850	687.7499991841614	31.0	624.99396	122.26217	689.4	167.7	49.38	19 h 6 min
27900	667.8999989032745	46.0	593.075	158.48788	691.4	18.5	53.8	19 h 8 min
27950	688.4499992206693	31.0	621.364	107.97513	689.85	107.45	52.2	19 h 10 min
28000	674.6999988555908	38.0	606.02405	120.9213	692.15	145.0	53.9	19 h 11 min
28050	693.6999993436038	28.0	642.654	115.53563	692.0	72.2	41.88	19 h 13 min
28100	681.9499991834164	37.0	608.427	120.61602	689.05	246.05	52.58	19 h 14 min
28150	681.5999990142882	34.0	622.576	115.123764	691.4	160.55	49.64	19 h 16 min
28200	686.1499991007149	31.0	608.792	179.23949	694.4	-77.55	45.14	19 h 18 min
28250	684.6499992236495	35.0	604.61	128.19217	688.75	120.15	54.62	19 h 19 min
28300	679.0499989315867	35.0	586.758	176.2467	692.0	-8.150002	54.22	19 h 21 min
28350	687.2499991580844	31.0	600.435	132.6416	689.75	155.1	53.78	19 h 23 min
28400	685.0499991439283	33.0	561.31506	183.69176	690.6	5.499997	54.08	19 h 25 min
28450	689.5499992780387	31.0	545.629	199.13962	689.0	-57.25	57.38	19 h 26 min
28500	685.3499992601573	35.0	610.365	128.07411	692.0	94.4	53.6	19 h 28 min
28550	688.4999991729856	30.0	620.93896	107.210594	693.65	242.0	52.82	19 h 30 min
28600	682.7499991245568	35.0	597.109	143.21439	690.3	109.799995	56.98	19 h 31 min
28650	652.5499983541667	51.0	591.495	151.7972	690.6	-44.4	53.92	19 h 33 min
28700	681.6999992206693	38.0	572.765	166.02074	690.75	19.55	54.82	19 h 35 min
28750	679.4499989524484	35.0	595.453	134.63943	688.9	193.45	57.32	19 h 37 min
28800	682.4999990612268	34.0	605.78	143.77637	686.6	100.1	53.32	19 h 39 min
28850	681.5499991625547	37.0	639.647	85.22963	685.55	176.8	49.44	19 h 40 min
28900	589.9999969899654	80.0	608.065	147.90092	691.4	73.5	50.82	19 h 42 min
28950	677.2999990917742	40.0	627.382	95.63924	689.3	218.5	54.1	19 h 44 min
29000	681.2499990463257	35.0	580.031	149.04485	689.25	219.09999	56.84	19 h 46 min
29050	682.9999991878867	36.0	566.251	168.81865	688.7	-21.45	59.66	19 h 47 min
29100	688.4499992206693	31.0	615.963	120.5095	688.5	177.75	54.0	19 h 49 min
29150	649.2999982349575	52.0	547.263	190.50049	688.3	-62.350002	59.84	19 h 51 min
29200	681.1499989405274	33.0	626.758	106.76978	688.4	171.45	50.04	19 h 53 min
29250	690.3999993726611	32.0	578.917	173.04631	694.85	87.35	52.7	19 h 54 min
29300	684.3999991603196	34.0	634.134	98.70359	692.45	263.5	48.34	19 h 56 min
29350	684.8499992340803	35.0	638.767	72.79694	692.3	384.8	52.34	19 h 58 min
29400	688.4999992735684	32.0	626.174	136.73883	694.4	-54.300003	48.22	19 h 59 min
29450	686.0999992489815	34.0	628.128	106.09495	691.0	162.4	50.6	20 h 1 min
29500	685.8499992862344	35.0	610.31396	141.49841	690.05	103.7	49.26	20 h 3 min
29550	687.649999178946	31.0	620.17596	106.86755	688.05	161.75	51.8	20 h 4 min
29600	694.1999994702637	30.0	602.78296	134.34251	692.55	150.75	55.54	20 h 6 min
29650	655.3999983519316	48.0	646.794	70.53357	690.95	348.6	47.8	20 h 8 min
29700	678.4499990008771	37.0	598.78906	151.08409	687.4	120.4	49.84	20 h 10 min
29750	691.6499993875623	31.0	584.718	166.10176	686.4	71.7	55.74	20 h 11 min
29800	675.0999988764524	38.0	591.92004	137.45164	693.05	158.65	54.5	20 h 13 min
29850	653.9499984271824	51.0	532.159	225.3286	688.95	26.999998	55.36	20 h 15 min
29900	662.9499987959862	49.0	608.93097	97.17242	689.1	162.55	60.28	20 h 17 min
29950	579.8999964632094	80.0	600.913	138.94829	686.6	139.34999	52.92	20 h 19 min
30000	672.4999987408519	38.0	575.33405	151.89093	691.25	115.55	61.18	20 h 21 min
30050	693.0999994128942	30.0	580.315	146.35274	690.85	158.35	59.06	20 h 22 min
30100	681.099999088794	36.0	588.25	172.36168	686.05	-89.15	56.98	20 h 24 min
30150	682.6499991193414	35.0	607.021	128.78319	690.7	90.35	53.06	20 h 26 min
30200	678.4999990537763	38.0	602.132	175.97711	687.8	-95.850006	47.68	20 h 27 min
30250	605.399997793138	80.0	617.10004	123.468216	687.6	138.65	51.06	20 h 29 min
30300	685.4499990642071	31.0	636.71405	87.13545	688.45	164.75	49.7	20 h 31 min
30350	689.2999993152916	32.0	604.055	124.219444	688.4	-21.000002	56.18	20 h 33 min
30400	686.9999991953373	32.0	603.89795	123.843704	689.85	135.55	56.26	20 h 34 min
30450	689.9999992512167	30.0	598.013	149.21019	693.3	70.049995	54.12	20 h 36 min
30500	589.1999969482422	80.0	632.805	84.22086	692.6	302.05	50.02	20 h 38 min
30550	690.2499993145466	31.0	622.21204	113.449356	689.45	142.75	50.28	20 h 40 min
30600	682.349999204278	37.0	592.359	151.98347	694.95	-20.7	53.96	20 h 41 min
30650	684.4499991126359	33.0	607.985	134.13148	692.05	159.75	53.46	20 h 43 min
30700	679.3499990478158	37.0	582.47504	164.91983	691.7	85.7	53.48	20 h 45 min
30750	686.4499991163611	31.0	572.513	160.99474	690.0	55.55	57.2	20 h 47 min
30800	685.6499991752207	33.0	617.391	107.5081	694.9	278.9	52.32	20 h 48 min
30850	683.4999991133809	34.0	559.089	191.12901	690.1	-32.350002	55.04	20 h 50 min
30900	662.7999984361231	42.0	576.521	153.57115	694.05	160.4	56.82	20 h 52 min
30950	694.5499994382262	29.0	582.13696	151.98457	690.75	113.65	56.6	20 h 54 min
31000	668.4499984793365	37.0	587.614	174.69046	691.65	-43.4	51.3	20 h 55 min
31050	684.4499991126359	33.0	602.03	126.53641	692.5	179.0	51.74	20 h 57 min
31100	682.1999991461635	36.0	588.90405	166.66278	688.65	-36.050003	52.66	20 h 59 min
31150	682.5499990135431	33.0	628.154	111.950584	692.3	155.2	50.26	21 h 0 min
31200	688.7999992892146	32.0	620.20404	108.58244	692.2	148.05	52.58	21 h 2 min
31250	689.649999383837	33.0	644.256	77.6175	687.6	225.34999	49.4	21 h 4 min
31300	682.5999990664423	34.0	599.235	126.17269	687.35	132.95	57.86	21 h 6 min
31350	687.7499992847443	33.0	624.88104	87.308876	687.95	188.05	56.14	21 h 7 min
31400	683.3999991081655	34.0	658.40796	31.790237	689.45	563.35	48.94	21 h 9 min
31450	681.9999991357327	36.0	614.067	136.9443	690.5	64.299995	51.86	21 h 11 min
31500	662.549998473376	43.0	599.811	136.30046	689.2	153.5	54.42	21 h 12 min
31550	681.8499990776181	35.0	642.106	87.73025	689.8	172.55	48.58	21 h 14 min
31600	687.4999992214143	32.0	623.175	110.50417	690.7	78.35	53.24	21 h 16 min
31650	666.0999986082315	42.0	606.73596	133.68279	692.2	131.45	53.14	21 h 18 min
31700	685.2499990537763	31.0	632.146	90.65946	687.95	263.35	51.12	21 h 19 min
31750	679.1999990902841	38.0	611.541	117.59367	692.9	189.0	52.14	21 h 21 min
31800	666.6499985866249	41.0	615.00604	110.81242	689.45	264.7	52.82	21 h 23 min
31850	683.9499992877245	37.0	599.951	156.03838	688.65	86.1	54.02	21 h 25 min
31900	601.3999975845218	80.0	591.858	154.79851	691.8	43.55	53.74	21 h 26 min
31950	686.5999992750585	34.0	613.12695	132.79156	689.85	99.65	51.88	21 h 28 min
32000	690.3999992720783	30.0	567.91	151.81372	687.05	133.95	59.54	21 h 30 min
32050	686.9999990947545	30.0	588.594	168.86143	692.3	-10.200002	52.74	21 h 32 min
32100	689.7499992884696	31.0	613.193	116.90974	696.6	209.45	54.76	21 h 34 min
32150	690.0499994046986	33.0	588.442	142.43192	693.4	137.9	57.76	21 h 35 min
32200	686.5499992221594	33.0	603.555	131.00041	689.9	214.05	52.98	21 h 37 min
32250	682.8499991297722	35.0	606.75305	129.49918	690.45	219.75	53.02	21 h 39 min
32300	687.2999992109835	32.0	609.831	149.284	689.05	121.9	51.04	21 h 41 min
32350	693.3999994285405	30.0	638.56	67.695274	687.05	355.8	51.88	21 h 42 min
32400	675.6499987542629	35.0	609.515	129.21881	694.55	-36.9	58.04	21 h 44 min
32450	692.1999993659556	30.0	605.255	136.40941	692.85	98.5	55.3	21 h 46 min
32500	678.1499989852309	37.0	606.48096	123.16922	689.55	94.45	54.46	21 h 47 min
32550	688.0999993532896	34.0	602.294	139.67311	693.55	-85.75	55.62	21 h 49 min
32600	685.949999190867	33.0	606.175	139.07375	692.1	88.6	52.34	21 h 51 min
32650	687.5499990731478	29.0	599.834	130.3117	695.45	145.8	54.34	21 h 53 min
32700	684.2999990545213	32.0	603.05597	151.70737	689.65	176.0	48.72	21 h 54 min
32750	688.6499992311001	31.0	608.55304	134.68417	693.8	104.799995	53.1	21 h 56 min
32800	689.399999320507	32.0	601.899	145.17938	690.25	32.35	53.54	21 h 58 min
32850	690.5499993301928	31.0	583.018	181.7913	691.45	58.649998	52.08	21 h 59 min
32900	689.7999992407858	30.0	595.596	153.93156	688.3	95.0	54.64	22 h 1 min
32950	685.2999991066754	32.0	623.67596	109.70077	691.85	91.799995	52.42	22 h 3 min
33000	684.0499990917742	33.0	607.367	138.0738	686.35	36.199997	54.1	22 h 5 min
33050	667.8999987021089	42.0	603.942	142.66591	693.4	87.95	53.1	22 h 6 min
33100	682.5999990664423	34.0	535.094	205.42763	689.6	-24.250002	57.38	22 h 8 min
33150	689.1999993100762	32.0	600.77295	139.13097	691.9	28.249998	56.24	22 h 10 min
33200	688.4499992206693	31.0	610.74603	112.06661	692.65	200.4	55.2	22 h 12 min
33250	687.7499992847443	33.0	557.001	189.50124	690.7	67.799995	53.16	22 h 13 min
33300	680.4499991051853	37.0	599.18695	136.92601	694.0	-64.6	57.12	22 h 15 min
33350	615.4999982975423	80.0	598.426	149.74431	691.95	128.35	52.4	22 h 17 min
33400	665.599998883903	48.0	600.10095	148.0132	689.5	-100.75	55.62	22 h 19 min
33450	679.5999990105629	36.0	558.789	193.26016	690.15	24.75	53.52	22 h 21 min
33500	682.3499991036952	35.0	580.164	164.09949	688.65	41.35	56.74	22 h 22 min
33550	664.3999988213181	48.0	593.121	157.8183	688.9	-37.300003	55.72	22 h 24 min
33600	671.499998588115	36.0	547.391	169.38116	685.55	49.3	65.28	22 h 26 min
33650	685.2499991543591	33.0	591.353	168.16861	694.5	-34.550003	52.28	22 h 28 min
33700	684.1499990969896	33.0	590.253	171.78156	692.85	-74.65	54.0	22 h 29 min
33750	682.1499991938472	37.0	577.384	176.8232	691.9	2.2999992	53.44	22 h 31 min
33800	691.2499993667006	31.0	577.3611	152.46773	689.25	67.4	59.24	22 h 33 min
33850	678.8499991223216	39.0	618.14795	116.31537	692.5	148.84999	52.9	22 h 35 min
33900	697.3999995365739	28.0	561.07904	168.47444	691.55	80.75	60.88	22 h 36 min
33950	612.3999981582165	80.0	568.828	160.17064	692.95	92.799995	59.8	22 h 38 min
34000	693.1999994181097	30.0	595.3519	153.63606	693.2	43.55	52.58	22 h 40 min
34050	672.8999987617135	38.0	591.081	157.0186	690.9	46.149998	55.22	22 h 42 min
34100	605.5999978035688	80.0	576.175	164.9705	688.0	11.749999	56.3	22 h 44 min
34150	677.699999012053	38.0	628.907	104.76493	688.25	131.75	51.72	22 h 46 min
34200	601.0999975688756	80.0	561.837	176.92992	691.05	-12.9000025	58.8	22 h 48 min
34250	688.0499991998076	31.0	532.805	191.28947	691.6	16.749998	59.44	22 h 49 min
34300	675.6999987065792	34.0	589.40497	138.0259	691.35	81.9	55.22	22 h 51 min
34350	687.2499992586672	33.0	630.632	95.20114	689.8	304.05	48.98	22 h 53 min
34400	688.9999994002283	34.0	572.368	153.86977	692.4	74.0	58.24	22 h 55 min
34450	681.7999992258847	38.0	623.76904	89.714	689.9	298.15	53.78	22 h 56 min
34500	584.9999970793724	80.0	602.332	125.36585	691.5	182.55	55.8	22 h 58 min
34550	678.1499989852309	37.0	603.541	139.65282	692.0	-40.4	56.9	23 h 0 min
34600	672.3499989844859	43.0	604.633	123.14203	694.5	220.25	55.5	23 h 2 min
34650	680.9999991841614	38.0	581.989	168.75293	694.05	19.099998	55.46	23 h 4 min
34700	669.9999987110496	40.0	599.88495	150.26817	687.5	34.45	51.1	23 h 5 min
34750	682.3999990560114	34.0	548.00494	193.79205	687.55	86.6	59.48	23 h 7 min
34800	613.4999981932342	80.0	614.457	134.15707	692.15	58.6	50.24	23 h 9 min
34850	683.9499991871417	35.0	612.98706	144.33418	692.5	-29.750002	50.72	23 h 11 min
34900	681.2499990463257	35.0	615.193	143.39539	694.1	102.75	50.1	23 h 12 min
34950	694.8499994538724	29.0	622.111	135.00041	691.5	-101.05	49.72	23 h 14 min
35000	683.7999991290271	34.0	615.32404	138.22662	691.65	16.25	51.06	23 h 16 min
35050	682.0999990403652	34.0	607.48706	143.21278	693.35	133.9	50.58	23 h 17 min
35100	594.8999972492456	80.0	607.68396	142.54388	690.85	1.4999979	53.44	23 h 19 min
35150	669.0999987646937	42.0	576.063	157.65384	690.7	145.34999	56.54	23 h 21 min
35200	673.4499990418553	43.0	605.597	126.97571	692.4	125.2	55.98	23 h 23 min
35250	688.3499992154539	31.0	593.05493	146.81964	687.45	87.65	56.02	23 h 25 min
35300	692.1499994136393	31.0	583.492	156.39465	688.15	110.2	57.14	23 h 27 min
35350	617.0999978631735	78.0	608.204	142.7083	694.05	38.949997	54.12	23 h 28 min
35400	587.3999968543649	80.0	597.471	139.25655	683.75	71.549995	54.86	23 h 30 min
35450	676.499999050051	40.0	613.63403	131.35492	695.25	138.3	51.74	23 h 32 min
35500	682.1499991938472	37.0	607.87103	120.80452	691.4	202.2	55.16	23 h 34 min
35550	644.7499980479479	53.0	599.48303	148.90079	692.8	129.3	54.02	23 h 36 min
35600	694.749999448657	29.0	595.61896	137.63348	692.0	71.85	55.44	23 h 37 min
35650	680.1499989889562	35.0	627.86	96.16983	689.6	235.85	50.96	23 h 39 min
35700	673.7999988086522	38.0	616.755	144.15778	688.3	4.399998	48.1	23 h 41 min
