Episode	TestRet	TestSteps	AverageEpRet	StdEpRet	MaxEpRet	MinEpRet	EpLen	Time
50	-145.00000216066837	100.0	-157.712	7.449191	-139.6	-169.7	100.0	3 min 35 sec
100	-145.00000216066837	100.0	-158.75801	5.5652885	-144.2	-172.5	100.0	7 min 9 sec
150	-145.00000216066837	100.0	-159.657	7.038268	-141.8	-176.15001	100.0	10 min 53 sec
200	-153.78000267297028	100.0	-156.429	6.7551613	-140.5	-171.5	100.0	14 min 33 sec
250	-152.88000325784088	100.0	-155.50099	6.7299814	-137.8	-167.5	100.0	18 min 5 sec
300	-162.74000308588148	100.0	-155.63399	7.0375876	-135.95	-169.45	100.0	21 min 52 sec
350	-147.10000276267527	100.0	-152.30501	7.035177	-134.05	-164.6	100.0	25 min 39 sec
400	-169.8200038947165	100.0	-150.73799	7.537855	-129.1	-164.45	100.0	29 min 15 sec
450	-150.64000324606894	100.0	-149.196	9.0623665	-123.05	-161.35	100.0	33 min 7 sec
500	-144.27000318467617	100.0	-148.302	7.906915	-120.65	-164.45	100.0	37 min 17 sec
550	-140.18500288836657	100.0	-143.013	12.119343	-108.65	-165.95	100.0	41 min 11 sec
600	-163.10000439286233	100.0	-144.001	9.63333	-122.4	-168.45	100.0	45 min 24 sec
650	-159.1600033827126	100.0	-142.00902	10.960505	-98.600006	-157.95	100.0	50 min 4 sec
700	-182.27000450007617	100.0	-137.598	13.375713	-91.350006	-160.0	100.0	54 min 8 sec
750	-163.0500035572797	100.0	-135.57199	12.669985	-103.0	-161.0	100.0	58 min 6 sec
800	-155.74000351205467	100.0	-133.742	13.1248665	-92.700005	-158.2	100.0	1 h 1 min 38 sec
850	-167.39000411964952	100.0	-135.66899	12.543995	-93.450005	-156.15001	100.0	1 h 4 min 52 sec
900	-151.18500317633152	100.0	-131.208	14.364903	-86.75	-152.25	100.0	1 h 7 min 49 sec
950	-149.40000361055135	100.0	-131.72801	11.676779	-102.3	-155.75	100.0	1 h 10 min 36 sec
1000	-150.79000355266035	100.0	-127.921005	16.902348	-78.4	-150.15001	100.0	1 h 13 min 56 sec
1050	-149.04000344127417	100.0	-128.918	16.718418	-78.700005	-149.85	100.0	1 h 16 min 52 sec
1100	-135.33000289835036	100.0	-126.479	19.177517	-74.85	-155.25	100.0	1 h 20 min 10 sec
1150	-149.5400034133345	100.0	-124.21801	15.527907	-72.05	-150.95	100.0	1 h 23 min 30 sec
1200	-152.160003497079	100.0	-123.27301	18.060266	-69.3	-156.55	100.0	1 h 26 min 56 sec
1250	-142.65000286065043	100.0	-119.41901	17.965855	-61.500004	-147.65001	100.0	1 h 30 min 12 sec
1300	-142.11000400409102	100.0	-115.910995	26.952263	-35.300003	-155.6	100.0	1 h 33 min 27 sec
1350	-161.1400050252676	100.0	-113.16699	20.552782	-53.95	-154.75	100.0	1 h 36 min 39 sec
1400	-148.6100029412657	100.0	-108.23801	23.511013	-47.45	-151.7	100.0	1 h 39 min 58 sec
1450	-151.39000395461917	100.0	-115.16901	18.608795	-46.550003	-139.5	100.0	1 h 43 min 16 sec
1500	-121.54500322155654	100.0	-109.792	26.601423	-33.750004	-142.5	100.0	1 h 46 min 28 sec
1550	-140.40000345446168	100.0	-106.03701	22.049227	-50.350002	-144.2	100.0	1 h 49 min 48 sec
1600	-142.75000361166894	100.0	-108.18801	25.32004	-33.000004	-148.65001	100.0	1 h 52 min 57 sec
1650	-138.10500350259244	100.0	-109.592	20.688232	-66.25	-147.05	100.0	1 h 56 min 6 sec
1700	-161.78000428676606	100.0	-108.092995	20.457954	-49.350002	-143.1	100.0	1 h 59 min 21 sec
1750	-145.25000346414745	100.0	-101.68399	20.709581	-32.600002	-139.40001	100.0	2 h 2 min 39 sec
1800	-125.13000385127961	100.0	-91.638985	26.250414	-35.500004	-137.95	100.0	2 h 5 min 56 sec
1850	-154.6300051175058	100.0	-84.954	28.199291	-8.250003	-140.90001	100.0	2 h 9 min 24 sec
1900	-169.49000539258122	100.0	-94.102005	29.066488	-19.650002	-144.75	100.0	2 h 13 min 3 sec
1950	-118.19000367857515	100.0	-91.387	24.77092	-12.650003	-143.55	100.0	2 h 16 min 39 sec
2000	-123.25000358894468	100.0	-101.20801	25.964045	-40.700005	-171.55	100.0	2 h 20 min 26 sec
2050	-168.84000476002694	100.0	-89.189	25.30946	-2.3500025	-129.8	100.0	2 h 24 min 7 sec
2100	-137.73500371985136	100.0	-93.966	26.053429	-1.8500032	-139.2	100.0	2 h 27 min 50 sec
2150	-138.28000368997454	100.0	-84.00699	33.464703	15.899998	-130.95	100.0	2 h 31 min 31 sec
2200	-146.30500455200672	100.0	-89.522	28.305431	-17.300003	-165.1	100.0	2 h 35 min 6 sec
2250	-136.89000483974814	100.0	-96.995	28.047182	-10.450004	-152.85	100.0	2 h 38 min 43 sec
2300	-129.28000396117568	100.0	-92.11701	29.435234	-12.350003	-142.8	100.0	2 h 42 min 26 sec
2350	-82.55500405840576	100.0	-85.893005	43.402668	62.049995	-204.95001	100.0	2 h 46 min 6 sec
2400	-117.61000448353589	100.0	-80.246	26.399921	-16.900003	-132.35	100.0	2 h 49 min 36 sec
2450	-103.05000387653709	100.0	-82.887	29.832947	-18.100004	-151.8	100.0	2 h 53 min 11 sec
2500	-127.73500401824712	100.0	-79.75001	34.248165	16.699997	-127.25	100.0	2 h 56 min 43 sec
2550	-116.63000406511128	100.0	-79.371	35.539974	-2.9500031	-153.8	100.0	3 h 0 min 7 sec
2600	-127.88000475205482	100.0	-79.743004	38.916817	30.599997	-172.05	100.0	3 h 3 min 39 sec
2650	-119.50000480152667	100.0	-81.693	37.90587	26.399996	-193.70001	100.0	3 h 7 min 5 sec
2700	-93.09500281400979	100.0	-76.048004	27.258692	-26.650003	-147.5	100.0	3 h 10 min 26 sec
2750	-131.1650052115321	100.0	-71.379005	29.490726	-17.550003	-144.55	100.0	3 h 13 min 59 sec
2800	-133.21500387340785	100.0	-78.381004	29.142458	14.599997	-141.85	100.0	3 h 17 min 30 sec
2850	-119.19500485211611	100.0	-67.476	33.74851	8.499996	-142.6	100.0	3 h 21 min 3 sec
2900	-97.05000383593142	100.0	-74.12601	28.891842	-12.900004	-137.05	100.0	3 h 24 min 33 sec
2950	-118.6450049329549	100.0	-74.851006	30.071081	-16.400003	-136.7	100.0	3 h 28 min 18 sec
3000	-80.23500424437225	100.0	-80.94	30.651373	-17.350002	-161.5	100.0	3 h 31 min 44 sec
3050	-84.07000358253717	100.0	-69.406	29.999731	-11.350002	-143.8	100.0	3 h 35 min 38 sec
3100	-101.67000383734702	100.0	-72.199005	28.613768	11.199996	-151.70001	100.0	3 h 39 min 54 sec
3150	-69.83000321537256	100.0	-73.201004	45.30411	60.599995	-226.70001	100.0	3 h 44 min 14 sec
3200	-106.42000400573015	100.0	-82.739006	26.780811	-23.800003	-171.40001	100.0	3 h 48 min 57 sec
3250	-96.40500375777484	100.0	-72.092	28.227907	30.749998	-128.05	100.0	3 h 54 min 38 sec
3300	-114.89500369615853	100.0	-83.215	27.55603	-10.250002	-168.90001	100.0	4 h 0 min 1 sec
3350	-123.62000399045647	100.0	-77.453	42.1454	33.55	-191.35	100.0	4 h 5 min 46 sec
3400	-108.0500034045428	100.0	-75.328	31.634249	6.299997	-132.35	100.0	4 h 10 min 4 sec
3450	-144.28000544011593	100.0	-69.748	31.738914	-9.750004	-135.75	100.0	4 h 15 min 7 sec
3500	-154.66000423431396	100.0	-77.951004	34.51825	-4.2500033	-196.05	100.0	4 h 20 min 24 sec
3550	-142.58000458925963	100.0	-75.51	30.068003	9.799997	-128.95	100.0	4 h 25 min 49 sec
3600	-164.60000476390124	100.0	-80.21801	28.651253	0.49999672	-125.350006	100.0	4 h 30 min 56 sec
3650	-133.72500479072332	100.0	-74.978	31.15395	27.799995	-131.55	100.0	4 h 35 min 55 sec
3700	-131.04000375792384	100.0	-78.692	30.396881	1.2999974	-152.15001	100.0	4 h 40 min 4 sec
3750	-138.00500451214612	100.0	-71.78	28.482637	-7.4500027	-139.3	100.0	4 h 43 min 49 sec
3800	-154.41000414304435	100.0	-69.086	36.030212	7.3499975	-149.6	100.0	4 h 47 min 50 sec
3850	-158.58000469878317	100.0	-74.07801	30.784796	3.0999959	-136.25	100.0	4 h 51 min 52 sec
3900	-161.5500046927482	100.0	-75.977005	24.812117	-20.450005	-137.15001	100.0	4 h 55 min 36 sec
3950	-135.58000467792152	100.0	-77.114006	29.121649	-13.6500025	-133.15001	100.0	4 h 59 min 33 sec
4000	-144.48000432513655	100.0	-70.628	35.39984	-6.4000034	-162.70001	100.0	5 h 3 min 29 sec
4050	-134.7050046503544	100.0	-68.08101	32.074684	10.699997	-136.0	100.0	5 h 7 min 29 sec
4100	-113.2550038561225	100.0	-68.748	27.222115	2.7499971	-125.950005	100.0	5 h 11 min 27 sec
4150	-100.35500339940191	100.0	-68.314	32.370403	1.0999966	-148.8	100.0	5 h 15 min 12 sec
4200	-147.31000442691146	100.0	-63.832	34.772476	32.549995	-145.2	100.0	5 h 19 min 22 sec
4250	-152.38000486269593	100.0	-70.44601	32.29528	16.649996	-138.65001	100.0	5 h 23 min 34 sec
4300	-146.25000470764934	100.0	-76.258	30.307106	20.699997	-126.600006	100.0	5 h 27 min 26 sec
4350	-132.45000451393426	100.0	-77.999	32.281647	-8.700002	-192.0	100.0	5 h 31 min 20 sec
4400	-110.0300034634769	100.0	-64.11301	29.896568	10.899997	-124.9	100.0	5 h 35 min 0 sec
4450	-133.55500447750092	100.0	-73.257	27.571175	5.6999974	-123.100006	100.0	5 h 38 min 51 sec
4500	-70.5750035930425	100.0	-66.013	30.418941	44.399998	-119.100006	100.0	5 h 42 min 55 sec
4550	-138.19500458724798	100.0	-69.068	30.791782	-12.500003	-118.850006	100.0	5 h 46 min 57 sec
4600	-111.5500040832907	100.0	-64.797005	26.635303	-10.350003	-118.15	100.0	5 h 51 min 4 sec
4650	-85.53500292859971	100.0	-66.718	33.41049	16.249996	-122.3	100.0	5 h 55 min 51 sec
4700	-99.91500429548323	100.0	-84.788994	36.554775	-18.550003	-226.3	100.0	6 h 1 min 7 sec
4750	-123.90000430047512	100.0	-63.655006	32.99214	34.849995	-131.40001	100.0	6 h 6 min 27 sec
4800	-78.63000383749605	100.0	-65.853004	37.757854	43.049995	-141.55	100.0	6 h 11 min 41 sec
4850	-89.02000387459994	100.0	-71.561005	28.314116	-5.550003	-131.8	100.0	6 h 16 min 58 sec
4900	-84.76500348187983	100.0	-64.454	29.412302	-3.6000037	-143.2	100.0	6 h 21 min 57 sec
4950	-105.00000440701842	100.0	-61.159004	32.350296	7.6499977	-152.8	100.0	6 h 26 min 55 sec
5000	-90.95000411570072	100.0	-59.544003	24.331573	7.799997	-112.50001	100.0	6 h 31 min 44 sec
5050	-92.70500354990364	100.0	-68.381004	34.917747	46.949997	-131.5	100.0	6 h 36 min 15 sec
5100	-75.67500349804759	100.0	-53.204002	31.678314	40.899998	-117.65	100.0	6 h 40 min 9 sec
5150	-90.43000353313982	100.0	-72.42701	33.158222	5.5999975	-163.8	100.0	6 h 44 min 10 sec
5200	-126.07500376217067	100.0	-62.807007	31.383339	13.199998	-136.90001	100.0	6 h 48 min 9 sec
5250	-95.26000396423042	100.0	-62.295	30.37541	2.899998	-139.75	100.0	6 h 52 min 17 sec
5300	-119.04000413864851	100.0	-65.374	26.05494	6.599998	-132.15001	100.0	6 h 56 min 23 sec
5350	-81.70000357441604	100.0	-60.938004	43.94291	50.85	-178.70001	100.0	7 h 0 min 13 sec
5400	-122.69000399634243	100.0	-62.372	29.774813	-2.3500023	-115.450005	100.0	7 h 4 min 34 sec
5450	-60.78000246994198	100.0	-51.001	33.706562	27.799997	-147.25	100.0	7 h 8 min 33 sec
5500	-75.215003253147	100.0	-54.290005	28.011045	33.6	-100.850006	100.0	7 h 12 min 34 sec
5550	-75.61000349409878	100.0	-61.544003	28.866825	-1.6000037	-125.75	100.0	7 h 16 min 40 sec
5600	-100.99000347815453	100.0	-55.107002	32.915627	42.249996	-118.0	100.0	7 h 20 min 33 sec
5650	-79.22500312887132	100.0	-45.665005	34.38121	42.799995	-96.65	100.0	7 h 24 min 18 sec
5700	-110.69500576369464	100.0	-61.385	34.65125	29.299997	-137.15001	100.0	7 h 28 min 9 sec
5750	-69.2300028860569	100.0	-53.3	29.833477	26.299997	-108.4	100.0	7 h 31 min 58 sec
5800	-97.39000346176326	100.0	-53.045	37.47496	47.449997	-108.75	100.0	7 h 35 min 48 sec
5850	-45.61000340171158	100.0	-60.149002	29.389378	0.34999803	-121.65001	100.0	7 h 39 min 38 sec
5900	-58.970003445446494	100.0	-52.355	36.892696	66.899994	-110.75	100.0	7 h 43 min 29 sec
5950	-83.28000355362892	100.0	-49.133003	39.284767	36.699997	-143.25	100.0	7 h 47 min 24 sec
6000	-117.25500405989587	100.0	-52.335007	39.00962	87.299995	-149.8	100.0	7 h 51 min 28 sec
6050	-76.90500335507095	100.0	-54.677002	34.408005	79.35	-109.700005	100.0	7 h 55 min 28 sec
6100	-85.46000492833555	100.0	-63.625004	32.480984	19.099997	-139.95001	100.0	7 h 58 min 11 sec
6150	-59.265002984926106	100.0	-42.708004	36.62629	47.849995	-113.55	100.0	8 h 0 min 45 sec
6200	-90.3800042964518	100.0	-54.326	33.81991	67.6	-111.15	100.0	8 h 3 min 28 sec
6250	-61.26000349707901	100.0	-56.543007	39.11321	9.499996	-144.95	100.0	8 h 6 min 6 sec
6300	-82.70000410377979	100.0	-42.816998	43.01837	112.049995	-138.65001	100.0	8 h 8 min 46 sec
6350	-66.59000333026052	100.0	-51.442005	40.347443	61.749996	-128.3	100.0	8 h 11 min 27 sec
6400	-73.39500281661749	100.0	-44.884	38.538044	63.249996	-150.40001	100.0	8 h 14 min 6 sec
6450	-67.83500389121473	100.0	-45.533005	28.469233	30.099998	-101.0	100.0	8 h 16 min 44 sec
6500	-60.2650036804378	100.0	-50.725	24.613817	-0.45000434	-107.55	100.0	8 h 19 min 19 sec
6550	-63.6000034712255	100.0	-56.55301	33.88155	23.549997	-143.25	100.0	8 h 22 min 3 sec
6600	-67.32000376582145	100.0	-50.421	30.800232	7.899997	-120.6	100.0	8 h 24 min 40 sec
6650	-77.94000392220914	100.0	-46.855003	40.26049	60.249996	-125.700005	100.0	8 h 27 min 18 sec
6700	-81.48000447526574	100.0	-44.45701	37.63246	59.3	-100.950005	100.0	8 h 29 min 57 sec
6750	-38.47000237628818	100.0	-50.153004	31.801973	29.249996	-119.350006	100.0	8 h 32 min 29 sec
6800	-73.7450031492859	100.0	-43.812	29.945677	43.549995	-94.75	100.0	8 h 35 min 7 sec
6850	-98.72500373870135	100.0	-50.906006	32.778713	37.3	-124.25	100.0	8 h 37 min 50 sec
6900	-67.30500300265848	100.0	-44.315	33.305687	37.3	-116.0	100.0	8 h 40 min 24 sec
6950	-80.25000343285501	100.0	-46.72	36.81341	51.649998	-110.25	100.0	8 h 43 min 4 sec
7000	-48.81000323817134	100.0	-55.994003	30.917662	33.1	-115.450005	100.0	8 h 45 min 41 sec
7050	-54.710003815218805	100.0	-38.794003	33.801888	42.85	-113.3	100.0	8 h 48 min 22 sec
7100	-74.46000357419253	100.0	-33.496006	36.939697	34.649998	-118.3	100.0	8 h 50 min 59 sec
7150	-61.965002520754936	100.0	-50.966	40.80336	42.249996	-177.90001	100.0	8 h 53 min 37 sec
7200	-30.935003440082074	100.0	-43.613003	34.09064	27.699997	-116.100006	100.0	8 h 56 min 22 sec
7250	-60.62000437118113	100.0	-34.95	36.597626	73.399994	-117.0	100.0	8 h 58 min 56 sec
7300	-40.835003410279754	100.0	-40.36	34.726086	38.25	-129.8	100.0	9 h 1 min 34 sec
7350	-31.100002888590097	100.0	-41.248	36.03113	76.95	-116.4	100.0	9 h 4 min 11 sec
7400	-30.390003633126618	100.0	-33.499004	33.690155	69.45	-118.5	100.0	9 h 6 min 48 sec
7450	-76.73000361062586	100.0	-37.509007	42.956203	57.899998	-138.7	100.0	9 h 9 min 28 sec
7500	-57.235003027319905	100.0	-40.563004	33.524517	37.05	-103.75	100.0	9 h 12 min 3 sec
7550	-93.63000350445509	100.0	-35.977	40.330353	82.45	-112.85	100.0	9 h 14 min 45 sec
7600	-32.100003687292336	100.0	-37.287003	35.445797	71.799995	-97.850006	100.0	9 h 17 min 29 sec
7650	-55.21500330343842	100.0	-43.399002	34.023006	39.449997	-93.950005	100.0	9 h 20 min 7 sec
7700	-39.16500328704715	100.0	-38.043003	40.232464	47.199997	-181.8	100.0	9 h 22 min 46 sec
7750	-73.36500310301781	100.0	-40.818005	33.315144	25.149998	-107.0	100.0	9 h 25 min 23 sec
7800	-44.68000375702977	100.0	-43.158005	43.385612	54.449997	-119.9	100.0	9 h 28 min 3 sec
7850	-91.26000393182039	100.0	-34.552002	40.767548	70.4	-111.15	100.0	9 h 30 min 47 sec
7900	-68.69500288516284	100.0	-41.653008	33.490643	36.049995	-163.75	100.0	9 h 33 min 29 sec
7950	-45.20000343620777	100.0	-34.608006	38.034683	74.25	-135.15001	100.0	9 h 36 min 6 sec
8000	-76.98500289618968	100.0	-27.193	40.285797	99.549995	-87.25001	100.0	9 h 38 min 47 sec
8050	-52.6600031927228	100.0	-33.672005	37.383476	47.899998	-122.55	100.0	9 h 41 min 29 sec
8100	-79.54500391669572	100.0	-35.378002	37.569294	55.949997	-134.2	100.0	9 h 44 min 12 sec
8150	-65.47000358775259	100.0	-35.758003	47.617683	111.25	-126.00001	100.0	9 h 46 min 53 sec
8200	-22.970003347843885	100.0	-41.955	35.8514	67.299995	-116.450005	100.0	9 h 49 min 33 sec
8250	-41.36500331200659	100.0	-42.218002	34.560104	49.85	-132.35	100.0	9 h 52 min 13 sec
8300	-76.84500355906785	100.0	-51.008003	36.8758	29.799997	-143.90001	100.0	9 h 54 min 45 sec
8350	-45.190003322064875	100.0	-45.144005	28.280628	31.749998	-93.55	100.0	9 h 57 min 20 sec
8400	-48.14500276446343	100.0	-43.175003	28.299257	17.499998	-88.4	100.0	9 h 59 min 57 sec
8450	-56.73000289388001	100.0	-43.692	35.492157	64.65	-108.100006	100.0	10 h 2 min 38 sec
8500	-97.78000418804587	100.0	-48.548004	40.950512	55.649998	-119.5	100.0	10 h 5 min 12 sec
8550	-49.03500308766961	100.0	-61.317	37.336475	27.349998	-130.3	100.0	10 h 7 min 49 sec
8600	-73.86500300727785	100.0	-34.303	35.120087	51.249996	-122.950005	100.0	10 h 10 min 38 sec
8650	-80.22500337176025	100.0	-44.537003	36.698162	34.799995	-116.05	100.0	10 h 13 min 20 sec
8700	-99.73500390537083	100.0	-49.904003	30.884008	24.399998	-111.75	100.0	10 h 16 min 6 sec
8750	-55.015002793446186	100.0	-43.678	42.747055	52.6	-135.2	100.0	10 h 18 min 47 sec
8800	-94.04000332057475	100.0	-43.769005	44.991802	82.25	-120.0	100.0	10 h 21 min 30 sec
8850	-70.56500328481198	100.0	-35.929005	40.554527	76.85	-131.7	100.0	10 h 24 min 8 sec
8900	-27.485003822669388	100.0	-44.965	43.58676	73.6	-119.85	100.0	10 h 26 min 53 sec
8950	-54.95000262670219	100.0	-35.813004	46.53679	101.0	-104.65	100.0	10 h 29 min 27 sec
9000	-24.075003765150903	100.0	-45.247005	41.9723	37.999996	-113.15	100.0	10 h 32 min 9 sec
9050	-53.34000330902636	100.0	-39.515003	40.397137	77.45	-102.350006	100.0	10 h 34 min 47 sec
9100	-53.82000335007906	100.0	-28.72	39.17198	103.549995	-89.3	100.0	10 h 37 min 27 sec
9150	-45.60500382333994	100.0	-40.075	37.317524	40.399998	-109.4	100.0	10 h 40 min 5 sec
9200	-62.06000363081694	100.0	-43.184	39.257427	83.25	-132.55	100.0	10 h 42 min 42 sec
9250	-68.46500354819	100.0	-40.456005	42.049572	63.749996	-106.55	100.0	10 h 45 min 25 sec
9300	-63.76500403136015	100.0	-47.513004	38.8892	36.049995	-133.45	100.0	10 h 48 min 8 sec
9350	-120.65000551380217	100.0	-44.985004	37.8064	36.8	-110.950005	100.0	10 h 50 min 44 sec
9400	-66.03500431217253	100.0	-39.646004	39.394497	52.149998	-121.9	100.0	10 h 53 min 23 sec
9450	-76.56500358469785	100.0	-38.757004	49.635437	85.0	-152.75	100.0	10 h 56 min 3 sec
9500	-56.91500370912254	100.0	-26.262001	42.402637	101.4	-108.200005	100.0	10 h 58 min 45 sec
9550	-55.055002903565764	100.0	-32.907005	42.8681	82.25	-130.95	100.0	11 h 1 min 25 sec
9600	-44.455003067106006	100.0	-40.65	43.648582	55.999996	-167.1	100.0	11 h 4 min 7 sec
9650	-97.55000366307794	100.0	-43.181	37.40231	81.549995	-114.950005	100.0	11 h 6 min 46 sec
9700	-86.42500420697033	100.0	-33.329002	40.203606	51.949997	-114.200005	100.0	11 h 9 min 24 sec
9750	-63.860003075376156	100.0	-41.848007	33.305588	46.049995	-131.6	100.0	11 h 12 min 8 sec
9800	-93.44000435806811	100.0	-27.236004	48.28808	108.899994	-106.8	100.0	11 h 14 min 51 sec
9850	-29.7500035520643	100.0	-40.777	38.1594	55.8	-109.3	100.0	11 h 17 min 27 sec
9900	-71.54500417672098	100.0	-35.516003	37.51495	42.899998	-120.0	100.0	11 h 20 min 16 sec
9950	-46.92000286206603	100.0	-44.802002	41.5764	46.35	-127.75	100.0	11 h 22 min 54 sec
10000	-52.15000334568322	100.0	-31.331003	45.271675	73.15	-123.4	100.0	11 h 25 min 35 sec
10050	-53.73000288903713	100.0	-25.541004	39.838478	46.1	-121.350006	100.0	11 h 28 min 15 sec
10100	-73.16000369228422	100.0	-33.862003	46.067978	71.799995	-141.0	100.0	11 h 30 min 50 sec
10150	-7.865003857016563	100.0	-48.17201	34.972866	41.399998	-114.3	100.0	11 h 33 min 33 sec
10200	-54.58500325754285	100.0	-22.468002	36.343872	44.299995	-135.0	100.0	11 h 36 min 9 sec
10250	-47.38000305369496	100.0	-39.251007	44.657513	54.949997	-172.35	100.0	11 h 38 min 49 sec
10300	7.899997195601463	100.0	-24.59	48.584946	117.85	-103.15	100.0	11 h 41 min 30 sec
10350	-53.41000407710671	100.0	-23.344002	38.186356	69.25	-117.0	100.0	11 h 44 min 11 sec
10400	-45.63000290691853	100.0	-34.405003	42.615868	51.399998	-99.950005	100.0	11 h 46 min 51 sec
10450	-109.05000593438744	100.0	-28.959002	38.020992	80.1	-119.0	100.0	11 h 49 min 34 sec
10500	-76.87500381469727	100.0	-33.391003	38.183613	50.749996	-114.75	100.0	11 h 52 min 13 sec
10550	-44.170003063231704	100.0	-23.977005	45.042706	78.799995	-110.200005	100.0	11 h 54 min 48 sec
10600	-19.935003019869328	100.0	-20.844004	44.69038	100.85	-132.15001	100.0	11 h 57 min 30 sec
10650	-31.225003332272173	100.0	-24.071003	43.743935	102.25	-121.75	100.0	12 h 0 min 10 sec
10700	-55.42000346519053	100.0	-27.297003	35.757217	63.649998	-118.8	100.0	12 h 2 min 50 sec
10750	-29.88500384874642	100.0	-33.165005	39.844467	69.5	-144.3	100.0	12 h 5 min 26 sec
10800	-59.81500463075936	100.0	-34.567	39.004154	52.8	-115.450005	100.0	12 h 8 min 11 sec
10850	-59.25000370144844	100.0	-34.288002	36.09124	63.049995	-135.3	100.0	12 h 10 min 51 sec
10900	-26.720002805441617	100.0	-31.895008	39.120403	70.5	-125.450005	100.0	12 h 13 min 33 sec
10950	-39.72000392489135	100.0	-23.908003	38.190033	59.399998	-108.75	100.0	12 h 16 min 8 sec
11000	-44.73000333793461	100.0	-25.443003	44.87383	91.9	-183.40001	100.0	12 h 18 min 44 sec
11050	-26.915003095939756	100.0	-36.103	38.493435	49.55	-146.85	100.0	12 h 21 min 25 sec
11100	-32.710003818571565	100.0	-35.199005	39.635532	43.3	-117.75	100.0	12 h 24 min 8 sec
11150	-68.12500348500907	100.0	-25.851004	38.59	40.1	-145.65001	100.0	12 h 26 min 50 sec
11200	-59.530005405843255	100.0	-35.131004	39.434307	59.699997	-139.1	100.0	12 h 29 min 32 sec
11250	-49.63000465780497	100.0	-34.174	35.669987	55.649998	-123.5	100.0	12 h 32 min 12 sec
11300	-28.550003441795706	100.0	-43.124004	44.44322	72.0	-140.6	100.0	12 h 34 min 53 sec
11350	-49.70000422075391	100.0	-22.249	47.377735	105.85	-151.45001	100.0	12 h 37 min 30 sec
11400	-54.55000454261899	100.0	-24.855003	36.001114	54.449997	-94.850006	100.0	12 h 40 min 15 sec
11450	-50.70500387325883	100.0	-18.551003	36.140903	49.499996	-95.65	100.0	12 h 43 min 17 sec
11500	-109.64000530056656	100.0	-34.995003	43.357635	89.25	-130.55	100.0	12 h 46 min 4 sec
11550	-51.27000393643975	100.0	-21.614002	48.171993	81.85	-129.95	100.0	12 h 49 min 1 sec
11600	-21.070003256201744	100.0	-37.248	40.791878	35.949997	-129.95	100.0	12 h 51 min 58 sec
11650	-30.61000306531787	100.0	-15.8270035	39.78877	114.75	-87.25	100.0	12 h 54 min 52 sec
11700	-18.985003159567714	100.0	-31.168003	38.23143	37.749996	-122.55	100.0	12 h 57 min 44 sec
11750	-52.30000310577452	100.0	-34.518005	36.05826	39.55	-105.950005	100.0	13 h 0 min 27 sec
11800	-45.14500328451395	100.0	-21.995003	43.057175	75.5	-109.25	100.0	13 h 3 min 14 sec
11850	-29.625003464147447	100.0	-24.930004	41.231926	95.0	-118.350006	100.0	13 h 5 min 51 sec
11900	-9.175002177804709	100.0	-30.820002	53.941547	117.7	-132.45	100.0	13 h 8 min 24 sec
11950	-59.61000379063189	100.0	-32.337006	32.799458	37.999996	-94.200005	100.0	13 h 11 min 8 sec
12000	-7.100003523752093	100.0	-26.839	42.292225	81.549995	-113.950005	100.0	13 h 13 min 58 sec
12050	-62.63000373728573	100.0	-21.784002	38.949905	82.95	-90.65	100.0	13 h 16 min 48 sec
12100	-22.205003003403544	100.0	-28.177004	33.05219	43.899998	-101.700005	100.0	13 h 19 min 36 sec
12150	-26.435002675652505	100.0	-20.256002	33.785145	46.999996	-107.15	100.0	13 h 22 min 39 sec
12200	-44.365002823993564	100.0	-29.635002	42.219128	72.6	-121.75	100.0	13 h 25 min 15 sec
12250	-49.12500375844538	100.0	-18.820004	39.951702	89.25	-122.8	100.0	13 h 28 min 10 sec
12300	-24.910003452003004	100.0	-26.002003	38.65147	57.449997	-110.5	100.0	13 h 31 min 8 sec
12350	-57.49000320881605	100.0	-31.291004	42.478657	55.749996	-138.45001	100.0	13 h 34 min 2 sec
12400	-42.94500300772488	100.0	-31.624	39.408104	65.899994	-125.8	100.0	13 h 36 min 42 sec
12450	-3.8550034422427415	100.0	-28.211004	39.4534	66.649994	-133.3	100.0	13 h 39 min 18 sec
12500	-47.435003240033986	100.0	-36.768	35.268295	34.85	-113.850006	100.0	13 h 42 min 11 sec
12550	-40.54500365592539	100.0	-18.858004	38.934143	75.85	-113.6	100.0	13 h 45 min 17 sec
12600	-43.44000399038195	100.0	-37.102005	34.284042	19.099997	-118.75	100.0	13 h 48 min 14 sec
12650	-49.945003331825134	100.0	-17.947002	41.946392	80.95	-97.4	100.0	13 h 51 min 16 sec
12700	-56.52000371180475	100.0	-17.061003	37.53567	69.049995	-100.350006	100.0	13 h 53 min 55 sec
12750	1.5599971398711205	100.0	-28.526001	40.250896	74.549995	-104.950005	100.0	13 h 56 min 34 sec
12800	-23.49000322818756	100.0	-21.157	39.209656	57.949997	-91.65	100.0	13 h 59 min 10 sec
12850	-44.48500616438687	100.0	-26.910006	41.226025	66.2	-102.850006	100.0	14 h 1 min 47 sec
12900	-47.3250037971884	100.0	-24.431004	45.449406	91.85	-136.55	100.0	14 h 4 min 21 sec
12950	-59.13000459596515	100.0	-27.433002	40.915127	37.249996	-115.700005	100.0	14 h 6 min 57 sec
13000	-23.520003343001008	100.0	-5.608003	47.88928	141.95	-116.75	100.0	14 h 9 min 32 sec
13050	-15.790003146976233	100.0	-25.538002	41.0069	55.35	-120.200005	100.0	14 h 12 min 4 sec
13100	-55.44500448741019	100.0	-24.521004	31.55891	33.1	-95.4	100.0	14 h 14 min 44 sec
13150	-71.61000344604254	100.0	-12.911003	45.009533	90.549995	-105.100006	100.0	14 h 17 min 25 sec
13200	-37.59000298045576	100.0	-37.107006	41.877422	61.999996	-116.25	100.0	14 h 20 min 1 sec
13250	-56.23000359497964	100.0	-32.956	42.201508	87.149994	-180.65001	100.0	14 h 22 min 37 sec
13300	-60.505004309862855	100.0	-23.692001	43.652668	61.699997	-118.200005	100.0	14 h 25 min 13 sec
13350	-44.995003098621964	100.0	-34.382004	42.709267	32.799995	-134.6	100.0	14 h 27 min 50 sec
13400	-70.69000353179872	100.0	-25.128002	47.376194	77.85	-131.65001	100.0	14 h 30 min 30 sec
13450	-109.6400041885674	100.0	-39.310005	42.18074	50.249996	-133.65001	100.0	14 h 33 min 8 sec
13500	-38.84000286869705	100.0	-29.229006	40.555115	72.649994	-125.350006	100.0	14 h 35 min 46 sec
13550	-45.125002994015816	100.0	-27.343002	41.03317	38.699997	-169.50002	100.0	14 h 38 min 25 sec
13600	-86.44500353895128	100.0	-42.147003	35.20302	41.899998	-109.450005	100.0	14 h 41 min 8 sec
13650	-36.575003154575825	100.0	-30.300003	34.178436	28.099998	-103.15	100.0	14 h 43 min 44 sec
13700	-52.240004021301864	100.0	-27.208002	42.46071	76.549995	-127.25	100.0	14 h 46 min 21 sec
13750	-28.805002434551717	100.0	-14.544003	35.961163	42.249996	-95.35	100.0	14 h 49 min 2 sec
13800	-16.090003263950347	100.0	-18.499004	43.89078	88.35	-110.25	100.0	14 h 51 min 37 sec
13850	-37.815003600716594	100.0	-28.328001	36.218044	44.3	-113.450005	100.0	14 h 54 min 14 sec
13900	-92.29500494487584	100.0	-25.337002	39.24386	107.95	-127.950005	100.0	14 h 56 min 52 sec
13950	-64.43000373840331	100.0	-27.417007	38.305992	85.95	-95.600006	100.0	14 h 59 min 27 sec
14000	-44.08500335514545	100.0	-17.383001	49.31932	117.9	-112.850006	100.0	15 h 2 min 6 sec
14050	-28.975003201887013	100.0	-14.342006	43.56138	132.05	-100.600006	100.0	15 h 4 min 44 sec
14100	-44.39500297494233	100.0	-20.963001	37.787735	49.449997	-105.15	100.0	15 h 7 min 19 sec
14150	-35.730003434047106	100.0	-18.635002	44.426826	101.549995	-92.100006	100.0	15 h 9 min 56 sec
14200	-38.13500325344503	100.0	-15.719004	38.788677	95.799995	-101.05	100.0	15 h 12 min 33 sec
14250	-36.06500371992588	100.0	-23.400002	42.894997	51.6	-120.5	100.0	15 h 15 min 6 sec
14300	-61.80500400550663	100.0	-24.570002	40.19148	68.7	-107.9	100.0	15 h 17 min 44 sec
14350	-135.0800066176802	100.0	-27.421999	37.1206	62.35	-120.75	100.0	15 h 20 min 18 sec
14400	-38.83000305071473	100.0	-31.078001	44.192356	55.199997	-131.65001	100.0	15 h 23 min 5 sec
14450	-34.565003615245224	100.0	-27.765003	41.183765	72.45	-127.950005	100.0	15 h 25 min 46 sec
14500	-36.1300035700202	100.0	-28.249004	37.357384	58.399998	-127.15	100.0	15 h 28 min 23 sec
14550	-38.81000380292535	100.0	-21.595005	41.82825	56.8	-114.25	100.0	15 h 30 min 59 sec
14600	-74.2050036098808	100.0	-25.064003	40.66696	64.2	-106.25	100.0	15 h 33 min 34 sec
14650	-21.825003133714198	100.0	-21.059004	37.23609	59.999996	-109.05	100.0	15 h 36 min 5 sec
14700	-50.67500455267727	100.0	-25.889002	41.836136	72.649994	-114.700005	100.0	15 h 38 min 42 sec
14750	-35.355002848804	100.0	-12.501002	41.294144	116.399994	-105.65	100.0	15 h 41 min 16 sec
14800	-19.985003223642707	100.0	-15.717002	36.209965	89.899994	-95.75	100.0	15 h 43 min 46 sec
14850	-34.705003299191596	100.0	-30.607002	46.053932	108.049995	-136.90001	100.0	15 h 46 min 23 sec
14900	-22.17500336356461	100.0	-12.781003	38.49374	67.6	-132.05	100.0	15 h 48 min 59 sec
14950	-35.13000366613269	100.0	-25.694002	40.162754	122.6	-118.55	100.0	15 h 51 min 33 sec
15000	-16.475002619251608	100.0	-20.200003	42.239544	114.85	-115.100006	100.0	15 h 54 min 13 sec
15050	-28.31000312641263	100.0	-18.121002	40.959152	59.449997	-114.55	100.0	15 h 56 min 45 sec
15100	-40.695003813132644	100.0	-21.435003	38.88248	94.95	-96.8	100.0	15 h 59 min 24 sec
15150	-12.960003550723195	100.0	-19.704002	28.816769	35.55	-102.3	100.0	16 h 1 min 58 sec
15200	-46.030003890395164	100.0	-24.889002	44.605545	87.95	-105.15	100.0	16 h 4 min 31 sec
15250	-52.03500353693962	100.0	-10.483003	41.879974	90.399994	-166.90001	100.0	16 h 7 min 10 sec
15300	-17.940002356097104	100.0	-21.627005	44.605186	84.6	-121.700005	100.0	16 h 9 min 42 sec
15350	-81.05500429645181	100.0	-8.309003	42.5518	108.549995	-84.6	100.0	16 h 12 min 21 sec
15400	-15.355002743005752	100.0	-12.003003	35.301903	97.399994	-96.850006	100.0	16 h 15 min 0 sec
15450	-53.35000396072864	100.0	-15.102002	37.65409	39.399998	-127.850006	100.0	16 h 17 min 34 sec
15500	-54.31500367373228	100.0	-9.963003	38.306614	68.2	-78.3	100.0	16 h 20 min 3 sec
15550	-29.125003625452518	100.0	-13.914002	37.617607	86.649994	-120.75	100.0	16 h 22 min 36 sec
15600	-38.12500309348106	100.0	-14.974003	38.543026	72.799995	-87.55	100.0	16 h 25 min 19 sec
15650	-25.57000306993723	100.0	-11.646002	40.72395	99.149994	-119.0	100.0	16 h 27 min 58 sec
15700	-45.49500431977212	100.0	-24.949001	44.75829	124.25	-96.05	100.0	16 h 30 min 34 sec
15750	-20.270002811029553	100.0	-26.467003	44.599884	89.899994	-112.600006	100.0	16 h 33 min 8 sec
15800	-32.25500353239477	100.0	-10.634003	32.18907	75.2	-76.5	100.0	16 h 35 min 40 sec
15850	-58.70000336542726	100.0	-11.704002	37.439476	71.049995	-86.850006	100.0	16 h 38 min 18 sec
15900	-27.075002444162966	100.0	-19.528002	43.501534	81.75	-96.450005	100.0	16 h 40 min 51 sec
15950	-65.22500307559967	100.0	-21.247002	44.853737	100.5	-102.15	100.0	16 h 43 min 30 sec
16000	-46.61500290185213	100.0	-14.821002	41.785275	106.549995	-89.9	100.0	16 h 46 min 7 sec
16050	-19.360004134103654	100.0	-23.781004	37.450653	38.699997	-97.100006	100.0	16 h 48 min 44 sec
16100	-89.31500447317958	100.0	-20.996004	32.851032	68.399994	-88.25	100.0	16 h 51 min 20 sec
16150	-27.965002727136017	100.0	-30.585005	42.316986	59.05	-110.3	100.0	16 h 53 min 51 sec
16200	-56.02000318802893	100.0	-13.615003	36.567688	73.7	-91.35	100.0	16 h 56 min 29 sec
16250	-72.64500370882452	100.0	-17.209002	43.78024	83.7	-110.200005	100.0	16 h 59 min 6 sec
16300	-25.32000338360667	100.0	-28.305002	40.56965	41.349995	-121.0	100.0	17 h 1 min 40 sec
16350	-19.04000335149467	100.0	-17.680002	36.763744	89.85	-94.55	100.0	17 h 4 min 13 sec
16400	-17.67500257641077	100.0	-12.691002	41.227886	87.2	-76.05	100.0	17 h 6 min 45 sec
16450	-74.62000300772488	100.0	-22.605	38.595894	110.5	-91.5	100.0	17 h 9 min 23 sec
16500	-40.61000386141241	100.0	-18.865005	57.478634	103.049995	-198.95001	100.0	17 h 11 min 56 sec
16550	-5.585003320127726	100.0	-15.624002	40.336422	66.1	-100.25	100.0	17 h 14 min 32 sec
16600	-15.510003682598471	100.0	-23.123003	51.903492	102.799995	-191.3	100.0	17 h 17 min 7 sec
16650	-30.63500256165862	100.0	-12.577002	37.935173	91.25	-104.600006	100.0	17 h 19 min 39 sec
16700	-38.52000394836068	100.0	-0.11700211	42.965782	68.299995	-109.6	100.0	17 h 22 min 15 sec
16750	-37.20500284135342	100.0	-1.3640033	53.604164	130.65	-115.350006	100.0	17 h 24 min 47 sec
16800	18.00999720096588	100.0	-15.061004	40.02583	77.75	-106.600006	100.0	17 h 27 min 20 sec
16850	15.504997234418989	100.0	-13.168002	46.551403	75.75	-133.05	100.0	17 h 29 min 54 sec
16900	-14.025002810359002	100.0	-21.628002	37.71927	59.399998	-145.05	100.0	17 h 32 min 23 sec
16950	-17.505002604424952	100.0	-9.953003	37.22867	83.95	-67.05	100.0	17 h 34 min 59 sec
17000	-28.690002750977875	100.0	-17.639004	38.96635	59.249996	-117.950005	100.0	17 h 37 min 34 sec
17050	10.21499718427658	100.0	-15.673003	41.63159	83.7	-93.350006	100.0	17 h 40 min 8 sec
17100	-10.605002777650952	100.0	-0.84700197	43.35903	89.299995	-79.700005	100.0	17 h 42 min 49 sec
17150	-14.450002522021531	100.0	-12.677003	41.062187	66.549995	-97.9	100.0	17 h 45 min 21 sec
17200	-41.57500287517905	100.0	-25.301003	39.180965	67.75	-97.4	100.0	17 h 47 min 52 sec
17250	-40.045003397017716	100.0	-25.712002	40.146523	89.899994	-98.8	100.0	17 h 50 min 28 sec
17300	-66.20000459961594	100.0	-10.555002	40.631382	67.049995	-106.65	100.0	17 h 53 min 6 sec
17350	-3.275002748891711	100.0	-11.943003	45.536022	134.95	-98.600006	100.0	17 h 55 min 39 sec
17400	-34.250003648176786	100.0	-9.322003	39.15598	62.449997	-101.200005	100.0	17 h 58 min 16 sec
17450	-44.060003177821635	100.0	-4.021003	45.79148	98.75	-77.15	100.0	18 h 0 min 54 sec
17500	-5.005002764239907	100.0	-13.073003	35.961174	93.149994	-99.100006	100.0	18 h 3 min 25 sec
17550	-43.35000374615193	100.0	-14.978003	43.986843	74.85	-92.85	100.0	18 h 6 min 1 sec
17600	-45.725003285333514	100.0	-4.6930027	33.263496	84.2	-77.950005	100.0	18 h 8 min 34 sec
17650	-19.47500302307308	100.0	-2.4990032	46.32163	127.35	-109.3	100.0	18 h 11 min 5 sec
17700	-36.82000315412879	100.0	-10.746002	41.0864	105.75	-93.700005	100.0	18 h 13 min 35 sec
17750	-56.73500328175724	100.0	-5.4360027	40.386208	96.65	-81.0	100.0	18 h 16 min 7 sec
17800	-54.515003953501584	100.0	-0.8800033	42.25335	79.049995	-76.350006	100.0	18 h 18 min 43 sec
17850	-7.810003307834267	100.0	-16.437004	37.76845	72.75	-84.65	100.0	18 h 21 min 18 sec
17900	-30.81500356607139	100.0	-3.462002	51.98078	133.84999	-95.05	100.0	18 h 23 min 52 sec
17950	-20.34000395908952	100.0	-16.171003	43.542545	82.6	-122.25001	100.0	18 h 26 min 27 sec
18000	19.354996728152038	100.0	-10.305002	39.28597	74.2	-77.3	100.0	18 h 28 min 58 sec
18050	-29.525003308802845	100.0	-2.6640036	49.61788	107.049995	-121.700005	100.0	18 h 31 min 30 sec
18100	-16.03500253520906	100.0	-14.127003	35.618694	88.149994	-102.850006	100.0	18 h 33 min 43 sec
18150	-32.815002400055526	100.0	-10.269003	43.89803	80.45	-116.3	100.0	18 h 35 min 40 sec
18200	-28.695003041252495	100.0	-10.243003	41.128334	94.75	-107.25	100.0	18 h 37 min 31 sec
18250	3.339997313171625	100.0	-10.177002	43.255116	112.35	-90.700005	100.0	18 h 39 min 27 sec
18300	-35.03000312410295	100.0	-15.212002	39.64851	63.75	-108.850006	100.0	18 h 41 min 27 sec
18350	-49.490002907440065	100.0	-11.505004	32.38818	64.049995	-78.65	100.0	18 h 43 min 26 sec
18400	-65.45500403493642	100.0	-15.2870035	46.84423	75.5	-144.1	100.0	18 h 45 min 25 sec
18450	-18.410002663731575	100.0	-14.464003	37.368374	82.6	-104.100006	100.0	18 h 47 min 20 sec
18500	-76.26000337339937	100.0	-17.127003	36.14355	54.55	-103.8	100.0	18 h 49 min 12 sec
18550	-60.89000390395522	100.0	-12.465001	44.763176	77.35	-116.850006	100.0	18 h 51 min 9 sec
18600	-42.7900030631572	100.0	-11.156003	44.182495	81.549995	-133.3	100.0	18 h 53 min 0 sec
18650	5.389996760338545	100.0	-10.674003	41.18596	81.049995	-99.350006	100.0	18 h 54 min 57 sec
18700	8.929996548220515	100.0	-13.141003	47.777966	90.549995	-121.4	100.0	18 h 56 min 55 sec
18750	-31.500003105401994	100.0	-8.541002	47.632675	128.75	-114.600006	100.0	18 h 58 min 49 sec
18800	-33.810002929344776	100.0	-14.100002	38.962772	79.15	-95.65	100.0	19 h 0 min 44 sec
18850	-23.06000266969204	100.0	-25.509	35.808624	60.899998	-81.350006	100.0	19 h 2 min 37 sec
18900	-43.73500266261399	100.0	-11.944003	46.065475	100.35	-116.0	100.0	19 h 4 min 37 sec
18950	-15.460003361850976	100.0	-14.748002	43.26913	83.95	-122.5	100.0	19 h 6 min 33 sec
19000	-27.985003484413028	100.0	-12.133003	38.57285	70.75	-104.25001	100.0	19 h 8 min 29 sec
19050	-31.430002831295134	100.0	-13.425004	32.5519	59.399998	-90.700005	100.0	19 h 10 min 21 sec
19100	-21.750003489479422	100.0	-8.118003	44.046623	85.399994	-90.700005	100.0	19 h 12 min 14 sec
19150	-38.775003070756796	100.0	-12.068002	44.707073	74.649994	-99.850006	100.0	19 h 14 min 9 sec
19200	-43.38500316329301	100.0	-14.908003	42.748203	129.59999	-110.35	100.0	19 h 16 min 6 sec
19250	-33.95500280223787	100.0	-0.528003	48.740032	105.0	-106.65	100.0	19 h 17 min 59 sec
19300	0.11499715708196163	100.0	-2.5760026	39.613155	71.75	-82.65	100.0	19 h 19 min 52 sec
19350	-31.005002629756927	100.0	-3.4910026	39.638817	101.649994	-68.5	100.0	19 h 21 min 49 sec
19400	-28.415002684295178	100.0	-16.452003	53.365513	94.15	-111.5	100.0	19 h 23 min 42 sec
19450	-30.35500315092504	100.0	-17.847002	46.334988	60.199997	-108.55	100.0	19 h 25 min 36 sec
19500	-5.330002979934216	100.0	-9.9850025	44.219772	98.5	-83.700005	100.0	19 h 27 min 31 sec
19550	-24.820002232119442	100.0	-9.175002	45.45006	118.0	-113.9	100.0	19 h 29 min 24 sec
19600	-25.140002995729446	100.0	-6.2000027	44.54433	94.399994	-89.200005	100.0	19 h 31 min 19 sec
19650	-4.155002638697624	100.0	-0.40300277	50.53486	138.84999	-101.15	100.0	19 h 33 min 19 sec
19700	-14.62500347159803	100.0	-10.713003	36.2372	65.75	-87.65	100.0	19 h 35 min 11 sec
19750	1.079997181519866	100.0	-9.461002	45.290474	106.7	-121.5	100.0	19 h 37 min 3 sec
19800	-6.275003170967102	100.0	-16.381002	40.755146	95.899994	-103.25	100.0	19 h 38 min 59 sec
19850	-18.160003365948796	100.0	-6.7760034	42.28929	89.35	-94.850006	100.0	19 h 40 min 56 sec
19900	-36.11500351056456	100.0	-11.420002	41.161423	92.149994	-116.05	100.0	19 h 42 min 46 sec
19950	-44.33500302955508	100.0	-17.765003	44.284912	79.049995	-134.35	100.0	19 h 44 min 46 sec
20000	-15.455002922564745	100.0	-10.468001	42.748363	84.35	-94.05	100.0	19 h 46 min 40 sec
20050	-21.890003218129277	100.0	-9.339003	43.551643	114.0	-109.9	100.0	19 h 48 min 32 sec
20100	-14.445002590864897	100.0	-7.2380037	43.621105	114.0	-142.8	100.0	19 h 50 min 26 sec
20150	24.75499705336988	100.0	-1.7260032	50.43842	129.65	-105.65	100.0	19 h 52 min 14 sec
20200	-49.05000418052077	100.0	-8.219003	39.29307	83.149994	-92.25	100.0	19 h 54 min 8 sec
20250	6.034996667504311	100.0	-5.6690035	42.633533	76.25	-121.1	100.0	19 h 56 min 5 sec
20300	-46.550003584846856	100.0	-3.639003	47.58903	108.149994	-111.8	100.0	19 h 58 min 1 sec
20350	-7.750002919510007	100.0	-8.927003	49.825127	102.25	-99.350006	100.0	19 h 59 min 55 sec
20400	-31.170003773644567	100.0	-5.8810034	50.17872	109.6	-130.3	100.0	20 h 1 min 50 sec
20450	-40.25500322207809	100.0	-6.253002	42.889606	75.35	-92.0	100.0	20 h 3 min 46 sec
20500	-27.365003161504866	100.0	-7.7390013	48.402794	104.65	-94.200005	100.0	20 h 5 min 40 sec
20550	-43.8000028014183	100.0	-6.422002	45.29755	126.35	-83.55	100.0	20 h 7 min 37 sec
20600	-59.4250030528754	100.0	-6.3800025	45.10541	80.45	-81.100006	100.0	20 h 9 min 31 sec
20650	-0.9300024520605803	100.0	-2.3820028	52.032562	105.45	-119.5	100.0	20 h 11 min 20 sec
20700	-32.680003414675596	100.0	-5.9160023	48.521984	107.2	-105.50001	100.0	20 h 13 min 19 sec
20750	-3.985002774372697	100.0	-10.595002	44.32035	132.55	-103.75	100.0	20 h 15 min 11 sec
20800	-30.200003128498793	100.0	-9.248003	42.74957	95.7	-84.8	100.0	20 h 17 min 8 sec
20850	-4.560002815723419	100.0	7.131997	43.769863	126.6	-64.05	100.0	20 h 18 min 58 sec
20900	9.909996930882334	100.0	8.018997	46.581116	119.6	-91.200005	100.0	20 h 20 min 54 sec
20950	-6.0700024869292974	100.0	-0.5640018	53.748558	125.549995	-109.850006	100.0	20 h 22 min 48 sec
21000	-22.535003086179493	100.0	-10.213001	49.087765	129.0	-104.200005	100.0	20 h 24 min 42 sec
21050	-9.300003218650819	100.0	1.2879981	45.39848	104.85	-81.85	100.0	20 h 26 min 43 sec
21100	21.234997425973415	100.0	-6.9070024	50.08407	98.2	-105.65	100.0	20 h 28 min 37 sec
21150	-54.27500413879752	100.0	-7.751003	48.358036	99.299995	-105.5	100.0	20 h 30 min 33 sec
21200	4.459996678307652	100.0	-1.669003	48.965164	108.85	-115.350006	100.0	20 h 32 min 30 sec
21250	-15.12500340640545	100.0	1.4799974	45.08453	127.299995	-90.65	100.0	20 h 34 min 23 sec
21300	-19.255003103986382	100.0	-9.180002	47.724575	92.35	-107.950005	100.0	20 h 36 min 18 sec
21350	-22.93500299192965	100.0	-5.570003	40.399082	130.8	-85.9	100.0	20 h 38 min 13 sec
21400	-21.10500311627984	100.0	-20.249002	43.59845	76.2	-125.100006	100.0	20 h 40 min 7 sec
21450	18.904997696727513	100.0	1.5399975	46.556652	165.95	-85.4	100.0	20 h 42 min 3 sec
21500	-14.200002896413206	100.0	13.491999	49.83423	114.6	-103.4	100.0	20 h 44 min 2 sec
21550	0.4799972966313362	100.0	-4.3520026	43.408123	78.0	-98.75	100.0	20 h 45 min 57 sec
21600	-35.71000337600708	100.0	-17.958004	51.489197	126.95	-160.70001	100.0	20 h 47 min 54 sec
21650	3.249995818734169	100.0	-11.676003	54.061783	145.34999	-107.65	100.0	20 h 49 min 49 sec
21700	-26.020003106817605	100.0	-18.864002	43.09	67.35	-136.0	100.0	20 h 51 min 45 sec
21750	-30.535003546997906	100.0	3.1119971	47.887333	91.75	-110.4	100.0	20 h 53 min 42 sec
21800	-5.06500285230577	100.0	4.920997	51.184055	123.399994	-116.9	100.0	20 h 55 min 36 sec
21850	-65.28000432774425	100.0	-8.015002	46.63783	86.399994	-124.8	100.0	20 h 57 min 30 sec
21900	16.694997026771308	100.0	0.049997404	50.870953	117.299995	-103.4	100.0	20 h 59 min 29 sec
21950	-26.91000301837921	100.0	-15.225002	49.526512	85.85	-115.3	100.0	21 h 1 min 23 sec
22000	-6.330002995207906	100.0	-6.3830023	42.2151	108.0	-80.75	100.0	21 h 3 min 22 sec
22050	13.849996889755129	100.0	10.692998	46.457897	103.35	-85.4	100.0	21 h 5 min 17 sec
22100	12.354997236654162	100.0	3.2409976	49.76261	107.549995	-95.15	100.0	21 h 7 min 16 sec
22150	-37.350003101304175	100.0	-1.9650024	48.599785	101.95	-89.8	100.0	21 h 9 min 11 sec
22200	11.89999697767198	100.0	11.500998	45.326305	91.45	-82.450005	100.0	21 h 11 min 1 sec
22250	-19.165003060922025	100.0	1.203998	44.958897	124.299995	-98.9	100.0	21 h 12 min 50 sec
22300	-28.03500267788768	100.0	-3.417003	45.634575	96.95	-109.600006	100.0	21 h 14 min 43 sec
22350	-4.42000363022089	100.0	-8.656002	40.87542	89.149994	-91.6	100.0	21 h 16 min 37 sec
22400	-7.930003127083182	100.0	-11.537002	44.027214	86.549995	-111.850006	100.0	21 h 18 min 30 sec
22450	-31.48500342220068	100.0	-6.023002	42.7855	72.45	-105.05	100.0	21 h 20 min 29 sec
22500	-40.895003037527204	100.0	-16.358004	40.99769	91.299995	-111.450005	100.0	21 h 22 min 21 sec
22550	-10.020003192126751	100.0	-1.9410031	42.795616	94.6	-77.9	100.0	21 h 24 min 16 sec
22600	18.614997204020618	100.0	2.0639973	40.598583	105.7	-97.55	100.0	21 h 26 min 6 sec
22650	3.944997573643923	100.0	-2.438002	40.794205	83.95	-94.55	100.0	21 h 27 min 55 sec
22700	5.15499726831913	100.0	6.3199983	41.046917	94.45	-73.9	100.0	21 h 29 min 50 sec
22750	-10.38000286333263	100.0	0.05699768	47.554665	67.25	-129.65001	100.0	21 h 31 min 56 sec
22800	-45.1750033762306	100.0	-4.5160017	51.860622	146.0	-94.950005	100.0	21 h 33 min 52 sec
22850	4.914996802806854	100.0	-6.3710036	38.715775	101.6	-99.450005	100.0	21 h 35 min 48 sec
22900	14.664996780082584	100.0	0.41399705	50.451435	131.95	-109.3	100.0	21 h 37 min 42 sec
22950	-6.860002711042762	100.0	14.1989975	47.9403	133.05	-83.0	100.0	21 h 39 min 35 sec
23000	1.8649966690689326	100.0	-7.702002	40.42228	87.0	-99.600006	100.0	21 h 41 min 23 sec
23050	42.29999706558883	100.0	4.851998	46.864223	120.25	-85.700005	100.0	21 h 43 min 22 sec
23100	-62.2950040306896	100.0	3.2429962	54.11604	130.8	-91.4	100.0	21 h 45 min 16 sec
23150	-8.04500262401998	100.0	-1.8420029	50.51411	105.299995	-108.600006	100.0	21 h 47 min 11 sec
23200	5.634997522458434	100.0	-1.428002	53.98999	130.55	-109.8	100.0	21 h 49 min 3 sec
23250	-43.46500350832939	100.0	-3.0990026	37.538025	80.45	-75.65	100.0	21 h 50 min 57 sec
23300	-27.230003286153078	100.0	3.6249976	52.25756	89.49999	-113.100006	100.0	21 h 52 min 49 sec
23350	-10.795002432912588	100.0	12.522997	46.936203	143.05	-74.9	100.0	21 h 54 min 46 sec
23400	24.929997171461583	100.0	7.6559963	52.513454	169.34999	-73.75	100.0	21 h 56 min 37 sec
23450	-61.65500298067927	100.0	-17.712002	42.61657	71.45	-119.1	100.0	21 h 58 min 28 sec
23500	-28.54500249810517	100.0	-14.548003	44.886654	88.5	-104.4	100.0	22 h 0 min 23 sec
23550	5.369998164474964	100.0	-3.8940024	33.07501	58.649998	-62.100002	100.0	22 h 2 min 22 sec
23600	-8.100002597644925	100.0	-3.5090017	58.478737	111.75	-130.1	100.0	22 h 4 min 14 sec
23650	-21.065002572536468	100.0	0.73699737	50.45206	155.8	-90.15	100.0	22 h 6 min 8 sec
23700	28.949997187033297	100.0	10.027997	47.4466	117.2	-95.15	100.0	22 h 8 min 1 sec
23750	2.529997177794576	100.0	-8.937002	48.266678	112.399994	-140.1	100.0	22 h 9 min 56 sec
23800	-27.50000272728503	100.0	8.526997	41.126648	121.549995	-80.55	100.0	22 h 11 min 44 sec
23850	-36.14500346817076	100.0	-9.610003	37.560776	142.34999	-76.75	100.0	22 h 13 min 36 sec
23900	-45.150003091990946	100.0	-2.3050034	57.771534	143.4	-114.950005	100.0	22 h 15 min 31 sec
23950	-63.37000338286161	100.0	-1.6440022	45.275795	105.5	-121.450005	100.0	22 h 17 min 26 sec
24000	4.439997149258852	100.0	-4.8600025	45.297688	101.049995	-88.700005	100.0	22 h 19 min 20 sec
24050	-1.5350023232400418	100.0	-9.683004	45.09028	105.649994	-92.55	100.0	22 h 21 min 14 sec
24100	1.5349973190575839	100.0	-2.0000029	42.56574	120.049995	-99.350006	100.0	22 h 23 min 6 sec
24150	-27.59000307917595	100.0	-11.069003	46.309612	82.65	-107.1	100.0	22 h 25 min 3 sec
24200	-37.255002906173466	100.0	-13.193002	44.94058	79.5	-96.9	100.0	22 h 26 min 56 sec
24250	-58.37000370249152	100.0	-4.2070017	50.006023	114.0	-121.15	100.0	22 h 28 min 50 sec
24300	-54.04000263512135	100.0	-6.274002	52.122086	128.45	-130.85	100.0	22 h 30 min 45 sec
24350	-4.585003650188446	100.0	10.442997	52.64305	128.0	-82.100006	100.0	22 h 32 min 35 sec
24400	7.3399975430220366	100.0	-10.983003	46.72919	70.45	-107.25	100.0	22 h 34 min 27 sec
24450	12.364997135847807	100.0	-1.6040027	53.53706	129.2	-138.3	100.0	22 h 36 min 21 sec
24500	-21.430002758651973	100.0	-11.803003	44.81665	107.149994	-104.9	100.0	22 h 38 min 18 sec
24550	-24.210003654286265	100.0	8.126998	46.336792	98.049995	-93.65	100.0	22 h 40 min 12 sec
24600	-3.6850034687668085	100.0	7.4459977	47.2866	113.149994	-70.700005	100.0	22 h 42 min 5 sec
24650	-9.015003083646297	100.0	-2.5640032	42.037727	79.799995	-110.8	100.0	22 h 43 min 58 sec
24700	-9.750002834945917	100.0	4.7619977	39.448395	88.049995	-91.9	100.0	22 h 45 min 50 sec
24750	-25.55000321865082	100.0	-5.486003	56.86225	114.1	-124.05	100.0	22 h 47 min 45 sec
24800	12.459997271373869	100.0	-3.110003	37.884647	98.0	-118.15	100.0	22 h 49 min 39 sec
24850	6.989997308328748	100.0	4.0949974	42.876232	112.1	-89.350006	100.0	22 h 51 min 32 sec
24900	5.92999767139554	100.0	10.707996	39.463017	130.09999	-53.500004	100.0	22 h 53 min 25 sec
24950	-36.30000250712037	100.0	8.158997	55.395992	179.9	-92.55	100.0	22 h 55 min 18 sec
25000	-4.780002389103174	100.0	18.692999	47.932083	127.549995	-84.05	100.0	22 h 57 min 9 sec
25050	-6.840002959221602	100.0	-4.7120028	41.998108	68.5	-85.700005	100.0	22 h 59 min 6 sec
25100	60.90499775670469	100.0	12.9489975	41.973183	117.799995	-64.950005	100.0	23 h 1 min 3 sec
25150	-3.3100029353052376	100.0	5.7909966	52.429394	115.7	-125.450005	100.0	23 h 2 min 52 sec
25200	-19.67000320777297	100.0	17.307999	55.970783	155.0	-91.15	100.0	23 h 4 min 45 sec
25250	25.414997626841068	100.0	12.211997	50.53577	141.84999	-96.85	100.0	23 h 6 min 46 sec
25300	27.02499718256295	100.0	24.345997	58.884422	140.2	-97.55	100.0	23 h 8 min 46 sec
25350	32.279996956512335	100.0	9.310999	41.521458	95.35	-65.600006	100.0	23 h 10 min 37 sec
25400	-19.110002921521662	100.0	8.317997	53.785427	135.3	-99.25	100.0	23 h 12 min 36 sec
25450	12.944997224211694	100.0	5.601997	51.56973	146.25	-134.5	100.0	23 h 14 min 26 sec
25500	-59.975002999976276	100.0	3.451997	52.908848	150.2	-107.05	100.0	23 h 16 min 21 sec
25550	14.944996826350689	100.0	6.8039966	52.146538	121.7	-83.05	100.0	23 h 18 min 17 sec
25600	63.18499719612301	100.0	22.170998	45.18183	133.0	-63.300003	100.0	23 h 20 min 16 sec
25650	2.42499696649611	100.0	8.735	51.033684	171.4	-107.9	100.0	23 h 22 min 11 sec
25700	7.364996902272106	100.0	17.011997	46.99373	135.59999	-75.950005	100.0	23 h 24 min 3 sec
25750	25.48499687500298	100.0	5.518997	50.18898	129.45	-89.950005	100.0	23 h 26 min 3 sec
25800	64.92499736472965	100.0	9.419996	50.305035	100.6	-85.950005	100.0	23 h 27 min 51 sec
25850	-2.1450029373168946	100.0	18.193996	52.01343	124.95	-75.450005	100.0	23 h 29 min 45 sec
25900	47.01999788098037	100.0	17.956999	56.319977	154.0	-102.75	100.0	23 h 31 min 41 sec
25950	-2.840003200247884	100.0	17.818998	59.91822	195.3	-98.450005	100.0	23 h 33 min 35 sec
26000	0.15999696739017963	100.0	10.8569975	44.7686	121.5	-66.05	100.0	23 h 35 min 32 sec
26050	26.86499701626599	100.0	26.897995	56.754986	146.9	-94.600006	100.0	23 h 37 min 26 sec
26100	-16.780003703385592	100.0	-2.0280027	36.53241	72.399994	-79.450005	100.0	23 h 39 min 22 sec
26150	-31.31000308915973	100.0	-5.711003	38.673325	98.6	-89.55	100.0	23 h 41 min 19 sec
26200	-55.650003579631445	100.0	1.3119979	34.509735	77.25	-78.9	100.0	23 h 43 min 13 sec
26250	18.96999692581594	100.0	19.63	44.315475	140.8	-64.200005	100.0	23 h 45 min 7 sec
26300	0.6049973875284195	100.0	1.8219975	40.922485	71.2	-84.5	100.0	23 h 46 min 57 sec
26350	13.184997909516095	100.0	-17.558002	51.04096	131.75	-124.100006	100.0	23 h 49 min 2 sec
26400	21.80499753393233	100.0	6.946997	47.581886	109.5	-95.700005	100.0	23 h 51 min 2 sec
26450	-28.405004247277976	100.0	0.5629981	53.42415	114.85	-110.55	100.0	23 h 52 min 59 sec
26500	-11.870002724975347	100.0	2.7259972	50.81073	153.75	-91.65	100.0	23 h 54 min 58 sec
26550	11.594997722655535	100.0	1.7299975	41.36275	120.95	-74.3	100.0	23 h 56 min 51 sec
26600	-16.030002719163896	100.0	14.301998	53.492397	120.549995	-82.350006	100.0	23 h 58 min 42 sec
26650	19.60999660268426	100.0	9.076999	52.8916	142.25	-82.200005	100.0	24 h 0 min 41 sec
26700	48.92999768964946	100.0	5.3759975	53.1416	171.05	-116.05	100.0	24 h 2 min 41 sec
26750	26.484997550398113	100.0	6.0869966	54.167152	128.59999	-124.5	100.0	24 h 4 min 39 sec
26800	-8.925003308057786	100.0	7.385998	41.94325	100.7	-71.200005	100.0	24 h 6 min 33 sec
26850	4.46999664530158	100.0	20.726997	45.913273	123.299995	-96.850006	100.0	24 h 8 min 45 sec
26900	12.639997131749988	100.0	10.508998	53.059822	137.25	-89.65	100.0	24 h 10 min 47 sec
26950	28.14499709121883	100.0	7.689998	49.88951	128.45	-89.700005	100.0	24 h 12 min 41 sec
27000	35.46999701857567	100.0	4.2419963	47.452194	124.2	-91.350006	100.0	24 h 14 min 45 sec
27050	29.874997429922225	100.0	5.2439976	49.19154	137.34999	-107.4	100.0	24 h 16 min 49 sec
27100	26.61499685794115	100.0	13.551997	51.755486	151.4	-100.4	100.0	24 h 18 min 53 sec
27150	19.57999701090157	100.0	1.448997	53.279583	128.3	-113.350006	100.0	24 h 20 min 47 sec
27200	1.9549969524145125	100.0	12.696999	44.406075	114.25	-94.0	100.0	24 h 22 min 46 sec
27250	6.039997144415975	100.0	16.004997	55.697224	136.75	-109.65	100.0	24 h 24 min 48 sec
27300	22.154997469112278	100.0	-9.462002	51.224342	142.34999	-146.95	100.0	24 h 26 min 58 sec
27350	31.514997420087457	100.0	10.595996	56.041748	145.05	-127.4	100.0	24 h 28 min 57 sec
27400	-4.4450025331228975	100.0	9.920998	49.535236	122.299995	-81.700005	100.0	24 h 31 min 1 sec
27450	-18.475002896785735	100.0	3.5459976	48.09009	119.649994	-122.8	100.0	24 h 33 min 10 sec
27500	-2.0250024780631066	100.0	5.8679976	44.94135	104.95	-78.65	100.0	24 h 35 min 8 sec
27550	-7.555002928897738	100.0	9.530997	48.056423	112.049995	-81.350006	100.0	24 h 37 min 19 sec
27600	-23.57500221915543	100.0	6.839998	50.47871	130.09999	-137.1	100.0	24 h 39 min 23 sec
27650	7.7849963560700415	100.0	21.819998	54.701637	162.0	-97.65	100.0	24 h 41 min 20 sec
27700	27.754996614903213	100.0	8.301996	46.083893	111.15	-103.950005	100.0	24 h 43 min 27 sec
27750	15.039997259154916	100.0	3.2129974	61.124035	127.5	-116.200005	100.0	24 h 45 min 30 sec
27800	34.489997181296346	100.0	35.218	61.847412	202.84999	-88.65	100.0	24 h 47 min 30 sec
27850	54.979997283965346	100.0	18.747997	54.101715	213.34999	-72.15	100.0	24 h 49 min 33 sec
27900	28.20499735958874	100.0	18.212997	48.780247	112.049995	-85.850006	100.0	24 h 51 min 33 sec
27950	23.399998016282915	100.0	18.609997	40.881977	140.05	-65.3	100.0	24 h 53 min 33 sec
28000	11.574997350946068	100.0	32.031998	50.01109	144.8	-67.200005	100.0	24 h 55 min 36 sec
28050	-32.58500328399241	100.0	29.225998	56.49425	176.9	-96.75	100.0	24 h 57 min 42 sec
28100	-6.470002702996135	100.0	17.452997	54.246548	159.25	-106.65	100.0	24 h 59 min 55 sec
28150	-4.180003314837814	100.0	30.529995	57.678364	143.95	-108.200005	100.0	25 h 2 min 7 sec
28200	13.324997825175524	100.0	21.585997	60.7665	164.34999	-87.9	100.0	25 h 4 min 16 sec
28250	46.3549977786839	100.0	18.088	61.252174	142.4	-138.95001	100.0	25 h 6 min 30 sec
28300	30.754997428134082	100.0	33.989	62.549194	225.15	-101.05	100.0	25 h 8 min 38 sec
28350	5.554997016489506	100.0	15.499999	59.136623	141.7	-131.85	100.0	25 h 10 min 42 sec
28400	8.319997258484364	100.0	23.873997	58.063206	154.0	-74.350006	100.0	25 h 12 min 41 sec
28450	12.064997467026114	100.0	21.281994	56.32581	125.799995	-113.5	100.0	25 h 14 min 49 sec
28500	-48.34000415205956	100.0	9.473996	56.299946	177.5	-104.350006	100.0	25 h 16 min 54 sec
28550	39.12499747574329	100.0	12.485997	53.140625	149.5	-106.65	100.0	25 h 18 min 53 sec
28600	41.45499742589891	100.0	29.255997	60.27506	197.2	-76.25	100.0	25 h 20 min 54 sec
28650	26.079997612535955	100.0	37.733997	48.533905	161.05	-46.050003	100.0	25 h 22 min 55 sec
28700	40.7699972845614	100.0	27.309998	64.2398	173.0	-121.9	100.0	25 h 24 min 59 sec
28750	15.604997775331139	100.0	23.510998	49.78216	138.84999	-97.25	100.0	25 h 27 min 18 sec
28800	35.47999773472547	100.0	21.769997	54.75961	124.549995	-79.100006	100.0	25 h 29 min 33 sec
28850	-30.530003054440023	100.0	21.082998	52.267002	128.9	-91.0	100.0	25 h 31 min 44 sec
28900	-33.175003734231	100.0	10.729997	49.216084	103.799995	-81.700005	100.0	25 h 33 min 46 sec
28950	34.83999766744673	100.0	41.515	62.87412	179.8	-91.350006	100.0	25 h 35 min 50 sec
29000	62.55999740175903	100.0	6.590997	52.4472	135.09999	-95.15	100.0	25 h 37 min 56 sec
29050	-6.160002319514751	100.0	20.260998	51.925213	158.3	-89.05	100.0	25 h 40 min 0 sec
29100	5.8249974947422745	100.0	27.251995	59.58854	165.2	-94.05	100.0	25 h 41 min 57 sec
29150	-15.04500478580594	100.0	17.642998	51.682507	166.45	-66.950005	100.0	25 h 44 min 1 sec
29200	-6.465002755075693	100.0	19.384998	44.25215	171.5	-69.05	100.0	25 h 46 min 6 sec
29250	11.26999671421945	100.0	17.306	63.552742	212.55	-99.75	100.0	25 h 48 min 10 sec
29300	-27.455002845823763	100.0	19.383997	49.43491	129.05	-71.65	100.0	25 h 50 min 16 sec
29350	-2.580002274736762	100.0	29.619997	53.539097	120.649994	-105.100006	100.0	25 h 52 min 18 sec
29400	7.229997499659658	100.0	35.628994	49.722904	133.2	-68.200005	100.0	25 h 54 min 20 sec
29450	84.99499740228057	100.0	25.277998	51.988552	145.84999	-82.55	100.0	25 h 56 min 25 sec
29500	20.214997306838633	100.0	27.427998	57.506447	165.8	-110.200005	100.0	25 h 58 min 22 sec
29550	-0.6300025787204504	100.0	40.186	64.18705	163.4	-90.200005	100.0	26 h 0 min 26 sec
29600	-44.050002581998704	100.0	29.328997	55.95297	160.65	-102.35	100.0	26 h 2 min 38 sec
29650	-10.145002699643374	100.0	29.976002	65.34048	168.15	-85.35	100.0	26 h 4 min 38 sec
29700	-17.050002362951638	100.0	21.058996	60.90445	180.7	-87.850006	100.0	26 h 6 min 39 sec
29750	-8.690002042800188	100.0	28.664997	55.219677	147.7	-76.450005	100.0	26 h 8 min 44 sec
29800	113.63999730721116	100.0	24.210999	60.356853	140.5	-100.25	100.0	26 h 10 min 43 sec
29850	-13.480002612620591	100.0	42.515995	61.50042	159.25	-80.25	100.0	26 h 12 min 52 sec
29900	55.849997067078945	100.0	24.887995	54.49679	191.9	-57.65	100.0	26 h 14 min 56 sec
29950	21.21499792933464	100.0	22.795996	59.157986	199.25	-79.950005	100.0	26 h 16 min 58 sec
30000	-17.830002316460014	100.0	36.226994	70.19344	192.2	-86.700005	100.0	26 h 19 min 1 sec
30050	42.77499763146043	100.0	24.373999	53.915886	133.0	-119.5	100.0	26 h 21 min 2 sec
30100	86.61499716192483	100.0	25.471996	66.65717	186.0	-94.3	100.0	26 h 22 min 59 sec
30150	27.549997063726188	100.0	20.935997	56.479248	165.05	-85.65	100.0	26 h 24 min 55 sec
30200	61.474997931346294	100.0	33.235996	63.708805	153.4	-118.4	100.0	26 h 26 min 43 sec
30250	49.664997059106824	100.0	37.927998	61.94287	236.45	-61.75	100.0	26 h 28 min 37 sec
30300	25.1049977093935	100.0	36.091995	55.71443	150.34999	-69.700005	100.0	26 h 30 min 32 sec
30350	18.04999709688127	100.0	21.113997	62.724846	206.09999	-84.3	100.0	26 h 32 min 28 sec
30400	21.169997061416506	100.0	12.329999	66.02173	167.84999	-113.55	100.0	26 h 34 min 20 sec
30450	9.184997782483697	100.0	23.253996	67.283195	169.75	-121.8	100.0	26 h 36 min 11 sec
30500	8.529997634887696	100.0	23.127998	53.86299	170.34999	-98.55	100.0	26 h 38 min 3 sec
30550	7.129997021332383	100.0	29.030998	54.61598	154.45	-76.9	100.0	26 h 39 min 58 sec
30600	21.57499758861959	100.0	29.453999	64.28196	186.65	-105.4	100.0	26 h 41 min 53 sec
30650	14.859997809305787	100.0	42.92499	63.634003	200.9	-56.65	100.0	26 h 43 min 43 sec
30700	80.32499765902757	100.0	34.383995	62.188686	157.05	-91.950005	100.0	26 h 45 min 36 sec
30750	-8.625003067031503	100.0	27.020998	67.397514	167.3	-121.4	100.0	26 h 47 min 30 sec
30800	-48.98500298708677	100.0	26.001	57.151653	163.9	-133.15001	100.0	26 h 49 min 23 sec
30850	14.099997505545616	100.0	22.188997	54.67613	182.0	-63.300003	100.0	26 h 51 min 17 sec
30900	30.13499708287418	100.0	36.604996	59.948307	173.8	-61.700005	100.0	26 h 53 min 18 sec
30950	29.36999770142138	100.0	21.634998	56.092506	134.59999	-99.600006	100.0	26 h 55 min 5 sec
31000	18.029997349530458	100.0	29.221996	64.81235	183.65	-91.25001	100.0	26 h 56 min 53 sec
31050	13.869997318089009	100.0	24.452	55.768417	170.34999	-93.15	100.0	26 h 58 min 46 sec
31100	39.49499719105661	100.0	28.39	63.159733	213.95	-78.850006	100.0	27 h 0 min 43 sec
31150	46.72999730035663	100.0	45.663	59.646812	195.3	-42.7	100.0	27 h 2 min 34 sec
31200	44.63999750576913	100.0	34.546997	60.037106	176.9	-96.1	100.0	27 h 4 min 32 sec
31250	76.72999699041247	100.0	29.613998	63.96843	180.95	-104.4	100.0	27 h 6 min 24 sec
31300	-11.12000288888812	100.0	20.978996	62.769947	185.15	-96.65	100.0	27 h 8 min 16 sec
31350	21.719997408986092	100.0	31.105995	57.415195	144.45	-86.950005	100.0	27 h 10 min 5 sec
31400	35.529996908828615	100.0	41.819	49.296436	169.45	-33.15	100.0	27 h 11 min 59 sec
31450	5.094997319951654	100.0	15.012998	54.976425	177.45	-113.200005	100.0	27 h 13 min 53 sec
31500	38.13999706357718	100.0	33.068996	68.01402	209.84999	-87.15	100.0	27 h 15 min 43 sec
31550	68.6999974887818	100.0	15.332998	60.91825	207.7	-94.6	100.0	27 h 17 min 36 sec
31600	38.38499756604433	100.0	40.725998	65.64648	227.84999	-57.45	100.0	27 h 19 min 32 sec
31650	-61.78000337444246	100.0	29.214994	58.306454	169.59999	-82.8	100.0	27 h 21 min 31 sec
31700	-34.97000283896923	100.0	31.834002	60.21932	165.65	-95.1	100.0	27 h 23 min 25 sec
31750	14.099997671321034	100.0	22.398996	58.117386	165.95	-84.9	100.0	27 h 25 min 20 sec
31800	47.44499737620354	100.0	12.284998	51.242073	182.8	-77.8	100.0	27 h 27 min 18 sec
31850	51.7799972910434	100.0	23.053997	56.52878	157.34999	-83.350006	100.0	27 h 29 min 10 sec
31900	-9.030002779513598	100.0	24.463999	63.897182	184.59999	-83.5	100.0	27 h 31 min 4 sec
31950	17.529996949806808	100.0	41.749	56.7914	163.25	-94.700005	100.0	27 h 32 min 55 sec
32000	33.05999648794532	100.0	30.012	59.354233	174.09999	-84.700005	100.0	27 h 34 min 44 sec
32050	-6.810002455487847	100.0	28.064997	63.312073	145.3	-90.15	100.0	27 h 36 min 37 sec
32100	12.084996555745601	100.0	37.812996	63.0778	200.84999	-54.100002	100.0	27 h 38 min 33 sec
32150	48.87499745450914	100.0	42.648	66.254486	195.8	-88.5	100.0	27 h 40 min 24 sec
32200	23.43499729372561	100.0	32.626	61.691692	239.65	-90.700005	100.0	27 h 42 min 21 sec
32250	15.17999734915793	100.0	19.582998	61.789055	201.84999	-83.55	100.0	27 h 44 min 18 sec
32300	24.304997470602395	100.0	23.785	64.58819	181.34999	-95.600006	100.0	27 h 46 min 15 sec
32350	11.234996700286866	100.0	14.166997	63.268417	154.9	-131.7	100.0	27 h 48 min 13 sec
32400	15.614997806027532	100.0	29.364998	54.662422	132.45	-65.25	100.0	27 h 50 min 7 sec
32450	59.32999717704952	100.0	16.697996	54.56583	154.09999	-106.3	100.0	27 h 51 min 57 sec
32500	20.99499727971852	100.0	13.946997	55.34977	177.5	-86.75	100.0	27 h 53 min 51 sec
32550	4.5899966090917586	100.0	15.212996	52.75795	165.4	-76.25	100.0	27 h 55 min 44 sec
32600	39.19499731399119	100.0	35.913998	55.378872	172.4	-68.55	100.0	27 h 57 min 34 sec
32650	47.189997772872445	100.0	24.237999	65.82575	181.34999	-99.950005	100.0	27 h 59 min 24 sec
32700	16.224997663870454	100.0	23.555998	59.597137	189.9	-85.200005	100.0	28 h 1 min 17 sec
32750	29.444997162371873	100.0	24.129997	56.29941	188.75	-82.9	100.0	28 h 3 min 7 sec
32800	20.104997608065606	100.0	21.715998	65.10206	163.15	-114.450005	100.0	28 h 5 min 1 sec
32850	68.07499706149102	100.0	12.583998	55.51875	117.0	-99.350006	100.0	28 h 6 min 51 sec
32900	-8.72500263825059	100.0	25.258997	54.073456	129.25	-87.3	100.0	28 h 8 min 49 sec
32950	8.21999750956893	100.0	14.398996	49.45654	121.7	-117.65	100.0	28 h 10 min 45 sec
33000	-11.85500296317041	100.0	31.801	66.879105	184.15	-87.6	100.0	28 h 12 min 44 sec
33050	45.46999783292413	100.0	28.470999	75.77058	201.45	-85.950005	100.0	28 h 14 min 37 sec
33100	26.69499797485769	100.0	18.085997	49.74321	162.45	-69.35	100.0	28 h 16 min 23 sec
33150	-9.55000330246985	100.0	18.800997	63.829365	186.7	-146.2	100.0	28 h 18 min 18 sec
33200	44.30999744720757	100.0	25.244997	59.27727	199.75	-75.950005	100.0	28 h 20 min 10 sec
33250	34.99999783411622	100.0	33.118996	50.483612	167.05	-45.7	100.0	28 h 22 min 4 sec
33300	36.42499683983624	100.0	36.196	65.0695	179.3	-97.8	100.0	28 h 24 min 0 sec
33350	-9.355002548918128	100.0	7.0409975	50.47487	118.0	-92.200005	100.0	28 h 25 min 49 sec
33400	49.889997366070745	100.0	14.005998	63.12102	156.09999	-110.9	100.0	28 h 27 min 45 sec
33450	41.95499754920602	100.0	15.980997	65.90194	202.8	-95.200005	100.0	28 h 29 min 41 sec
33500	43.659997086972	100.0	30.416998	67.777054	206.45	-123.200005	100.0	28 h 31 min 35 sec
33550	-31.250003157928585	100.0	35.783	65.44098	185.8	-85.200005	100.0	28 h 33 min 27 sec
33600	-5.010002488270402	100.0	31.379997	61.364544	191.09999	-94.450005	100.0	28 h 35 min 23 sec
33650	-24.24500330090523	100.0	18.600998	50.37719	160.59999	-108.3	100.0	28 h 37 min 18 sec
33700	-16.595002307370304	100.0	29.91	63.09144	216.5	-118.8	100.0	28 h 39 min 15 sec
33750	54.7249976336956	100.0	33.024	61.193203	211.84999	-93.65	100.0	28 h 41 min 15 sec
33800	13.939997462928295	100.0	37.459	66.036736	156.9	-99.700005	100.0	28 h 43 min 2 sec
33850	-20.245003794133662	100.0	29.457998	64.35436	153.7	-77.6	100.0	28 h 44 min 57 sec
33900	-10.725002407282592	100.0	32.471996	58.537636	186.55	-87.4	100.0	28 h 46 min 49 sec
33950	30.64999781176448	100.0	24.245998	61.782055	164.2	-115.05	100.0	28 h 48 min 47 sec
34000	66.24499756731093	100.0	25.312996	57.07504	140.7	-122.75	100.0	28 h 50 min 38 sec
34050	13.129997648671269	100.0	21.743996	70.26501	190.9	-138.6	100.0	28 h 52 min 38 sec
34100	15.629996981099248	100.0	20.503996	65.95971	209.0	-91.85	100.0	28 h 54 min 33 sec
34150	6.269997872412205	100.0	20.181997	53.534824	141.84999	-106.700005	100.0	28 h 56 min 24 sec
34200	60.76499767191708	100.0	26.008995	61.023216	189.15	-136.5	100.0	28 h 58 min 13 sec
34250	19.399997702613472	100.0	31.588999	61.86803	166.0	-94.8	100.0	29 h 0 min 6 sec
34300	-9.330003904923796	100.0	34.363	59.728195	167.9	-88.3	100.0	29 h 1 min 52 sec
34350	34.014997561648485	100.0	38.907997	59.19455	196.2	-84.75	100.0	29 h 3 min 42 sec
34400	23.749996911361812	100.0	40.133995	63.222614	166.8	-49.800003	100.0	29 h 5 min 32 sec
34450	-9.170003464072943	100.0	47.385998	62.583946	183.25	-87.65	100.0	29 h 7 min 25 sec
