Epoch	AverageEpRet	StdEpRet	MaxEpRet	MinEpRet	EpLen	TotalEnvInteracts	LossPi	LossV	DeltaLossPi	DeltaLossV	Entropy	KL	ClipFrac	StopIter	Time
0	-112.060425	7.5293527	-94.15	-133.15001	80.0	120000	6.146729e-08	2.8230474	-0.005290378	-2.0141883	3.4896314	0.0081288805	0.024758333	49.0	25.115379571914673
1	-110.65612	6.975816	-92.75	-129.6	80.0	240000	-1.2572855e-08	0.8871521	-0.0058195135	-0.011599459	3.4797108	0.007990135	0.027991667	49.0	50.13572025299072
2	-109.078125	6.60724	-86.6	-122.3	80.0	360000	-1.792796e-08	0.9478164	-0.00616583	-0.0055536553	3.4701185	0.008675713	0.036808334	49.0	72.67715978622437
3	-108.15613	7.1559706	-91.3	-122.15	80.0	480000	2.2118911e-09	0.93412364	-0.0059460597	-0.0049597323	3.4529285	0.008129429	0.030225	49.0	95.29532074928284
4	-103.95785	7.4443774	-81.25	-117.25	80.0	600000	-1.4901161e-08	0.9307635	-0.0062418645	-0.007468894	3.4395323	0.00838504	0.041500002	49.0	117.92276525497437
5	-101.055885	8.095512	-81.05	-120.05	80.0	720000	-6.9849193e-09	1.0594515	-0.0064789625	-0.0052277297	3.425508	0.0076140463	0.041725002	49.0	140.5744891166687
6	-100.09601	9.146894	-70.5	-119.4	80.0	840000	-3.958121e-09	1.0414734	-0.0067356033	-0.00572671	3.3971467	0.0076162033	0.047333334	49.0	163.0502483844757
7	-95.52358	9.093485	-78.65	-118.55	80.0	960000	-9.778887e-09	1.2781174	-0.0066084815	-0.014456049	3.3683581	0.0074194763	0.048116665	49.0	185.58500218391418
8	-89.479095	11.172774	-46.100002	-109.450005	80.0	1080000	-1.071021e-08	1.5324922	-0.007673625	-0.016781941	3.3368745	0.008059225	0.053941667	49.0	208.35511183738708
9	-83.68392	13.935111	-54.55	-109.200005	80.0	1200000	7.450581e-09	1.784317	-0.0069111586	-0.012634024	3.289682	0.0068364884	0.048483334	49.0	231.66789078712463
10	-76.14821	16.00165	-37.95	-102.3	80.0	1320000	5.5879354e-09	2.2806602	-0.0075632944	-0.023472592	3.2468486	0.008086555	0.056833334	49.0	255.00597667694092
11	-68.29911	16.738743	-39.350002	-103.65	80.0	1440000	-7.450581e-09	3.2981744	-0.0071532456	-0.04211223	3.1858912	0.008073434	0.05403333	49.0	277.928968667984
12	-55.38393	29.874779	20.15	-111.450005	80.0	1560000	-4.656613e-09	4.4052997	-0.0077344542	-0.040196523	3.1123652	0.008365056	0.06648333	49.0	303.0118930339813
13	-45.86607	23.574682	15.95	-99.8	80.0	1680000	-7.450581e-09	6.9637184	-0.0070566745	-0.15304941	3.0408645	0.008002883	0.059100002	49.0	330.9408051967621
14	-38.7819	37.42914	72.9	-100.0	80.0	1800000	-2.7939677e-09	7.34074	-0.0062133474	-0.06421387	2.9748955	0.008300785	0.053116664	49.0	356.70771861076355
15	-36.980354	32.18129	31.8	-104.9	80.0	1920000	-3.7252903e-09	8.312675	-0.0063723167	-0.083141744	2.9072247	0.008031143	0.054508336	49.0	382.06575083732605
16	-22.321428	35.931625	61.6	-96.65	80.0	2040000	1.3969839e-09	8.636839	-0.006220063	-0.12940884	2.8273587	0.007716464	0.06429166	49.0	405.1229176521301
17	-14.286208	37.71517	63.399998	-90.3	80.0	2160000	8.381903e-09	10.505896	-0.0059949197	-0.14539796	2.7499657	0.008025894	0.06055	49.0	427.9153654575348
18	-15.45893	40.322365	115.05	-75.4	80.0	2280000	4.656613e-09	8.536007	-0.006106125	-0.14206666	2.6940901	0.008011321	0.058083333	49.0	450.55369758605957
19	-4.9526796	43.795124	121.35	-82.25	80.0	2400000	-3.7252903e-09	10.112792	-0.0061616367	-0.13446218	2.6192832	0.0086009335	0.06651667	49.0	473.27612352371216
20	-6.8377204	43.120457	90.55	-86.950005	80.0	2520000	1.8626451e-09	11.9639635	-0.005406798	-0.15520167	2.5348525	0.0087116975	0.06464166	49.0	495.8038377761841
21	3.3071415	45.140987	131.09999	-108.200005	80.0	2640000	1.8626451e-09	10.911612	-0.005431072	-0.10961974	2.4649086	0.0076162275	0.054825	49.0	518.2874736785889
22	20.128944	52.663937	139.59999	-67.05	80.0	2760000	2.3283064e-09	13.01499	-0.0053655	-0.1874035	2.3683596	0.0075693773	0.048366666	49.0	540.8739674091339
23	11.942856	54.69074	160.45	-89.75	80.0	2880000	0.0	11.404456	-0.005253978	-0.14425325	2.278569	0.0067606135	0.0466	49.0	563.5662541389465
24	28.511606	46.21751	147.9	-58.15	80.0	3000000	-9.313226e-10	12.246883	-0.005456385	-0.17228496	2.1955628	0.0066586323	0.053333335	49.0	586.4743418693542
25	41.20714	58.288902	210.2	-90.15	80.0	3120000	-9.313226e-10	13.799017	-0.0052373046	-0.17508101	2.1353703	0.005776978	0.037408333	49.0	609.041531085968
26	53.35893	65.90005	257.45	-72.700005	80.0	3240000	-7.450581e-09	14.759412	-0.0056799715	-0.14307839	2.0801523	0.005900817	0.048258334	49.0	631.9237639904022
27	52.380352	53.95929	176.09999	-68.75	80.0	3360000	2.7939677e-09	13.285015	-0.004715179	-0.17316699	2.0008323	0.00545944	0.04039167	49.0	654.554520368576
28	82.04197	59.105644	260.5	-82.200005	80.0	3480000	0.0	18.567114	-0.0048713568	-0.44766092	1.9435164	0.006426201	0.045241665	49.0	677.3445205688477
29	77.7875	65.621956	211.59999	-52.75	80.0	3600000	9.313226e-09	15.831864	-0.005153753	-0.2422638	1.8755283	0.0056322166	0.045508333	49.0	700.098837852478
30	84.22231	58.730545	211.34999	-27.000002	80.0	3720000	-1.5366822e-08	15.406913	-0.0048151426	-0.22533178	1.8160503	0.004920465	0.03345	49.0	722.8699805736542
31	85.94553	52.165287	194.09999	-51.550003	80.0	3840000	-4.656613e-09	13.843748	-0.0050164727	-0.20486015	1.7953806	0.0057171127	0.044316664	49.0	745.4206838607788
32	86.325005	59.002293	231.4	-54.350002	80.0	3960000	4.656613e-09	14.285279	-0.004847938	-0.23475635	1.7047591	0.005360709	0.037641667	49.0	767.9309871196747
33	117.466965	74.99081	260.75	-72.4	80.0	4080000	3.7252903e-09	17.550907	-0.0046972614	-0.3263229	1.7175667	0.005808166	0.042516664	49.0	790.5944638252258
34	105.49545	66.43488	270.6	-11.350001	80.0	4200000	3.0267984e-09	15.652712	-0.0052111447	-0.21454382	1.6433322	0.0055685043	0.03993333	49.0	813.0941739082336
35	132.12231	69.86113	248.45	-67.05	80.0	4320000	-1.3969839e-09	18.636047	-0.0046341512	-0.34432185	1.6398542	0.004602677	0.035916667	49.0	835.7419941425323
36	104.35357	82.83201	268.6	-55.350002	80.0	4440000	7.450581e-09	17.989094	-0.004704536	-0.29434192	1.5873084	0.0041239373	0.031833336	49.0	858.2230761051178
37	139.66249	79.0494	305.85	-39.2	80.0	4560000	-1.8626451e-09	17.648579	-0.0049974434	-0.31927633	1.5721133	0.004729231	0.03330833	49.0	880.8466362953186
38	138.90714	70.97755	325.75	-38.45	80.0	4680000	-2.7939677e-09	19.188454	-0.0051298896	-0.36505502	1.5280995	0.00429645	0.035516664	49.0	903.3119411468506
39	147.91518	74.827484	305.25	-15.550002	80.0	4800000	1.3969839e-09	16.464554	-0.0050591193	-0.36831152	1.5236489	0.0046044136	0.036483333	49.0	925.828218460083
40	168.34999	79.50245	365.1	-2.2500024	80.0	4920000	-1.3969839e-09	16.933811	-0.004912701	-0.35115695	1.496629	0.0036191423	0.026583334	49.0	948.4327759742737
41	163.10454	62.294117	343.6	33.949997	80.0	5040000	2.7939677e-09	17.878881	-0.005254144	-0.35075808	1.4554827	0.005086489	0.03605	49.0	970.9755413532257
42	174.13393	85.9007	323.9	-78.65	80.0	5160000	4.656613e-09	18.179852	-0.004827951	-0.34839702	1.4437227	0.004964078	0.032708332	49.0	993.4757614135742
43	189.62962	71.45803	331.5	-17.45	80.0	5280000	6.519258e-09	17.442953	-0.004941892	-0.44478786	1.4214292	0.0044638542	0.028966667	49.0	1015.9538476467133
44	177.61339	82.57165	374.1	-14.000002	80.0	5400000	-6.868504e-09	18.157682	-0.0050941696	-0.37094522	1.384507	0.0042750584	0.031908333	49.0	1038.416743516922
45	201.11636	87.22626	375.35	6.599998	80.0	5520000	1.8626451e-09	19.286945	-0.00534641	-0.48134398	1.3745416	0.0046822196	0.034358334	49.0	1060.9675154685974
46	218.98701	81.19533	367.75	41.449997	80.0	5640000	2.7939677e-09	18.931051	-0.0047038863	-0.36805654	1.386613	0.0038733357	0.03269167	49.0	1083.4251651763916
47	225.80392	102.96667	365.6	-54.4	80.0	5760000	-1.8626451e-09	22.77795	-0.005043758	-0.7205918	1.3484073	0.0043191607	0.03486667	49.0	1105.9752688407898
48	251.34166	77.7591	403.7	108.7	80.0	5880000	-9.313226e-10	18.32738	-0.004906268	-0.4798057	1.3511193	0.0041996976	0.025925001	49.0	1128.5033731460571
49	253.67789	68.3066	375.15	83.25	80.0	6000000	0.0	21.915377	-0.005240815	-0.5026469	1.3217683	0.004336099	0.035058334	49.0	1151.1492178440094
50	250.79019	89.93607	369.65	8.799999	80.0	6120000	7.3341653e-09	19.956348	-0.0050168396	-0.42244422	1.3140104	0.003735633	0.031433333	49.0	1173.8154926300049
51	258.61508	78.70711	380.15	-4.0000014	80.0	6240000	-3.608875e-09	15.68626	-0.0050945412	-0.6571826	1.2915596	0.0039736507	0.032491665	49.0	1196.548085451126
52	268.29623	90.7401	405.6	6.2999997	80.0	6360000	-5.5879354e-09	17.290096	-0.0050320406	-0.42420053	1.285444	0.0041481503	0.029283334	49.0	1219.2381184101105
53	298.52145	75.491776	392.75	103.45	80.0	6480000	-4.1909516e-09	19.776611	-0.0056620734	-0.6675396	1.3096509	0.0046249484	0.036941666	49.0	1241.8674080371857
54	281.43124	99.78917	409.45	10.4	80.0	6600000	6.519258e-09	18.127201	-0.0050787125	-0.45473278	1.2610357	0.0041183983	0.03350833	49.0	1264.3598401546478
55	305.42398	70.88201	397.7	111.6	80.0	6720000	-5.5879354e-09	18.910458	-0.0050508585	-0.4799273	1.279463	0.0042553693	0.029558334	49.0	1286.846266746521
56	310.90518	80.74424	399.85	84.75	80.0	6840000	4.656613e-09	14.202185	-0.0051351334	-0.38917863	1.2578567	0.0037549178	0.028191667	49.0	1309.3949093818665
57	336.64584	68.35033	413.2	94.1	80.0	6960000	9.313226e-10	16.427431	-0.0053665275	-0.46214497	1.2649118	0.0036935867	0.032383334	49.0	1331.974995136261
58	322.53925	75.82421	411.4	126.9	80.0	7080000	9.313226e-10	18.094969	-0.0050657513	-0.3428862	1.2120669	0.0030575385	0.0261	49.0	1354.4500522613525
59	328.554	75.04209	417.45	125.7	80.0	7200000	7.916242e-09	14.2987795	-0.0045705917	-0.34555125	1.203662	0.0032301017	0.026658334	49.0	1377.0815658569336
60	356.79593	57.156555	419.2	168.9	80.0	7320000	8.381903e-09	13.91436	-0.0048872344	-0.33678365	1.2408633	0.0036616237	0.027141668	49.0	1399.7335336208344
61	366.84897	47.43154	411.8	183.8	80.0	7440000	5.5879354e-09	13.102917	-0.005100984	-0.24446279	1.2488284	0.0038631966	0.03255	49.0	1422.2918531894684
62	354.4979	65.58898	417.7	153.45	80.0	7560000	6.9849193e-10	14.675988	-0.0050926143	-0.27522707	1.1738107	0.0039845547	0.025975	49.0	1444.838133573532
63	344.84482	76.593704	423.1	118.1	80.0	7680000	8.8475645e-09	12.994595	-0.004986181	-0.31486034	1.1505957	0.0036305732	0.026683334	49.0	1467.4544851779938
64	335.01248	81.33284	416.45	28.849998	80.0	7800000	-1.8626451e-09	13.132193	-0.0046953284	-0.24384147	1.1285421	0.0034320601	0.02795	49.0	1489.987239599228
65	378.58853	45.518917	424.25	185.7	80.0	7920000	6.9849193e-09	11.170618	-0.0049433354	-0.44458753	1.1610941	0.0037480602	0.027416667	49.0	1512.6170001029968
66	377.23853	51.45276	426.9	183.8	80.0	8040000	-9.313226e-10	13.306345	-0.0050433893	-0.2879551	1.1361828	0.0039671455	0.031291664	49.0	1535.1929535865784
67	377.4646	60.166668	425.75	90.45	80.0	8160000	7.450581e-09	11.171988	-0.004730304	-0.32815737	1.1458975	0.0033581383	0.025508333	49.0	1557.9153325557709
68	367.57812	65.77055	419.2	132.25	80.0	8280000	7.450581e-09	11.119718	-0.0048016747	-0.2658502	1.0927507	0.0044438303	0.032833334	49.0	1580.530690908432
69	385.14362	46.844948	426.4	204.95	80.0	8400000	4.8894435e-09	8.463298	-0.005086395	-0.3473525	1.1510501	0.0036645355	0.0271	49.0	1603.3675730228424
70	388.56143	48.628967	421.25	173.4	80.0	8520000	-1.0244548e-08	10.8458805	-0.005103276	-0.23743165	1.1011201	0.0038943307	0.03135833	49.0	1626.065766096115
71	389.9458	43.120026	420.9	203.05	80.0	8640000	3.7252903e-09	11.528446	-0.004775565	-0.2120189	1.0526276	0.0034449152	0.025191668	49.0	1648.690836906433
72	399.13232	28.195454	424.1	266.05	80.0	8760000	9.662472e-09	7.79216	-0.0049996837	-0.34376526	1.1145406	0.0037213913	0.029008333	49.0	1671.3634724617004
73	386.34583	56.25237	421.35	137.15	80.0	8880000	1.8626451e-09	8.381693	-0.0045442344	-0.24012834	1.0763416	0.0033201512	0.02425	49.0	1694.0063300132751
74	387.51877	44.723858	427.45	175.6	80.0	9000000	0.0	8.221021	-0.0044589527	-0.17352796	1.0917382	0.0035638474	0.0225	49.0	1716.5323557853699
75	397.03958	40.591812	426.85	159.0	80.0	9120000	1.8626451e-09	7.631674	-0.004973432	-0.15169716	1.058922	0.0035232017	0.028666668	49.0	1739.2897362709045
76	389.56357	54.31776	421.25	156.09999	80.0	9240000	1.8626451e-09	7.1736383	-0.004659987	-0.15486193	1.0828207	0.003422041	0.0252	49.0	1761.9032237529755
77	407.3978	10.381178	427.6	372.05	80.0	9360000	-1.8626451e-09	7.0698156	-0.004848031	-0.17911035	1.0814574	0.0039032318	0.033275	49.0	1784.5714597702026
78	403.28854	26.712414	427.4	265.45	80.0	9480000	-3.259629e-09	7.6189804	-0.004883843	-0.14880621	1.0328234	0.0037812865	0.030116668	49.0	1807.203179359436
79	404.8229	33.756012	434.75	187.25	80.0	9600000	9.313226e-10	6.124779	-0.004676696	-0.16164327	1.0494673	0.0033868244	0.023716666	49.0	1829.8433039188385
80	401.95728	34.370865	435.25	254.0	80.0	9720000	2.7939677e-09	7.0731115	-0.004568978	-0.1589374	1.0071824	0.0034004236	0.024608333	49.0	1852.63804936409
81	407.42395	26.029291	431.15	262.95	80.0	9840000	-1.8626451e-09	5.3459845	-0.0043259333	-0.16779315	1.0181941	0.0037480753	0.024491668	49.0	1875.4032163619995
82	398.1298	43.007393	435.7	169.09999	80.0	9960000	-8.381903e-09	7.5867243	-0.0044586333	-0.214405	1.0388536	0.0031032884	0.023991667	49.0	1898.000087738037
83	410.85214	9.432684	430.35	390.25	80.0	10080000	3.4924597e-10	5.148546	-0.0043483535	-0.1758877	1.0017762	0.0034019286	0.02535	49.0	1920.7186822891235
84	405.32498	24.197527	432.85	297.85	80.0	10200000	-2.7939677e-09	5.911159	-0.00481748	-0.14265877	1.0366353	0.003959223	0.030216668	49.0	1943.4407999515533
85	405.24887	38.806023	428.2	171.4	80.0	10320000	3.7252903e-09	5.405814	-0.0041204677	-0.14125627	1.0141699	0.0033099381	0.022675	49.0	1966.2614951133728
86	405.13776	31.730846	434.05	214.0	80.0	10440000	0.0	4.7547636	-0.00436832	-0.12192905	1.0383258	0.0031792861	0.025708333	49.0	1988.8905119895935
87	409.6989	21.136044	431.55	277.4	80.0	10560000	2.7939677e-09	5.1744847	-0.004177546	-0.10241145	1.0104442	0.0031134123	0.024141667	49.0	2011.6654784679413
88	411.39392	11.911649	434.25	368.6	80.0	10680000	2.3283064e-10	4.2696667	-0.004364058	-0.09756383	1.0204089	0.003607424	0.030341666	49.0	2034.2852039337158
89	404.0738	36.091904	433.45	189.3	80.0	10800000	2.7939677e-09	4.0629363	-0.0046308655	-0.12485123	1.0296805	0.0032135944	0.027883332	49.0	2056.9953837394714
90	409.9727	10.38917	430.0	376.7	80.0	10920000	-1.1641532e-09	3.899074	-0.004731035	-0.096894145	1.0346196	0.0037588472	0.031458333	49.0	2079.6752457618713
91	404.47195	27.775215	429.6	244.05	80.0	11040000	0.0	3.7853055	-0.0043241074	-0.08932197	1.0061933	0.0036091371	0.025716666	49.0	2102.3826014995575
92	405.38837	24.34302	434.05	284.2	80.0	11160000	-2.3283064e-10	4.012215	-0.004348217	-0.08303952	1.0080905	0.0030292072	0.026516667	49.0	2125.1375007629395
93	397.05	39.138798	440.5	226.75	80.0	11280000	-8.381903e-09	4.6456513	-0.003804007	-0.11517456	1.0315459	0.0031680302	0.023925	49.0	2147.879560470581
94	396.8439	50.936657	433.0	113.4	80.0	11400000	2.3283064e-09	4.0432053	-0.00435973	-0.13840318	0.98256606	0.003934261	0.026658334	49.0	2170.6750733852386
95	405.81223	15.204889	430.25	355.85	80.0	11520000	-2.7939677e-09	5.108697	-0.0042197267	-0.16477287	1.019333	0.00369525	0.027808335	49.0	2193.4105122089386
96	394.58124	36.678886	423.5	208.15	80.0	11640000	4.656613e-09	4.2660027	-0.003925506	-0.14936185	1.0555143	0.0031555155	0.024991665	49.0	2216.245534181595
97	400.91122	33.69085	432.9	208.1	80.0	11760000	8.381903e-09	3.4858456	-0.003870959	-0.122684	1.0394635	0.0033952044	0.025716666	49.0	2239.036927461624
98	405.96747	12.085279	432.85	375.8	80.0	11880000	4.0163286e-09	4.004736	-0.0037976573	-0.09206018	1.0283848	0.00313374	0.024100002	49.0	2261.730516910553
99	402.69122	14.750318	423.9	361.95	80.0	12000000	1.1641532e-10	3.511917	-0.0040665907	-0.082473725	1.0857399	0.0037727961	0.027741667	49.0	2284.4843068122864
100	393.46466	40.92504	429.65	183.2	80.0	12120000	-3.7252903e-09	4.232182	-0.0041349037	-0.14685383	1.0022916	0.003586525	0.030591667	49.0	2307.4121453762054
101	397.03375	24.858454	424.75	267.7	80.0	12240000	-2.7939677e-09	4.637687	-0.0039210944	-0.1560218	1.0760231	0.0034817215	0.028225001	49.0	2330.146201133728
102	398.7175	17.404287	425.45	326.1	80.0	12360000	5.5879354e-09	3.5403032	-0.004086769	-0.14158237	1.0682389	0.0035293812	0.028191667	49.0	2352.879991054535
103	398.1625	23.903461	420.4	263.9	80.0	12480000	-3.259629e-09	3.246162	-0.003768473	-0.0733054	1.0550818	0.0038650176	0.025933335	49.0	2375.5971581935883
104	397.2425	14.309134	424.35	373.65	80.0	12600000	-4.656613e-09	3.1385765	-0.003744366	-0.090042084	1.105516	0.0034135627	0.026066665	49.0	2398.385667324066
105	396.03125	34.823814	423.0	194.84999	80.0	12720000	8.381903e-09	3.4608545	-0.0037112795	-0.101422906	1.0657048	0.0032125395	0.022716668	49.0	2421.3704578876495
106	397.46503	17.378302	427.15	328.05	80.0	12840000	-2.6775524e-09	3.1494617	-0.0037949195	-0.06749931	1.1043277	0.0036033439	0.024483334	49.0	2444.2189457416534
107	395.34625	11.665809	422.0	379.4	80.0	12960000	-1.8626451e-09	3.6499834	-0.0038746838	-0.07738739	1.1542706	0.00363122	0.0245	49.0	2467.0606694221497
108	391.88373	24.537004	415.3	249.95	80.0	13080000	7.450581e-09	3.1725671	-0.004181879	-0.09363404	1.1535778	0.003915335	0.030875	49.0	2489.8405883312225
109	397.305	11.542311	418.1	382.0	80.0	13200000	2.561137e-09	2.9486942	-0.0038301875	-0.06732291	1.1679252	0.004018309	0.026058335	49.0	2512.575323343277
110	394.87003	11.211703	425.35	373.44998	80.0	13320000	-7.683411e-09	3.0269115	-0.004199164	-0.05845669	1.2057899	0.0036000847	0.02975	49.0	2535.5038294792175
111	390.29742	33.078728	422.8	197.34999	80.0	13440000	-6.9849193e-09	3.4595857	-0.0040908866	-0.12062517	1.2372792	0.0040895087	0.030858334	49.0	2558.3358199596405
112	390.79617	25.504328	420.0	244.55	80.0	13560000	2.0954758e-09	3.2162828	-0.0039214874	-0.101231515	1.2325644	0.0042462917	0.027766667	49.0	2581.233642578125
113	396.3716	10.006935	418.45	385.4	80.0	13680000	4.656613e-09	2.9771898	-0.0039426885	-0.07050398	1.2234802	0.0037296016	0.025641667	49.0	2604.0702917575836
114	395.55	9.847292	421.6	379.8	80.0	13800000	1.3969839e-09	3.1471066	-0.0037916661	-0.07023105	1.2434555	0.0036049853	0.026774999	49.0	2626.8579761981964
115	395.73242	7.9784102	420.1	387.9	80.0	13920000	-6.519258e-09	2.8796897	-0.004013128	-0.07215324	1.2944349	0.00421144	0.025383333	49.0	2649.669033765793
116	394.12143	5.6170197	414.15	388.8	80.0	14040000	9.313226e-10	2.7116222	-0.00398364	-0.059033334	1.3090614	0.00394447	0.030408334	49.0	2672.4852192401886
117	392.5622	19.97315	420.0	283.8	80.0	14160000	3.7252903e-09	2.8564134	-0.0041176286	-0.081569195	1.241333	0.003783599	0.027516667	49.0	2695.3559103012085
118	386.35263	48.495068	417.8	105.4	80.0	14280000	-1.8626451e-09	3.359963	-0.0038030571	-0.19535768	1.2831063	0.003397998	0.02415	49.0	2718.1692066192627
119	395.80295	4.2076254	408.0	391.4	80.0	14400000	-2.7939677e-09	2.6940193	-0.0038494882	-0.12374827	1.3316021	0.0044432445	0.027408333	49.0	2741.118834733963
120	398.50287	6.8023925	429.0	392.6	80.0	14520000	-1.8626451e-09	2.6947188	-0.0041310266	-0.054556042	1.2810307	0.0039240248	0.028775	49.0	2764.0743985176086
121	396.8157	4.5964375	412.2	390.7	80.0	14640000	3.0267984e-09	2.6213737	-0.0037179368	-0.049898893	1.3037721	0.0038344418	0.028058333	49.0	2787.0318529605865
122	398.70572	6.883901	428.3	391.1	80.0	14760000	-2.6775524e-09	2.7526958	-0.0040059993	-0.047641873	1.2591717	0.003639509	0.025016667	49.0	2809.9588136672974
123	397.9794	5.577767	423.9	394.1	80.0	14880000	6.519258e-09	2.673417	-0.003771521	-0.04506761	1.3125145	0.003438883	0.024333332	49.0	2832.8845558166504
124	399.6056	5.026204	418.05	395.5	80.0	15000000	-6.7520887e-09	2.4750092	-0.0037972345	-0.04470989	1.2829007	0.0036483621	0.026	49.0	2855.624772787094
125	399.75882	5.08859	420.0	391.1	80.0	15120000	-5.820766e-09	2.5916286	-0.0037197676	-0.04991585	1.2771108	0.0036560283	0.023449998	49.0	2878.5728929042816
126	398.49707	2.7732136	408.8	394.3	80.0	15240000	3.4924597e-09	2.5347884	-0.0033740823	-0.05661267	1.2938377	0.0034659035	0.022008333	49.0	2901.481533050537
127	399.71213	2.4058037	409.85	396.7	80.0	15360000	-5.820766e-10	2.5684786	-0.003667483	-0.046147883	1.3155977	0.003422724	0.024016667	49.0	2924.2489352226257
128	399.69696	2.4753609	407.9	396.2	80.0	15480000	-3.259629e-09	2.4640796	-0.0037740655	-0.053211004	1.284481	0.003707255	0.025216667	49.0	2947.0717408657074
129	400.6703	1.9757458	408.5	397.2	80.0	15600000	-2.910383e-09	2.4678543	-0.0038058795	-0.046070546	1.3042015	0.0038540445	0.026058335	49.0	2969.8266015052795
130	401.13126	2.7391198	409.2	397.3	80.0	15720000	-2.0954758e-09	2.5552564	-0.0037401058	-0.04998082	1.2910793	0.0037688862	0.026841667	49.0	2992.764118909836
131	397.5212	17.465702	404.7	299.3	80.0	15840000	3.7252903e-09	2.4773176	-0.003501533	-0.052410692	1.2748709	0.003929383	0.025558334	49.0	3015.726096391678
132	402.10782	2.8389614	413.65	397.4	80.0	15960000	-4.307367e-09	2.6405737	-0.0034958476	-0.057255387	1.2737062	0.0038534466	0.024191666	49.0	3038.629246711731
133	401.98184	3.7077706	419.2	396.4	80.0	16080000	6.2864274e-09	2.5616937	-0.0036429847	-0.05136606	1.2591746	0.004017127	0.02725	49.0	3061.646580696106
134	402.0125	2.4586565	405.95	394.1	80.0	16200000	-2.1536835e-09	2.50903	-0.0036202471	-0.045024544	1.2822882	0.0042192107	0.028983332	49.0	3084.483098268509
135	403.52728	3.64667	417.2	398.7	80.0	16320000	9.313226e-10	2.5261755	-0.0037232446	-0.066536486	1.2427099	0.004085186	0.026508335	49.0	3107.560272693634
136	403.65152	3.324686	412.05	395.7	80.0	16440000	-4.1909516e-09	2.5642285	-0.0036183042	-0.052333802	1.2488854	0.004221732	0.025125	49.0	3130.485203027725
137	405.45438	6.505547	434.7	392.3	80.0	16560000	6.7520887e-09	2.533441	-0.0035986272	-0.039802223	1.2209926	0.003985424	0.028116666	49.0	3153.445850133896
138	405.5621	3.8461711	420.4	398.4	80.0	16680000	-5.5879354e-09	2.6066775	-0.003231814	-0.051612586	1.2370914	0.0033630114	0.01955	49.0	3176.395576477051
139	405.65466	2.7761075	409.3	400.9	80.0	16800000	1.0040822e-09	2.5948958	-0.0037990827	-0.051582485	1.2324057	0.003935298	0.0272	49.0	3199.329169511795
140	406.7422	2.9510353	415.15	402.3	80.0	16920000	-1.0128133e-08	2.6460333	-0.003753154	-0.04357168	1.2183837	0.0044231485	0.028508333	49.0	3222.1430311203003
141	407.75	3.0976045	416.75	401.4	80.0	17040000	-1.3969839e-09	2.6473076	-0.003660001	-0.0502041	1.2075192	0.0038204372	0.02895	49.0	3245.081627845764
142	408.09686	2.5558107	411.6	402.2	80.0	17160000	2.561137e-09	2.6629212	-0.0036706154	-0.037320495	1.2148917	0.003757976	0.027233332	49.0	3267.918872117996
143	408.5453	2.0724144	415.75	403.4	80.0	17280000	6.344635e-09	2.5916147	-0.003651898	-0.050719112	1.1972885	0.00414867	0.028933333	49.0	3290.9275727272034
144	408.75	2.7742844	416.05	400.2	80.0	17400000	-4.627509e-09	2.6587086	-0.0035865046	-0.043059647	1.1799649	0.0037132627	0.025991667	49.0	3313.7636773586273
145	409.04266	3.3922095	424.6	402.4	80.0	17520000	-1.8626451e-09	2.68471	-0.0035094935	-0.054266125	1.1751981	0.004072668	0.025558334	49.0	3336.8261268138885
146	409.65936	1.2211338	412.7	407.6	80.0	17640000	-3.3905962e-09	2.5651693	-0.0034661158	-0.056099355	1.1789724	0.0034875288	0.023858333	49.0	3359.630351781845
147	409.76874	1.5442313	412.7	405.1	80.0	17760000	1.8626451e-09	2.733176	-0.0034749382	-0.05478427	1.1769931	0.0036285387	0.025899999	49.0	3382.506551504135
148	401.63333	45.100204	414.0	146.59999	80.0	17880000	3.7252903e-09	3.4739807	-0.003249575	-0.23920095	1.1400272	0.003712627	0.02465	49.0	3405.4462454319
149	409.9953	1.0392599	412.1	407.8	80.0	18000000	-1.9208528e-09	2.6221757	-0.0032375413	-0.1070137	1.1590226	0.0046827123	0.026075002	49.0	3428.109885931015
150	410.2516	1.132301	414.15	408.2	80.0	18120000	1.6298145e-09	2.7298026	-0.0031866953	-0.062791854	1.1366353	0.0034033656	0.021583334	49.0	3451.2562539577484
151	410.91064	2.2039495	422.0	409.0	80.0	18240000	0.0	2.6010256	-0.0034345868	-0.049909532	1.1172218	0.0035764766	0.023025	49.0	3474.1105613708496
152	410.85938	0.9604252	413.0	408.8	80.0	18360000	3.608875e-09	2.5761921	-0.003242535	-0.045327306	1.1270714	0.003760936	0.022166666	49.0	3496.8309128284454
153	410.81973	2.0852265	414.85	401.6	80.0	18480000	-1.1059456e-09	2.6542163	-0.0033640391	-0.0597696	1.1007843	0.0043189507	0.025583334	49.0	3519.9007046222687
154	406.947	24.102135	413.5	270.7	80.0	18600000	-5.5879354e-09	2.6185322	-0.0029685479	-0.06548983	1.0910478	0.0033326044	0.021683333	49.0	3542.6878209114075
155	411.6953	0.8308854	413.5	409.9	80.0	18720000	-2.6484486e-09	2.4983332	-0.0030479105	-0.0473994	1.091897	0.003252832	0.0183	49.0	3566.082694530487
156	411.35156	1.3940412	415.25	407.5	80.0	18840000	1.9208528e-09	2.5259852	-0.0030335132	-0.05089447	1.0753148	0.0030780025	0.0211	49.0	3588.944107532501
157	411.125	1.0647787	413.2	408.9	80.0	18960000	-1.7462298e-09	2.4122555	-0.0031607058	-0.045051724	1.0785167	0.0035787728	0.024633333	49.0	3612.031989812851
158	411.8406	0.96787566	413.9	409.9	80.0	19080000	3.4924597e-10	2.4936528	-0.0030522624	-0.04867229	1.0751065	0.0033283606	0.020633332	49.0	3635.0754704475403
159	411.96875	1.1203878	414.3	409.6	80.0	19200000	6.9849193e-10	2.5145288	-0.0030932387	-0.055263996	1.0705476	0.0027732665	0.0185	49.0	3657.978396654129
160	412.3797	0.98820025	414.1	409.9	80.0	19320000	-6.9849193e-10	2.430605	-0.003210703	-0.057406485	1.0729316	0.0035500121	0.021708334	49.0	3681.2442429065704
161	412.09686	1.2324333	415.05	409.9	80.0	19440000	-2.910383e-10	2.4346914	-0.002916648	-0.046147585	1.0643089	0.0032062521	0.01945	49.0	3704.168655872345
162	412.50153	2.1429412	421.7	407.7	80.0	19560000	-4.773028e-09	2.4962595	-0.003196473	-0.055090994	1.0585846	0.0032196455	0.023266666	49.0	3727.0438175201416
163	403.15152	52.017433	414.1	109.0	80.0	19680000	-3.7252903e-09	3.044363	-0.0030948035	-0.2442134	1.0402083	0.0032290942	0.023258334	49.0	3750.1778593063354
164	412.4682	2.018168	419.45	405.2	80.0	19800000	9.313226e-10	2.4527326	-0.0032214872	-0.09960294	1.0291661	0.0035381354	0.024208333	49.0	3773.007446527481
165	411.78125	1.5369294	414.4	406.3	80.0	19920000	4.5956767e-09	2.3397486	-0.0031207125	-0.052454144	1.0282255	0.0036977648	0.024375	49.0	3796.1487171649933
166	412.6803	2.9891186	427.65	406.1	80.0	20040000	2.0954758e-09	2.469474	-0.0032510436	-0.055470824	1.012118	0.0038032117	0.023725	49.0	3819.0971581935883
167	412.5	1.5392781	415.3	405.5	80.0	20160000	-5.820766e-09	2.3595243	-0.0029497738	-0.05173044	1.0050402	0.018783089	0.027224999	46.0	3841.860611438751
168	413.1875	0.9194922	415.5	411.5	80.0	20280000	-4.656613e-10	2.2901235	-0.0030212826	-0.04683903	1.0390251	0.0036930158	0.022425	49.0	3864.899929523468
169	413.15625	1.3418598	418.6	410.4	80.0	20400000	-1.4551915e-09	2.3381238	-0.0031413422	-0.057071686	1.0283757	0.0030909847	0.022525001	49.0	3887.8163681030273
170	413.2697	2.7762508	427.0	408.4	80.0	20520000	2.0954758e-09	2.3815727	-0.0029633092	-0.057356328	1.01042	0.0030016643	0.020333335	49.0	3911.3830242156982
171	413.53485	1.4330764	419.75	411.6	80.0	20640000	1.2805685e-08	2.4022956	-0.0029974163	-0.039245695	1.0026214	0.0030697635	0.022558333	49.0	3934.4512643814087
172	411.51324	14.773503	425.4	327.9	80.0	20760000	-3.0267984e-09	3.8925788	-0.0030619744	-0.23429152	0.9898995	0.0030781277	0.022941666	49.0	3957.623199939728
173	410.8106	14.14296	416.6	331.1	80.0	20880000	2.6193447e-09	2.4789367	-0.0028125795	-0.11349428	0.9967711	0.003225937	0.019741666	49.0	3980.8671045303345
174	413.44696	0.92490405	415.4	411.5	80.0	21000000	-2.910383e-09	2.3804548	-0.0030951465	-0.050326034	0.98244953	0.003363194	0.020650001	49.0	4003.70933842659
175	413.5197	2.7008393	427.25	410.9	80.0	21120000	6.9849193e-10	2.3262985	-0.0029984592	-0.075948656	0.989338	0.0032472815	0.023666667	49.0	4026.97355055809
176	413.21564	1.787477	415.2	406.4	80.0	21240000	-6.4028427e-10	2.2863626	-0.002789408	-0.048107654	0.9958397	0.003162311	0.021499999	49.0	4049.8686628341675
177	413.8703	0.73451257	415.8	412.05	80.0	21360000	1.1059456e-09	2.2722015	-0.0030174602	-0.054876506	0.9742174	0.0028627196	0.021716667	49.0	4072.906319141388
178	414.2318	2.0500495	423.45	410.9	80.0	21480000	-4.1618478e-09	2.2989707	-0.0028846895	-0.0499264	0.9641036	0.0033085763	0.023208333	49.0	4096.013885259628
179	414.4015	2.4998376	426.6	408.35	80.0	21600000	7.450581e-09	2.2766578	-0.0027076087	-0.04600537	0.95187813	0.0027894625	0.019125	49.0	4119.089772701263
180	414.1125	1.4423808	417.8	409.2	80.0	21720000	-4.307367e-09	2.2612267	-0.0029330435	-0.053177744	0.9718421	0.0034358199	0.023866666	49.0	4142.574663639069
181	414.16666	2.467444	424.5	406.5	80.0	21840000	-2.73576e-09	2.3512943	-0.0029584353	-0.06568988	0.9576547	0.0029773894	0.0219	49.0	4165.575713634491
182	413.125	2.2238743	415.5	401.7	80.0	21960000	-3.0267984e-09	2.3371005	-0.0031213667	-0.05888918	0.95993465	0.0033679972	0.025108334	49.0	4188.605563402176
183	413.73123	1.1579719	415.9	409.3	80.0	22080000	3.3760443e-09	2.1698813	-0.0029103153	-0.06371404	0.96302265	0.003069419	0.02315	49.0	4211.87606716156
184	414.1578	1.1826266	416.75	410.7	80.0	22200000	-3.3760443e-09	2.2639995	-0.002838529	-0.0662688	0.95445144	0.0029345294	0.02255	49.0	4234.733168363571
185	413.84998	0.8916282	415.4	412.3	80.0	22320000	-1.9790605e-09	2.326499	-0.0030646087	-0.06539598	0.955372	0.003204394	0.020958334	49.0	4258.288897514343
186	414.10623	0.8713991	415.9	412.1	80.0	22440000	3.783498e-09	2.1877456	-0.0030249616	-0.043672264	0.9538137	0.00372516	0.024858333	49.0	4281.469230413437
187	414.2594	1.356435	416.7	409.0	80.0	22560000	1.5716068e-09	2.2993283	-0.002821159	-0.047472388	0.9425738	0.0030772807	0.021275	49.0	4304.739486455917
188	414.33032	1.8739411	422.35	411.5	80.0	22680000	1.8626451e-09	2.3209207	-0.003084456	-0.061682254	0.93330014	0.0034483443	0.023675	49.0	4328.312091350555
189	405.2364	48.325752	415.8	132.0	80.0	22800000	7.450581e-09	2.754867	-0.0027393813	-0.2351292	0.9276428	0.00267279	0.021075	49.0	4351.7974445819855
190	415.11667	3.1899128	432.65	413.1	80.0	22920000	-2.561137e-09	2.2872698	-0.0028560804	-0.0882912	0.9105352	0.0031442728	0.020983333	49.0	4375.193714857101
191	414.23126	0.9015401	415.9	412.4	80.0	23040000	-4.5401976e-09	2.2623024	-0.0026724706	-0.04623121	0.91678303	0.0028489695	0.020816667	49.0	4398.459501028061
192	414.4606	1.2538282	416.2	410.3	80.0	23160000	-5.5879354e-09	2.4225454	-0.0027640697	-0.05352807	0.8976493	0.0029169745	0.020033333	49.0	4421.377372264862
193	414.17188	1.5566846	416.0	406.7	80.0	23280000	-4.0745363e-10	2.1174355	-0.002845736	-0.04453373	0.90115094	0.0029807468	0.022183333	49.0	4444.314658641815
194	413.5625	1.9574786	416.4	406.3	80.0	23400000	-4.656613e-10	2.1538591	-0.002826361	-0.051231325	0.9006064	0.0028555873	0.022583334	49.0	4467.170335769653
195	414.5015	1.8708466	418.55	406.1	80.0	23520000	-1.6298145e-09	2.2855468	-0.0030249897	-0.061879575	0.89131576	0.0031721916	0.023858333	49.0	4490.09030008316
196	414.5625	1.8089606	416.3	408.1	80.0	23640000	-4.831236e-09	2.256579	-0.0026914675	-0.06541699	0.8805813	0.0027940208	0.019875	49.0	4512.973240613937
197	414.88437	1.1540976	418.2	412.1	80.0	23760000	1.5716068e-09	2.2040515	-0.0029718652	-0.06758736	0.88528347	0.0028431974	0.020374998	49.0	4535.66854262352
198	414.09064	1.7699493	416.4	408.2	80.0	23880000	7.392373e-09	2.2476516	-0.0026973994	-0.045234352	0.8912939	0.002580909	0.019233333	49.0	4558.370690822601
199	414.175	1.6607645	416.6	408.8	80.0	24000000	7.2759576e-10	2.20775	-0.0026835331	-0.07389906	0.8815905	0.0030893404	0.021158334	49.0	4581.36378288269
200	408.8409	32.59006	416.4	224.55	80.0	24120000	-2.7939677e-09	2.5930533	-0.0029389616	-0.17230971	0.85430175	0.003236828	0.023783334	49.0	4604.069237947464
201	414.52118	1.2119993	417.6	411.2	80.0	24240000	5.5879354e-09	2.2677388	-0.0028043287	-0.08547537	0.86748576	0.0030149883	0.020374998	49.0	4627.003499031067
202	414.02966	1.307127	417.0	409.9	80.0	24360000	-1.7462298e-10	2.2482102	-0.0026718182	-0.057575703	0.87122047	0.0030500877	0.021816667	49.0	4649.833619117737
203	414.375	1.5433306	417.3	409.1	80.0	24480000	-6.5774657e-09	2.2355814	-0.0028731474	-0.063525915	0.8631563	0.0025706468	0.018283334	49.0	4672.788772821426
204	411.81363	17.265078	416.1	314.25	80.0	24600000	2.3283064e-10	2.3057344	-0.0026985952	-0.090755045	0.8596512	0.0025568525	0.0197	49.0	4695.702548980713
205	415.04376	1.4504197	417.6	408.4	80.0	24720000	2.415618e-09	2.135257	-0.002507924	-0.059740126	0.8643704	0.003114405	0.01905	49.0	4718.724962949753
206	414.73785	2.1040015	423.65	409.8	80.0	24840000	-6.519258e-09	2.2379513	-0.0029417267	-0.07524128	0.85534966	0.0030114462	0.023400001	49.0	4741.5747838020325
207	415.22272	2.226057	424.95	408.4	80.0	24960000	3.085006e-09	2.0997996	-0.002633925	-0.0722159	0.8486701	0.0027496964	0.021541666	49.0	4764.644575834274
208	414.99243	1.4590436	417.0	409.4	80.0	25080000	-2.3283064e-10	2.1928134	-0.002713319	-0.05891198	0.82997715	0.0030723703	0.021441668	49.0	4787.583359479904
209	415.1125	0.91232884	416.8	413.2	80.0	25200000	6.519258e-09	2.1293592	-0.0026519187	-0.06166488	0.8383813	0.002920569	0.023725	49.0	4810.6609582901
210	415.51816	1.5358741	421.65	412.65	80.0	25320000	4.4237822e-09	2.1609206	-0.0026823853	-0.07058814	0.8167093	0.0029326025	0.021891667	49.0	4833.666803121567
211	415.03125	1.5052907	417.6	409.9	80.0	25440000	-8.1490725e-10	2.121238	-0.0026650918	-0.042608112	0.8240264	0.003058654	0.021558333	49.0	4856.646414756775
212	415.1344	1.6681967	416.8	407.4	80.0	25560000	4.6857167e-09	2.1704812	-0.0024168273	-0.036399543	0.81409764	0.0028739874	0.019291665	49.0	4879.683529853821
213	415.66873	1.226898	417.2	410.4	80.0	25680000	-2.910383e-09	2.0787523	-0.002682862	-0.05530922	0.8185425	0.0028257198	0.024574999	49.0	4902.726556777954
214	414.9	1.7271721	417.2	410.3	80.0	25800000	5.005859e-09	2.13071	-0.0026047216	-0.06561704	0.8074392	0.0031710858	0.022483334	49.0	4925.670967578888
215	415.59216	1.468424	419.15	411.5	80.0	25920000	7.043127e-09	2.1592913	-0.0026265834	-0.055142626	0.8056584	0.003135738	0.0201	49.0	4948.758551359177
216	415.81213	1.6975021	424.05	413.9	80.0	26040000	-1.3969839e-09	2.184934	-0.002704978	-0.07063556	0.7826978	0.0031243165	0.024833333	49.0	4971.526039361954
217	415.70312	0.9805879	417.7	413.5	80.0	26160000	7.1013346e-09	2.073103	-0.002422247	-0.035685256	0.7947155	0.0026940359	0.017633334	49.0	4994.420653581619
218	416.31818	2.4260836	426.75	410.1	80.0	26280000	-6.7520887e-09	2.1048298	-0.0024413073	-0.060908973	0.77444303	0.0026564575	0.017358333	49.0	5017.334766387939
219	415.66876	1.4791125	417.8	409.8	80.0	26400000	-4.1763997e-09	2.0881515	-0.0026508956	-0.040388852	0.78118694	0.0030908622	0.021383334	49.0	5040.325129985809
220	415.81873	1.0122509	417.7	413.9	80.0	26520000	3.3178367e-09	2.0320442	-0.002539956	-0.044461817	0.78355676	0.0025444566	0.021025	49.0	5063.139503955841
221	415.94687	1.0368149	417.8	413.6	80.0	26640000	5.820766e-10	2.0499308	-0.002751396	-0.051328078	0.7763429	0.0032286693	0.022433333	49.0	5086.08287191391
222	420.19263	22.17532	547.2	412.9	78.088234	26760000	-6.9849193e-09	2.092191	-0.0026975996	-0.059334874	0.7617823	0.0028034449	0.020816667	49.0	5109.028213262558
223	420.07727	21.799656	543.0	409.6	78.06061	26880000	-5.5879354e-09	2.1846101	-0.002552379	-0.068747476	0.7644421	0.0023147499	0.01845	49.0	5132.046726226807
224	416.59686	1.1162128	419.9	413.8	80.0	27000000	-3.4051482e-09	2.0096369	-0.0025479773	-0.055947244	0.76674116	0.0022205561	0.018491667	49.0	5154.911198377609
225	420.36667	21.982878	544.6	414.4	78.06061	27120000	2.7939677e-09	2.0983868	-0.0025289399	-0.0470625	0.7612709	0.0028839577	0.019866668	49.0	5177.858285903931
226	427.63855	36.25941	546.4	413.5	74.42857	27240000	-6.519258e-09	2.2584727	-0.0027480817	-0.055802047	0.7457068	0.0029199645	0.022533333	49.0	5200.743478059769
227	424.45	30.539072	547.0	413.0	76.17647	27360000	5.5879354e-09	2.1531255	-0.0028420927	-0.068955585	0.73573506	0.007798559	0.024458334	49.0	5223.681662082672
228	442.72372	51.26493	546.6	409.8	67.125	27480000	-3.259629e-09	2.5126715	-0.0026829648	-0.08452372	0.7406579	0.0031809197	0.023466665	49.0	5246.403486251831
229	448.76932	55.841766	547.3	411.8	63.863636	27600000	0.0	2.7683594	-0.0025801712	-0.08113916	0.7347456	0.0028206452	0.020533333	49.0	5269.2899532318115
230	442.56122	52.004215	547.0	410.5	67.0	27720000	-9.313226e-10	2.5998974	-0.0025768967	-0.0815904	0.7353445	0.0022524162	0.018883333	49.0	5292.39838886261
231	451.83524	57.211163	546.9	408.8	62.43182	27840000	7.450581e-09	2.7637715	-0.002428092	-0.08585748	0.7180001	0.0023043088	0.018941667	49.0	5315.26979970932
232	466.4346	62.581398	547.4	414.3	55.153847	27960000	9.313226e-10	3.139863	-0.0022623644	-0.08583531	0.6719843	0.0027674146	0.018675	49.0	5338.512303829193
233	491.61816	63.47401	547.4	411.9	42.536232	28080000	3.7252903e-09	3.882114	-0.0025583508	-0.17221427	0.6132932	0.0030469636	0.021391667	49.0	5361.822815656662
234	491.96014	62.986816	547.2	410.2	42.507248	28200000	5.5879354e-09	3.9177163	-0.0024277603	-0.077474415	0.6120757	0.002844914	0.019375	49.0	5385.14572262764
235	501.3179	61.187702	547.4	415.4	37.653847	28320000	-7.450581e-09	4.2842717	-0.0023774942	-0.091008425	0.58187795	0.002843989	0.018833332	49.0	5408.648426532745
236	528.28076	43.514458	547.2	413.6	24.152	28440000	-7.916242e-09	6.1351337	-0.002271222	-0.26062334	0.41465172	0.0025566048	0.017066667	49.0	5432.354422569275
237	534.91846	35.522034	546.9	365.85	20.62416	28560000	-9.313226e-09	6.9716997	-0.0020604737	-0.1051206	0.33182007	0.0016821926	0.013691667	49.0	5456.103922843933
238	535.8119	33.9264	547.3	412.0	20.251701	28680000	-9.313226e-09	6.5577664	-0.0019766476	-0.06314832	0.35217044	0.0020876518	0.013666667	49.0	5479.667472362518
239	539.0967	27.921055	547.1	415.0	18.566265	28800000	8.381903e-09	7.1558685	-0.0018468814	-0.081437886	0.29658982	0.0015654103	0.015291667	49.0	5503.47727060318
240	539.9923	26.3565	547.6	399.85	18.047337	28920000	8.381903e-09	7.29276	-0.0018414059	-0.088520646	0.2823236	0.0016982525	0.012225	49.0	5527.43926692009
241	539.13544	26.504736	547.1	408.6	18.551516	29040000	-6.519258e-09	7.300109	-0.0019527745	-0.113699734	0.28814632	0.0019460779	0.014883334	49.0	5550.8333332538605
242	537.7312	30.42793	547.2	413.5	19.242039	29160000	-3.7252903e-09	6.9831934	-0.0018579715	-0.053441405	0.31545207	0.0016461143	0.014108334	49.0	5574.377907752991
243	538.3525	29.18932	547.1	413.3	19.031055	29280000	-7.916242e-09	7.013845	-0.0017439881	-0.06512028	0.30345923	0.0015213145	0.014508333	49.0	5597.662706375122
244	540.2602	25.58818	547.2	413.4	17.936047	29400000	7.450581e-09	7.3550243	-0.0016491234	-0.057484686	0.2660061	0.0016739614	0.010783333	49.0	5621.258728265762
245	541.7892	21.353931	547.1	410.8	17.19337	29520000	2.561137e-09	7.3467464	-0.0016662407	-0.054986298	0.24278116	0.0014619958	0.010941667	49.0	5644.726939678192
246	537.0961	32.001705	547.2	411.9	19.509678	29640000	-1.3969839e-08	6.891778	-0.001949985	-0.07561231	0.322454	0.003976253	0.015291667	49.0	5668.333915233612
247	542.0674	22.293432	547.1	411.1	17.052326	29760000	1.8626451e-09	7.3501043	-0.0015708156	-0.07693654	0.27555737	0.001669917	0.012558334	49.0	5691.699734687805
248	541.2127	23.915113	547.2	410.4	17.502958	29880000	-5.5879354e-09	7.2682915	-0.0015564485	-0.087593794	0.27478158	0.0014978156	0.01265	49.0	5715.232436418533
249	540.0095	25.842527	547.0	411.3	18.057804	30000000	7.683411e-09	7.1058593	-0.0017111221	-0.08447832	0.2686539	0.0014982438	0.012125	49.0	5738.791797637939
