Episode	TestRet	TestSteps	AverageEpRet	StdEpRet	MaxEpRet	MinEpRet	EpLen	Time
50	-145.15000216849148	100.0	-160.73502	6.125678	-147.3	-173.5	100.0	3 min 49 sec
100	-139.75000250898302	100.0	-145.711	16.588346	-116.55	-228.95001	100.0	8 min 32 sec
150	-239.9500073313713	100.0	-144.77701	39.10528	-96.75	-362.0	100.0	13 min 15 sec
200	-145.920002714172	100.0	-147.574	55.244152	-85.75	-346.45	100.0	17 min 58 sec
250	-230.18000699840485	100.0	-151.123	71.94875	24.599997	-388.15002	100.0	22 min 36 sec
300	-206.75000582747163	100.0	-135.24	34.657608	-10.400003	-208.0	100.0	27 min 24 sec
350	-142.83000344112514	100.0	-123.491	44.088783	-20.900003	-264.2	100.0	32 min 5 sec
400	-188.22000548765064	100.0	-110.675995	41.6247	3.5499964	-166.25	100.0	36 min 47 sec
450	-236.96500780768693	100.0	-115.235	45.50115	40.649994	-236.6	100.0	41 min 31 sec
500	-193.58000680431724	100.0	-97.16801	57.49684	43.449997	-206.0	100.0	46 min 14 sec
550	-260.3250095274299	100.0	-81.08	63.192493	101.799995	-247.40001	100.0	50 min 50 sec
600	-190.07000677920877	100.0	-45.349003	73.167786	124.0	-220.20001	100.0	55 min 30 sec
650	-111.50500476956367	100.0	-32.955	89.977325	206.2	-137.7	100.0	1 h 0 min
700	-154.41000607274472	100.0	-2.0650053	93.912834	263.05	-140.45001	99.46	1 h 4 min
750	-214.1750072542578	100.0	33.017998	111.140884	283.9	-121.8	99.68	1 h 9 min
800	-60.75500431768596	100.0	90.129005	104.15768	257.75	-120.4	99.74	1 h 14 min
850	-249.00001113712787	100.0	80.98399	94.97071	245.15	-110.450005	100.0	1 h 19 min
900	51.579996223375204	100.0	79.46199	122.21377	264.05	-124.9	99.3	1 h 23 min
950	185.95999732501804	100.0	77.612	128.40852	289.4	-155.45	99.26	1 h 28 min
1000	163.2399975068867	100.0	101.16899	119.128136	280.2	-131.85	99.52	1 h 33 min
1050	2.12999628148973	100.0	76.635994	116.68861	272.25	-148.2	99.74	1 h 37 min
1100	145.54999741502107	100.0	57.18199	121.242676	297.3	-99.200005	99.1	1 h 42 min
1150	253.78999800495802	88.5	93.504	122.4527	266.85	-124.15	99.92	1 h 47 min
1200	83.80999696813524	100.0	129.934	110.41793	254.59999	-104.75	99.96	1 h 51 min
1250	156.87499721869827	96.7	91.885994	128.5328	296.3	-160.05	99.06	1 h 56 min
1300	97.40999713391065	92.6	111.99899	126.74436	310.8	-135.15001	97.9	2 h 1 min
1350	142.1249965108931	99.7	139.702	114.551865	322.5	-123.4	95.48	2 h 5 min
1400	180.9199961397797	100.0	128.769	98.4271	330.55	-66.25	98.92	2 h 10 min
1450	184.119996695593	95.4	135.75899	100.033356	339.0	-64.3	98.92	2 h 15 min
1500	198.2249958191067	97.9	124.534004	108.74494	326.6	-137.3	98.42	2 h 19 min
1550	239.28999717347324	100.0	157.00601	117.199135	328.25	-147.90001	96.08	2 h 24 min
1600	259.9399978231639	94.2	142.84401	102.43788	325.6	-123.25	97.6	2 h 29 min
1650	145.37999553754926	93.7	106.204	131.4725	316.2	-154.90001	98.02	2 h 33 min
1700	148.06499667018653	94.9	107.225	120.316734	298.95	-120.350006	97.6	2 h 38 min
1750	241.53999693840743	96.0	134.664	116.19514	270.35	-114.450005	99.6	2 h 43 min
1800	182.53999617807568	99.8	147.783	127.88812	319.3	-124.100006	94.4	2 h 47 min
1850	165.29999498650432	100.0	175.19301	115.51282	325.0	-116.600006	93.7	2 h 52 min
1900	3.2299941170960667	100.0	176.577	109.449615	320.6	-132.15001	93.9	2 h 56 min
1950	200.50999648161232	94.8	172.679	94.485085	309.0	-37.800003	95.7	3 h 1 min
2000	193.2999950490892	100.0	178.50899	114.22505	320.2	-105.75	93.7	3 h 6 min
2050	272.8099978134036	87.8	170.786	111.62654	313.2	-50.0	95.36	3 h 10 min
2100	282.69499756060543	73.7	154.91599	127.48253	325.0	-151.3	95.74	3 h 15 min
2150	161.69499769061804	97.8	180.295	101.839264	338.55	-70.15	94.24	3 h 19 min
2200	202.15999608263374	90.4	200.877	88.851135	310.25	-105.700005	92.08	3 h 24 min
2250	137.04999684914947	100.0	135.329	127.11607	304.45	-157.40001	97.06	3 h 28 min
2300	257.6849970333278	90.8	179.321	106.31181	305.0	-150.85	94.54	3 h 33 min
2350	56.019995386898515	100.0	180.437	116.92346	314.95	-87.55	94.0	3 h 37 min
2400	224.55999596640467	100.0	176.19899	105.5289	317.35	-103.55	97.22	3 h 42 min
2450	219.31499726884067	92.8	166.009	99.62232	302.4	-83.65	96.82	3 h 47 min
2500	231.74999655298888	82.0	163.448	119.04516	327.0	-139.3	95.56	3 h 51 min
2550	120.99499652422965	81.7	191.06499	92.46386	308.9	-122.55	96.2	3 h 56 min
2600	227.62999753281474	94.6	173.089	111.22218	324.05	-82.8	95.42	4 h 0 min
2650	172.9449962940067	89.1	175.37701	123.06268	334.3	-133.45	93.56	4 h 5 min
2700	158.7199966277927	83.8	195.66902	109.892586	327.85	-103.65	91.24	4 h 9 min
2750	55.459992077574135	95.8	161.609	120.86347	317.2	-108.55	94.36	4 h 14 min
2800	205.17499582953752	89.3	186.23997	96.35491	323.15	-119.200005	96.72	4 h 18 min
2850	267.29499727860093	83.1	205.16098	91.09859	333.35	-77.850006	95.06	4 h 23 min
2900	276.62999761104584	79.8	221.776	79.68568	323.25	-97.450005	92.9	4 h 27 min
2950	266.0799975838512	84.3	200.729	103.93727	339.5	-140.75	93.64	4 h 32 min
3000	241.22499658465387	94.9	188.19902	100.33734	324.5	-110.850006	94.46	4 h 36 min
3050	172.8949947539717	99.4	142.086	129.82605	325.45	-143.55	94.08	4 h 41 min
3100	257.62999720573424	91.2	192.63399	98.02505	340.75	-35.250004	92.68	4 h 45 min
3150	206.739997574687	86.1	192.01	92.44188	311.55	-146.40001	96.8	4 h 50 min
3200	202.0999969303608	89.0	149.365	104.924835	327.65	-104.8	97.58	4 h 55 min
3250	136.3849958706647	98.8	176.34097	103.25556	324.25	-114.450005	95.32	4 h 59 min
3300	262.9949974089861	90.7	190.66801	95.82024	330.95	-122.100006	93.56	5 h 4 min
3350	297.88999795094134	70.2	182.26201	98.40345	318.5	-60.550003	94.46	5 h 8 min
3400	262.3549972511828	88.4	192.72198	100.587456	322.2	-69.850006	95.34	5 h 13 min
3450	235.68999705724417	97.6	176.66699	104.74555	319.8	-91.850006	94.36	5 h 17 min
3500	245.06499688476325	90.1	194.77303	106.56008	317.25	-111.450005	93.88	5 h 22 min
3550	273.21499755606055	85.9	188.851	105.78236	320.95	-89.9	95.88	5 h 26 min
3600	108.3899958871305	100.0	196.654	92.708984	319.8	-41.300003	92.68	5 h 31 min
3650	220.56499724686145	90.4	162.025	125.15215	341.5	-86.8	92.88	5 h 35 min
3700	220.36999742500484	94.5	220.735	79.732086	326.15	-106.9	93.3	5 h 39 min
3750	296.55499803461134	74.1	202.53702	77.39859	319.35	-69.600006	95.08	5 h 44 min
3800	181.18999660871924	91.2	213.17401	89.32524	329.05	-113.5	93.08	5 h 48 min
3850	198.1999951545149	87.4	207.84903	88.25842	322.45	-89.0	94.94	5 h 53 min
3900	187.16999688744545	84.6	186.49898	91.2046	299.9	-103.4	97.82	5 h 57 min
3950	111.16999557465314	96.4	197.68901	115.90049	331.25	-111.8	90.94	6 h 2 min
4000	171.90499641001225	100.0	185.681	100.26689	325.65	-151.05	96.38	6 h 6 min
4050	264.20999792814257	86.2	207.21101	80.70252	334.1	-88.200005	94.2	6 h 11 min
4100	161.7849973510951	90.4	188.17699	115.86913	326.1	-107.0	93.6	6 h 15 min
4150	273.60499802306293	78.9	195.85799	104.19232	331.55	-93.25	94.54	6 h 20 min
4200	255.71999684944748	84.4	190.515	88.83135	316.5	-71.5	97.38	6 h 24 min
4250	208.93999737761914	89.8	191.38202	87.970245	314.15	-106.25	97.22	6 h 29 min
4300	239.31999765783547	92.8	171.62898	103.868286	318.25	-137.85	96.78	6 h 33 min
4350	205.04999577961863	96.6	196.199	83.9325	337.9	-55.500004	95.9	6 h 38 min
4400	159.37499680481852	94.0	198.05199	97.46289	327.15	-85.3	95.42	6 h 43 min
4450	242.4849967535585	85.2	202.215	94.165665	339.1	-58.800003	94.04	6 h 47 min
4500	221.9049969535321	89.5	203.94801	85.23248	327.2	-29.350004	93.78	6 h 51 min
4550	226.76499711759388	88.6	174.915	108.92302	319.6	-84.0	94.94	6 h 56 min
4600	264.0649972431362	90.4	181.19	92.06554	320.5	-132.1	97.06	7 h 0 min
4650	209.77499665096403	92.2	197.828	109.932816	327.6	-107.100006	92.86	7 h 5 min
4700	273.24999788813295	83.2	196.19301	98.639404	319.9	-82.3	95.78	7 h 9 min
4750	261.6199974168092	83.4	190.483	104.236946	317.05	-96.8	95.42	7 h 14 min
4800	235.69999745748936	100.0	194.458	83.08613	343.95	-46.500004	96.52	7 h 18 min
4850	244.7549973040819	89.5	212.87	91.05491	332.6	-80.200005	92.0	7 h 23 min
4900	181.5449970666319	92.6	203.52098	82.98398	341.15	-65.3	96.28	7 h 27 min
4950	257.8499974824488	82.4	191.61598	95.06912	307.9	-131.1	98.14	7 h 32 min
5000	223.45499757267535	90.4	201.437	106.112495	329.4	-116.450005	93.92	7 h 37 min
5050	245.56999748311938	87.4	199.71999	97.90507	328.5	-84.600006	96.58	7 h 41 min
5100	197.50999655015767	100.0	184.81099	88.10126	324.15	-104.350006	97.38	7 h 46 min
5150	242.15999702848495	92.4	203.357	74.222	315.05	-22.050003	95.92	7 h 50 min
5200	222.85499610044062	92.8	189.09299	84.300064	331.0	-60.450005	95.94	7 h 55 min
5250	255.66499735228717	86.5	203.509	71.09633	317.35	17.899998	96.58	7 h 59 min
5300	236.3799963545054	97.4	189.161	111.84509	323.2	-155.1	94.56	8 h 4 min
5350	249.64999745227396	100.0	212.50702	73.85525	324.6	-33.950005	95.34	8 h 8 min
5400	249.57499719448387	90.1	221.702	78.98126	331.85	-15.900002	91.52	8 h 13 min
5450	266.06499758400025	82.5	226.07298	49.236073	333.45	104.25	96.04	8 h 17 min
5500	267.10499729141594	85.4	185.26402	96.71199	335.6	-52.400005	96.5	8 h 22 min
5550	235.89999702498318	91.6	217.434	82.71299	330.4	-43.15	93.52	8 h 26 min
5600	247.9549973525107	92.2	198.31702	99.98115	322.35	-117.100006	92.62	8 h 31 min
5650	183.3049972064793	100.0	191.238	98.83902	316.55	-144.7	96.08	8 h 35 min
5700	273.05999765582385	85.8	222.068	100.150314	339.0	-80.950005	89.72	8 h 40 min
5750	275.6899976186454	85.0	207.15898	85.921135	333.8	-66.950005	94.86	8 h 44 min
5800	254.8699971668422	91.4	208.30902	84.76618	328.0	-59.500004	94.24	8 h 49 min
5850	251.69999777711928	89.0	188.178	108.85426	343.85	-142.5	94.18	8 h 53 min
5900	242.73499717190862	100.0	186.621	97.35985	333.55	-97.65	95.92	8 h 58 min
5950	178.03499635867774	100.0	188.08899	103.10425	335.4	-96.9	94.68	9 h 2 min
6000	251.10999730154873	89.2	183.021	103.09951	334.25	-184.40001	94.66	9 h 7 min
6050	276.4899978294969	76.8	206.82199	115.70284	341.1	-114.55	87.5	9 h 11 min
6100	265.87499696835874	81.1	199.024	105.51322	346.1	-117.700005	90.68	9 h 15 min
6150	261.50999750904737	84.8	209.03899	89.02038	325.7	-118.4	94.26	9 h 20 min
6200	272.23999742232263	72.1	219.628	74.473946	334.05	-104.25	96.28	9 h 24 min
6250	240.7099963683635	86.2	207.756	97.61499	320.4	-72.850006	91.96	9 h 29 min
6300	221.8999957881868	98.8	188.77802	98.996796	329.9	-98.05	95.24	9 h 33 min
6350	252.15999687090516	91.9	209.23401	93.748764	339.2	-80.950005	92.18	9 h 38 min
6400	283.37499773427845	75.9	223.48398	83.703026	333.4	-85.600006	90.12	9 h 42 min
6450	283.6049979161471	79.9	209.25099	89.24191	332.3	-128.90001	94.8	9 h 47 min
6500	266.83499714396896	84.7	190.23499	86.317535	327.45	-60.200005	95.54	9 h 51 min
6550	254.84999696649612	89.0	202.87799	87.4259	336.1	-46.600002	92.46	9 h 55 min
6600	238.7949962824583	94.3	192.917	107.55135	346.75	-87.0	91.58	10 h 0 min
6650	238.4649963863194	86.9	226.81	76.95536	342.55	-94.75	92.28	10 h 4 min
6700	248.98999714031817	81.7	223.66602	68.37021	338.8	2.499997	93.64	10 h 9 min
6750	254.704997568205	82.4	201.55197	94.13807	343.55	-83.200005	93.58	10 h 13 min
6800	290.8049976263195	70.0	219.83801	76.67436	328.4	-63.700005	93.48	10 h 18 min
6850	248.9049971137196	88.6	205.25299	85.71679	338.15	-88.25	93.9	10 h 22 min
6900	279.84999754950405	78.7	204.35597	83.2385	332.15	-113.0	93.94	10 h 26 min
6950	283.8499975658953	75.0	222.197	69.30657	336.8	-90.950005	95.2	10 h 31 min
7000	259.5299972936511	87.4	191.57399	89.72966	329.05	-40.100002	95.18	10 h 36 min
7050	253.1999974347651	90.4	215.58202	75.332466	332.25	10.299996	94.12	10 h 40 min
7100	214.629997465387	86.0	212.428	62.719505	321.35	28.049997	94.84	10 h 45 min
7150	218.92999644502999	100.0	205.3	95.56717	335.75	-116.3	91.48	10 h 49 min
7200	168.8599959138781	100.0	216.896	70.644844	335.85	-24.500004	93.28	10 h 54 min
7250	279.88499755375085	77.1	214.95001	81.51165	332.05	-4.900003	91.3	10 h 58 min
7300	217.16999664530158	96.1	222.898	67.457436	334.9	-10.050004	93.02	11 h 2 min
7350	285.66499776504935	71.1	228.235	62.619175	335.35	-55.250004	95.0	11 h 7 min
7400	213.78999608494343	92.4	214.355	85.18779	340.95	-123.450005	91.72	11 h 11 min
7450	265.92499739564954	87.1	209.80801	85.11502	331.35	-70.05	92.86	11 h 16 min
7500	188.0499977055937	100.0	229.901	81.975685	321.85	-88.05	92.02	11 h 20 min
7550	277.549997895211	86.5	226.756	83.80019	342.2	-26.350002	88.74	11 h 24 min
7600	199.02999654635786	100.0	203.367	93.17551	334.85	-98.5	94.8	11 h 29 min
7650	252.65999703481793	92.0	188.12701	108.7268	344.4	-83.55	93.2	11 h 34 min
7700	242.72999693639576	100.0	225.04399	74.65793	339.55	-58.900005	91.44	11 h 38 min
7750	267.25499760732055	86.5	211.03801	91.46294	333.5	-123.55	91.82	11 h 43 min
7800	281.7399976596236	78.0	210.11299	85.67482	342.05	-61.050003	93.52	11 h 47 min
7850	241.4899964772165	89.4	219.00697	68.69292	336.0	-62.100002	93.68	11 h 52 min
7900	276.8099978134036	79.8	200.24698	104.597404	335.05	-103.9	93.42	11 h 56 min
7950	272.47999773398044	85.6	243.24898	68.58818	351.2	30.799997	89.02	12 h 0 min
8000	273.46999740973115	83.9	202.18602	88.16054	337.4	-146.0	96.86	12 h 5 min
8050	252.56999734155835	90.8	218.862	71.46213	331.3	-21.500004	94.56	12 h 10 min
8100	284.2399974051863	71.4	195.34799	81.205574	347.7	-49.550003	95.02	12 h 14 min
8150	154.10999680943786	100.0	190.464	89.98447	319.45	-147.3	97.82	12 h 19 min
8200	281.51999739333985	75.2	226.10101	96.121735	338.55	-100.9	86.46	12 h 23 min
8250	314.03999840281904	64.6	227.17001	102.6046	343.9	-125.9	85.62	12 h 27 min
8300	121.61999710425735	85.3	218.491	91.3935	338.35	-117.25001	91.08	12 h 31 min
8350	269.68999779000876	91.4	219.26498	109.87739	353.2	-68.200005	86.04	12 h 36 min
8400	226.70999688953162	89.5	217.87599	73.26968	340.95	-0.15000331	91.34	12 h 40 min
8450	267.0499974813312	85.6	198.41798	86.946495	322.5	-77.4	94.26	12 h 45 min
8500	240.16999700143933	100.0	207.49901	86.95222	335.25	-28.050003	94.48	12 h 49 min
8550	270.9149972930551	81.5	210.048	86.13096	340.25	-82.4	94.64	12 h 54 min
8600	278.3399976927787	79.8	216.16699	94.517	346.85	-136.2	90.6	12 h 58 min
8650	276.9949977912009	82.3	216.24701	78.26077	342.35	-18.800003	92.9	13 h 3 min
8700	269.1599974643439	83.8	228.804	73.459236	346.0	38.049995	89.44	13 h 7 min
8750	280.97499765343963	78.1	222.75398	113.66979	345.75	-152.8	87.44	13 h 11 min
8800	262.1549972489476	85.9	220.191	95.59503	346.95	-136.55	90.24	13 h 15 min
8850	270.16499715149405	75.3	197.637	92.67304	338.25	-107.65	93.52	13 h 20 min
8900	257.2799974117428	85.0	207.50201	84.962845	328.9	-78.55	94.7	13 h 24 min
8950	203.2899970073253	100.0	217.06699	99.71153	338.7	-149.35	89.46	13 h 29 min
9000	297.9099978905171	70.0	229.58403	79.99209	337.4	23.049997	90.18	13 h 33 min
9050	181.91499725840987	75.7	205.93301	93.0428	340.35	-126.55	94.32	13 h 38 min
9100	246.99499789774418	76.3	215.00702	105.08318	340.65	-116.15	89.72	13 h 42 min
9150	194.52999650016426	89.8	225.31201	86.49498	352.15	-5.150004	87.92	13 h 46 min
9200	288.55999819003046	83.8	211.82498	103.58164	338.55	-91.65	90.1	13 h 51 min
9250	230.04999723024667	88.6	235.753	56.493256	341.05	61.449997	92.74	13 h 55 min
9300	292.9249976884574	70.7	214.22899	79.4269	349.7	-94.9	93.44	13 h 59 min
9350	242.74999688789248	88.6	207.821	92.41426	347.45	0.9999971	90.34	14 h 4 min
9400	303.2649980287999	68.5	226.236	86.58713	333.8	-132.15001	88.48	14 h 8 min
9450	217.89499751329421	72.9	227.58398	91.53676	346.1	-10.050002	85.76	14 h 12 min
9500	251.20499687232078	88.7	243.607	85.22125	346.45	-72.65	84.04	14 h 16 min
9550	281.45499755181373	77.3	232.316	94.2326	342.4	-136.1	87.26	14 h 21 min
9600	292.93499775379894	71.9	191.846	122.57214	349.9	-132.1	90.98	14 h 25 min
9650	305.89499782249334	63.1	217.20801	106.10513	343.55	-140.7	87.6	14 h 29 min
9700	254.74999674409628	85.0	195.111	121.40775	347.35	-119.75	90.24	14 h 34 min
9750	113.02499575652182	94.1	219.03796	101.06701	345.15	-146.95	90.0	14 h 38 min
9800	289.829997702688	75.2	218.66301	74.70476	345.7	-48.9	92.26	14 h 42 min
9850	276.9199974846095	82.6	194.41699	117.68015	343.35	-154.40001	92.18	14 h 47 min
9900	233.76999625973403	86.0	221.49	71.00007	346.15	-8.1500025	93.06	14 h 51 min
9950	264.2349971085787	82.1	225.00998	68.95504	337.15	-90.5	92.26	14 h 56 min
10000	211.2049971770495	71.9	210.28801	97.23993	349.15	-152.15001	89.84	15 h 0 min
10050	284.56999763399364	71.2	235.263	77.15447	347.6	-50.4	88.1	15 h 4 min
10100	275.06999728903173	78.6	232.78598	70.78442	355.1	33.299995	89.42	15 h 9 min
10150	230.13999761119484	89.4	196.139	101.51902	339.85	-85.15	94.12	15 h 13 min
10200	246.68999665491282	81.8	209.83801	108.06406	348.4	-156.6	89.22	15 h 17 min
10250	263.11499723643067	85.1	217.365	64.61631	342.4	23.549995	94.44	15 h 22 min
10300	276.7999978046864	83.4	233.59702	71.76399	348.55	20.049997	88.52	15 h 26 min
10350	254.55999686308206	86.2	239.24901	72.289795	336.05	-51.9	88.0	15 h 31 min
10400	279.029997478798	74.8	219.726	110.25683	343.25	-100.950005	87.3	15 h 35 min
10450	273.469997882843	83.2	203.06398	122.29717	338.7	-110.55	89.82	15 h 39 min
10500	234.64499747939408	96.6	218.146	105.72235	345.1	-106.450005	88.76	15 h 44 min
10550	280.429997671023	80.0	217.93501	78.27614	343.9	-15.800004	90.2	15 h 48 min
10600	257.7949965644628	77.3	207.524	89.422424	330.7	-50.300003	90.44	15 h 52 min
10650	267.17499754838644	82.9	236.87997	71.98062	341.75	-50.550003	89.62	15 h 57 min
10700	261.32999758198855	89.4	241.55896	81.47084	349.2	-66.65	87.38	16 h 1 min
10750	239.6149972550571	90.9	242.85298	80.83536	344.6	-77.350006	88.1	16 h 6 min
10800	277.62499759830536	75.1	250.527	72.42829	346.8	-39.500004	86.62	16 h 10 min
10850	276.6149977222085	77.5	235.15799	81.76704	337.0	-80.100006	90.5	16 h 14 min
10900	272.6149977464229	85.9	213.351	96.70662	345.4	-43.700005	91.94	16 h 19 min
10950	257.9999971676618	86.2	242.453	78.2404	346.15	-55.450005	86.92	16 h 23 min
11000	280.9499976888299	80.2	209.348	109.2565	349.1	-106.4	87.3	16 h 27 min
11050	191.22499448619783	98.0	207.25801	107.38302	347.2	-102.00001	90.84	16 h 31 min
11100	269.0299977362156	91.0	247.41502	55.4431	345.35	65.299995	88.78	16 h 36 min
11150	230.73999735154212	89.2	214.264	101.167465	340.85	-86.5	92.14	16 h 40 min
11200	310.9249979443848	60.5	237.039	70.79154	346.9	-58.600002	88.88	16 h 44 min
11250	284.82999754585325	68.8	237.379	92.942825	343.6	-103.0	85.78	16 h 49 min
11300	292.78999805152415	72.6	226.38998	92.19844	341.65	-52.000004	88.58	16 h 53 min
11350	253.41499672979117	78.7	227.629	96.76473	344.5	-109.3	87.44	16 h 57 min
11400	242.42999719008805	79.3	228.30399	93.76906	354.95	-114.15	89.12	17 h 1 min
11450	256.57999732792376	85.6	207.84698	103.374985	340.35	-68.25	90.5	17 h 6 min
11500	180.69499544091522	78.9	214.45099	93.20801	340.35	-57.100002	93.26	17 h 10 min
11550	316.50999843776225	61.8	240.07199	62.32615	336.25	51.749996	89.86	17 h 14 min
11600	209.0449966635555	88.6	222.401	79.25704	331.6	-82.700005	92.1	17 h 19 min
11650	271.0699974283576	82.6	229.54102	76.5729	344.4	-34.050003	91.14	17 h 23 min
11700	295.1999979369342	69.3	225.508	80.510956	346.95	-70.4	91.3	17 h 28 min
11750	261.3749966647476	75.7	215.62398	97.347725	350.15	-67.700005	90.82	17 h 32 min
11800	283.58499789088967	82.9	240.095	61.7655	347.85	83.1	88.12	17 h 36 min
11850	262.9699971303344	85.4	233.10399	102.316216	348.75	-113.700005	85.36	17 h 41 min
11900	301.0549980215728	66.7	236.349	82.12496	340.55	-27.100004	87.8	17 h 45 min
11950	262.2099971976131	86.8	234.446	92.68681	341.75	-23.350002	83.64	17 h 49 min
12000	311.7599985271692	65.6	257.453	76.354294	354.75	-40.150005	82.62	17 h 53 min
12050	286.4549978975207	75.3	257.088	70.57568	345.1	51.249996	82.24	17 h 57 min
12100	257.8149968214333	79.9	240.27002	89.15662	352.45	-85.05	84.96	18 h 1 min
12150	198.91499736309052	81.7	235.95699	67.29479	341.0	17.149998	89.34	18 h 6 min
12200	264.2499971430749	84.4	225.202	99.35358	346.5	-82.200005	87.6	18 h 10 min
12250	294.15499812960627	66.1	195.63602	121.462105	339.8	-120.200005	87.64	18 h 14 min
12300	278.1249974742532	80.1	221.81102	99.23365	342.05	-135.2	90.9	18 h 19 min
12350	292.8699982829392	76.2	224.176	106.67883	347.9	-115.450005	87.4	18 h 23 min
12400	288.27499799840155	72.1	270.85498	62.307964	354.55	90.7	79.02	18 h 27 min
12450	213.61999552100897	100.0	212.09299	103.984924	346.15	-107.55	90.38	18 h 31 min
12500	268.97499727346	79.9	225.23499	84.472824	340.7	-57.550003	88.34	18 h 35 min
12550	251.34499710053205	76.4	206.59799	97.28056	335.75	-72.15	92.04	18 h 40 min
12600	195.58499607108533	88.9	209.336	109.33353	348.7	-159.2	91.12	18 h 44 min
12650	284.63999765850605	76.2	248.22	75.308945	343.4	-45.9	86.34	18 h 48 min
12700	264.9549979194999	75.2	223.062	93.26011	345.9	-40.4	89.7	18 h 53 min
12750	278.9799977935851	81.8	224.94301	86.08879	340.0	-42.200005	90.52	18 h 57 min
12800	260.8699974808842	87.5	215.105	91.292694	352.75	-55.300003	88.92	19 h 1 min
12850	302.35499816313387	65.5	209.07602	101.96113	354.05	-126.600006	92.52	19 h 6 min
12900	319.29999838657676	60.6	249.759	82.30352	352.4	-127.15	85.08	19 h 10 min
12950	282.90499750413	65.5	225.08798	92.55158	349.85	-34.000004	85.76	19 h 14 min
13000	295.45499782040713	70.7	255.34401	66.449356	354.8	63.199997	83.84	19 h 18 min
13050	286.83999755717815	71.8	218.086	100.64325	346.75	-47.000004	89.48	19 h 22 min
13100	287.2399978075176	75.2	226.18599	86.98756	333.95	-89.75	90.66	19 h 27 min
13150	300.53499821797016	72.3	247.09097	70.432014	346.7	2.4499977	86.04	19 h 31 min
13200	282.38999793455	81.4	209.45099	117.10142	344.9	-114.700005	90.28	19 h 35 min
13250	296.70499816536903	74.5	220.95398	99.24274	348.15	-80.950005	89.52	19 h 39 min
13300	234.02499661929906	92.8	226.89102	88.68828	346.15	-64.350006	88.88	19 h 44 min
13350	256.40999752134087	90.6	230.904	88.11901	350.35	-44.850002	87.5	19 h 48 min
13400	296.4399979181588	70.8	226.36201	103.24824	356.4	-86.200005	86.4	19 h 52 min
13450	310.73499809652566	63.5	245.63101	93.588066	345.55	-89.25	81.3	19 h 56 min
13500	258.87499771788714	85.9	225.606	101.57162	351.25	-84.3	84.08	20 h 0 min
13550	290.4249979671091	77.3	234.386	103.08323	352.65	-140.45	85.52	20 h 5 min
13600	275.5949977520853	64.9	207.53201	116.403465	349.25	-145.5	88.54	20 h 9 min
13650	223.81499702855945	78.6	230.351	111.49183	356.1	-146.5	84.46	20 h 13 min
13700	250.22499786801637	69.0	222.977	102.6286	339.1	-57.950005	84.2	20 h 17 min
13750	294.74999757297337	66.8	240.34	97.6656	351.15	-104.4	84.3	20 h 21 min
13800	289.5599979549646	74.0	227.39201	89.187004	349.45	-90.65	89.3	20 h 26 min
13850	287.80499782040715	76.7	214.35902	119.987785	345.6	-89.0	86.96	20 h 31 min
13900	206.3649967454374	73.5	218.819	113.01284	350.2	-55.800003	83.86	20 h 35 min
13950	210.78499669879676	100.0	187.89201	130.85692	344.9	-72.850006	87.36	20 h 39 min
14000	296.6549980763346	72.6	187.75801	112.25644	345.6	-84.85	93.1	20 h 44 min
14050	230.70999650247396	100.0	196.254	110.70613	348.7	-78.65	92.36	20 h 48 min
14100	291.3449981495738	74.5	237.64899	91.28393	346.8	-51.100002	85.8	20 h 53 min
14150	290.5499977927655	72.0	260.60202	83.66499	352.2	-78.100006	77.78	20 h 57 min
14200	293.6449981804937	73.1	243.72601	98.01689	353.25	-76.65	81.96	21 h 1 min
14250	252.57999739870428	100.0	225.19301	85.50689	355.55	-65.600006	90.36	21 h 5 min
14300	242.71999647021295	89.2	232.96902	97.64444	351.1	-71.0	83.46	21 h 9 min
14350	244.21999666728078	92.0	235.26097	83.105415	350.55	-62.9	89.16	21 h 14 min
14400	263.5599968582392	80.8	202.896	112.51061	343.9	-135.05	90.48	21 h 18 min
14450	306.36499841101465	71.1	232.38301	81.5434	349.25	-81.15	87.82	21 h 22 min
14500	215.84999691843987	100.0	228.52199	100.80838	350.1	-91.05	88.24	21 h 27 min
14550	277.47999764382837	80.8	219.11798	109.818665	344.8	-119.200005	87.46	21 h 31 min
14600	299.95499832741916	72.1	221.34601	102.775475	346.5	-147.7	86.56	21 h 35 min
14650	254.32499688230456	84.1	233.29697	88.05892	347.5	36.149998	83.78	21 h 39 min
14700	258.3749967109412	79.7	203.24602	96.65876	335.65	-58.950005	92.78	21 h 44 min
14750	254.80499736778438	78.0	239.10199	70.12367	345.75	16.649998	87.5	21 h 48 min
14800	256.31999739669266	92.6	238.92403	70.57177	350.3	19.349998	89.52	21 h 52 min
14850	238.5099976070225	100.0	227.68701	87.15623	341.7	-105.75	91.06	21 h 57 min
14900	266.6599979337305	70.6	224.003	110.13026	352.85	-132.90001	87.44	22 h 1 min
14950	267.9599977452308	86.6	236.21002	84.42056	345.15	-13.150003	86.16	22 h 5 min
15000	295.34499762021005	67.1	223.36798	109.58609	355.35	-143.65001	88.56	22 h 10 min
15050	258.13499711193145	84.1	219.496	86.23411	328.05	-60.15	94.12	22 h 14 min
15100	272.43499706573783	74.9	228.851	112.72349	363.75	-154.90001	81.84	22 h 18 min
15150	206.94499736763538	92.8	241.10199	70.63994	349.95	-1.8500025	88.02	22 h 22 min
15200	198.43999711833894	90.0	245.59698	72.288025	340.4	-55.250004	87.72	22 h 27 min
15250	286.18499790392815	75.5	212.27802	113.59601	344.75	-135.65001	89.58	22 h 31 min
15300	336.92499874942007	50.3	227.41098	92.13331	349.9	-145.1	90.96	22 h 35 min
15350	302.40999814756213	67.6	228.771	92.5484	349.9	-52.800003	88.28	22 h 40 min
15400	249.42499724552036	85.3	195.42801	111.169945	342.45	-57.000004	88.26	22 h 44 min
15450	256.5949973274022	87.7	220.909	104.499016	336.2	-89.65	89.94	22 h 48 min
15500	274.6249973900616	76.5	249.29199	86.33459	345.4	-36.800003	83.26	22 h 52 min
15550	241.4399977952242	84.4	230.68199	96.96612	345.45	-101.100006	87.5	22 h 57 min
15600	278.60499809607865	78.9	226.651	102.27173	350.45	-64.200005	88.36	23 h 1 min
15650	287.35999729037286	69.2	239.922	90.91192	350.95	-108.450005	87.88	23 h 5 min
15700	244.1049965262413	90.2	223.821	85.08486	348.85	-90.950005	89.9	23 h 10 min
15750	327.48499855957925	55.9	209.70903	120.45942	341.25	-155.05	88.74	23 h 14 min
15800	290.954997497052	71.5	241.965	96.985886	350.6	-68.700005	80.72	23 h 18 min
15850	318.71499815620484	56.9	237.879	87.91585	346.1	-109.4	86.28	23 h 22 min
15900	279.3399980276823	81.2	214.94	126.30623	345.5	-144.75	85.4	23 h 26 min
15950	296.43999809771776	70.0	239.116	94.652	336.9	-156.25	84.34	23 h 30 min
16000	304.17999795004727	66.2	238.82599	88.54384	353.6	6.8999977	83.76	23 h 34 min
16050	269.88999727740884	76.6	240.426	70.685616	341.45	14.699998	89.28	23 h 38 min
16100	286.1499978426844	71.0	232.40201	88.12772	344.15	-38.300003	87.28	23 h 43 min
16150	294.60499784871934	70.1	223.054	103.77742	347.35	-87.450005	88.14	23 h 47 min
16200	261.0799973241985	90.8	235.481	91.3278	342.25	-58.15	85.82	23 h 51 min
16250	307.81499835886063	64.1	241.75299	85.67447	343.55	-129.05	87.26	23 h 55 min
16300	252.98999708071352	92.2	226.07599	96.90785	352.1	-34.65	87.62	24 h 0 min
16350	288.2949978001416	70.3	227.699	103.12377	346.6	-53.15	84.36	24 h 4 min
16400	307.8149981625378	65.1	247.05199	106.93842	352.6	-95.3	80.58	24 h 8 min
16450	282.10499775111674	76.5	243.813	69.835205	341.95	38.6	88.06	24 h 12 min
16500	305.4899984270334	69.8	221.426	110.784294	349.1	-57.300003	83.48	24 h 16 min
16550	313.6399983555078	63.4	244.61699	67.744415	344.05	24.349997	87.52	24 h 20 min
16600	114.84999689869582	100.0	178.53099	110.40492	337.9	-101.65	93.44	24 h 25 min
16650	320.2699985772371	61.0	251.15598	72.6175	351.7	52.149998	83.62	24 h 29 min
16700	290.85999808348714	66.6	251.652	61.71873	349.5	2.8499982	86.88	24 h 33 min
16750	272.5049972698092	72.9	225.449	101.33098	344.75	-105.25	85.62	24 h 37 min
16800	269.97999739460647	83.4	232.69601	86.09457	347.45	-70.950005	89.14	24 h 42 min
16850	273.0399980060756	88.8	233.74399	87.76495	353.6	-20.900003	87.4	24 h 46 min
16900	325.7999983042479	52.8	217.409	104.40212	352.9	-49.750004	87.44	24 h 50 min
16950	288.05999788455665	79.4	216.47801	95.382286	344.25	-45.550003	89.88	24 h 55 min
17000	286.95499805212023	77.5	228.05202	105.227	354.05	-134.5	84.86	24 h 59 min
17050	264.4299971897155	78.4	251.04399	90.70759	350.75	-54.000004	82.74	25 h 3 min
17100	257.1399973858148	89.0	226.80502	108.791245	337.05	-139.7	84.86	25 h 7 min
17150	234.80499755702914	89.0	261.428	76.41019	349.3	66.75	78.92	25 h 11 min
17200	289.0299978349358	73.6	249.06702	77.439	343.8	-47.850002	85.86	25 h 15 min
17250	212.0799974747002	89.2	249.746	99.516426	352.2	-127.600006	81.4	25 h 19 min
17300	281.02499772049487	79.1	215.00197	111.612915	340.75	-71.8	86.34	25 h 24 min
17350	298.53499828204514	62.7	239.607	102.767265	348.6	-148.85	81.02	25 h 28 min
17400	312.314998016879	60.5	227.934	111.17361	351.5	-74.100006	82.44	25 h 32 min
17450	244.79999764710664	80.4	216.85901	101.89083	349.1	-50.65	88.08	25 h 36 min
17500	311.1649982132018	63.3	277.721	59.87405	353.65	112.5	76.74	25 h 40 min
17550	272.189997857064	88.6	253.525	82.55636	348.9	-139.35	82.74	25 h 44 min
17600	180.49999710954725	71.0	240.98997	103.41156	348.8	-28.950003	78.88	25 h 48 min
17650	313.1749978240579	56.1	195.93597	106.9975	343.35	-142.8	91.44	25 h 52 min
17700	280.1849977552891	80.1	230.42201	87.90837	348.05	-53.7	86.66	25 h 56 min
17750	282.2499979250133	81.0	227.657	99.33885	349.55	-135.3	86.8	26 h 1 min
17800	291.9149980608374	74.5	223.776	90.6816	349.6	-26.550003	88.44	26 h 5 min
17850	282.9149971410632	66.0	195.29901	132.5082	346.65	-168.45	89.46	26 h 9 min
17900	284.69499738253654	68.1	208.09003	114.85851	341.35	-124.700005	87.66	26 h 13 min
17950	270.32499774247407	90.7	244.48299	81.72031	349.8	13.999997	85.1	26 h 18 min
18000	270.4749977920204	77.1	234.655	107.18212	340.8	-92.8	80.68	26 h 22 min
18050	311.75499847829343	64.7	253.84697	80.412056	354.95	-141.65001	84.58	26 h 26 min
18100	297.7149978753179	67.7	227.40599	110.0364	347.45	-153.25	84.2	26 h 30 min
18150	272.1899973552674	65.0	197.74298	116.54009	356.35	-140.6	88.46	26 h 34 min
18200	307.63499834872783	64.7	249.797	79.29453	338.7	-15.450003	82.1	26 h 38 min
18250	271.2649974375963	74.3	202.64099	112.24612	350.0	-127.950005	89.48	26 h 42 min
18300	302.8199983417988	70.8	246.231	95.33957	339.8	-107.200005	81.16	26 h 46 min
18350	251.48999693207443	82.8	251.693	92.87459	351.15	-53.2	79.94	26 h 50 min
18400	309.0449981834739	64.3	243.81702	90.21438	346.2	-36.850002	82.12	26 h 55 min
18450	248.72999795153737	68.4	247.155	93.730515	348.7	-117.200005	81.72	26 h 59 min
18500	312.87999831326306	63.0	231.80899	88.78947	345.15	-106.200005	87.74	27 h 3 min
18550	323.99999839402733	56.2	240.33801	101.883286	342.4	-110.75	81.64	27 h 7 min
18600	48.024996265023944	100.0	232.835	83.24561	345.75	-18.450003	86.92	27 h 11 min
18650	293.2549980580807	73.9	205.15799	104.49617	339.8	-122.5	90.7	27 h 15 min
18700	277.91999780125917	74.6	223.04402	102.5615	348.05	-103.850006	85.66	27 h 20 min
18750	297.1699978418648	67.0	235.76602	90.66608	339.8	-73.0	87.52	27 h 24 min
18800	272.5499975942075	81.8	224.82199	92.3024	336.95	-73.55	89.4	27 h 28 min
18850	296.6349980723113	66.9	223.65402	115.865875	347.3	-135.90001	84.12	27 h 32 min
18900	171.44499772302805	79.4	228.58098	91.550285	348.5	-41.900005	85.94	27 h 36 min
18950	286.42999804504217	82.0	229.027	81.90015	344.5	-53.65	86.86	27 h 41 min
19000	257.74999695941807	86.2	186.97798	100.7634	347.9	-109.8	95.9	27 h 45 min
19050	283.24999778978525	80.0	230.36497	87.81275	353.1	-64.3	88.62	27 h 50 min
19100	295.63999784849585	68.6	185.79599	97.21741	330.05	-56.500004	94.26	27 h 54 min
19150	287.0049979362637	77.2	233.485	89.9346	343.5	-100.25	87.92	27 h 58 min
19200	249.47999747507274	85.0	210.04602	109.00354	352.8	-88.850006	88.6	28 h 3 min
19250	232.31999673619868	92.7	186.39099	113.770294	345.1	-92.05	91.72	28 h 7 min
19300	274.82999767288567	85.0	232.265	81.23137	337.05	-79.9	88.78	28 h 11 min
19350	274.404997574538	78.1	223.873	94.202484	343.6	-98.350006	88.34	28 h 16 min
19400	316.9549981355667	58.3	220.50197	103.00596	337.4	-58.7	88.22	28 h 20 min
19450	282.24499750547113	70.3	217.39	113.365814	340.4	-131.35	84.34	28 h 24 min
19500	265.8849974282086	84.1	248.03796	84.25371	353.75	-45.9	82.92	28 h 28 min
19550	233.86999678872525	89.8	195.06299	104.92485	341.9	-69.3	92.6	28 h 33 min
19600	119.78999686911702	91.4	200.952	114.81391	342.5	-149.8	90.46	28 h 37 min
19650	291.4749979928136	69.3	222.513	102.075905	348.45	-93.3	88.52	28 h 41 min
19700	282.0149976287037	78.5	232.211	94.48399	340.8	-56.7	87.3	28 h 46 min
19750	311.24499833062293	64.9	216.372	107.19695	339.4	-81.3	90.16	28 h 50 min
19800	292.05999808460473	70.7	217.01799	83.97721	347.85	-38.550003	91.44	28 h 54 min
19850	319.4949983995408	58.1	235.855	105.605354	353.65	-152.1	84.52	28 h 58 min
19900	233.31999665684998	88.6	201.09998	117.623604	333.25	-118.700005	90.9	29 h 3 min
19950	273.2449974529445	78.2	195.40302	100.666046	340.9	-121.9	94.58	29 h 7 min
20000	200.71999739930033	86.8	240.64403	90.112206	349.2	-63.000004	84.8	29 h 11 min
20050	273.9449974846095	78.3	218.40302	100.80984	356.35	-114.25	89.32	29 h 16 min
20100	228.7399971611798	92.2	226.9	91.27091	350.05	-62.500004	88.04	29 h 20 min
20150	230.00499658212067	100.0	210.73	95.83937	336.2	-151.15001	91.18	29 h 25 min
20200	291.34999775066973	71.4	217.62599	99.43271	347.25	-121.700005	92.08	29 h 29 min
20250	244.32499783970417	76.9	203.159	103.81265	335.4	-109.05	90.36	29 h 33 min
20300	288.67499799355863	76.7	234.407	85.58217	342.9	24.199997	84.98	29 h 38 min
20350	291.6649980798364	75.3	241.492	86.563515	341.1	-17.200003	84.26	29 h 42 min
20400	288.4949979990721	79.1	223.78201	104.35747	343.15	-42.100002	85.68	29 h 46 min
20450	286.9649983122945	67.8	234.697	93.14664	347.1	-61.350002	87.7	29 h 50 min
20500	212.0199972178787	100.0	229.85298	87.37685	351.5	-73.450005	87.46	29 h 55 min
20550	286.53499757833777	67.9	209.937	108.24346	353.15	-141.95	86.06	29 h 59 min
20600	271.0399976406246	83.8	219.991	89.65468	332.9	-138.25	92.36	30 h 3 min
20650	286.41999752409754	73.0	208.747	100.479576	348.75	-102.200005	91.92	30 h 8 min
20700	283.81499803736807	73.1	242.003	77.22116	347.95	-10.400002	87.58	30 h 12 min
20750	243.3849975179881	89.5	199.48701	101.317665	344.35	-85.75001	92.42	30 h 16 min
20800	293.68999810740354	73.0	217.83398	79.49525	343.85	-32.9	94.52	30 h 21 min
20850	283.68999790996315	73.8	212.725	99.15501	332.9	-63.000004	91.46	30 h 25 min
20900	296.1799980852753	75.4	209.953	112.359146	339.2	-76.850006	87.78	30 h 30 min
20950	227.1249978557229	74.0	168.21901	127.713684	342.7	-119.850006	94.06	30 h 34 min
21000	243.30499700345098	86.2	221.345	97.73336	343.25	-41.9	88.2	30 h 39 min
21050	264.684997876361	87.1	226.59702	81.252235	348.4	-12.850002	88.08	30 h 43 min
21100	263.19499750174583	87.7	207.142	90.52693	331.9	-93.5	93.88	30 h 47 min
21150	223.8749976605177	77.1	189.22899	113.351105	342.2	-144.15001	89.32	30 h 52 min
21200	276.90999768190085	83.6	242.92502	84.264725	338.1	-35.95	84.92	30 h 56 min
21250	277.8999975442886	78.8	220.898	113.09647	342.15	-128.15001	87.02	31 h 0 min
21300	267.20999748930336	73.1	232.93602	100.45594	347.15	-79.0	85.56	31 h 4 min
21350	261.77499729953706	83.5	207.75699	107.6679	344.0	-71.15	90.5	31 h 9 min
21400	262.14999770000577	84.1	198.093	105.258484	335.5	-90.4	93.04	31 h 13 min
21450	217.8499972783029	86.5	193.81102	101.00065	333.7	-105.55	94.36	31 h 18 min
21500	255.58499679118395	82.5	195.90501	111.51153	338.5	-86.05	92.0	31 h 22 min
21550	275.9349981039762	78.2	200.77199	101.000084	340.35	-97.350006	92.3	31 h 26 min
21600	291.28499783091246	72.4	229.405	85.54227	336.7	-111.5	88.82	31 h 31 min
21650	229.0399970512837	92.8	210.89299	93.31739	356.1	-108.35	91.04	31 h 35 min
21700	275.6349978838116	74.7	204.886	85.39371	336.3	-43.050003	92.62	31 h 40 min
21750	200.85499758161603	86.2	211.288	89.206505	346.75	-86.15	91.46	31 h 44 min
21800	250.05999695919454	88.4	201.28702	94.02752	336.25	-20.500002	93.6	31 h 49 min
21850	284.4399974796921	73.4	216.509	87.33468	340.3	-43.2	92.38	31 h 53 min
21900	185.56999420076608	88.6	199.709	105.00468	342.55	-86.15	93.48	31 h 57 min
21950	285.52499721311034	67.5	209.27101	92.179756	338.6	-28.100004	91.3	32 h 2 min
22000	264.5299976389855	77.7	204.36699	105.81358	337.45	-121.25	90.64	32 h 6 min
22050	208.29999722614883	100.0	206.67099	92.32222	346.55	-87.05	92.28	32 h 11 min
22100	235.9899977143854	83.1	176.975	120.91443	338.55	-140.55	92.36	32 h 15 min
22150	263.6499974925071	89.2	216.216	69.1386	320.65	-2.8500018	95.72	32 h 20 min
22200	200.38499721176922	100.0	236.24602	95.87888	347.45	-97.15	86.34	32 h 24 min
22250	271.0899978980422	87.6	179.00299	111.057724	338.7	-68.1	93.2	32 h 29 min
