Episode	TestRet	TestSteps	AverageEpRet	StdEpRet	MaxEpRet	MinEpRet	EpLen	Time
50	-60.00000089406967	80.0	-64.684006	3.9101083	-53.8	-73.3	80.0	49 sec
100	-66.71500181742013	80.0	-57.132004	12.085379	-29.900002	-96.65	80.0	2 min 10 sec
150	-65.78000180721283	80.0	-52.046	23.21797	-10.150002	-165.8	80.0	3 min 34 sec
200	-66.49000210426748	80.0	-45.982002	12.894327	-0.55000114	-68.6	80.0	4 min 57 sec
250	-14.590001086145639	80.0	-29.743	18.096205	10.449999	-60.7	80.0	6 min 18 sec
300	-13.915001196414233	80.0	-26.216002	25.27927	36.55	-115.350006	80.0	7 min 41 sec
350	-30.78500146828592	80.0	-17.254004	23.985573	48.149998	-72.5	80.0	9 min 3 sec
400	-31.995001421123742	80.0	-7.820001	32.31172	63.05	-86.8	80.0	10 min 24 sec
450	-6.620001861453057	80.0	-3.201001	26.832254	74.4	-66.450005	80.0	11 min 45 sec
500	-11.76000209711492	80.0	8.658999	26.117283	81.1	-37.600002	79.8	13 min 7 sec
550	18.45499863140285	80.0	13.832998	21.818338	78.35	-35.7	80.0	14 min 28 sec
600	23.2849989682436	80.0	15.293999	24.636362	72.0	-25.250002	80.0	15 min 49 sec
650	-10.68500096090138	80.0	16.262	29.557163	97.85	-54.25	79.24	17 min 10 sec
700	25.024998185411096	80.0	14.695	29.43936	74.15	-36.95	80.0	18 min 32 sec
750	-9.20500090122223	80.0	23.475	33.69357	83.65	-40.7	79.82	19 min 53 sec
800	-17.400001036375762	80.0	24.359	27.939173	94.15	-28.85	79.1	21 min 13 sec
850	31.544998659193517	80.0	24.699997	34.492813	102.35	-60.65	78.88	22 min 34 sec
900	7.169998589158058	80.0	21.81	31.174828	96.75	-38.15	79.34	23 min 54 sec
950	21.22499879039824	80.0	34.195	34.691467	106.6	-40.7	78.04	25 min 14 sec
1000	45.62499890886247	80.0	26.590998	29.62628	93.799995	-49.55	79.44	26 min 35 sec
1050	41.394998671486974	80.0	50.459003	27.703392	112.65	-10.400002	76.68	27 min 54 sec
1100	24.724997580423953	80.0	42.352997	33.219982	120.9	-56.25	77.1	29 min 14 sec
1150	-2.530001208931208	80.0	37.003	31.143415	107.35	-58.350002	79.24	30 min 34 sec
1200	12.149998770281673	80.0	37.272	32.833122	107.9	-49.2	78.6	31 min 54 sec
1250	24.07499805614352	80.0	35.836	26.392925	78.1	-23.7	80.0	33 min 14 sec
1300	45.089998772367835	80.0	43.517	29.970203	112.0	-32.15	77.88	34 min 33 sec
1350	-6.285001487284899	80.0	40.769997	24.973318	107.95	-26.900002	79.04	35 min 53 sec
1400	32.25499862208962	80.0	43.841995	27.265873	111.3	-32.15	78.64	37 min 13 sec
1450	48.279998899251225	80.0	45.374	33.623287	110.15	-25.550001	76.18	38 min 33 sec
1500	16.894998408854008	80.0	37.179996	30.083881	112.75	-30.95	78.14	39 min 52 sec
1550	48.71499868296087	72.0	42.234005	35.864838	110.15	-51.95	74.58	41 min 8 sec
1600	47.62499867528677	80.0	36.083	33.17606	111.75	-42.75	79.06	42 min 28 sec
1650	31.239998589456082	80.0	32.324	31.537569	81.15	-56.250004	79.6	43 min 47 sec
1700	40.19999861717224	70.6	50.141003	36.16653	120.1	-36.7	75.28	45 min 6 sec
1750	45.61499861255288	69.4	48.240997	39.297256	113.15	-27.000002	73.32	46 min 22 sec
1800	65.7299989838153	66.2	43.037	28.66221	114.9	-21.350002	78.12	47 min 41 sec
1850	76.96499904096126	64.4	55.767994	28.224377	115.15	-38.25	76.06	48 min 59 sec
1900	53.98999888934195	80.0	50.546997	25.249691	105.4	-2.3500009	78.22	50 min 18 sec
1950	8.72499897032976	80.0	44.646	37.168476	118.45	-37.15	75.32	51 min 36 sec
2000	50.88499837033451	80.0	43.078995	31.474472	109.7	-30.6	77.24	52 min 55 sec
2050	9.919998909160494	80.0	48.079994	37.5606	115.25	-45.050003	74.5	54 min 12 sec
2100	1.2049985818564892	80.0	39.720997	30.580793	112.05	-30.45	78.12	55 min 32 sec
2150	42.72999853156507	80.0	38.163998	36.772263	118.25	-34.05	76.06	56 min 52 sec
2200	33.94499825276434	77.0	47.841	32.209324	115.05	-35.05	77.6	58 min 10 sec
2250	37.87499829493463	72.0	49.767998	28.871294	108.4	-52.3	77.8	59 min 28 sec
2300	37.124998642131686	80.0	43.585	33.55895	113.15	-29.1	75.74	1 h 0 min
2350	56.46999836489558	80.0	52.422	29.262764	122.15	-14.200001	75.74	1 h 2 min
2400	61.384998781979085	69.4	39.318	34.096554	113.0	-30.35	77.12	1 h 3 min
2450	54.21999868787825	69.0	56.341995	35.568207	124.4	-45.9	72.28	1 h 4 min
2500	37.504998395219445	80.0	57.822998	39.517365	126.65	-50.550003	71.06	1 h 5 min
2550	35.5749982021749	80.0	57.806	38.45181	126.35	-32.3	71.06	1 h 7 min
2600	58.14999870546162	80.0	59.683	32.387676	122.35	-14.100001	72.58	1 h 8 min
2650	49.804997774586084	70.4	59.117996	38.265022	125.2	-42.25	70.18	1 h 9 min
2700	31.06999823525548	79.4	58.707996	35.525322	122.2	-38.95	71.8	1 h 10 min
2750	66.09499873705208	73.0	71.381004	28.546621	123.3	4.5999994	67.98	1 h 12 min
2800	113.27999937348068	33.2	62.653004	41.220345	125.35	-59.5	67.2	1 h 13 min
2850	91.81499921120704	53.1	64.37	42.47117	125.65	-31.050001	65.24	1 h 14 min
2900	64.04999829232693	75.0	70.169	38.20982	124.3	-38.850002	64.52	1 h 15 min
2950	57.42499872036278	80.0	72.009	40.58566	125.8	-39.65	62.68	1 h 16 min
3000	71.16999918632209	68.6	68.536	43.779316	126.2	-31.400002	63.26	1 h 18 min
3050	96.03999915905297	44.6	70.331	35.424606	124.85	-18.300001	67.02	1 h 19 min
3100	89.36999916806818	51.8	73.91901	39.068085	125.7	-5.750001	61.3	1 h 20 min
3150	103.25499930009246	40.2	79.574	37.642666	126.25	-25.4	59.76	1 h 21 min
3200	89.46499899812042	57.7	79.63	37.59375	124.75	-31.150002	59.48	1 h 22 min
3250	86.63499885313213	55.0	86.572	41.41438	128.35	-26.300001	51.94	1 h 23 min
3300	94.99499890543521	47.6	79.043	38.87304	126.3	-20.2	58.54	1 h 25 min
3350	83.6499990414828	52.2	73.362	39.07959	125.8	-40.100002	63.92	1 h 26 min
3400	86.45499881543219	56.2	80.12	38.540432	127.95	-0.7500011	57.6	1 h 27 min
3450	100.14499924182891	42.1	83.537	34.17283	127.0	7.799999	58.58	1 h 28 min
3500	109.64999935850501	34.8	78.158	41.751534	126.9	-15.900001	56.82	1 h 29 min
3550	67.57499909810721	51.8	82.644005	41.977844	125.45	-37.100002	54.74	1 h 30 min
3600	100.11999916359783	39.7	85.415	36.613293	123.95	-33.15	55.7	1 h 31 min
3650	108.61999924816192	37.8	91.300995	37.713146	127.4	-17.150002	48.58	1 h 32 min
3700	114.15999947115779	33.4	98.652	36.27988	127.45	-47.25	43.96	1 h 33 min
3750	121.35999961644411	27.0	74.566	41.97809	127.55	-34.65	60.3	1 h 34 min
3800	74.07499852105975	48.9	80.795	36.94227	126.95	-22.1	58.64	1 h 35 min
3850	123.23999961651862	23.9	86.601006	46.468025	127.5	-52.100002	48.78	1 h 36 min
3900	103.49499916732312	40.1	96.602005	39.548683	126.8	-55.5	43.24	1 h 37 min
3950	107.87999926880002	39.8	94.32	40.32509	126.55	-10.200001	44.7	1 h 38 min
4000	125.18999964855611	21.2	84.711006	48.989643	130.0	-54.800003	48.08	1 h 39 min
4050	120.46499949432909	24.5	84.881	45.450287	126.4	-46.850002	51.24	1 h 40 min
4100	79.5999986562878	58.9	88.373	44.2328	129.55	-19.550001	47.5	1 h 41 min
4150	124.91999964565039	21.6	79.242	45.35085	128.2	-52.100002	54.34	1 h 42 min
4200	118.47499941848218	25.5	103.429016	32.843018	129.85	-18.350002	40.06	1 h 43 min
4250	105.18999948464334	38.8	97.29401	44.561943	128.3	-42.850002	41.36	1 h 44 min
4300	105.50999928154052	44.1	93.422005	35.080624	129.7	-2.2500012	48.92	1 h 45 min
4350	116.04499947987497	30.6	107.771996	30.418615	129.3	17.55	37.26	1 h 46 min
4400	94.16499921567738	42.5	101.63301	37.2263	128.45	-16.150002	39.46	1 h 47 min
4450	126.37999970503151	21.0	98.811	35.03453	130.35	8.199999	43.7	1 h 48 min
4500	89.56499903462827	60.2	99.604	35.111736	128.7	-46.45	43.58	1 h 49 min
4550	100.94999935552478	37.7	94.798004	40.60054	129.8	-41.9	45.5	1 h 50 min
4600	103.16499926671386	46.7	104.201996	35.114796	128.75	-33.800003	39.64	1 h 51 min
4650	122.48499954380095	22.5	108.643	29.482782	127.95	1.9999992	34.88	1 h 52 min
4700	105.26499947533011	40.3	101.35199	34.34193	127.4	-2.7000012	40.52	1 h 53 min
4750	111.5499995175749	38.4	106.70401	34.595238	129.25	-35.550003	35.54	1 h 54 min
4800	125.74999964982271	20.2	118.38901	18.739153	130.35	51.25	27.88	1 h 55 min
4850	121.54499952830375	23.7	108.606995	28.302443	130.0	20.699999	37.16	1 h 56 min
4900	108.29999948740006	32.8	105.36399	37.10775	129.4	-57.300003	37.6	1 h 57 min
4950	125.59499967806042	21.5	110.594	26.726807	131.3	25.099998	35.84	1 h 57 min
5000	129.36999979391695	18.6	115.659004	28.688583	128.95	-0.75000125	28.6	1 h 58 min
5050	124.1999996431172	22.4	101.642	36.992126	129.3	-2.1500008	40.4	1 h 59 min
5100	127.32999972105026	19.8	106.296005	32.353992	129.0	-38.0	38.38	2 h 0 min
5150	107.42999943569302	38.1	104.29401	35.963963	130.35	-19.150002	38.3	2 h 1 min
5200	104.5549993943423	37.8	109.21501	28.801188	129.8	8.099999	36.82	2 h 2 min
5250	109.53999944105745	39.1	103.827995	39.50245	130.85	-47.05	37.64	2 h 3 min
5300	126.32499969191849	19.2	112.201004	31.105772	129.8	-17.5	32.34	2 h 4 min
5350	100.1899994775653	36.8	106.01401	42.305595	130.15	-17.2	33.2	2 h 5 min
5400	114.94499945007264	32.4	102.375	36.637104	130.55	-20.6	40.64	2 h 5 min
5450	108.41499945111573	37.3	102.231	36.70204	130.75	-15.250001	40.74	2 h 6 min
5500	126.78999968729913	19.5	106.55999	38.313812	130.2	-46.9	35.26	2 h 7 min
5550	124.82499961555004	20.7	111.81601	31.408224	130.65	-3.0500004	32.34	2 h 8 min
5600	128.97499977052212	18.5	119.40099	19.16814	129.2	29.6	26.2	2 h 9 min
5650	128.80499974936248	17.8	111.253006	29.898527	130.25	-23.000002	34.74	2 h 10 min
5700	117.14999950490892	30.7	105.43799	43.734425	130.55	-46.300003	33.68	2 h 11 min
5750	128.344999743253	18.7	108.087006	32.153473	129.0	4.399999	36.52	2 h 12 min
5800	128.63499974161385	18.1	111.6	29.431732	130.25	-17.1	33.3	2 h 12 min
5850	127.77999973334371	19.4	105.98001	35.970924	130.0	-28.550001	36.26	2 h 13 min
5900	127.60499971359968	18.5	106.152	33.373413	129.9	0.6999988	38.56	2 h 14 min
5950	127.41499971710145	19.5	113.86	31.45992	130.65	-34.5	30.74	2 h 15 min
6000	128.91499975621701	18.1	108.76399	37.50428	130.55	-25.550001	33.16	2 h 16 min
6050	109.31499941311776	37.6	115.847	22.344034	130.65	39.45	31.36	2 h 17 min
6100	122.24999965429306	25.5	113.463005	24.324032	130.45	40.649998	32.56	2 h 18 min
6150	126.40499969534577	20.3	110.17999	33.85021	130.55	0.79999924	33.38	2 h 19 min
6200	128.51999975517393	18.8	104.11	42.27274	131.5	-49.75	36.12	2 h 19 min
6250	127.1799997124821	19.5	113.378	25.244955	130.2	29.699999	33.16	2 h 20 min
6300	127.8999997664243	18.8	105.36099	34.815704	130.6	8.9	38.74	2 h 21 min
6350	92.2149994302541	49.1	113.569	25.419601	130.45	11.799999	33.1	2 h 22 min
6400	127.94999971427023	18.4	107.633995	34.511566	131.1	-4.5500007	35.82	2 h 23 min
6450	125.46999967396259	21.8	110.618	31.410326	129.45	3.3999994	32.96	2 h 24 min
6500	129.34499977864326	18.1	109.359	36.886673	130.55	-0.8000007	31.82	2 h 25 min
6550	129.2199997637421	17.8	107.095	33.44858	130.75	17.55	36.84	2 h 26 min
6600	127.89499971233309	18.0	115.58399	26.449562	130.95	24.199999	29.76	2 h 26 min
6650	128.86999973990024	17.6	106.661	39.671406	131.3	-37.25	34.54	2 h 27 min
6700	128.58999974653125	18.1	105.09	42.183243	130.9	-43.25	34.56	2 h 28 min
6750	129.47999976612627	17.4	113.803	38.24364	131.7	-51.4	27.76	2 h 29 min
6800	114.33999952934683	37.0	107.977005	38.754295	130.45	-44.65	34.3	2 h 30 min
6850	128.00999973416327	19.0	112.625	27.481825	131.4	2.3499997	33.92	2 h 31 min
6900	128.59499972835184	17.7	111.18501	36.827892	132.15	-16.1	31.86	2 h 32 min
6950	129.95999978557228	17.2	114.654015	26.588476	131.0	35.449997	31.28	2 h 32 min
7000	129.68999977633356	17.2	108.52901	36.134357	130.05	-44.050003	35.18	2 h 33 min
7050	127.43499971367419	19.0	110.023994	32.948032	131.5	10.65	33.44	2 h 34 min
7100	127.60999969653786	18.4	118.59901	22.8614	132.25	41.25	28.0	2 h 35 min
7150	128.5049997460097	18.5	104.065	47.7796	131.5	-67.8	34.76	2 h 36 min
7200	130.79999981820583	16.8	103.025	41.52898	131.9	-15.1	37.54	2 h 37 min
7250	130.8399998035282	16.2	111.923	31.825846	131.35	21.899998	31.76	2 h 37 min
7300	128.85499973632395	17.5	105.02	40.597435	131.3	-25.0	35.62	2 h 38 min
7350	129.89999978244305	17.2	111.836	40.954437	131.4	-43.25	29.6	2 h 39 min
7400	129.38999976143242	17.4	120.54	18.04636	131.6	52.999996	27.92	2 h 40 min
7450	127.90999976992607	17.7	116.80799	28.12227	130.7	-1.7000004	27.7	2 h 41 min
7500	127.99999968893826	17.4	115.921005	28.522408	131.0	7.1499987	28.86	2 h 42 min
7550	129.48999976664783	17.4	108.39101	33.70869	130.75	8.45	35.08	2 h 42 min
7600	129.2749997638166	17.7	117.998	24.299324	131.1	9.449999	28.22	2 h 43 min
7650	128.79499974437059	17.9	112.022	29.307053	131.05	7.149999	33.3	2 h 44 min
7700	129.484999769181	17.5	115.72699	29.540071	130.65	-5.7500014	28.3	2 h 45 min
7750	129.65499977096914	17.2	116.765	30.887053	131.0	1.2499993	26.98	2 h 46 min
7800	130.20499977879226	16.5	115.042	29.631561	131.8	-12.800001	30.14	2 h 47 min
7850	127.00499967895448	18.9	106.405	42.392586	131.6	-44.100002	34.36	2 h 47 min
7900	129.02499977238477	18.3	110.565994	31.040243	130.9	30.9	34.0	2 h 48 min
7950	129.07999976314605	17.8	109.754	34.44525	131.8	-7.7000012	33.66	2 h 49 min
8000	129.80499978028237	17.3	107.17	39.28759	131.4	-17.350002	35.64	2 h 50 min
8050	128.50999975502492	17.3	111.697	38.38753	130.85	-23.65	29.5	2 h 51 min
8100	128.58499974757433	17.8	112.897	34.519306	130.15	-18.550001	30.14	2 h 52 min
8150	127.97499970719218	18.1	122.635	15.374776	130.6	56.699997	24.82	2 h 52 min
8200	129.07499976456165	18.1	116.018	23.434792	130.8	44.7	31.9	2 h 53 min
8250	129.6549997780472	17.5	110.55501	34.16037	130.9	18.749998	32.56	2 h 54 min
8300	130.469999800995	16.8	108.443	39.254955	132.65	-16.400002	32.88	2 h 55 min
8350	130.03999977856876	16.8	119.47101	25.305677	131.5	12.549999	25.28	2 h 56 min
8400	130.38499978743494	16.3	121.08799	17.020586	131.1	62.649998	27.4	2 h 57 min
8450	130.48999981321396	17.2	115.93999	29.876167	131.55	8.049999	28.16	2 h 57 min
8500	129.604999768734	16.8	108.007	41.439632	130.9	-23.7	31.8	2 h 58 min
8550	130.3449997805059	16.3	113.33401	33.80011	131.3	-17.95	30.12	2 h 59 min
8600	124.29999970830977	23.0	108.46	35.373276	131.2	-1.3000009	34.98	3 h 0 min
8650	128.25499972738325	18.3	117.89799	27.60513	131.6	-8.200001	27.04	3 h 1 min
8700	114.31999959796667	35.9	117.0	24.949783	131.5	37.649998	29.5	3 h 1 min
8750	130.15499977618455	16.5	118.218994	26.829212	131.1	11.199999	27.34	3 h 2 min
8800	129.989999781549	17.0	124.35299	15.855915	132.0	48.649998	22.68	3 h 3 min
8850	130.13499979190527	17.1	113.211006	32.982048	130.7	-27.750002	31.06	3 h 4 min
8900	130.0649997714907	16.5	120.333	22.47593	131.7	18.1	26.32	3 h 5 min
8950	130.53499980159103	16.7	116.313995	30.393133	132.7	-21.750002	28.7	3 h 5 min
9000	130.1999997869134	16.8	114.837006	32.6336	131.3	-43.5	29.26	3 h 6 min
9050	130.04499977044762	16.5	121.97299	24.104612	132.25	-28.000002	23.52	3 h 7 min
9100	130.7449997957796	16.1	109.90699	33.996696	131.7	-19.900002	34.3	3 h 8 min
9150	129.9699997600168	16.2	120.427	22.3297	131.5	25.8	25.56	3 h 9 min
9200	130.80499982126057	16.9	123.255	26.997057	131.7	-41.45	21.1	3 h 9 min
9250	129.5349997550249	16.9	106.04699	47.56473	132.05	-70.35	32.04	3 h 10 min
9300	130.11499978527428	16.9	115.92602	33.352074	132.7	-39.850002	27.86	3 h 11 min
9350	131.71499982960523	15.5	110.59001	38.537956	131.5	-42.850002	31.56	3 h 12 min
9400	130.92999981380999	16.4	110.803	30.84423	131.1	13.149999	35.54	3 h 13 min
9450	130.72999980337917	16.4	107.08399	33.893158	131.95	13.049999	38.02	3 h 14 min
9500	130.37999979183078	16.7	116.885	25.782896	131.6	35.6	29.54	3 h 14 min
9550	129.9099997717887	16.8	118.821	27.14811	131.45	-2.800001	26.72	3 h 15 min
9600	117.61999963149428	35.0	119.655	24.266264	131.6	30.399998	25.66	3 h 16 min
9650	128.8899997521192	18.0	116.86399	29.620834	131.5	3.3499992	28.1	3 h 17 min
9700	128.1699997112155	17.3	115.69601	31.878096	131.2	-2.6500013	28.56	3 h 18 min
9750	130.1699997909367	17.0	109.887985	33.945663	131.6	7.349999	34.26	3 h 19 min
9800	129.37999975569545	17.1	117.797005	25.143991	131.7	30.8	27.42	3 h 19 min
9850	118.7949995815754	28.9	117.54399	26.352865	131.3	3.6999989	28.52	3 h 20 min
9900	128.87999971807002	16.8	105.17899	38.70511	132.15	-7.6000013	36.58	3 h 21 min
9950	128.95999979637563	17.1	107.365	38.3985	132.55	-34.4	34.7	3 h 22 min
10000	130.45499979183077	16.5	115.36999	23.878914	131.65	31.55	30.84	3 h 23 min
10050	130.7649998024106	16.3	118.602005	26.295353	131.7	10.949999	26.98	3 h 24 min
10100	128.69999975338578	18.4	120.159004	22.993076	132.05	41.1	25.8	3 h 24 min
10150	130.88499980866908	16.3	118.105	26.824083	131.8	21.35	27.3	3 h 25 min
10200	128.14499969370664	17.3	115.925995	30.462883	131.5	-4.700001	28.82	3 h 26 min
10250	129.45999977067112	17.7	124.632	16.944895	131.5	35.6	21.96	3 h 27 min
10300	130.67999981194734	16.8	114.635	30.208677	131.4	13.849998	29.94	3 h 28 min
10350	131.08499981351196	16.1	120.42401	21.362514	131.05	39.2	26.3	3 h 28 min
10400	114.93499933071435	29.1	112.391	34.792633	132.1	-17.6	31.28	3 h 29 min
10450	128.7299997214228	17.2	111.04399	30.771475	132.55	20.15	34.64	3 h 30 min
10500	129.10999976359307	18.0	118.495995	24.093813	131.75	20.4	27.44	3 h 31 min
10550	130.52499978989363	16.3	111.774	34.208103	131.7	-22.650002	32.1	3 h 32 min
10600	129.82499977573752	17.1	113.778	28.087013	131.2	32.7	31.96	3 h 33 min
10650	131.1649998176843	16.1	124.25	19.944014	131.4	-5.500001	21.38	3 h 33 min
10700	129.83999976813794	16.8	119.102005	27.865444	132.25	17.249998	25.68	3 h 34 min
10750	83.85499876178801	61.4	122.472	18.02236	132.3	54.5	24.72	3 h 35 min
10800	131.8799998410046	15.6	109.646	34.61099	132.25	5.6999984	34.38	3 h 36 min
10850	130.14999977871776	16.6	112.951996	29.203236	131.3	20.75	32.5	3 h 37 min
10900	130.22999979406595	17.0	114.492004	35.003902	132.05	-54.850002	28.96	3 h 37 min
10950	127.07499970793724	20.1	115.01401	29.123909	132.35	9.749999	30.94	3 h 38 min
11000	130.33499978557228	16.5	109.15399	36.675793	131.6	-42.5	34.2	3 h 39 min
11050	122.15499964244664	23.7	114.215	30.962463	131.3	-10.700001	30.44	3 h 40 min
11100	129.50499975346028	16.9	109.73801	40.787365	131.85	-29.900002	31.46	3 h 41 min
11150	112.18999941423536	35.5	121.345	22.905832	131.4	18.099998	24.8	3 h 42 min
11200	130.74999978765845	15.8	120.84901	24.45632	131.8	17.5	25.14	3 h 42 min
11250	130.1399997893721	17.0	117.249	31.400846	132.55	-3.200001	26.82	3 h 43 min
11300	130.2099997986108	17.2	111.018005	37.10133	131.9	-39.25	32.12	3 h 44 min
11350	128.45499977134168	17.9	120.46	27.07041	132.15	20.05	24.1	3 h 45 min
11400	121.36499958373606	27.3	106.897	47.799168	132.65	-41.65	30.7	3 h 46 min
11450	129.80499977469444	17.1	121.953995	19.511253	131.7	54.149998	25.74	3 h 46 min
11500	128.68999973982574	17.6	108.03801	39.64333	131.4	-7.9500003	33.28	3 h 47 min
11550	129.43999975286425	17.0	118.527	29.884743	131.7	-12.200002	25.82	3 h 48 min
11600	130.72499980032444	16.3	112.42199	38.47178	131.95	-49.100002	29.62	3 h 49 min
11650	130.85999980457126	16.2	117.617004	26.85933	131.3	11.849998	28.52	3 h 50 min
11700	122.14499966911971	29.8	112.97299	33.26549	131.2	-25.85	32.22	3 h 51 min
11750	130.0399997841567	17.0	114.71199	33.38576	132.45	-12.700001	28.94	3 h 51 min
11800	130.55499979704618	16.5	114.635994	33.394222	131.5	-19.35	28.78	3 h 52 min
11850	118.83999957367777	29.4	112.69001	34.663837	131.1	-36.95	31.74	3 h 53 min
11900	130.41999978721142	16.4	119.379005	27.914495	132.45	6.849999	24.8	3 h 54 min
11950	129.1699997778982	16.6	114.022995	30.323778	132.9	18.449999	30.18	3 h 55 min
12000	129.80499976277352	16.5	109.00101	40.974792	131.6	-15.050001	31.46	3 h 55 min
12050	97.76499946378172	35.3	104.882996	39.32552	131.4	-4.300001	36.06	3 h 56 min
12100	129.3799997612834	16.8	114.077995	26.603971	131.85	32.85	32.78	3 h 57 min
12150	130.09499976746739	16.3	114.937004	29.277153	131.9	2.4499993	29.98	3 h 58 min
12200	117.56499955356121	29.9	109.86399	31.638723	130.55	20.949999	35.7	3 h 59 min
12250	130.19499978385866	16.7	119.619	25.648651	132.1	18.4	25.12	4 h 0 min
12300	128.18999970443548	17.6	118.49501	27.76377	131.95	-0.8000008	26.4	4 h 0 min
12350	130.95999980419873	16.0	112.682014	32.43333	131.85	14.899999	31.48	4 h 1 min
12400	111.23999942839146	35.6	115.498	30.858736	131.05	-20.45	29.58	4 h 2 min
12450	131.69499982856215	15.5	116.29	29.967602	131.4	1.5999993	28.22	4 h 3 min
12500	130.2899997960776	16.7	110.272	38.65756	131.9	-11.900001	31.62	4 h 4 min
12550	130.8999998051673	16.0	115.888	33.055935	132.45	-24.000002	27.68	4 h 5 min
12600	128.86999974660574	17.5	111.37601	32.7176	132.25	21.3	33.24	4 h 5 min
12650	131.214999820292	16.1	114.63901	35.595215	132.75	-2.050001	27.84	4 h 6 min
12700	129.7649997726083	17.1	114.01	33.071037	132.65	-5.9500003	30.18	4 h 7 min
12750	130.62999979816377	16.4	116.621994	29.820847	132.35	-6.9000015	28.18	4 h 8 min
12800	121.85499959886074	25.5	112.08699	33.553947	132.35	-19.7	32.22	4 h 9 min
12850	131.00499979816377	15.7	118.73899	27.438898	132.25	3.2499993	26.58	4 h 10 min
12900	129.85999976359307	16.6	118.086	25.181564	132.15	21.699999	28.18	4 h 10 min
12950	130.42499978467822	16.3	114.62601	32.075363	131.75	4.8499994	29.24	4 h 11 min
13000	130.37999979071319	16.6	111.89299	35.632027	131.4	-10.500001	30.82	4 h 12 min
13050	130.59999979101121	16.2	115.68	34.097527	132.45	-2.2500012	26.92	4 h 13 min
13100	119.06999957337976	29.4	104.56699	42.01107	131.95	-38.7	36.52	4 h 14 min
13150	130.8949998036027	16.1	110.645	29.932966	132.25	7.8499994	35.28	4 h 15 min
13200	130.2899997971952	17.0	111.53201	34.52194	131.9	-16.1	31.7	4 h 15 min
13250	131.52999982275068	15.6	112.601006	34.67721	131.7	-18.75	30.38	4 h 16 min
13300	130.2249998163432	16.3	110.51499	39.028065	131.3	-51.0	31.42	4 h 17 min
13350	113.65499951951206	29.1	106.109	39.090565	132.35	-10.250001	35.3	4 h 18 min
13400	131.02999982461333	16.6	114.938995	27.738237	131.9	38.75	31.26	4 h 19 min
13450	130.76499980911612	16.3	121.50501	25.32525	132.35	-0.050001148	23.46	4 h 20 min
13500	130.75499980188906	16.3	110.58201	32.809692	131.5	18.4	34.2	4 h 20 min
13550	83.56499885171652	67.4	110.394005	39.144478	132.35	-41.65	31.56	4 h 21 min
13600	113.2299994725734	34.5	119.65099	21.390434	131.75	51.649998	27.68	4 h 22 min
13650	130.03999977298082	16.6	113.12499	37.462463	132.25	-22.2	29.16	4 h 23 min
13700	130.74999980442226	16.4	103.351006	46.771744	132.65	-40.850002	34.48	4 h 24 min
13750	130.26499977633358	16.3	108.711	36.54302	132.45	-14.700001	33.9	4 h 25 min
13800	129.17999973930418	17.0	112.868	34.677063	132.55	-33.5	31.52	4 h 26 min
13850	130.8949998036027	16.1	115.079	31.164845	132.15	27.099998	29.04	4 h 26 min
13900	130.61999978534877	15.7	111.961	34.579033	132.25	3.3999984	30.6	4 h 27 min
13950	130.61999979764224	16.4	98.945	47.95807	131.45	-20.95	37.72	4 h 28 min
14000	118.7999995548278	30.1	114.48801	29.187561	131.85	26.949999	30.94	4 h 29 min
14050	129.59499978013338	17.3	104.28201	43.49638	132.35	-45.300003	36.42	4 h 30 min
14100	130.91999981328846	16.4	111.732	30.413124	132.15	24.3	33.46	4 h 31 min
14150	110.0599992852658	35.7	105.737	40.436333	132.35	-26.050001	34.84	4 h 32 min
14200	129.54999975301325	16.8	104.784004	41.306953	132.35	-22.1	35.72	4 h 32 min
14250	130.9849998164922	16.3	103.44	40.263702	132.45	-49.65	39.22	4 h 33 min
14300	131.77999983020126	15.4	116.67201	26.5932	131.9	6.449999	29.7	4 h 34 min
14350	130.94499979503453	15.7	116.88699	31.865154	132.35	8.599998	26.2	4 h 35 min
14400	115.4299994289875	29.4	109.72101	38.908302	132.9	-59.0	33.14	4 h 36 min
14450	131.2699998162687	15.8	110.86199	35.642162	132.05	-11.350001	32.32	4 h 37 min
14500	130.54499979540705	16.3	115.29	26.517752	131.3	42.3	31.66	4 h 38 min
14550	130.96999980919063	16.3	116.355995	24.312496	132.35	31.599998	31.96	4 h 38 min
14600	129.16999974884092	16.7	108.681	37.86258	131.85	-33.350002	34.02	4 h 39 min
14650	130.50499978251756	16.2	100.19699	44.765583	132.35	-35.75	39.62	4 h 40 min
14700	109.33999934904277	35.2	109.442986	35.207817	131.55	-20.000002	34.52	4 h 41 min
14750	131.10499980710446	15.5	108.17801	34.582363	131.8	0.69999933	36.74	4 h 42 min
14800	130.26499978192152	16.5	119.337006	26.249887	132.05	28.649998	25.12	4 h 43 min
14850	130.68999980017543	16.2	117.214005	26.405367	132.45	-5.3500004	29.88	4 h 44 min
14900	131.37499981746078	15.7	111.47	35.299126	132.9	-47.0	31.8	4 h 44 min
14950	131.3799998205155	15.8	111.315	39.00639	132.35	-38.65	30.0	4 h 45 min
15000	130.48499979898332	16.7	110.447	35.94421	132.45	-48.350002	33.56	4 h 46 min
15050	131.5499998293817	15.8	118.793	22.569601	133.3	54.399998	28.48	4 h 47 min
15100	131.24499980509282	15.5	115.523994	31.261856	133.6	-9.550001	28.54	4 h 48 min
15150	130.9599997986108	15.8	118.303	26.4161	133.1	12.649999	28.4	4 h 49 min
15200	132.0249998345971	15.1	114.193	36.286278	132.15	-16.800001	28.4	4 h 49 min
15250	90.94499941542745	35.1	117.14101	27.505148	132.95	24.65	28.42	4 h 50 min
15300	105.40999971181154	34.8	111.868996	35.33777	132.45	-36.25	32.02	4 h 51 min
15350	107.6949996367097	34.8	113.994	31.037905	132.45	16.199999	30.48	4 h 52 min
15400	131.6499998178333	15.2	101.895996	41.564095	132.15	-35.65	38.72	4 h 53 min
15450	131.35999981388449	15.6	111.505	34.980953	132.9	-15.000001	32.08	4 h 54 min
15500	131.0249998062849	15.9	110.29	31.330946	132.35	11.549998	35.7	4 h 55 min
15550	113.76999955698848	36.3	109.826004	34.506023	133.5	1.1499991	33.5	4 h 55 min
15600	130.9449998062104	16.1	109.65401	36.83884	131.2	-11.750001	33.94	4 h 56 min
15650	110.47999948859214	35.5	108.615	32.199577	132.65	18.85	36.4	4 h 57 min
15700	131.4799998089671	15.2	117.26601	29.155167	132.15	-7.000001	27.42	4 h 58 min
15750	119.78499955013395	27.6	108.11301	40.882927	131.65	-51.75	33.12	4 h 59 min
15800	130.00999978259205	17.0	105.85899	42.068157	132.55	-24.7	34.08	5 h 0 min
15850	128.77499975934626	18.3	119.41899	27.454382	131.5	-22.45	25.8	5 h 1 min
15900	129.8399997793138	17.2	113.41501	30.30157	132.25	5.4499993	31.92	5 h 1 min
15950	131.89999983087182	15.2	116.08699	25.767784	131.7	38.249996	29.52	5 h 2 min
16000	101.5999994032085	31.4	101.372	45.45557	131.85	-39.3	37.24	5 h 3 min
16050	130.87999981120228	16.4	115.86	33.326984	132.45	-16.75	27.54	5 h 4 min
16100	116.93999967053533	28.6	107.952	36.00899	131.7	-6.0000014	36.4	5 h 5 min
16150	131.91999982632697	15.0	113.33101	35.503136	132.45	-23.750002	29.68	5 h 6 min
16200	131.08499981351196	16.1	114.87	28.366798	132.25	10.499999	31.54	5 h 6 min
16250	119.31499968245626	35.1	106.15	38.279495	132.25	-19.150002	36.74	5 h 7 min
16300	131.62499981373549	15.1	113.867004	32.115456	133.4	-4.100001	31.22	5 h 8 min
16350	131.18999981060625	15.8	109.98801	40.10988	132.15	-46.7	32.36	5 h 9 min
16400	129.3149997457862	16.5	116.465	28.372929	132.0	15.7	28.94	5 h 10 min
16450	128.95499977432192	17.4	113.445	34.481754	132.45	9.899999	29.06	5 h 11 min
16500	131.5299998115748	15.2	120.992004	24.124302	132.35	23.3	24.88	5 h 11 min
16550	131.1649998176843	15.9	114.689	30.756424	132.25	19.499998	30.14	5 h 12 min
16600	130.52999977618455	15.8	107.635	43.29753	132.65	-23.300001	31.8	5 h 13 min
16650	130.44499979689718	16.7	107.388	36.39733	132.15	-23.800001	36.32	5 h 14 min
16700	131.67499983236195	15.5	107.91599	43.632633	132.1	-23.45	31.66	5 h 15 min
16750	131.3599998190999	15.4	111.379	31.995064	131.85	11.849999	33.62	5 h 16 min
16800	112.5549995612353	34.3	109.762	35.830578	132.15	1.5999993	32.7	5 h 17 min
16850	128.94999974407256	17.6	113.69	33.47562	132.35	-8.400001	30.16	5 h 17 min
16900	130.62999978139996	15.8	114.167	35.763268	133.4	-2.850001	27.78	5 h 18 min
16950	131.93499982990323	15.1	123.592995	18.093187	132.45	49.8	23.16	5 h 19 min
17000	130.95999980643393	15.9	114.811	36.312073	133.1	-63.7	29.18	5 h 20 min
17050	130.8549997959286	15.9	105.88899	41.938828	132.15	-13.100001	34.26	5 h 21 min
17100	130.92999979704618	15.8	126.641	9.47869	132.05	76.2	20.16	5 h 21 min
17150	130.59999979548155	16.2	111.555	37.54946	132.7	-10.500002	29.8	5 h 22 min
17200	131.63499982543289	15.5	118.265	27.538599	132.05	13.399999	26.9	5 h 23 min
17250	130.5699997894466	16.2	120.533	31.158175	132.2	-22.95	22.64	5 h 24 min
17300	131.4699998177588	15.2	108.95699	37.042282	132.6	-20.750002	33.7	5 h 25 min
17350	131.0149998087436	15.8	110.396	35.181263	132.85	-8.050001	33.5	5 h 26 min
17400	131.474999814108	15.5	124.625	18.63987	132.0	41.2	21.34	5 h 26 min
17450	130.62499977834523	15.7	114.307	30.603613	132.35	2.899999	30.78	5 h 27 min
17500	132.60499984808266	14.5	113.97	33.290382	132.55	-19.1	29.56	5 h 28 min
17550	129.35499977022408	18.5	115.56301	31.509909	132.55	16.649998	28.62	5 h 29 min
17600	132.3099998410791	14.8	116.469	33.00097	133.1	-12.400002	27.26	5 h 30 min
17650	131.23999981321396	15.8	115.428986	31.25866	132.45	-5.950001	29.44	5 h 30 min
17700	131.91999983638524	15.6	117.41699	25.79026	132.55	37.399998	28.6	5 h 31 min
17750	131.67999981939792	15.2	115.940994	34.318127	132.15	-46.300003	28.58	5 h 32 min
17800	130.55999981500207	15.9	116.08399	38.76193	132.0	-39.300003	26.0	5 h 33 min
17850	132.1299998372793	15.0	118.842995	26.682398	132.55	10.149999	27.54	5 h 34 min
17900	132.95499986074864	14.3	119.2	27.662249	131.85	20.199999	26.1	5 h 34 min
17950	119.43999958634376	28.9	112.23599	30.27278	132.35	20.4	33.28	5 h 35 min
18000	132.12499983422458	14.9	111.04099	40.98731	132.45	-27.75	29.76	5 h 36 min
18050	131.03499979972838	15.7	111.641	37.900562	132.45	-20.750002	31.66	5 h 37 min
18100	131.9449998304248	15.1	118.67999	30.159569	132.15	-19.550001	25.52	5 h 38 min
18150	126.94999974034727	21.6	121.841	23.49193	132.35	3.1499982	24.06	5 h 38 min
18200	132.17999983429908	14.8	107.495995	36.1349	132.35	-12.350001	36.54	5 h 39 min
18250	114.55999950394035	35.0	110.513	32.030144	133.4	29.599998	33.88	5 h 40 min
18300	130.89999979548156	15.8	121.838005	21.769032	132.6	40.1	24.16	5 h 41 min
18350	131.70999982655047	15.4	114.873	32.882904	132.55	-15.250001	29.38	5 h 42 min
18400	130.8349997948855	15.9	119.410995	27.206669	132.45	3.2499988	26.12	5 h 43 min
18450	131.62499981932342	15.3	117.59201	31.75537	132.35	-13.850001	27.28	5 h 43 min
18500	131.0249998599291	15.2	108.21	42.004078	133.2	-19.650002	32.38	5 h 44 min
18550	132.53999984748663	14.6	109.517	36.886726	133.4	-4.8000007	33.2	5 h 45 min
18600	131.78999981954695	15.0	114.981	36.466496	133.3	-7.2500014	27.24	5 h 46 min
18650	132.10499982759356	14.7	121.621994	22.177372	132.65	26.499998	25.6	5 h 47 min
18700	132.03999983258547	15.0	121.11501	29.65807	133.1	-33.3	23.46	5 h 47 min
18750	130.25999979302287	17.1	103.109	45.403076	132.15	-30.500002	35.84	5 h 48 min
18800	131.7449998255819	15.3	123.53701	24.339628	132.7	-21.45	21.98	5 h 49 min
18850	131.62999982088803	15.2	118.23	29.320282	132.45	-8.500001	27.42	5 h 50 min
18900	130.62499978393316	15.9	122.238	25.979654	133.6	-15.650001	23.52	5 h 51 min
18950	130.4649997793138	15.6	113.588	31.601725	132.35	8.449999	31.3	5 h 51 min
19000	130.8749998036772	16.3	112.85398	34.610737	131.8	-1.7000012	30.92	5 h 52 min
19050	130.58499980233609	16.7	110.51499	34.65117	132.35	-14.650001	33.24	5 h 53 min
19100	121.4899997703731	27.8	111.52301	38.29407	132.75	-48.65	31.52	5 h 54 min
19150	131.80499982871115	15.3	119.06199	26.725004	132.5	-9.350001	25.94	5 h 55 min
19200	130.92499980404972	15.8	108.171005	41.184376	132.65	-25.550001	32.44	5 h 56 min
19250	129.82999976687134	16.6	113.932	35.768723	133.2	-11.850001	28.92	5 h 56 min
19300	130.01499977372586	16.5	116.792	31.899445	132.35	-22.150002	27.06	5 h 57 min
19350	130.94999980814754	16.0	115.97401	36.97489	132.35	-24.85	25.78	5 h 58 min
19400	129.25499979257583	17.4	107.91999	41.33277	132.45	-20.550001	33.46	5 h 59 min
19450	130.2399997945875	16.7	113.090996	33.54468	132.15	-4.6000013	30.92	6 h 0 min
19500	131.15499980598688	15.7	118.99199	32.836315	132.55	-34.800003	24.16	6 h 1 min
19550	109.18499919213355	35.0	120.024	30.632776	132.15	-20.250002	23.76	6 h 1 min
19600	132.36999984420837	14.8	108.12399	38.76253	132.75	-68.3	35.28	6 h 2 min
19650	132.03499982394277	14.7	118.754005	31.503355	134.05	-21.650002	25.0	6 h 3 min
19700	132.28999984003605	14.8	111.966	29.894865	132.25	37.8	34.2	6 h 4 min
19750	130.69999979622662	16.2	119.839005	27.379124	133.1	21.65	24.88	6 h 5 min
19800	131.3299998179078	15.8	96.139984	52.797318	132.8	-38.350002	38.04	6 h 6 min
19850	131.73999983370305	15.6	119.93	28.004768	133.3	21.5	24.48	6 h 6 min
19900	131.46999981962145	15.6	118.47701	30.034264	133.5	2.6499994	25.8	6 h 7 min
19950	132.3299998421222	14.8	116.05901	30.23104	132.65	5.5999985	29.62	6 h 8 min
20000	131.97499982081354	14.7	121.62201	23.663637	132.9	12.649999	24.9	6 h 9 min
20050	131.62499982491136	15.5	114.958	37.451035	132.9	-41.15	27.42	6 h 9 min
20100	110.2299996457994	28.0	119.423	28.35405	132.15	12.499999	25.1	6 h 10 min
20150	131.88999982476236	15.0	125.373	16.6461	133.3	39.149998	21.58	6 h 11 min
20200	131.30499981380999	15.7	112.944	36.033134	132.45	-18.000002	30.12	6 h 12 min
20250	131.79499982744454	15.1	115.382996	31.62123	132.7	9.199999	28.8	6 h 13 min
20300	132.50499984286725	14.5	120.266	27.077564	132.55	8.899999	24.6	6 h 13 min
20350	107.36499943621456	35.1	122.672005	21.114996	133.2	31.449999	23.76	6 h 14 min
20400	131.30499980710448	15.2	117.931	32.71694	133.2	-15.450001	25.46	6 h 15 min
20450	132.33499984517692	14.9	107.58399	40.467697	132.15	-19.150002	33.22	6 h 16 min
20500	131.3799998205155	15.8	112.091	36.732822	132.75	-30.500002	31.26	6 h 17 min
20550	131.86999983489514	15.4	120.734	23.80313	132.75	30.849998	25.46	6 h 18 min
20600	131.90999982021748	14.8	118.86101	33.646942	133.85	-20.900002	24.4	6 h 18 min
20650	117.15999955274165	34.7	120.841	24.46255	132.8	19.599998	25.0	6 h 19 min
20700	132.06499984227122	15.3	112.552	39.48612	131.85	-14.750001	28.52	6 h 20 min
20750	131.36999981440604	15.6	113.201996	35.827732	133.0	-22.650002	29.64	6 h 21 min
20800	131.56999982483686	15.5	116.15101	29.57731	132.45	-19.45	30.06	6 h 22 min
20850	131.7299998331815	15.6	121.634	27.316843	132.75	-18.800001	23.04	6 h 22 min
20900	130.8149997986853	15.9	109.867004	37.97753	132.65	0.44999942	32.3	6 h 23 min
20950	129.60499981604517	15.7	118.92199	28.315434	133.3	-2.4000013	26.14	6 h 24 min
21000	130.68499979265033	16.1	117.507	27.339277	132.25	4.199999	28.54	6 h 25 min
21050	119.01499962732196	31.9	110.725	32.807842	132.75	25.65	33.78	6 h 26 min
21100	130.99999981187284	16.2	112.177	31.921381	132.15	23.65	32.68	6 h 27 min
21150	117.20999968312681	28.8	116.016	31.251514	133.1	16.1	27.82	6 h 27 min
21200	108.15999923981727	35.9	113.01099	30.125475	133.4	0.8999995	33.06	6 h 28 min
21250	130.0399997703731	16.3	116.796005	31.909481	131.95	1.649999	26.54	6 h 29 min
21300	131.68499981686472	15.1	113.20201	30.60302	133.2	23.699999	32.46	6 h 30 min
21350	131.77999981343746	14.8	119.064	27.390978	133.3	25.8	25.9	6 h 31 min
21400	131.6699998188764	15.2	116.19301	25.845518	132.75	23.05	31.0	6 h 31 min
21450	131.36999981999398	15.8	121.403	23.264662	132.15	27.099998	24.04	6 h 32 min
21500	93.8199996072799	33.8	112.752	38.581127	132.75	-48.2	29.6	6 h 33 min
21550	132.17499983683228	14.9	114.510994	34.72152	132.45	1.3499991	28.22	6 h 34 min
21600	131.78499982766806	15.3	116.92501	32.412075	132.25	-43.2	27.88	6 h 35 min
21650	108.68999941423536	35.0	102.546005	44.248684	132.45	-37.15	38.18	6 h 36 min
21700	131.00499980524182	16.1	112.103004	38.123684	132.95	-25.550001	30.82	6 h 36 min
21750	131.02999979555608	15.3	109.937004	36.223003	132.55	-6.450001	33.8	6 h 37 min
21800	132.2699998445809	15.0	104.573006	40.96956	133.0	-21.900002	37.86	6 h 38 min
21850	129.57499980218708	17.3	115.4	25.628761	132.05	42.699997	31.68	6 h 39 min
21900	130.18999980017543	16.0	122.065	18.448793	133.3	58.35	25.5	6 h 40 min
21950	131.92499983496964	15.3	111.265	31.551563	131.85	1.8999989	33.1	6 h 41 min
22000	128.79499973766505	17.7	117.24299	29.418867	133.1	21.399998	27.38	6 h 41 min
22050	95.76499965786934	36.0	113.83898	31.600554	132.9	1.8499993	30.12	6 h 42 min
22100	101.73499964289367	35.0	112.22399	40.24156	133.3	-25.250002	28.86	6 h 43 min
22150	132.14999984763563	14.7	116.774	29.741774	132.9	-8.600001	28.28	6 h 44 min
22200	131.36999981440604	15.6	105.04	41.838814	132.25	-34.0	36.86	6 h 45 min
22250	130.1799997858703	16.8	115.45901	31.147234	133.3	-1.3000007	29.94	6 h 46 min
22300	118.2199995674193	27.6	107.10201	41.20409	132.45	-37.4	34.7	6 h 47 min
22350	125.05499980412424	22.6	118.057	28.920784	132.8	1.6999998	27.18	6 h 47 min
22400	131.64499982371927	15.3	118.55699	31.904861	132.75	-21.1	25.06	6 h 48 min
22450	132.76999985948206	14.6	118.61501	33.03294	133.3	-31.85	25.8	6 h 49 min
22500	112.85499945171178	34.8	114.819	33.707157	133.3	-15.800001	29.18	6 h 50 min
22550	118.21999957263469	29.7	111.87301	29.784554	132.35	6.1499987	34.56	6 h 51 min
22600	130.8349997960031	15.9	104.47999	42.978718	133.2	-42.350002	36.82	6 h 52 min
22650	123.03999964632094	24.2	110.214005	36.482197	133.2	2.3499992	32.54	6 h 52 min
22700	131.1999998163432	15.8	105.58501	43.921635	132.15	-76.0	34.72	6 h 53 min
22750	130.034999775514	16.7	112.421	36.758045	133.3	-10.200001	30.9	6 h 54 min
22800	98.87999947406351	35.2	114.978004	32.98677	133.3	-20.750002	29.78	6 h 55 min
22850	131.90999983698129	15.4	117.427	31.433537	132.2	2.449999	26.0	6 h 56 min
22900	131.3249998062849	15.2	114.132996	31.646152	133.2	-9.350001	31.54	6 h 57 min
22950	130.12499979995192	17.1	111.434006	33.012302	133.1	16.399998	32.82	6 h 57 min
23000	128.33999979235233	18.0	112.662	37.54935	132.25	-26.75	30.24	6 h 58 min
23050	132.07499982602894	14.7	114.897	29.366886	131.95	25.499998	29.86	6 h 59 min
23100	112.10999941006303	28.8	106.90199	40.216576	132.35	-24.050001	35.5	7 h 0 min
23150	132.0249998345971	15.1	116.742004	30.122272	133.3	-6.100001	28.12	7 h 1 min
23200	130.85499979034066	15.7	107.991	41.138153	131.5	-3.5000005	32.04	7 h 2 min
23250	131.38499981239437	15.5	117.21299	28.33257	133.0	23.699999	27.74	7 h 2 min
23300	131.0549998063594	15.9	118.475	28.015991	132.55	13.799999	26.5	7 h 3 min
23350	130.53999979160727	16.0	123.199	23.401962	132.25	-0.3500017	22.82	7 h 4 min
23400	131.79499982818962	15.3	116.539	31.57112	132.45	0.9499989	27.6	7 h 5 min
23450	130.8999998010695	16.0	98.832	48.2434	133.1	-41.75	39.86	7 h 6 min
23500	131.43999982364477	15.8	111.520996	38.325645	132.55	-0.90000063	29.74	7 h 7 min
23550	132.43999983668328	14.4	112.452995	37.33862	133.2	-15.900002	30.6	7 h 7 min
23600	132.04999983869493	15.2	114.36801	31.323313	133.8	-8.650001	30.9	7 h 8 min
23650	131.74999982863665	15.4	115.99999	31.64651	132.35	13.749999	28.08	7 h 9 min
23700	131.71499981842936	15.1	115.41301	30.913454	133.4	20.449999	29.7	7 h 10 min
23750	89.87999945022166	35.0	110.92	33.637836	133.5	10.599998	33.14	7 h 11 min
23800	130.97499979101121	15.5	120.785	26.728897	132.55	-4.8000016	24.02	7 h 12 min
23850	131.71499983407557	15.4	120.86399	24.402714	133.3	25.449999	24.22	7 h 12 min
23900	131.0699998319149	15.1	112.15301	35.93896	132.55	-23.35	31.28	7 h 13 min
23950	130.02499976940453	16.5	115.632996	32.25844	132.65	13.199999	28.54	7 h 14 min
24000	131.0049998037517	15.9	124.440994	19.215069	133.2	37.399998	22.28	7 h 15 min
24050	106.39499908909201	34.6	116.33399	29.90418	133.5	-3.0500004	28.98	7 h 16 min
24100	128.1149997483939	17.8	118.701996	26.816244	132.15	-16.9	27.12	7 h 16 min
24150	131.96499983146788	15.1	115.29301	31.770695	132.45	8.749999	29.56	7 h 17 min
24200	131.61999982185662	15.4	108.355	41.04449	133.7	-10.400001	32.82	7 h 18 min
24250	131.67999982498586	15.4	118.367004	32.485584	132.8	-15.050001	25.34	7 h 19 min
24300	132.1399998433888	15.2	115.69	27.199127	132.65	43.6	30.28	7 h 20 min
24350	131.79999983124435	15.4	118.881004	25.462093	132.35	9.65	26.98	7 h 20 min
24400	131.37499981187284	15.5	115.24701	35.3912	132.35	-10.3	27.92	7 h 21 min
24450	129.74499978944658	17.3	120.20901	29.681545	133.2	9.899999	23.46	7 h 22 min
24500	50.699998965114354	54.2	111.49199	39.365986	132.8	-29.2	30.28	7 h 23 min
24550	131.70499983355404	15.4	111.885	39.490086	132.55	-34.45	29.5	7 h 24 min
24600	127.56999972127377	19.6	94.618996	49.177895	133.0	-33.65	41.62	7 h 25 min
24650	131.04999979771674	15.6	105.787	43.37656	131.9	-17.85	33.88	7 h 26 min
24700	123.43499965816736	22.7	115.528	33.68561	133.3	-1.4000009	27.82	7 h 26 min
24750	92.02499968223273	35.0	104.906006	45.744225	132.65	-29.900002	33.66	7 h 27 min
24800	117.61999957226217	35.0	110.59001	37.659203	133.2	-4.5500016	31.94	7 h 28 min
24850	130.9949998088181	16.1	104.51999	43.98795	132.05	-31.900002	35.54	7 h 29 min
24900	131.06999980658293	15.8	99.53801	46.998455	132.35	-23.150002	37.48	7 h 30 min
24950	124.47499965801835	23.8	122.705	21.231722	132.45	32.499996	23.36	7 h 31 min
25000	128.71499976590275	18.8	113.86	30.224117	132.55	16.05	32.26	7 h 32 min
25050	128.66999975517393	18.1	117.38601	31.9865	133.0	6.949999	25.62	7 h 32 min
25100	131.28499980159103	15.3	111.744	39.62645	133.2	-28.35	30.22	7 h 33 min
25150	130.79499978721142	15.7	108.90099	45.202084	133.3	-52.100002	30.36	7 h 34 min
25200	132.12499983422458	14.9	108.639015	41.619316	132.6	-13.650001	31.92	7 h 35 min
25250	131.6799998305738	15.6	103.74999	41.37139	132.45	-25.150002	38.8	7 h 36 min
25300	112.42999958060682	28.0	120.27999	23.951986	132.15	42.85	26.14	7 h 37 min
25350	121.4899996548891	29.3	106.608	37.071655	132.15	-9.600002	36.72	7 h 37 min
25400	116.5049994789064	29.4	124.571	20.279633	132.8	19.699999	22.0	7 h 38 min
25450	131.43499981500207	15.5	112.532005	38.378597	132.35	-13.650001	29.58	7 h 39 min
25500	132.44999984279275	14.6	114.556	35.61136	132.45	-25.150002	28.72	7 h 40 min
25550	130.92499981075525	16.3	106.153	39.86398	132.55	-12.250001	36.16	7 h 41 min
25600	93.73499938771128	35.3	114.021996	38.64388	133.2	-63.750004	28.24	7 h 42 min
25650	131.49999982118607	15.6	99.13699	47.21875	132.15	-39.350002	39.12	7 h 43 min
25700	117.79499971047044	34.7	116.41999	34.14655	133.6	-22.000002	27.02	7 h 43 min
25750	127.44999972842633	19.3	107.274994	41.520237	131.95	-34.95	33.58	7 h 44 min
25800	117.10499958060682	35.2	116.836006	30.106657	133.2	11.249999	28.48	7 h 45 min
25850	131.94999983906746	15.4	103.06301	49.490437	132.9	-36.9	34.72	7 h 46 min
25900	131.7849998265505	15.0	117.642	28.958355	132.55	6.2999997	27.68	7 h 47 min
25950	130.0399997662753	16.1	106.823	41.27356	132.55	-17.800001	33.98	7 h 48 min
26000	101.46499960795045	34.9	121.425995	20.494581	132.35	47.55	26.3	7 h 48 min
26050	131.87499982379376	15.2	112.20899	35.21055	132.55	-12.950001	32.3	7 h 49 min
26100	130.65499979928137	15.9	112.65	34.280594	132.25	-5.0000005	30.88	7 h 50 min
26150	131.7999998256564	15.2	105.753	35.927937	133.5	13.049998	37.78	7 h 51 min
26200	126.60499976798891	22.1	115.577995	29.82034	132.35	16.599998	29.94	7 h 52 min
26250	131.79499982260168	15.1	107.679	44.897923	132.45	-48.850002	31.32	7 h 53 min
26300	131.95999983996154	15.1	117.18199	29.031103	131.75	9.149999	27.9	7 h 54 min
26350	113.15999955944717	28.2	105.06699	43.822945	132.55	-28.35	35.04	7 h 54 min
26400	92.7249992582947	36.7	113.04101	29.997171	132.65	31.8	32.56	7 h 55 min
26450	130.23499977961183	16.2	108.09198	35.224785	133.1	-13.550001	36.68	7 h 56 min
26500	132.12499983534218	14.7	109.769005	39.303825	132.35	-14.950003	31.44	7 h 57 min
26550	131.8399998277426	15.2	116.095	26.608103	132.25	42.3	30.54	7 h 58 min
26600	120.25499970018863	28.9	111.411995	42.226154	132.65	-32.8	28.38	7 h 59 min
26650	131.51999981999398	15.3	118.077995	27.803577	132.15	-1.15484e-06	27.78	8 h 0 min
26700	131.91999982632697	15.0	116.227005	32.56066	132.45	-18.000002	27.82	8 h 0 min
26750	132.2149998277426	14.5	113.65401	35.927406	133.1	-19.750002	28.76	8 h 1 min
26800	131.62999981679022	15.2	113.792015	35.081875	132.7	-11.200001	29.86	8 h 2 min
26850	129.8299997780472	17.0	122.86501	20.204966	132.75	47.149998	24.12	8 h 3 min
26900	83.88499968908727	35.2	118.617004	29.345665	132.8	5.599998	26.04	8 h 4 min
26950	132.01499983295798	14.9	112.74301	33.73958	132.8	-10.100001	31.68	8 h 4 min
27000	131.91499982886018	15.1	107.86101	45.17921	132.35	-33.300003	30.82	8 h 5 min
27050	131.4399998113513	15.2	109.02801	44.84288	132.35	-20.2	28.78	8 h 6 min
27100	132.24999983794987	14.8	121.842995	21.491455	132.8	42.149998	25.68	8 h 7 min
27150	131.85499982014298	14.9	116.83401	26.958054	132.45	34.6	29.78	8 h 8 min
27200	129.94499978087842	17.1	116.872	27.427427	132.25	4.4499993	29.48	8 h 9 min
27250	112.3699994660914	32.0	110.742004	35.321404	132.25	9.5999975	32.32	8 h 9 min
27300	131.50999981611966	15.4	109.406	36.662643	132.55	10.4	33.26	8 h 10 min
27350	131.4549998216331	15.7	119.016	25.11596	133.7	33.3	27.68	8 h 11 min
27400	131.47499982267618	15.7	116.272995	34.46027	133.2	-1.0000006	25.74	8 h 12 min
27450	131.57499981671572	15.3	113.016	35.517696	132.25	-15.150001	30.44	8 h 13 min
27500	130.91499983109534	15.4	109.15399	36.91331	132.35	1.1499995	33.5	8 h 14 min
27550	131.49999982118607	15.6	112.661	40.213688	133.0	-30.95	29.7	8 h 14 min
27600	124.40499970316887	23.5	113.351006	35.35562	132.65	-6.9000015	29.34	8 h 15 min
27650	129.67999976426364	17.0	107.839005	40.21559	132.15	-14.6	34.3	8 h 16 min
27700	103.0549994599074	38.5	114.428	31.779703	133.0	19.699999	30.52	8 h 17 min
27750	127.83999979905784	18.2	119.23	26.089275	133.3	27.199999	27.08	8 h 18 min
27800	131.18499980196356	15.5	110.667	34.19144	132.7	-12.900001	33.96	8 h 19 min
27850	132.32999984771013	15.0	116.74801	26.320208	132.45	24.1	30.42	8 h 19 min
27900	132.2599998384714	14.8	117.408	29.727793	132.55	4.6999993	27.6	8 h 20 min
27950	132.23499982878565	14.5	100.70899	43.372425	132.45	-12.050001	39.38	8 h 21 min
28000	115.68999951221049	35.0	108.108	39.70211	133.1	-23.050001	34.04	8 h 22 min
28050	130.77499979920685	15.7	114.160995	34.326447	132.05	-21.300001	29.36	8 h 23 min
28100	131.1099998049438	15.6	114.63899	31.942371	132.25	3.449999	30.12	8 h 24 min
28150	131.33999980166556	15.2	118.527	24.68917	133.0	42.75	28.2	8 h 25 min
28200	129.24499976672232	17.9	119.84899	24.583525	133.4	42.899998	26.34	8 h 25 min
28250	128.31999980919062	16.9	119.23599	33.45833	132.55	-24.300001	23.78	8 h 26 min
28300	131.4799998257309	15.8	122.078995	19.303278	133.2	52.05	25.78	8 h 27 min
28350	132.2049998383969	14.9	111.145	39.671112	132.9	-20.550001	30.02	8 h 28 min
28400	130.9699998047203	15.5	112.09899	33.01039	132.7	21.05	32.54	8 h 29 min
28450	115.06499948576092	28.2	112.730995	33.49437	132.55	5.299999	31.44	8 h 29 min
28500	93.98499946184457	35.2	113.149	38.219856	133.3	-34.350002	28.98	8 h 30 min
28550	86.03999909237027	47.3	114.357	29.53703	132.9	-6.750001	32.36	8 h 31 min
28600	130.65499978475273	15.7	110.94101	38.1966	132.55	-11.050001	31.0	8 h 32 min
28650	130.47499981299043	16.9	114.312004	34.1781	133.3	-16.25	29.14	8 h 33 min
28700	110.97499963492155	38.0	121.160995	24.582258	133.1	15.999999	25.08	8 h 34 min
28750	131.75499981492757	14.9	115.68599	36.06534	133.5	-27.800001	27.54	8 h 34 min
28800	111.9199995830655	27.9	114.146	32.798393	132.75	13.799998	29.56	8 h 35 min
28850	110.67999947369098	34.9	112.135	34.825867	132.45	3.3999996	32.32	8 h 36 min
28900	106.14499926529825	43.0	113.406	35.339397	132.35	-8.35	30.04	8 h 37 min
28950	132.00499983355402	15.1	118.024	31.40969	133.1	-11.05	26.14	8 h 38 min
29000	106.37999951839447	35.2	116.12601	31.468313	132.35	6.899999	28.56	8 h 39 min
29050	130.40499983094634	16.3	117.510994	26.275738	132.9	27.599998	29.04	8 h 40 min
29100	129.83999980464577	16.4	112.35	30.734394	133.4	34.399998	33.5	8 h 40 min
29150	131.9649998370558	15.3	109.249	34.4492	132.35	-4.5000014	35.82	8 h 41 min
29200	130.72999982610344	15.7	114.205	34.37799	132.25	-38.4	29.84	8 h 42 min
29250	131.1199998062104	15.6	112.688995	35.790344	133.3	-1.3000011	30.78	8 h 43 min
29300	131.31999981105326	15.4	108.144005	37.97469	132.35	-36.7	34.86	8 h 44 min
29350	108.16499952301383	37.9	104.29999	40.63265	132.15	-31.400002	36.6	8 h 45 min
29400	130.45999978929757	16.1	113.228	28.047882	132.35	19.9	33.26	8 h 46 min
29450	131.90999982580541	15.0	119.201004	25.284811	132.45	10.4	27.54	8 h 46 min
29500	131.24499981068075	15.7	112.147	33.488647	132.35	11.799999	31.9	8 h 47 min
29550	122.54499961100518	22.7	108.923	33.025723	131.9	-1.2500005	36.68	8 h 48 min
29600	107.96499971561134	28.3	111.42801	29.100918	132.55	43.35	35.14	8 h 49 min
29650	113.52999976202845	28.0	113.36699	34.442173	133.4	7.099998	29.82	8 h 50 min
29700	74.78999860435724	67.0	101.83699	44.398598	132.15	-39.5	38.04	8 h 51 min
29750	124.09499964565039	23.4	116.14799	28.941948	132.9	15.049999	29.38	8 h 52 min
29800	131.67999982498586	15.4	111.824	33.140194	132.35	-3.2500014	32.1	8 h 53 min
29850	131.12499983385206	15.6	114.84499	30.080484	132.65	8.349999	30.5	8 h 53 min
29900	129.94499977827073	17.2	116.0	28.621305	132.55	20.949999	30.12	8 h 54 min
29950	131.91499982886018	15.1	111.57	38.572453	132.35	-17.45	30.48	8 h 55 min
30000	113.91499972641468	28.0	107.13001	39.70814	132.05	-0.50000113	34.1	8 h 56 min
30050	131.8549998257309	15.1	109.296005	40.76173	132.25	-22.1	31.98	8 h 57 min
30100	131.98999984115363	15.4	105.735	37.1888	132.55	7.649999	36.94	8 h 58 min
30150	131.32499981485307	15.7	116.83099	32.72532	132.65	-29.75	27.18	8 h 58 min
30200	130.7949997983873	16.1	113.71299	31.43148	132.55	8.099998	31.18	8 h 59 min
30250	131.41999981701375	15.6	108.336006	43.99206	132.65	-39.65	30.6	9 h 0 min
30300	131.68999983109535	15.6	116.521	31.842066	132.45	-19.750002	28.0	9 h 1 min
30350	131.61499984115363	16.1	104.142	43.368427	132.35	-22.750002	36.18	9 h 2 min
30400	131.45499982722103	15.9	105.899	38.47898	133.1	-7.000001	36.76	9 h 3 min
30450	132.01999984271825	15.4	104.758995	44.93299	132.05	-58.15	35.58	9 h 4 min
30500	131.16499981880187	15.9	109.74899	41.219063	132.45	-23.550001	31.02	9 h 4 min
30550	131.2899998214096	16.0	104.881004	40.744514	132.35	-36.9	36.94	9 h 5 min
30600	128.9799997627735	16.0	104.37	36.62781	133.2	6.049998	39.48	9 h 6 min
30650	116.06499953605234	34.3	113.79399	30.735144	132.45	17.75	31.58	9 h 7 min
30700	130.569999794662	16.6	107.918	35.51332	131.95	-9.800001	36.4	9 h 8 min
30750	132.10999983623623	15.0	109.90001	38.814007	132.55	-36.100002	33.18	9 h 9 min
30800	132.53999985307456	14.8	123.93699	22.651384	133.3	-11.250002	21.94	9 h 10 min
30850	131.47999984249472	16.4	119.567	26.650883	133.05	4.2499986	25.84	9 h 10 min
30900	129.7349997933954	17.6	109.49499	38.373913	132.35	1.6999991	32.44	9 h 11 min
30950	131.58999982587994	15.6	110.411995	38.44418	132.45	-24.95	31.92	9 h 12 min
31000	131.14999981634318	15.7	106.853	35.117264	131.95	14.599998	36.5	9 h 13 min
31050	131.86999982371927	15.0	120.324005	27.584478	132.35	-17.95	25.04	9 h 14 min
31100	130.86499978527428	15.5	119.803	23.622498	133.5	47.149998	26.64	9 h 15 min
31150	131.8299998383969	15.6	115.16699	39.11382	132.55	-43.25	26.0	9 h 15 min
31200	106.73499929681421	42.6	120.734	30.110237	132.25	-0.30000085	22.56	9 h 16 min
31250	130.3949997995049	16.9	112.84901	39.03098	133.1	-36.850002	28.58	9 h 17 min
31300	132.25999984405934	15.0	106.99499	38.15639	132.55	-9.400001	35.74	9 h 18 min
31350	109.03999967351555	35.2	101.802	43.887363	132.35	-35.850002	37.84	9 h 19 min
31400	109.13999959304928	32.2	117.595	32.461147	132.35	-57.5	26.66	9 h 20 min
31450	131.14999981969595	16.2	117.815	27.605162	132.05	-7.550001	28.26	9 h 20 min
31500	129.74999980293214	16.8	107.89199	40.884186	132.7	-32.05	33.98	9 h 21 min
31550	115.04999957233667	34.7	112.301	33.563164	132.25	-12.200001	32.38	9 h 22 min
31600	108.0899997152388	34.3	109.04001	34.827724	132.25	7.7999997	35.2	9 h 23 min
31650	130.12499977461994	16.5	121.271996	20.073591	132.15	58.55	26.02	9 h 24 min
31700	94.32499954216182	34.5	112.51999	31.942041	132.55	11.2	31.74	9 h 25 min
31750	99.90499952733516	34.0	106.249	41.637028	131.85	-14.100001	33.8	9 h 26 min
31800	113.97999950945378	35.2	124.155	20.358164	133.3	34.8	22.14	9 h 26 min
31850	122.10499965138733	28.4	119.083	27.648468	132.75	-8.950001	26.38	9 h 27 min
31900	131.33499982655047	16.1	112.242004	32.505596	132.05	21.449999	31.92	9 h 28 min
31950	111.3999993186444	34.7	118.63899	25.980713	132.65	26.65	27.64	9 h 29 min
32000	106.4449990849942	35.2	115.811005	36.267643	132.6	-55.65	27.22	9 h 30 min
32050	130.82499981671572	16.7	113.92401	33.085392	132.25	-26.6	30.88	9 h 31 min
32100	123.41499966271222	27.0	114.32199	28.844904	132.15	21.65	32.46	9 h 31 min
32150	131.9649998370558	15.3	108.883995	39.454872	132.45	-8.700001	32.32	9 h 32 min
32200	115.63999954722821	34.2	112.403	31.737303	132.95	7.9499984	32.7	9 h 33 min
32250	130.89499979242683	15.7	116.72701	31.377806	132.75	-41.65	28.7	9 h 34 min
32300	131.49499981813133	15.5	116.34899	27.062681	132.45	23.349998	30.3	9 h 35 min
32350	65.88999884873628	61.8	108.66901	44.16955	132.6	-38.2	30.8	9 h 36 min
32400	130.55499982237816	16.0	116.65099	27.732428	133.1	19.349998	29.5	9 h 37 min
32450	77.76999911889433	59.2	105.44001	40.298042	133.2	2.449999	35.64	9 h 37 min
32500	131.5399998176843	15.4	111.56	35.46541	132.75	-19.400002	31.92	9 h 38 min
32550	97.05499919690192	48.7	114.458	35.239994	132.35	-62.050003	29.86	9 h 39 min
32600	131.68999981991948	15.2	111.167	35.31084	132.35	-31.850002	32.78	9 h 40 min
32650	132.1499998383224	15.0	108.163994	38.25331	132.45	-9.150002	35.26	9 h 41 min
32700	131.51999981664122	15.4	114.050995	32.336163	132.9	1.2999983	30.48	9 h 42 min
32750	130.234999769181	16.1	113.382	35.32377	132.65	-22.6	30.08	9 h 43 min
32800	130.3549998048693	15.7	121.134	23.154268	132.35	31.15	25.24	9 h 43 min
32850	131.61499982699752	15.4	117.303	31.885847	132.25	-27.800001	26.82	9 h 44 min
32900	77.23499919809402	34.7	119.067	30.364655	132.35	-15.050001	25.14	9 h 45 min
32950	131.72499982453883	15.3	111.792	41.30311	133.0	-59.250004	29.28	9 h 46 min
33000	101.20999939367175	47.9	117.147	27.849976	133.4	19.649998	28.88	9 h 47 min
33050	131.1949998125434	15.6	122.635994	18.737715	132.75	64.0	25.28	9 h 48 min
33100	89.684999486804	35.1	125.092	17.313927	132.65	34.699997	22.28	9 h 48 min
33150	130.75499980188906	16.3	114.36501	32.579052	132.45	-13.550001	29.88	9 h 49 min
33200	112.59999931938947	34.2	112.23801	38.544926	133.0	-31.750002	30.44	9 h 50 min
33250	131.50999981611966	15.4	116.354004	35.86805	132.8	-45.350002	27.16	9 h 51 min
33300	131.46999981850385	15.3	108.157005	35.90771	132.45	-12.100001	35.98	9 h 52 min
33350	115.00999955125152	34.3	121.44699	25.112888	133.1	12.75	24.6	9 h 52 min
33400	125.09999970905483	23.9	113.05899	35.5166	132.75	-43.0	31.48	9 h 53 min
33450	131.58999982513487	15.4	109.813995	31.347193	132.55	11.349998	35.82	9 h 54 min
33500	126.80999974757432	21.6	110.024	33.028572	132.45	30.449999	33.54	9 h 55 min
33550	123.02499957233667	22.7	115.930984	32.856808	132.45	-19.750002	27.8	9 h 56 min
33600	131.939999832958	15.2	123.046005	23.026445	132.45	16.349998	22.56	9 h 57 min
33650	131.5599998176098	15.1	120.38301	26.849712	132.9	0.9999991	24.84	9 h 57 min
33700	131.70999982655047	15.4	104.784	40.777374	132.7	-21.900002	36.26	9 h 58 min
33750	132.11999983675778	15.0	113.122	29.108255	133.1	28.8	33.06	9 h 59 min
33800	126.85999976098537	21.9	111.44	34.745697	132.05	-8.950001	32.7	10 h 0 min
33850	114.3499995343387	34.5	106.184006	37.885624	132.95	4.5499997	36.56	10 h 1 min
33900	94.42999921664595	47.5	105.718994	41.621258	132.05	-50.55	35.9	10 h 2 min
33950	127.76499971449375	20.2	101.435	39.42785	133.0	-4.2500014	41.2	10 h 3 min
34000	126.0699997138232	24.8	107.52801	40.96522	133.5	-25.550001	34.68	10 h 4 min
34050	109.21499952450395	28.1	102.254	39.388073	132.55	-15.350001	40.26	10 h 5 min
34100	131.54499981626867	15.1	113.87	35.02303	132.8	-4.8000007	29.42	10 h 5 min
34150	115.34999959878624	34.8	105.25398	39.090153	133.4	-17.550001	37.12	10 h 6 min
34200	130.3249997895211	16.4	115.238	30.445198	132.45	6.4499993	30.38	10 h 7 min
34250	129.9599998254329	17.2	110.024	35.35969	132.85	8.249999	33.28	10 h 8 min
34300	115.30499965585769	28.1	115.891014	37.166615	132.45	-45.75	26.56	10 h 9 min
34350	131.77999983020126	15.4	104.311005	41.695183	133.0	-46.350002	37.76	10 h 10 min
34400	131.96999982893468	15.0	119.27301	31.887772	133.4	-10.400001	23.86	10 h 11 min
34450	131.31999982520938	15.4	115.14199	33.59712	132.8	5.299999	28.18	10 h 11 min
34500	132.55999984852969	14.6	108.223	42.141315	132.85	-54.350002	32.64	10 h 12 min
34550	131.80499982647598	15.0	111.598	33.31125	133.4	24.199999	32.38	10 h 13 min
34600	131.654999820143	15.1	112.186005	31.921394	133.0	9.499999	32.58	10 h 14 min
34650	131.7149998240173	15.3	109.03801	40.097694	132.75	2.799998	31.48	10 h 15 min
34700	128.22499974779785	17.2	111.03801	36.97383	132.55	-9.350001	32.16	10 h 16 min
34750	131.94999982230365	14.8	102.20701	44.811104	132.6	-32.0	36.34	10 h 16 min
34800	132.20499984286727	14.8	120.319	20.992	132.55	59.5	28.12	10 h 17 min
34850	132.42499984242022	14.5	113.41001	32.921005	133.3	12.999999	30.84	10 h 18 min
34900	131.1199997957796	15.4	116.95	29.429916	133.3	18.4	28.38	10 h 19 min
34950	111.96499940603971	35.4	118.194	27.795942	133.2	14.65	28.12	10 h 20 min
35000	130.6249997895211	16.1	121.695	20.630264	133.0	42.8	26.12	10 h 21 min
35050	112.11499933227897	34.6	113.201	33.450294	132.75	11.549999	30.08	10 h 21 min
35100	122.01999965794384	22.8	124.6	21.285072	132.8	17.949999	21.2	10 h 22 min
35150	128.51999974735082	18.4	105.06299	45.00647	133.1	-40.45	34.48	10 h 23 min
35200	105.82499945648014	46.2	109.561	34.804302	132.55	-8.1	35.78	10 h 24 min
35250	132.76999984830618	14.2	115.327	32.716732	132.8	5.2999988	27.98	10 h 25 min
35300	131.90999983698129	15.2	106.42499	44.74182	133.4	-34.95	32.86	10 h 26 min
35350	110.57999941296876	34.6	112.718994	36.44867	133.1	-6.0000014	29.28	10 h 27 min
35400	100.15999941453337	44.6	108.494	41.188793	132.45	-43.7	32.66	10 h 27 min
35450	109.38499957174062	30.4	109.975	37.574333	132.9	-29.45	32.48	10 h 28 min
35500	131.609999826923	15.6	111.41899	39.546803	132.55	-32.550003	30.42	10 h 29 min
35550	116.03499962873757	29.3	113.19	34.5608	133.2	-23.400002	30.94	10 h 30 min
35600	108.66999955400824	34.6	106.854004	42.266495	132.55	-24.750002	33.86	10 h 31 min
35650	100.5799991440028	49.0	103.942	40.751045	132.75	4.45	36.48	10 h 32 min
35700	132.24999983794987	14.8	106.03	47.297924	132.35	-52.050003	31.44	10 h 33 min
35750	112.59999955296516	28.7	118.69301	25.92386	132.9	37.399998	27.68	10 h 33 min
35800	128.52499972954394	17.8	110.754	37.153072	133.0	-8.300001	31.5	10 h 34 min
35850	131.89499982222915	14.9	111.421	35.787785	132.8	-11.550001	32.14	10 h 35 min
35900	130.63499978780746	16.2	106.366	41.66189	133.4	-21.35	34.56	10 h 36 min
35950	133.37499986588955	13.7	113.14199	36.675106	133.4	-29.25	29.56	10 h 37 min
36000	131.01499979868532	15.7	114.46199	38.30777	132.8	-43.5	27.6	10 h 38 min
36050	131.5949998177588	15.3	112.56801	35.753998	133.7	0.49999923	30.88	10 h 38 min
36100	130.5749998047948	15.9	106.692	42.715958	132.35	-5.75	32.64	10 h 39 min
36150	113.81499951779843	28.5	108.703995	41.535957	132.45	-39.8	32.32	10 h 40 min
36200	130.52499977983535	16.0	118.496	30.56195	132.75	-22.75	26.38	10 h 41 min
36250	128.85499974675477	17.5	106.201	37.95162	132.05	6.299999	36.2	10 h 42 min
36300	130.85999979898332	16.0	116.24999	25.267788	133.2	50.649998	31.54	10 h 43 min
36350	132.3299998421222	14.8	107.32	41.305084	132.75	-11.200001	33.2	10 h 44 min
36400	128.75499975681305	18.0	114.851	34.972305	133.4	-1.600001	28.42	10 h 44 min
36450	131.7749998215586	15.1	112.15501	35.21322	133.7	-0.60000074	31.14	10 h 45 min
36500	95.47999948188662	34.5	109.138985	39.638454	133.1	-30.050001	32.8	10 h 46 min
36550	131.37499982751905	15.4	113.635	35.794834	133.3	-19.35	29.08	10 h 47 min
36600	129.88499979041518	16.3	104.923004	45.66411	132.65	-44.75	34.52	10 h 48 min
36650	117.24499957561493	34.3	119.341	28.741507	133.0	-6.300001	25.3	10 h 49 min
36700	131.26999980956316	15.7	116.230995	28.789368	132.75	-12.750001	30.62	10 h 50 min
36750	113.13999942913651	34.4	118.868996	33.542274	133.1	-47.4	24.88	10 h 50 min
36800	130.10999983139337	16.0	116.864006	32.44342	133.0	-16.45	27.54	10 h 51 min
36850	132.0699998408556	15.0	113.129005	34.942463	132.55	7.9999995	29.56	10 h 52 min
36900	128.56999975852668	19.4	116.49	31.78342	132.55	1.149999	27.86	10 h 53 min
36950	113.15999970771372	29.4	111.225	37.381126	132.75	-19.1	31.22	10 h 54 min
37000	132.5649998459965	14.5	115.58	31.448345	132.55	11.299999	29.18	10 h 55 min
37050	131.52499980852008	15.1	109.53001	38.455658	132.35	-5.400001	32.16	10 h 55 min
37100	112.52999958731235	34.0	116.932	25.3855	133.3	48.699997	30.48	10 h 56 min
37150	113.80999942943454	34.5	113.786995	37.829872	133.1	-51.9	29.08	10 h 57 min
37200	131.95499983094632	15.1	116.497	32.0559	133.2	-11.400001	27.62	10 h 58 min
37250	91.39499947875738	34.2	111.726	34.575905	132.35	11.999999	32.16	10 h 59 min
37300	131.43499981947244	15.4	121.355995	25.074104	133.4	15.449999	24.56	11 h 0 min
37350	105.03499952405691	34.6	123.376	21.419548	132.85	20.55	23.4	11 h 0 min
37400	131.93999982737006	15.0	112.364006	40.873505	133.4	-31.45	28.66	11 h 1 min
37450	131.00999980568886	15.7	118.342995	30.028883	132.55	12.499999	26.1	11 h 2 min
37500	132.42999984622003	14.6	113.095	33.494785	133.2	10.549998	31.0	11 h 3 min
37550	115.58999956920744	34.0	118.91499	24.410822	132.9	35.05	27.94	11 h 4 min
37600	132.15999982766806	14.6	112.931	34.653492	132.75	1.3999984	30.86	11 h 5 min
37650	131.65999982394277	15.4	122.745	24.57352	132.65	18.3	22.48	11 h 5 min
37700	132.33999984264375	14.8	114.76399	32.41973	133.7	-7.5500007	29.66	11 h 6 min
37750	130.2049997922033	16.4	122.254005	20.264067	133.4	57.35	25.4	11 h 7 min
37800	132.96499985568227	14.1	116.105995	33.693516	132.9	-27.550001	27.34	11 h 8 min
37850	131.39499981850386	15.7	120.84799	27.051958	133.0	7.299999	24.32	11 h 8 min
37900	130.69999981373547	15.3	111.77801	36.961952	133.2	-40.9	31.56	11 h 9 min
37950	117.39499960020184	34.4	111.70801	34.58491	133.0	-17.150002	31.68	11 h 10 min
38000	131.76499982774257	15.1	120.43901	29.834753	133.2	-26.700003	23.58	11 h 11 min
38050	132.17499983683228	14.9	113.915	31.588053	133.2	8.699999	31.32	11 h 12 min
38100	131.394999807328	15.3	119.87499	24.828484	133.3	39.649998	26.08	11 h 13 min
38150	132.20499983280897	14.7	118.81601	25.717669	132.9	20.599998	27.88	11 h 13 min
38200	132.5649998459965	14.5	120.179	23.336643	133.0	55.8	26.34	11 h 14 min
38250	124.70499966666102	23.0	113.577995	29.250725	133.1	16.8	33.64	11 h 15 min
38300	131.5649998240173	15.6	116.04401	28.79844	133.4	5.8999987	30.56	11 h 16 min
38350	132.23999983742834	14.8	114.719	32.936413	133.7	10.999999	30.38	11 h 17 min
38400	132.14999983273447	14.8	110.826004	43.405506	133.4	-34.45	28.7	11 h 17 min
38450	131.50499982982873	15.9	116.534	38.991177	132.55	-57.850002	25.02	11 h 18 min
38500	131.92499982379377	14.9	109.579	35.731464	132.75	15.849999	33.66	11 h 19 min
38550	116.19499950706958	34.5	113.42001	31.619259	132.15	-13.35	32.42	11 h 20 min
38600	132.50999985150992	14.8	116.04698	33.958656	132.15	-0.050001096	26.86	11 h 21 min
38650	131.52499980852008	15.1	114.243996	32.30829	132.55	2.9499984	30.24	11 h 22 min
38700	125.7749997023493	21.9	112.745	28.130276	133.0	38.7	35.2	11 h 23 min
38750	130.63999983072281	15.4	114.576996	30.735973	132.35	34.05	30.56	11 h 23 min
38800	132.63499984964727	14.5	117.562004	28.47667	133.75	11.099999	28.04	11 h 24 min
38850	111.46499947831035	34.6	113.96201	37.01658	133.2	-12.050001	28.34	11 h 25 min
38900	132.16499983072282	14.7	110.528	35.75775	132.8	-9.150001	33.24	11 h 26 min
38950	132.28499983139335	14.5	113.353	36.25964	133.3	-16.650002	30.46	11 h 27 min
39000	132.26999983340502	14.6	111.603	34.343746	132.9	-26.750002	32.8	11 h 28 min
39050	131.64999981597066	14.7	104.535995	43.691128	132.5	-24.800001	35.3	11 h 28 min
39100	131.9249998342246	15.1	104.484	43.63007	133.1	-25.200003	35.28	11 h 29 min
39150	131.80999982841314	15.2	111.686005	29.195564	133.0	14.349999	35.2	11 h 30 min
39200	132.1649998292327	14.5	112.006	37.317047	133.4	-55.0	32.18	11 h 31 min
39250	132.15499982461333	14.5	111.699	33.591713	132.9	4.6499987	32.04	11 h 32 min
39300	102.27499922066927	47.7	109.415	44.188038	132.45	-28.100002	29.36	11 h 33 min
39350	132.67499985173345	14.5	100.44101	43.90893	132.9	-45.65	38.86	11 h 34 min
39400	44.84499868303537	67.2	105.995	34.0683	132.65	0.8999983	40.2	11 h 35 min
39450	93.29499906077982	48.7	114.250984	34.045166	133.0	-33.350002	29.92	11 h 36 min
39500	118.73499962352216	28.6	108.058	32.73791	132.65	17.3	36.42	11 h 36 min
39550	114.20499962680042	27.5	114.815994	34.3048	132.05	-20.250002	29.18	11 h 37 min
39600	132.92499985918403	14.3	113.926	33.196484	133.1	-8.650001	30.8	11 h 38 min
39650	132.23999984301628	15.0	117.602005	29.540731	132.65	3.899999	26.94	11 h 39 min
39700	119.74999969676136	34.7	110.29799	34.856224	133.1	13.2	33.78	11 h 40 min
39750	52.704998176172374	67.0	107.697	41.088154	133.5	-29.95	33.24	11 h 41 min
39800	132.7349998436868	14.1	106.304	38.454144	133.1	-33.95	37.1	11 h 42 min
39850	130.34499979279934	16.1	101.076	45.068348	133.5	-20.900002	38.54	11 h 43 min
39900	105.68499925322831	47.0	107.830986	37.686146	132.75	6.7499995	34.3	11 h 43 min
39950	131.77999983169138	15.3	117.702995	28.821205	133.0	-0.8000006	26.84	11 h 44 min
40000	121.07999968156219	28.6	107.06699	35.577614	132.8	-14.000001	37.44	11 h 45 min
