Epoch	AverageEpRet	StdEpRet	MaxEpRet	MinEpRet	EpLen	TotalEnvInteracts	LossPi	LossV	DeltaLossPi	DeltaLossV	Entropy	KL	ClipFrac	StopIter	Time
0	-38.083622	4.3115463	-29.25	-45.7	80.0	40000	-1.6950071e-07	4.3962307	-0.0112228105	-3.4786258	3.4921107	0.010998497	0.081625	49.0	20.745486736297607
1	-38.758774	3.0936282	-31.400002	-43.7	80.0	80000	2.3748726e-08	0.8350575	-0.010543415	-0.021970429	3.4823885	0.0126276	0.07345	49.0	40.893235206604004
2	-37.918755	3.1043975	-31.5	-43.600002	80.0	120000	-6.9849193e-10	0.77891797	-0.008226951	-0.035733506	3.4675748	0.012553329	0.057875	49.0	62.391845703125
3	-37.023216	2.7435794	-31.65	-42.5	80.0	160000	4.656613e-10	0.73559695	-0.010351215	-0.03991863	3.453279	0.011959222	0.072975	49.0	83.86193299293518
4	-36.591072	2.9220545	-29.0	-42.100002	80.0	200000	-4.656613e-10	0.65372074	-0.010889517	-0.03859523	3.4289865	0.0114207845	0.076875	49.0	105.52886724472046
5	-35.990177	2.3561552	-31.45	-40.850002	80.0	240000	-5.122274e-09	0.64736557	-0.011688241	-0.029433578	3.3961453	0.011183087	0.07385	49.0	126.92388534545898
6	-34.06	3.5165892	-24.95	-40.4	80.0	280000	8.381903e-09	0.65304625	-0.008117694	-0.053728618	3.3390765	0.016406868	0.091775	16.0	147.4115390777588
7	-33.649193	2.7351284	-26.45	-40.600002	80.0	320000	9.313226e-09	0.5713916	-0.012689905	-0.036935356	3.299439	0.00993458	0.075275004	49.0	169.6092004776001
8	-32.557816	3.1964607	-24.45	-37.850002	80.0	360000	1.8626451e-09	0.5716012	-0.01412444	-0.030241877	3.24469	0.01020154	0.082100004	49.0	192.2132225036621
9	-32.025394	4.087038	-19.85	-40.95	80.0	400000	2.3283064e-09	0.56371206	-0.014691832	-0.030322775	3.194357	0.009381005	0.085525	49.0	214.4191770553589
10	-31.45547	4.5732503	-16.95	-37.5	80.0	440000	0.0	0.59931034	-0.016162083	-0.033710554	3.1639304	0.010600608	0.10655	49.0	237.1753933429718
11	-29.329851	6.147303	-11.200001	-39.3	80.0	480000	-8.8475645e-09	0.7264993	-0.015806763	-0.037986405	3.1061385	0.010542735	0.09379999	49.0	260.59573101997375
12	-28.063972	6.8942003	-7.7	-37.25	80.0	520000	1.0244548e-08	0.758236	-0.016446281	-0.04682914	3.0375319	0.008600689	0.08485	49.0	283.64330983161926
13	-26.105225	9.619667	2.3999999	-38.350002	80.0	560000	3.7252903e-09	1.1774672	-0.015925651	-0.08710374	2.9980304	0.010313064	0.09945001	49.0	306.8137981891632
14	-23.572536	8.87974	-2.4000003	-36.25	80.0	600000	1.1641532e-08	1.1885172	-0.01580978	-0.06598445	2.9352067	0.008224803	0.082675	49.0	330.5441722869873
15	-22.015278	11.974259	13.349999	-37.4	80.0	640000	5.5879354e-09	1.4160135	-0.015902434	-0.08154374	2.895386	0.008450596	0.08755	49.0	354.8217935562134
16	-22.569595	12.572242	14.85	-34.8	80.0	680000	8.381903e-09	1.5642271	-0.0163104	-0.09112457	2.8355868	0.0096140625	0.101950005	49.0	379.23349046707153
17	-18.639332	14.527903	18.4	-34.3	80.0	720000	1.0244548e-08	1.7051432	-0.015684959	-0.09201386	2.7928576	0.010200439	0.085075006	49.0	403.47231101989746
18	-15.333109	18.516695	28.9	-34.4	80.0	760000	-7.450581e-09	2.2478604	-0.015711166	-0.1276597	2.7755516	0.009925441	0.09365	49.0	428.01866030693054
19	-15.356579	17.325882	26.55	-35.0	80.0	800000	6.9849193e-10	2.2919674	-0.014107512	-0.12472507	2.6939025	0.009384454	0.074149996	49.0	452.4802956581116
20	-16.017534	18.331036	29.35	-38.0	80.0	840000	7.450581e-09	2.379217	-0.014700462	-0.1292597	2.6625028	0.008141904	0.078625	49.0	477.39253878593445
21	-7.0868425	20.962421	34.1	-34.55	80.0	880000	-3.7252903e-09	3.3013945	-0.015317045	-0.21619314	2.6300194	0.010068594	0.08665	49.0	502.0879771709442
22	-14.301924	19.009699	34.7	-32.100002	80.0	920000	-6.519258e-09	2.2775304	-0.015249129	-0.13358639	2.5822058	0.00829348	0.0876	49.0	526.3631377220154
23	-3.9805195	24.085001	42.7	-32.8	80.0	960000	-4.1909516e-09	3.0267324	-0.014740539	-0.19456434	2.4905353	0.0103436	0.098825	49.0	551.7413966655731
24	-9.921875	24.642624	60.149998	-32.55	80.0	1000000	1.8626451e-09	2.448417	-0.013668539	-0.16243671	2.4809694	0.007164895	0.073475	49.0	578.0627706050873
25	-10.320886	22.59405	48.35	-54.65	80.0	1040000	-3.0267984e-09	2.7099419	-0.013590656	-0.124109834	2.4288738	0.008480434	0.084875	49.0	602.7771189212799
26	-6.8224363	25.366436	56.3	-33.850002	80.0	1080000	4.656613e-09	2.7633438	-0.01285085	-0.14819011	2.4285831	0.0084437225	0.069725	49.0	628.8844985961914
27	-4.8350005	25.112465	49.3	-31.9	80.0	1120000	-5.122274e-09	2.8785276	-0.013240789	-0.13106199	2.3871562	0.012581547	0.083325	49.0	653.7466466426849
28	-4.7737184	27.749018	50.7	-34.65	80.0	1160000	1.8626451e-09	2.8897042	-0.013643768	-0.2051841	2.3366113	0.008101728	0.08225	49.0	678.6476571559906
29	-2.8418753	28.462578	55.65	-31.550001	80.0	1200000	-4.656613e-09	2.80041	-0.013921595	-0.17547864	2.3196769	0.006908441	0.076175004	49.0	704.5531497001648
30	-6.016667	24.278091	45.6	-31.550001	80.0	1240000	3.7252903e-09	2.2523677	-0.012650148	-0.13089642	2.3337727	0.009501417	0.0803	49.0	731.4231185913086
31	-5.38718	27.543322	48.649998	-32.45	80.0	1280000	-1.3969839e-09	2.2961996	-0.013428183	-0.15537843	2.271902	0.007264354	0.07585	49.0	755.727264881134
32	2.4987497	27.126099	51.8	-31.75	80.0	1320000	-1.8626451e-09	2.7192626	-0.014089162	-0.21807423	2.2341204	0.00930728	0.091425	49.0	780.5852479934692
33	-0.74817115	29.526876	52.899998	-32.25	80.0	1360000	-7.450581e-09	2.96002	-0.013844497	-0.2275297	2.1585784	0.011190642	0.080775	49.0	805.4038889408112
34	-2.3420737	27.961342	61.899998	-32.100002	80.0	1400000	4.656613e-10	2.8399675	-0.012575459	-0.1616148	2.152155	0.007863188	0.086625	49.0	830.3442294597626
35	-9.66358	25.4936	52.55	-33.4	80.0	1440000	-4.4237822e-09	2.0328155	-0.013242537	-0.15796056	2.1125228	0.009368486	0.076825	49.0	855.1686887741089
36	-0.9612503	27.168392	49.649998	-32.2	80.0	1480000	-3.7252903e-09	2.7572286	-0.011959733	-0.22889689	2.0571158	0.008491833	0.079500005	49.0	879.5126130580902
37	-0.00822835	28.65602	55.899998	-32.9	80.0	1520000	8.8475645e-09	2.2719474	-0.01393274	-0.14527336	2.0845532	0.007819415	0.08085	49.0	904.4929418563843
38	4.3208857	31.502707	62.6	-32.0	80.0	1560000	-1.5832484e-08	2.7729716	-0.013072204	-0.18272643	2.0578046	0.007733078	0.074875	49.0	928.8921530246735
39	2.9168744	32.402016	57.1	-33.4	80.0	1600000	2.7939677e-09	3.1947675	-0.012673358	-0.25389344	2.0375779	0.0075406437	0.073275	49.0	953.7086837291718
40	2.633124	33.39364	60.45	-31.800001	80.0	1640000	-1.3969839e-09	2.7864943	-0.013031576	-0.17264453	1.9589963	0.010446254	0.08607499	49.0	979.0922973155975
41	1.8098762	31.971607	58.399998	-32.0	80.0	1680000	-9.778887e-09	2.8753412	-0.013314698	-0.1589274	1.9646504	0.007636767	0.071575	49.0	1004.2985537052155
42	3.9259255	33.197887	70.15	-31.300001	80.0	1720000	-5.5879354e-09	2.6845596	-0.013609439	-0.1896273	1.9553629	0.008022506	0.0799	49.0	1029.512442111969
43	0.90783066	33.749725	65.2	-32.9	80.0	1760000	-6.519258e-09	2.7129567	-0.012654056	-0.17773351	1.9149933	0.0059040943	0.070025	49.0	1054.774807214737
44	-0.23475619	32.357414	66.85	-33.7	80.0	1800000	0.0	2.6787317	-0.01219443	-0.17819405	1.9164182	0.008963762	0.086225	49.0	1080.0420815944672
45	-0.41875038	33.42265	71.25	-35.0	80.0	1840000	5.122274e-09	2.8023329	-0.0122135375	-0.15891075	1.8897122	0.0068514133	0.071425	49.0	1105.969799041748
46	1.9774997	35.103962	64.95	-33.55	80.0	1880000	-9.313226e-10	2.5060582	-0.011821869	-0.14761668	1.8569765	0.006584421	0.0701	49.0	1130.6636373996735
47	5.4870367	33.04843	64.6	-32.850002	80.0	1920000	-7.916242e-09	2.6351695	-0.011582723	-0.20871387	1.8120081	0.01975846	0.0827	43.0	1155.545615196228
48	3.648147	34.527115	66.2	-33.75	80.0	1960000	2.7939677e-09	2.865284	-0.012439065	-0.16794628	1.8046196	0.0074439226	0.074075	49.0	1180.7675235271454
49	1.3524687	32.57115	60.85	-31.7	80.0	2000000	1.1641532e-09	2.7577708	-0.012227586	-0.18295157	1.7811859	0.008501131	0.071225	49.0	1205.7977159023285
50	4.3224993	34.798622	67.95	-36.7	80.0	2040000	-9.313226e-10	2.540269	-0.012587994	-0.19147287	1.7243522	0.007456216	0.085125	49.0	1230.4792416095734
51	3.514024	33.316723	69.3	-34.75	80.0	2080000	1.3504177e-08	2.4550185	-0.011968849	-0.21966735	1.7402527	0.008276865	0.073750004	49.0	1255.5722815990448
52	12.144077	35.408928	62.8	-36.9	80.0	2120000	4.656613e-10	2.8507302	-0.011157385	-0.18400705	1.6961179	0.0058049057	0.0668	49.0	1279.5692751407623
53	2.7506404	34.50338	68.45	-33.4	80.0	2160000	-2.7939677e-09	2.5180826	-0.012325742	-0.17178854	1.7181916	0.008922768	0.071125	49.0	1304.72829079628
54	7.9563284	34.186466	72.6	-34.75	80.0	2200000	6.9849193e-09	2.7420945	-0.011085911	-0.19711521	1.6990032	0.0077430634	0.07315	49.0	1329.4464058876038
55	5.4227843	34.477863	66.0	-32.2	80.0	2240000	-2.3283064e-09	2.7451391	-0.01124448	-0.19509548	1.6940506	0.008036096	0.061425	49.0	1354.1295042037964
56	10.201235	35.598915	63.399998	-37.3	80.0	2280000	9.313226e-10	3.1819518	-0.01141775	-0.29191452	1.6657681	0.007820832	0.073	49.0	1378.7653288841248
57	10.981168	39.02604	70.75	-35.25	80.0	2320000	3.7252903e-09	2.86752	-0.011315806	-0.19594672	1.6763763	0.007985978	0.067549996	49.0	1403.149985074997
58	7.2899995	36.220016	78.05	-32.8	80.0	2360000	0.0	2.774025	-0.011492298	-0.23142287	1.6540496	0.0069927834	0.06365	49.0	1427.7984464168549
59	5.8331246	35.849583	63.65	-37.600002	80.0	2400000	2.7939677e-09	2.525729	-0.011132088	-0.18680838	1.5932021	0.006549957	0.071150005	49.0	1452.7319424152374
60	12.091772	36.271053	66.3	-34.100002	80.0	2440000	-9.313226e-10	2.637598	-0.01147678	-0.1866182	1.5773772	0.009464994	0.076425	49.0	1477.1979370117188
61	7.8032465	36.783585	65.35	-34.15	80.0	2480000	5.122274e-09	2.4299986	-0.011107963	-0.20433654	1.5558501	0.0072280713	0.0712	49.0	1500.8670725822449
62	13.905405	38.2888	66.55	-31.35	80.0	2520000	4.656613e-09	2.9903774	-0.010689933	-0.19954401	1.5625815	0.0073282886	0.063425004	49.0	1525.3937816619873
63	7.7934203	37.865925	68.85	-38.100002	80.0	2560000	-3.7252903e-09	2.9422371	-0.01220651	-0.29503095	1.5587199	0.0093412185	0.0687	49.0	1549.5594296455383
64	15.550675	38.05708	68.25	-37.4	80.0	2600000	-9.778887e-09	3.150609	-0.0103595285	-0.23353486	1.4890723	0.00881262	0.071600005	49.0	1573.5067391395569
65	13.232051	38.320267	69.5	-34.5	80.0	2640000	-7.916242e-09	3.233456	-0.01114884	-0.23168331	1.536207	0.005754199	0.064175	49.0	1598.419303894043
66	11.30974	40.926937	69.95	-34.100002	80.0	2680000	5.5879354e-09	3.23086	-0.010682736	-0.2066857	1.5074935	0.006306698	0.064525	49.0	1623.267451286316
67	9.122	40.121548	74.0	-34.75	80.0	2720000	-7.21775e-09	2.6580613	-0.010703936	-0.18706544	1.4531215	0.007398398	0.064	49.0	1646.7099668979645
68	10.561841	41.0198	74.65	-38.45	80.0	2760000	1.071021e-08	2.6636994	-0.01029066	-0.19890666	1.4451997	0.0077591585	0.05835	49.0	1670.527191877365
69	20.436842	39.183212	81.05	-35.65	80.0	2800000	4.656613e-09	3.1834521	-0.011504339	-0.2228484	1.3617318	0.008221544	0.067925006	49.0	1694.6001999378204
70	16.940712	40.34883	68.0	-36.8	80.0	2840000	-1.8626451e-09	3.0800261	-0.0068118046	-0.19674331	1.2952988	0.008902872	0.072825	49.0	1718.6315836906433
71	12.19178	41.66931	70.6	-36.8	80.0	2880000	0.0	3.0832543	-0.011043573	-0.2892271	1.3376374	0.0061349124	0.06785	49.0	1742.2188558578491
72	3.4611108	39.429348	70.2	-35.75	80.0	2920000	4.1909516e-09	2.2451365	-0.010344446	-0.2928936	1.3283545	0.005396475	0.059625	49.0	1765.6244263648987
73	19.695068	40.955914	74.7	-36.3	80.0	2960000	9.313226e-10	2.720673	-0.009890071	-0.3783785	1.2738041	0.0051114275	0.057474997	49.0	1788.5761506557465
74	15.146575	43.340443	74.45	-37.0	80.0	3000000	1.21071935e-08	2.3884978	-0.009143185	-0.2606197	1.3073287	0.0074890153	0.0562	49.0	1811.929499387741
75	23.042856	42.966843	70.15	-36.5	80.0	3040000	7.450581e-09	3.1315114	-0.008602672	-0.27129307	1.2393264	0.0069153886	0.064275004	49.0	1835.3263771533966
76	10.709154	41.12819	73.6	-36.2	80.0	3080000	2.7939677e-09	2.4061038	-0.010100583	-0.1789595	1.3077375	0.006898158	0.065325	49.0	1859.237765789032
77	22.65145	41.833527	72.55	-36.600002	80.0	3120000	6.0535967e-09	2.7048883	-0.009168224	-0.21165021	1.1902997	0.0063272114	0.058624998	49.0	1881.7840116024017
78	10.063235	42.35858	72.2	-36.2	80.0	3160000	-2.7939677e-09	2.3234696	-0.008946776	-0.257272	1.247417	0.0054743392	0.0529	49.0	1905.3228013515472
79	3.827205	41.462494	69.95	-36.600002	80.0	3200000	2.7939677e-09	2.0589726	-0.009601942	-0.1692481	1.2558899	0.005873495	0.0583	49.0	1928.2778735160828
80	6.1521425	43.030598	68.75	-36.75	80.0	3240000	-3.7252903e-09	2.5497954	-0.009743384	-0.2283749	1.2294425	0.005932958	0.055749997	49.0	1951.4828503131866
81	11.182143	42.397797	82.65	-37.05	80.0	3280000	-1.8626451e-09	2.5556595	-0.009401256	-0.26097995	1.2936995	0.006107454	0.05815	49.0	1974.7128643989563
82	8.545522	43.48322	74.25	-39.0	80.0	3320000	-7.450581e-09	2.2690058	-0.009514805	-0.23456684	1.2337363	0.007826863	0.05125	49.0	1996.99551987648
83	5.7704544	44.684994	79.5	-36.9	80.0	3360000	-7.683411e-09	1.9219635	-0.009057926	-0.1500018	1.178377	0.0060042567	0.052474998	49.0	2019.1684534549713
84	16.17826	44.36508	71.75	-36.600002	80.0	3400000	-6.519258e-09	2.502682	-0.009029346	-0.19825071	1.2202103	0.018063175	0.053999998	40.0	2041.619600534439
85	16.905222	45.69377	78.85	-37.65	80.0	3440000	9.546056e-09	2.4975176	-0.009880731	-0.18438305	1.1926107	0.0055228584	0.049125	49.0	2063.642806529999
86	18.57985	44.539635	75.5	-38.95	80.0	3480000	-6.9849193e-09	2.9881418	-0.009618217	-0.23288596	1.1857886	0.006173874	0.059600003	49.0	2085.635137796402
87	9.106817	45.31174	71.25	-36.600002	80.0	3520000	-2.2118911e-09	2.4336019	-0.00933461	-0.18076086	1.21121	0.005743886	0.052024998	49.0	2107.687079668045
88	18.613888	44.473267	82.7	-37.0	80.0	3560000	2.7939677e-09	2.3719687	-0.010440238	-0.22651057	1.2766961	0.0077018617	0.0605	49.0	2131.350119829178
89	12.69855	46.746853	85.0	-36.45	80.0	3600000	1.3969839e-08	2.7041047	-0.008660944	-0.21113281	1.1857972	0.015337784	0.066	37.0	2153.319624900818
90	21.011194	46.42913	81.05	-37.2	80.0	3640000	-6.9849193e-10	2.5825307	-0.010111969	-0.22815834	1.270251	0.007176212	0.058375	49.0	2175.928929567337
91	14.510605	45.322083	81.55	-38.5	80.0	3680000	9.313226e-10	2.4094589	-0.008562457	-0.21855454	1.1551075	0.007360841	0.059550002	49.0	2198.46817278862
92	10.879709	44.992832	76.45	-36.9	80.0	3720000	9.313226e-10	2.0414834	-0.010332616	-0.16961752	1.2203665	0.005058801	0.054574996	49.0	2221.4261395931244
93	18.09357	46.235096	80.9	-38.75	80.0	3760000	9.546056e-09	2.5140355	-0.009729596	-0.19553313	1.211355	0.0064615603	0.052375	49.0	2244.2372102737427
94	10.988805	46.91996	76.2	-38.95	80.0	3800000	-1.8626451e-09	2.2784915	-0.011292869	-0.2016219	1.1318828	0.008246775	0.052325	49.0	2267.1769349575043
95	23.388056	46.455425	78.5	-36.2	80.0	3840000	5.5879354e-09	2.6426516	-0.009709207	-0.18935513	1.1686118	0.005309049	0.051275	49.0	2289.4660289287567
96	16.20077	46.328777	83.55	-38.75	80.0	3880000	1.8626451e-09	2.4948938	-0.009580901	-0.22274053	1.1147158	0.007892482	0.063899994	49.0	2311.470286130905
97	13.02647	47.171463	81.45	-37.25	80.0	3920000	-3.259629e-09	2.2840939	-0.0093628485	-0.19554615	1.1636415	0.0061369967	0.054700002	49.0	2333.96368765831
98	13.882352	46.73636	77.05	-36.5	80.0	3960000	-1.0244548e-08	2.1405866	-0.009166507	-0.22884291	1.1027405	0.005772818	0.047175	49.0	2356.5030932426453
99	14.680302	47.13894	85.85	-36.8	80.0	4000000	-1.1641532e-08	2.3209977	-0.009259837	-0.23114803	1.1047721	0.0057451096	0.06025	49.0	2377.7380175590515
100	17.04776	46.704704	85.25	-40.100002	80.0	4040000	4.656613e-10	2.111165	-0.010540156	-0.19034691	1.1470954	0.0066268533	0.056975	49.0	2400.6000266075134
101	17.755302	46.302094	80.75	-37.5	80.0	4080000	-5.5879354e-09	2.2526355	-0.008160415	-0.18374057	1.06534	0.00489961	0.056199998	49.0	2423.0451667308807
102	22.321428	48.490414	84.95	-36.8	80.0	4120000	9.313226e-10	2.4359472	-0.009613886	-0.28543997	1.1199547	0.008019732	0.05555	49.0	2446.0939362049103
103	20.389854	48.568874	84.05	-39.5	80.0	4160000	1.3271347e-08	2.7878513	-0.010153375	-0.26071718	1.146423	0.0069949003	0.065175	49.0	2468.9261672496796
104	19.383572	49.003616	89.9	-36.9	80.0	4200000	9.313226e-10	2.3563552	-0.009487389	-0.18612666	1.0981538	0.0051919604	0.0606	49.0	2491.3723289966583
105	22.26103	47.914993	84.0	-37.0	80.0	4240000	1.3038516e-08	2.4745889	-0.009753218	-0.25001553	1.1028218	0.0072373445	0.058275	49.0	2513.5749666690826
106	14.996324	49.546795	85.7	-36.9	80.0	4280000	5.122274e-09	2.0403838	-0.009505627	-0.18884945	1.1200919	0.0050260643	0.046625003	49.0	2536.203192949295
107	10.255072	48.344456	83.5	-37.4	80.0	4320000	-1.8626451e-09	1.9910805	-0.009891899	-0.21524279	1.0383397	0.0054046726	0.053850003	49.0	2559.001524209976
108	24.06875	48.73853	79.45	-37.0	80.0	4360000	-2.3283064e-10	2.4707696	-0.008755771	-0.21585694	1.0108206	0.006205328	0.051250003	49.0	2581.391487121582
109	19.81231	51.533028	86.2	-37.4	80.0	4400000	7.450581e-09	2.1582782	-0.009224435	-0.2147268	0.9427752	0.0052835536	0.0501	49.0	2603.554624557495
110	15.760144	48.75839	88.6	-36.5	80.0	4440000	0.0	2.550921	-0.009350937	-0.2679034	1.0909835	0.0055055143	0.053949997	49.0	2626.2927119731903
111	17.700722	50.6946	84.75	-39.350002	80.0	4480000	-3.7252903e-09	2.545525	-0.009202654	-0.29976994	1.1044767	0.0073808264	0.0537	49.0	2648.765373468399
112	26.311539	50.576164	86.5	-36.75	80.0	4520000	4.656613e-09	2.5064557	-0.008973457	-0.2282679	1.0559826	0.004860879	0.048125	49.0	2670.263120651245
113	20.676153	50.651077	89.5	-36.850002	80.0	4560000	3.958121e-09	2.4952688	-0.009232234	-0.26366702	1.0170584	0.005159149	0.051725	49.0	2692.100126028061
114	23.636765	50.060722	85.8	-36.8	80.0	4600000	7.916242e-09	2.4286246	-0.009537837	-0.31002402	1.0741117	0.004688397	0.053025	49.0	2715.223806142807
115	19.117424	50.590015	84.6	-37.05	80.0	4640000	-3.7252903e-09	2.3228033	-0.008860836	-0.18827735	0.9331267	0.0055360645	0.04575	49.0	2737.5209715366364
116	17.644775	51.51947	91.95	-38.3	80.0	4680000	-9.313226e-10	2.1900232	-0.007957516	-0.20960209	0.98419	0.0056937034	0.0583	49.0	2760.1457936763763
117	18.88492	52.584118	90.1	-37.600002	80.0	4720000	0.0	2.5812366	-0.008065131	-0.32417816	0.9165931	0.005652436	0.044875003	49.0	2782.136955022812
118	20.875	52.63835	90.3	-37.9	80.0	4760000	-1.0244548e-08	2.2421427	-0.008598868	-0.17680314	0.9894755	0.005158309	0.047975	49.0	2804.369822740555
119	9.721874	51.027065	93.35	-39.100002	80.0	4800000	6.519258e-09	2.0212245	-0.009595472	-0.28530544	0.9675159	0.004744	0.0466	49.0	2826.146247625351
120	25.095385	50.764782	85.8	-36.4	80.0	4840000	-4.8894435e-09	2.4182515	-0.009611091	-0.164648	0.9833396	0.0047246832	0.04365	49.0	2848.888204097748
121	13.051587	51.154823	92.85	-37.75	80.0	4880000	2.7939677e-09	2.6534343	-0.0078111202	-0.2736696	0.9382514	0.0064057293	0.0653	49.0	2870.884190559387
122	11.446094	52.179688	87.8	-37.0	80.0	4920000	-2.7939677e-09	2.281063	-0.008207882	-0.2744444	0.9257159	0.0059937267	0.048675	49.0	2892.8797075748444
123	21.261194	53.124996	90.45	-36.9	80.0	4960000	-9.313226e-10	2.396809	-0.009130757	-0.25038618	0.9681381	0.006047695	0.049225003	49.0	2915.11732006073
124	19.41328	53.38102	89.45	-36.9	80.0	5000000	7.450581e-09	2.531682	-0.009207493	-0.30561173	0.8728254	0.0047761723	0.04525	49.0	2937.0111017227173
125	20.703125	53.482227	96.8	-37.4	80.0	5040000	0.0	2.2734237	-0.010095888	-0.36718398	0.91018903	0.004930509	0.055475	49.0	2957.772668838501
126	13.288058	53.106586	92.25	-38.65	80.0	5080000	-6.519258e-09	2.1038353	-0.008880252	-0.202901	0.89228773	0.005026685	0.056824997	49.0	2979.4111738204956
127	29.76385	52.754116	92.1	-36.8	80.0	5120000	-1.1175871e-08	2.7854397	-0.008608258	-0.29466534	0.91941464	0.016336069	0.063775	44.0	3001.949837207794
128	31.699999	52.113644	92.05	-36.9	80.0	5160000	-1.8626451e-09	3.0724554	-0.009222974	-0.47546872	0.87762976	0.005537584	0.047375	49.0	3023.660634279251
129	40.492424	51.03113	95.85	-38.100002	80.0	5200000	9.313226e-09	3.6298127	-0.008549726	-0.34339696	0.9400711	0.0057329657	0.049275	49.0	3045.791123151779
130	18.766935	54.346214	96.3	-37.2	80.0	5240000	4.1909516e-09	2.7620046	-0.008363057	-0.27268824	0.8562014	0.004210544	0.041325	49.0	3067.6817665100098
131	22.195969	54.40538	88.9	-36.95	80.0	5280000	7.450581e-09	2.7685823	-0.007969007	-0.43065363	0.8693569	0.0059620757	0.055375002	49.0	3089.1224048137665
132	24.059998	55.42772	93.3	-37.600002	80.0	5320000	6.519258e-09	2.8146493	-0.009227024	-0.25170958	0.8800534	0.007787498	0.04885	49.0	3110.9073238372803
133	35.889343	54.24302	94.4	-37.75	80.0	5360000	2.3283064e-09	2.863883	-0.008488424	-0.23273166	0.8642698	0.00548987	0.0549	49.0	3132.298619747162
134	12.815079	53.846756	91.35	-40.05	80.0	5400000	-9.313226e-10	2.6856046	-0.007956561	-0.29691833	0.8733617	0.0052356687	0.04255	49.0	3153.5279574394226
135	30.596724	55.842636	96.45	-38.2	80.0	5440000	-2.3283064e-10	3.0480561	-0.008687435	-0.26199013	0.828992	0.0062117726	0.050325	49.0	3175.225296974182
136	29.219828	57.328266	94.7	-38.100002	80.0	5480000	-5.122274e-09	2.993362	-0.008703835	-0.26922023	0.8579767	0.0049125836	0.04	49.0	3196.5261805057526
137	18.448334	55.351322	99.8	-37.45	80.0	5520000	4.656613e-09	3.0709052	-0.009104225	-0.2637967	0.869314	0.0055674505	0.04945	49.0	3218.493869304657
138	30.2725	58.995224	136.85	-37.8	79.21667	5560000	-2.7939677e-09	3.9177675	-0.008527401	-0.3903711	0.85962903	0.006536517	0.05175	49.0	3239.518158197403
139	22.633333	59.421993	103.15	-37.25	80.0	5600000	-1.8626451e-09	2.8844337	-0.0081690755	-0.28882623	0.8101662	0.00865702	0.06555	49.0	3261.3103585243225
140	29.791935	59.14531	100.45	-39.4	80.0	5640000	-1.0244548e-08	2.9408169	-0.00923346	-0.29823676	0.9015173	0.006024709	0.053525	49.0	3282.8609006404877
141	25.768333	60.60848	134.9	-38.2	79.26667	5680000	2.7939677e-09	3.4488592	-0.0089977905	-0.29020643	0.8076025	0.0055322004	0.0458	49.0	3304.410828113556
142	12.631665	56.204174	111.0	-36.9	80.0	5720000	3.259629e-09	2.7991872	-0.009546181	-0.27963212	0.88890254	0.00468889	0.05665	49.0	3326.241444349289
143	37.17705	56.371407	108.45	-38.0	80.0	5760000	2.3283064e-09	3.9534352	-0.009524783	-0.35923135	0.8930615	0.0067167627	0.053775	49.0	3347.7672958374023
144	38.05862	58.83084	99.9	-36.7	80.0	5800000	-9.313226e-09	3.4543471	-0.008645177	-0.31769332	0.8212357	0.0062386794	0.046825	49.0	3368.9894530773163
145	31.532787	59.659016	103.65	-36.7	80.0	5840000	-6.519258e-09	3.2622876	-0.009574835	-0.34338057	0.88899654	0.0041908696	0.0508	49.0	3390.6597695350647
146	27.44426	60.968586	139.7	-37.100002	79.14754	5880000	-3.7252903e-09	3.1171496	-0.009174034	-0.30430257	0.78387797	0.006153096	0.042999998	49.0	3412.2761101722717
147	44.96613	59.01213	110.7	-37.9	80.0	5920000	-2.7939677e-09	3.78755	-0.009398195	-0.36289623	0.90715337	0.006120962	0.056625	49.0	3433.8290729522705
148	27.858871	59.61113	110.7	-36.7	80.0	5960000	6.519258e-09	3.0297744	-0.01000019	-0.35240626	0.90357053	0.005175039	0.043449998	49.0	3456.195960998535
149	36.560833	58.743607	106.45	-39.0	80.0	6000000	2.3283064e-09	3.6834536	-0.008448497	-0.31945118	0.8122281	0.0058665983	0.055575	49.0	3477.4642872810364
150	30.998306	61.36708	111.55	-37.600002	80.0	6040000	-3.7252903e-09	3.5949526	-0.00928543	-0.49016213	0.83338714	0.008994887	0.056075003	49.0	3499.1885097026825
151	38.74068	60.926247	113.65	-37.600002	80.0	6080000	6.519258e-09	3.1658301	-0.010358322	-0.26064128	0.8547926	0.010063546	0.054625	49.0	3519.7761895656586
152	22.105001	62.674812	138.4	-38.2	78.333336	6120000	-4.656613e-09	2.821435	-0.009404231	-0.33702922	0.89179105	0.0044184006	0.049875	49.0	3541.102329015732
153	31.027048	61.48908	135.0	-38.100002	79.27869	6160000	-2.7939677e-09	3.4008021	-0.008786388	-0.25169575	0.83039576	0.0050845267	0.046075	49.0	3562.464064836502
154	23.453278	62.045837	134.6	-40.15	79.31148	6200000	7.450581e-09	4.1515026	-0.0035024902	-0.36944443	0.8306927	0.015212281	0.152175	25.0	3582.9229633808136
155	34.107758	64.27749	131.0	-39.4	79.034485	6240000	-1.8626451e-09	3.3686118	-0.00868068	-0.30385494	0.7422199	0.004878424	0.045500003	49.0	3603.9676151275635
156	26.327965	61.881134	137.65	-41.7	79.10169	6280000	4.8894435e-09	4.3598633	-0.008257952	-0.7425549	0.7653084	0.005374772	0.04825	49.0	3625.2295682430267
157	41.596027	64.4838	140.5	-43.3	75.111115	6320000	-3.4924597e-09	5.263314	-0.009667516	-0.67399156	0.87867415	0.006267497	0.055074997	49.0	3646.5800557136536
158	19.992855	64.57872	140.85	-40.45	76.46032	6360000	-3.259629e-09	3.35926	-0.010033711	-0.3318813	0.9047548	0.0057027284	0.052150004	49.0	3667.946578502655
159	47.83615	67.52554	141.2	-36.5	73.09231	6400000	8.381903e-09	4.800722	-0.008175559	-0.4273024	0.8551997	0.005041892	0.039475	49.0	3689.9722230434418
160	28.499193	66.252686	140.15	-38.350002	75.145164	6440000	-6.0535967e-09	3.7599092	-0.009211081	-0.40555727	0.7880188	0.004739127	0.047325	49.0	3711.3942115306854
161	47.649204	69.32193	139.4	-39.3	73.5873	6480000	1.1175871e-08	4.994659	-0.008567852	-0.3991277	0.8146282	0.015631542	0.050525	37.0	3732.3897082805634
162	43.162907	64.234245	138.5	-37.350002	75.0	6520000	9.313226e-09	5.715292	-0.009075599	-0.59921604	0.88402843	0.0058183153	0.05415	49.0	3753.8752961158752
163	32.304688	68.44722	140.75	-37.9	73.109375	6560000	-3.7252903e-09	4.131818	-0.009554632	-0.5570177	0.84217346	0.0048728334	0.045725003	49.0	3774.7463250160217
164	38.01544	76.48276	140.9	-37.7	67.47059	6600000	9.313226e-10	4.567831	-0.008701559	-0.5414519	0.79982126	0.006308829	0.049000002	49.0	3796.310371398926
165	36.96194	73.1098	140.95	-38.600002	70.01492	6640000	8.614734e-09	4.185827	-0.011372393	-0.424866	0.762914	0.0060583022	0.05435	49.0	3817.012429714203
166	48.117393	78.477066	142.35	-38.95	63.304348	6680000	2.7939677e-09	5.3733573	-0.008338109	-0.5992208	0.692391	0.00488839	0.0379	49.0	3838.372997522354
167	33.532032	71.46716	142.85	-40.4	71.53125	6720000	-6.2864274e-09	3.9414616	-0.010281723	-0.47159714	0.74226665	0.0073853713	0.044475	49.0	3860.320739030838
168	49.685417	74.915535	142.25	-37.65	64.888885	6760000	-1.1641532e-09	5.6023483	-0.009934599	-0.6423265	0.77654594	0.0066853333	0.05015	49.0	3881.7387759685516
169	34.474262	72.68461	143.2	-40.4	68.95588	6800000	6.519258e-09	4.0633135	-0.009749462	-0.42202982	0.7820278	0.0059266775	0.052249998	49.0	3902.963147163391
170	32.92535	75.107544	141.0	-38.850002	66.87324	6840000	6.519258e-09	3.99556	-0.009601561	-0.30610916	0.78585213	0.0062763337	0.0488	49.0	3924.299498319626
171	46.856426	77.83112	143.2	-39.25	63.271427	6880000	0.0	3.9078255	-0.009641035	-0.35064775	0.7812582	0.0051730885	0.0508	49.0	3945.690865278244
172	42.966175	71.703026	143.1	-39.100002	68.70588	6920000	-7.450581e-09	4.10807	-0.009625742	-0.72973716	0.7104225	0.0052504465	0.0467	49.0	3967.207233428955
173	44.65141	77.12705	142.5	-39.25	64.80282	6960000	1.8626451e-09	4.511176	-0.0093008205	-0.40413493	0.6845311	0.0043121264	0.040275	49.0	3988.4496309757233
174	31.781616	75.48736	143.2	-39.3	67.161766	7000000	6.0535967e-09	3.2328176	-0.009690301	-0.32358912	0.7432816	0.008687653	0.051625	49.0	4009.823643922806
175	47.252705	78.543335	143.2	-37.4	62.054054	7040000	1.3969839e-09	4.274074	-0.008608835	-0.3792216	0.7376213	0.004772127	0.05235	49.0	4031.1882083415985
176	34.19348	77.21703	142.95	-40.7	66.78261	7080000	4.656613e-09	3.225936	-0.0087899035	-0.33311823	0.7958523	0.006162287	0.045374997	49.0	4052.172898054123
177	37.291553	77.370544	142.9	-43.9	65.22535	7120000	-6.519258e-09	3.6436906	-0.009602837	-0.47423902	0.77242345	0.0068696756	0.05115	49.0	4073.469421863556
178	43.31338	77.84366	142.75	-39.95	64.098595	7160000	0.0	3.7831206	-0.008420417	-0.32629815	0.6835084	0.005391827	0.044775	49.0	4094.4927480220795
179	32.641045	77.55737	143.1	-39.2	66.029854	7200000	-4.1909516e-09	3.1129725	-0.008511825	-0.34176624	0.65762764	0.005206036	0.04435	49.0	4115.03240442276
180	25.561028	76.958916	142.5	-39.65	67.44118	7240000	-5.122274e-09	2.9917676	-0.009211343	-0.2523801	0.72429234	0.0062944433	0.057400003	49.0	4136.518321990967
181	40.690712	78.74381	143.4	-40.600002	64.042854	7280000	2.3283064e-10	4.0624537	-0.008744733	-0.3800133	0.6627702	0.005572958	0.050325	49.0	4157.726304531097
182	43.971737	76.999855	143.2	-38.9	65.44927	7320000	2.3283064e-09	3.3964868	-0.00893041	-0.26604012	0.647197	0.004679978	0.04805	49.0	4178.958335399628
183	56.42887	77.8125	143.2	-38.4	60.64789	7360000	-1.5832484e-08	3.820834	-0.008819006	-0.39731798	0.6324371	0.0058516073	0.039825	49.0	4200.212555408478
184	41.878788	74.77684	143.1	-37.9	67.545456	7400000	-5.122274e-09	3.096973	-0.00938379	-0.31289324	0.6830531	0.0043934295	0.040275	49.0	4220.897374868393
185	26.454166	70.86741	143.1	-38.4	71.78333	7440000	4.656613e-09	2.7488208	-0.009524405	-0.45092243	0.6432421	0.005546511	0.048125	49.0	4241.561892986298
186	44.9277	82.125824	143.15	-38.9	60.027027	7480000	1.1641532e-10	3.3096135	-0.008982342	-0.34692264	0.5973134	0.0073905666	0.040525	49.0	4262.551222324371
187	54.146923	72.04827	142.9	-41.15	67.2	7520000	3.7252903e-09	3.7102597	-0.010670246	-0.48431426	0.6397865	0.007990968	0.05065	49.0	4283.67990899086
188	40.353966	74.9332	143.5	-38.7	67.968254	7560000	2.3283064e-09	3.060345	-0.008707402	-0.26256353	0.64804584	0.004844364	0.040775	49.0	4304.971556425095
189	34.604687	75.01212	143.3	-38.5	68.15625	7600000	2.3283064e-09	3.0377235	-0.0087666325	-0.37154853	0.6239445	0.0046947794	0.0425	49.0	4326.196310043335
190	40.005302	78.46248	144.05	-38.600002	64.818184	7640000	-1.8626451e-09	3.0636282	-0.008488724	-0.30485016	0.62451667	0.005028233	0.041375004	49.0	4347.704378128052
191	57.76418	75.77528	143.3	-37.3	62.373135	7680000	-6.519258e-09	3.2087493	-0.00854122	-0.22065696	0.60949624	0.004919567	0.0392	49.0	4369.118140459061
192	46.75072	76.20647	143.3	-37.95	64.840576	7720000	1.5133992e-09	3.6866436	-0.008319015	-0.36967683	0.59251535	0.0039151018	0.045975	49.0	4389.772794008255
193	41.715385	78.09274	143.3	-37.8	65.23077	7760000	1.1641532e-08	2.8106835	-0.00801982	-0.29142877	0.5585717	0.0052273385	0.061375	49.0	4410.679269075394
194	36.99127	76.50869	144.2	-37.100002	67.09524	7800000	-3.259629e-09	2.5047708	0.0037301143	-0.24346544	0.48993564	0.017960679	0.14355001	6.0	4429.50368142128
195	50.985336	80.10392	143.55	-40.3	60.373333	7840000	0.0	3.3748646	0.008909701	-0.3234493	0.6128955	0.031981308	0.17655	1.0	4448.298811912537
196	43.73456	79.34085	144.0	-42.0	63.441177	7880000	-6.9849193e-09	2.8316088	0.0082256	-0.27913472	0.6462424	0.0289954	0.1751	1.0	4467.13519692421
197	52.314384	81.211914	143.25	-40.3	59.09589	7920000	4.0745363e-09	3.3412812	-0.008484379	-0.28238446	0.74604005	0.0076597417	0.0436	49.0	4488.770847797394
198	16.220966	72.012115	143.3	-40.2	71.19355	7960000	0.0	2.1437051	-0.009754625	-0.25949207	0.7788377	0.00482248	0.045125	49.0	4510.216737270355
199	52.441425	78.45067	143.2	-38.600002	61.75714	8000000	-9.313226e-10	3.4701192	-0.008001324	-0.24755757	0.7629413	0.0051946314	0.045975	49.0	4531.105680942535
200	45.73897	79.79334	143.15	-39.0	62.764706	8040000	-7.450581e-09	3.267112	-0.008605125	-0.27184194	0.69172084	0.0040010065	0.040349998	49.0	4552.4044625759125
201	27.927866	76.242065	143.4	-38.15	68.37705	8080000	-5.5879354e-09	2.9498255	-0.0092158895	-0.2947879	0.8231182	0.0057817344	0.041950002	49.0	4573.573588371277
202	52.63214	81.159424	144.15	-39.7	59.414288	8120000	-1.8626451e-09	2.8231714	-0.008611627	-0.24881956	0.72440934	0.006692094	0.0471	49.0	4594.363815784454
203	32.639168	73.43243	142.85	-40.9	70.583336	8160000	5.820766e-09	2.8277855	-0.009778422	-0.3138381	0.73438895	0.0050475933	0.048625	49.0	4615.891245126724
204	35.63115	75.51944	143.6	-38.5	68.2623	8200000	0.0	2.9285269	-0.008884322	-0.32710508	0.70614624	0.004500579	0.0381	49.0	4637.5378522872925
205	37.815384	76.44052	143.2	-39.850002	67.23077	8240000	-1.6065314e-08	3.1891582	-0.008571315	-0.3087533	0.7287218	0.0056255264	0.055350002	49.0	4658.946639537811
206	37.17295	74.163574	144.0	-41.5	70.508194	8280000	2.3283064e-10	3.1550515	-0.009032367	-0.5176382	0.67883706	0.005703628	0.054575004	49.0	4679.9715304374695
207	39.022728	80.27561	142.95	-54.100002	63.81818	8320000	-9.313226e-09	2.8552587	-0.008083107	-0.31730336	0.71696997	0.015567696	0.04975	36.0	4700.223769664764
208	46.499268	79.96895	143.7	-38.5	62.764706	8360000	-8.8475645e-09	3.227715	-0.009823937	-0.3215903	0.71554875	0.005624554	0.047575	49.0	4721.3989610672
209	48.323185	78.71633	144.2	-38.100002	63.289856	8400000	-2.7939677e-09	3.4538565	-0.008868807	-0.37723783	0.7046448	0.0055764345	0.0464	49.0	4742.60698890686
210	40.69453	78.981255	144.4	-39.2	65.703125	8440000	3.7252903e-09	2.8727803	-0.008777333	-0.30763918	0.7054941	0.0056590615	0.044600002	49.0	4764.197398662567
211	43.362686	79.24907	143.6	-37.65	64.41791	8480000	4.656613e-09	2.7599223	-0.00989751	-0.2180264	0.71037424	0.0047095893	0.043475002	49.0	4785.974785327911
212	31.1975	75.933815	143.4	-39.0	70.51667	8520000	-8.1490725e-10	2.4267812	-0.00942569	-0.20476824	0.6812546	0.0060241465	0.04455	49.0	4807.071401834488
213	41.163845	79.52902	143.4	-37.9	65.98462	8560000	9.313226e-10	3.8741782	-0.010695976	-0.8839777	0.6828089	0.006397818	0.054175	49.0	4828.758579730988
214	54.5587	79.65645	143.3	-39.9	60.971016	8600000	1.8626451e-09	3.8748202	-0.009591697	-0.4043329	0.7096776	0.0054195644	0.045725	49.0	4849.4293093681335
215	37.142628	78.78346	143.8	-38.4	68.16393	8640000	3.7252903e-09	2.9694638	-0.008520692	-0.2701418	0.6506238	0.004041171	0.03725	49.0	4870.804330587387
216	27.849998	78.87282	143.3	-41.0	68.935486	8680000	2.2118911e-09	2.8975554	-0.009544544	-0.29916787	0.68710506	0.0056321556	0.041725	49.0	4892.170249462128
217	40.82941	80.94002	143.5	-40.0	64.92647	8720000	-3.7252903e-09	8.126892	-0.009161189	-3.8885143	0.70011866	0.007203657	0.0499	49.0	4913.605169534683
218	43.576187	79.98925	143.5	-37.5	66.730156	8760000	-6.519258e-09	4.1584034	-0.010156282	-0.5297827	0.724038	0.0064398237	0.045775	49.0	4934.707395792007
219	68.86025	82.08924	143.75	-41.600002	54.192307	8800000	5.5879354e-09	4.963808	-0.009830572	-0.4650259	0.7323023	0.0058692712	0.041675	49.0	4956.062892913818
220	41.96818	84.08305	143.15	-39.7	61.454544	8840000	-1.6298145e-09	3.9325933	-0.010267237	-0.39563388	0.67413026	0.009098327	0.05485	49.0	4977.125512838364
221	40.0246	81.30112	142.6	-38.100002	65.5873	8880000	1.3969839e-08	4.974287	-0.0084934	-1.5467615	0.6816957	0.004406671	0.039	49.0	4997.750322818756
222	48.18	85.290215	143.4	-38.600002	58.714287	8920000	-1.6298145e-09	4.23624	-0.008717367	-0.30219775	0.6580378	0.004845502	0.0361	49.0	5019.248592853546
223	41.942253	86.71351	143.35	-38.9	58.09859	8960000	9.313226e-10	3.8560224	-0.008644205	-0.30428874	0.66431296	0.0056387736	0.043399997	49.0	5040.75856423378
224	37.12143	85.17186	144.15	-38.7	60.87143	9000000	-7.566996e-09	3.3994427	-0.009837329	-0.21968909	0.67509365	0.0059665088	0.041699998	49.0	5061.475141763687
225	65.67407	85.47032	143.1	-40.600002	51.296295	9040000	-5.5879354e-09	6.2137403	-0.009398144	-1.4338336	0.6697914	0.00487527	0.041275002	49.0	5082.497671842575
226	60.161045	85.95551	143.25	-38.4	53.454544	9080000	-4.656613e-09	5.1059647	-0.009443345	-0.79602456	0.6252965	0.0055686533	0.042375002	49.0	5103.701185941696
227	40.27055	86.85055	143.35	-39.8	57.767124	9120000	9.313226e-10	3.3258667	-0.0095352195	-0.22473127	0.6718383	0.0045929058	0.044375002	49.0	5124.663739204407
228	40.08288	86.500694	143.3	-36.9	57.767124	9160000	4.656613e-10	3.6452947	-0.00924148	-0.40475237	0.5920263	0.013157291	0.072675005	49.0	5145.144441366196
229	62.20802	86.1674	143.75	-37.600002	52.54321	9200000	-1.8626451e-08	4.126439	-0.009932911	-0.28588468	0.65661895	0.0064109904	0.062924996	49.0	5166.6307072639465
230	60.639996	86.07581	143.15	-38.9	53.2125	9240000	1.8626451e-09	5.9697056	-0.008150454	-1.3686093	0.67121303	0.016092597	0.052674998	19.0	5186.270596981049
231	52.1811	88.69926	143.05	-39.8	52.52439	9280000	-1.8626451e-09	4.0256987	-0.009463372	-0.29507947	0.62659705	0.016989557	0.0665	47.0	5207.383516788483
232	64.43506	86.93845	143.3	-38.3	50.195404	9320000	1.3038516e-08	4.328148	-0.00992612	-0.2515899	0.6622805	0.005749333	0.043625	49.0	5228.975486040115
233	59.036877	86.863365	143.6	-39.600002	52.9125	9360000	5.5879354e-09	3.9656212	-0.010542609	-0.3231432	0.69760025	0.006194112	0.044225	49.0	5250.719596147537
234	54.340256	87.57559	143.35	-38.600002	53.61039	9400000	-1.5832484e-08	4.3093147	-0.010677218	-0.31623966	0.6693718	0.005492948	0.046175	49.0	5272.014572381973
235	75.27389	84.872215	143.75	-37.4	46.355556	9440000	-9.313226e-09	4.5736723	-0.010138631	-0.23957387	0.64766157	0.005868253	0.0422	49.0	5291.269022226334
236	60.12256	87.54851	144.4	-37.7	51.26829	9480000	-1.6530976e-08	4.0892086	-0.010355296	-0.16984645	0.6336359	0.0059905103	0.04235	49.0	5312.159116744995
237	55.425644	87.47523	143.35	-39.7	53.589745	9520000	-5.122274e-09	3.502388	-0.010514965	-0.13853005	0.68295443	0.008021159	0.046499997	49.0	5333.262706279755
238	46.848682	87.774155	143.6	-39.8	55.039474	9560000	-8.381903e-09	2.9649725	-0.008353069	-0.19112487	0.69861203	0.0066987965	0.056025	49.0	5354.532748222351
239	52.98125	87.42791	144.05	-50.9	54.15	9600000	-2.0954758e-09	4.375443	-0.009796364	-0.31292322	0.66139483	0.005557823	0.047624998	49.0	5375.118549823761
240	54.11282	87.97148	143.2	-37.5	52.333332	9640000	5.5879354e-09	3.3555453	-0.008867016	-0.36987913	0.57996094	0.0041420693	0.040375	49.0	5396.812194824219
241	52.429626	87.67747	143.2	-37.8	53.51852	9680000	3.3760443e-09	3.6333933	-0.009058958	-0.23814954	0.6243279	0.004663836	0.040799998	49.0	5418.370598554611
242	58.50123	86.97045	143.95	-37.100002	52.419754	9720000	-3.259629e-09	3.7032707	-0.0105348565	-0.35200292	0.648603	0.004694673	0.04655	49.0	5439.807323932648
243	44.818592	87.881996	143.85	-40.0	55.51282	9760000	6.0535967e-09	3.1060078	-0.009956364	-0.25976104	0.60903066	0.004793063	0.040275	49.0	5461.500133037567
244	34.27639	85.99668	143.5	-42.7	58.805557	9800000	4.656613e-09	2.9028907	-0.00981848	-0.28503639	0.6759721	0.0127657065	0.07485	49.0	5482.6128306388855
245	45.976974	86.94958	143.6	-39.4	56.67105	9840000	1.8626451e-09	3.1535802	-0.009472144	-0.19109906	0.66334635	0.005019597	0.043075003	49.0	5503.351978778839
246	58.67134	88.17602	143.85	-37.3	50.817074	9880000	-9.313226e-10	3.265356	-0.009629473	-0.16438013	0.678967	0.0054724207	0.04415	49.0	5524.063108682632
247	50.234814	87.62691	143.95	-38.7	54.86076	9920000	-1.1175871e-08	3.3242645	-0.009977173	-0.37186757	0.6727259	0.0059275087	0.0472	49.0	5545.185044050217
248	72.3011	84.33308	143.75	-39.100002	48.472527	9960000	5.5879354e-09	5.202154	-0.010019577	-0.3409217	0.6904403	0.0048324144	0.044175	49.0	5566.044316768646
249	70.855	85.79657	144.5	-37.600002	47.633335	10000000	-8.381903e-09	4.2094173	-0.010063643	-0.30231065	0.6395818	0.0061031184	0.0493	49.0	5585.340234518051
250	44.401264	88.1076	143.9	-40.100002	54.898735	10040000	-2.7939677e-09	2.8412924	-0.010723267	-0.2107082	0.6633613	0.0062345937	0.0481	49.0	5606.4471645355225
251	57.441467	87.04934	143.8	-37.8	52.548782	10080000	-4.656613e-10	3.803773	-0.008888438	-0.31481647	0.6394644	0.0055013373	0.047025	49.0	5627.476413965225
252	45.299347	88.3577	143.7	-38.7	54.460526	10120000	-1.8626451e-09	2.8774858	-0.009891536	-0.17697316	0.6650766	0.0059984834	0.042025	49.0	5648.654214382172
253	68.36647	87.14912	143.7	-39.0	47.375	10160000	1.0011718e-08	3.3771021	-0.009852913	-0.24374011	0.6259152	0.006585199	0.045525	49.0	5670.342335224152
254	50.36329	87.965324	143.5	-39.2	53.822784	10200000	9.313226e-09	3.207523	-0.009721013	-0.29569846	0.6786126	0.0058552856	0.046325	49.0	5691.067152500153
255	65.816475	87.091736	144.35	-38.3	48.590908	10240000	-1.6530976e-08	4.0418506	-0.009726059	-0.31107146	0.66489506	0.006013655	0.0524	49.0	5712.522511720657
256	53.545002	88.057274	143.7	-49.600002	52.925	10280000	3.259629e-09	3.338553	-0.009595193	-0.27332753	0.6781047	0.007551135	0.05555	49.0	5733.518957853317
257	67.26352	86.69217	143.9	-38.4	48.941177	10320000	-1.1641532e-09	3.7111795	-0.010398924	-0.23154125	0.6839908	0.0056969887	0.048025	49.0	5754.187791109085
258	48.356792	88.08687	143.7	-39.8	53.962963	10360000	9.313226e-09	3.2200394	-0.009963499	-0.25187367	0.66356087	0.01609569	0.048575	45.0	5775.751757860184
259	58.05588	88.82185	143.8	-37.4	49.75294	10400000	4.656613e-09	3.225157	-0.009715708	-0.18406984	0.7132177	0.005563691	0.048074998	49.0	5796.679489374161
260	61.133335	88.411476	144.15	-38.0	49.238094	10440000	-7.916242e-09	3.1487765	-0.009454889	-0.19278276	0.659861	0.005289793	0.048825	49.0	5817.784326791763
261	59.85602	88.3008	144.8	-37.600002	50.07229	10480000	1.3969839e-08	3.0108824	-0.01028331	-0.23863587	0.6913653	0.0054053124	0.047975004	49.0	5838.8999009132385
262	56.249413	88.95579	144.15	-38.3	50.294117	10520000	-7.450581e-09	2.8235452	-0.00954183	-0.16861573	0.6819365	0.009371231	0.052675	49.0	5859.379900693893
263	44.034374	88.75374	143.85	-40.600002	54.0625	10560000	-5.5879354e-09	2.6635501	-0.009975232	-0.18762042	0.7459799	0.0051408093	0.045325	49.0	5878.914318323135
264	66.73779	86.10465	143.7	-42.350002	49.604652	10600000	-6.519258e-09	4.0890627	-0.009846434	-0.6634737	0.6898238	0.0047299694	0.047075	49.0	5899.243899822235
265	64.22326	87.26015	144.35	-37.850002	49.23256	10640000	-1.0244548e-08	3.3884614	-0.009532308	-0.3196572	0.72762424	0.00685928	0.057825	49.0	5920.138231992722
266	71.03172	87.02303	144.25	-40.0	45.70968	10680000	1.3969839e-09	3.4239526	-0.009751029	-0.30324095	0.7070852	0.005956805	0.0499	49.0	5940.995739936829
267	49.86049	89.02609	143.95	-37.2	51.987656	10720000	8.8475645e-09	2.611504	-0.009277038	-0.13843891	0.7280626	0.005222436	0.048074998	49.0	5962.061542272568
268	58.469048	88.23725	144.25	-39.600002	50.583332	10760000	4.5401976e-09	3.098563	-0.009722365	-0.19970712	0.73042685	0.006609183	0.05365	49.0	5982.8658611774445
269	52.667683	88.76627	144.8	-40.8	51.92683	10800000	-5.820766e-09	2.840661	-0.009448684	-0.25309324	0.72382456	0.0056271655	0.055350002	49.0	6003.442430973053
270	42.61039	88.384125	144.25	-38.9	54.701298	10840000	3.7252903e-09	2.6684544	-0.009366982	-0.17494257	0.7544441	0.0053762216	0.04485	49.0	6024.819145679474
271	59.773495	88.080635	144.15	-37.7	50.361446	10880000	-4.656613e-09	3.09573	-0.009974444	-0.26945388	0.78562045	0.0065407073	0.04815	49.0	6045.885041475296
272	52.875607	88.80649	144.25	-36.9	51.743904	10920000	6.0535967e-09	2.65619	-0.009328067	-0.16154876	0.7176708	0.0053553563	0.048525	49.0	6066.985806465149
273	64.931816	87.87162	144.4	-36.9	47.659092	10960000	8.1490725e-09	3.3119895	-0.008896771	-0.20080361	0.71680826	0.005677039	0.051925	49.0	6087.803826570511
274	65.96236	87.8891	144.4	-37.5	47.14607	11000000	1.9790605e-08	3.139102	-0.009442506	-0.24349439	0.74805915	0.004703881	0.044	49.0	6108.939947128296
275	46.16125	88.0839	144.5	-38.0	54.0375	11040000	-3.7252903e-09	2.8632889	-0.008973051	-0.22624692	0.7466923	0.005973951	0.046175003	49.0	6130.213664054871
276	47.734177	88.305016	144.4	-38.0	53.088608	11080000	0.0	2.359891	-0.009624782	-0.20458034	0.72126067	0.006168819	0.05075	49.0	6150.95516371727
277	53.646343	88.73275	144.7	-37.0	50.939026	11120000	-3.259629e-09	2.8344626	-0.009588519	-0.27700377	0.70753455	0.0053481935	0.047524996	49.0	6171.072597503662
278	62.390804	87.62413	144.8	-37.4	48.91954	11160000	5.5879354e-09	3.2513046	-0.010374399	-0.28349927	0.76158607	0.0057566613	0.0501	49.0	6190.856402635574
279	66.625824	87.436035	144.8	-37.0	46.802197	11200000	4.656613e-10	3.1169124	-0.0081467405	-0.28546554	0.7549978	0.007657176	0.0659	49.0	6211.590224504471
280	34.135334	86.37994	144.8	-36.5	57.053333	11240000	-3.259629e-09	2.0121195	-0.009747349	-0.13801953	0.7564102	0.005316681	0.044699997	49.0	6232.450439929962
281	47.033543	87.96231	144.6	-38.100002	52.97468	11280000	2.7939677e-09	2.5703392	-0.010109026	-0.20619005	0.7488761	0.0057704817	0.0449	49.0	6253.6650857925415
282	57.386906	87.73874	144.7	-36.5	49.714287	11320000	-2.7939677e-09	2.9638808	-0.009860631	-0.20986092	0.7439341	0.004779268	0.047875002	49.0	6274.492926836014
283	43.793674	86.644806	144.7	-37.7	54.3038	11360000	4.656613e-09	2.721156	-0.011266096	-0.25851738	0.77991354	0.0070001753	0.06475	49.0	6295.395597457886
284	66.169785	87.144196	144.8	-39.5	46.736263	11400000	1.8626451e-09	3.2263556	-0.010245942	-0.24527223	0.7155655	0.0054564616	0.046525	49.0	6316.806387901306
285	61.851665	84.48559	144.7	-37.2	50.0	11440000	7.450581e-09	4.458728	-0.012246412	-0.315608	0.8296393	0.006053458	0.059225	49.0	6337.767503738403
286	47.216248	83.284676	145.05	-38.8	54.8625	11480000	2.3283064e-09	4.4324894	-0.013542608	-0.458991	0.8995091	0.005969729	0.062875	49.0	6358.514069080353
287	62.485397	83.71951	144.8	-36.7	49.730335	11520000	0.0	5.0950985	-0.012034367	-0.38470703	0.9279088	0.007005522	0.059875004	49.0	6379.217684030533
288	50.88571	82.22277	144.8	-39.3	54.738094	11560000	4.656613e-09	5.271857	-0.01312357	-0.3798162	0.9405384	0.0066256886	0.065825	49.0	6400.751159906387
289	65.287224	82.101204	144.8	-42.0	49.644444	11600000	-1.8626451e-09	5.712839	-0.012391895	-0.4581269	0.9302764	0.006453649	0.06290001	49.0	6422.856214284897
290	59.85167	80.84343	144.95	-38.3	51.933334	11640000	4.656613e-09	6.262735	-0.012962669	-0.6101963	1.0156193	0.0071353605	0.0633	49.0	6444.6824316978455
291	55.557957	81.48581	144.8	-42.0	53.045456	11680000	3.7252903e-09	5.75632	-0.013194401	-0.48481297	1.0222533	0.007856949	0.0764	49.0	6465.291258573532
292	62.97688	79.95549	144.8	-39.350002	51.24731	11720000	5.5879354e-09	5.622594	-0.012593854	-0.53343475	0.97720563	0.006347882	0.058875002	49.0	6485.7610721588135
293	71.41684	81.66598	144.7	-43.5	47.33684	11760000	5.5879354e-09	5.7904873	-0.013162736	-0.47749028	0.9712856	0.0082584	0.067625	49.0	6507.010839700699
294	75.2301	78.896034	144.8	-39.9	46.47959	11800000	9.313226e-10	5.8190145	-0.012612407	-0.43075132	0.99199295	0.007139896	0.070125	49.0	6528.794243335724
295	66.04315	80.653755	144.8	-40.7	50.0	11840000	-1.8626451e-08	6.239253	-0.0073751304	-0.5855414	0.98896563	0.016558124	0.0917	37.0	6549.802195549011
296	67.62371	81.597786	144.8	-40.8	48.484535	11880000	4.1909516e-09	5.451844	-0.012351129	-0.38009757	1.0293391	0.0067649074	0.061224997	49.0	6571.018612861633
297	68.283165	78.40498	144.9	-40.600002	50.07143	11920000	-6.9849193e-09	8.870691	-0.012359577	-0.59984034	1.0878034	0.008032019	0.07795	49.0	6592.776624441147
298	74.59485	77.06061	144.8	-40.7	48.072166	11960000	1.1175871e-08	6.2914276	-0.012207078	-0.33955058	1.0569899	0.007309276	0.068675004	49.0	6613.964686155319
299	80.37329	78.813484	144.9	-39.95	44.941746	12000000	7.450581e-09	6.9290304	-0.011596287	-0.50649375	0.9561774	0.0083596995	0.073775	49.0	6635.202585935593
300	62.304306	82.490364	144.8	-39.3	50.430107	12040000	-4.656613e-09	6.715952	-0.0013833023	-0.8170672	1.0312855	0.02398286	0.14845	29.0	6655.431409358978
301	79.851944	77.42848	144.9	-40.600002	45.86408	12080000	9.313226e-10	6.4408402	-0.011626871	-0.39487022	0.97557837	0.007257764	0.0581	49.0	6677.095215082169
302	61.508335	77.248276	144.8	-40.5	53.18889	12120000	8.1490725e-09	7.3777084	-0.012845887	-0.38419953	1.0393333	0.007358716	0.067825	49.0	6699.105122804642
303	46.986584	81.82427	145.15	-40.5	56.23171	12160000	-9.313226e-10	5.4398413	-0.011747019	-0.4809788	1.0940082	0.008283794	0.061925	49.0	6720.251798868179
304	65.13043	78.58335	145.15	-40.15	51.402172	12200000	-3.259629e-09	7.3165383	-0.011155483	-0.3430637	1.0382266	0.007441362	0.0625	49.0	6742.921721696854
305	65.799995	81.365486	144.9	-39.8	49.934784	12240000	3.7252903e-09	5.9906554	-0.01111627	-0.38778913	1.0251279	0.008512139	0.058575	49.0	6763.29901099205
306	80.22243	78.98902	144.9	-40.7	44.48598	12280000	-4.656613e-10	5.994158	-0.011025121	-0.39703524	0.94605565	0.006820921	0.061274998	49.0	6783.287527322769
307	64.27912	78.97263	145.15	-41.0	52.505493	12320000	-5.5879354e-09	8.37339	-0.0110485945	-0.6153711	1.049857	0.007916017	0.061075002	49.0	6804.832848072052
308	60.912224	78.512856	144.7	-40.0	53.555557	12360000	6.519258e-09	7.368702	-0.011264436	-0.40849364	1.0066562	0.0063650906	0.059125	49.0	6825.987047433853
309	79.89433	78.85532	144.8	-40.100002	45.391754	12400000	4.656613e-09	6.4899197	-0.011393832	-0.36491984	0.96601665	0.0060149655	0.054750003	49.0	6847.563235282898
310	82.35146	72.26313	144.9	-40.4	47.64706	12440000	-1.7462298e-08	8.466613	-0.011662561	-0.4801132	0.93109196	0.0077684727	0.0707	49.0	6869.418292045593
311	80.206924	75.25114	144.95	-39.7	46.59406	12480000	-9.313226e-09	7.830545	-0.011177385	-0.3781637	0.9597257	0.006343766	0.048125003	49.0	6890.941156864166
312	71.63106	78.72784	144.8	-40.4	48.936844	12520000	9.313226e-10	7.6703835	-0.010844321	-0.33141422	0.96144956	0.0067351554	0.061525002	49.0	6912.655723333359
313	76.02684	76.92293	144.8	-39.5	48.821053	12560000	-1.5832484e-08	9.451313	-0.011273297	-0.43827763	0.9475259	0.0075957207	0.0553	49.0	6935.147739887238
314	65.41337	76.880005	144.6	-39.9	53.686047	12600000	7.450581e-09	8.958733	-0.010957826	-0.3779333	0.97929204	0.0065663997	0.060325	49.0	6957.772474765778
315	96.77434	70.54594	144.9	-40.2	41.15652	12640000	-1.3969839e-09	9.747236	-0.011493964	-0.3686441	0.9101234	0.0075583197	0.0581	49.0	6978.96390581131
316	72.315254	77.17394	144.9	-39.15	49.63158	12680000	-7.450581e-09	6.7432117	-0.011073422	-0.55666053	0.9651394	0.0064403145	0.056025	49.0	7000.787799119949
317	71.07554	75.99157	145.15	-40.9	52.04348	12720000	9.313226e-10	11.851058	-0.011371085	-0.80310786	0.95852643	0.006568951	0.066575	49.0	7022.690062522888
318	73.55165	77.41913	144.8	-40.5	49.813187	12760000	1.0244548e-08	9.298497	-0.010461589	-0.40127024	0.93534714	0.007521153	0.073125005	49.0	7044.185739040375
319	58.561626	76.50827	144.7	-39.45	56.755814	12800000	3.7252903e-09	9.284018	-0.010965658	-0.33352068	0.98510313	0.007222985	0.0651	49.0	7065.117910385132
320	81.839806	75.297935	144.8	-39.75	46.5534	12840000	3.7252903e-09	9.002619	-0.010511038	-0.3201311	0.91920215	0.007295889	0.057674997	49.0	7086.961976766586
321	79.927605	72.759895	144.9	-39.8	49.28125	12880000	-1.4901161e-08	11.402918	-0.011053037	-0.48152733	0.9330179	0.0060892906	0.05315	49.0	7109.721441984177
322	71.939255	74.81638	144.8	-39.0	52.139786	12920000	-9.778887e-09	11.432899	-0.011513509	-0.414129	0.9508339	0.0073539717	0.056725	49.0	7131.675141811371
323	71.51593	75.14246	144.8	-38.3	52.483517	12960000	1.3969839e-09	8.906729	-0.011259349	-0.51590955	0.97983783	0.0075652087	0.062225	49.0	7154.101327419281
324	80.90585	73.510414	144.8	-37.8	49.648937	13000000	0.0	9.808264	-0.011041845	-0.386707	0.93141675	0.0072598606	0.07085	49.0	7175.634137630463
325	91.87943	66.8581	144.9	-38.0	45.878506	13040000	-7.9744495e-09	13.0435295	-0.011392016	-0.5385333	0.8823562	0.007379981	0.056950003	49.0	7197.5183346271515
326	89.45783	72.079636	144.8	-36.95	44.911766	13080000	1.3038516e-08	11.814125	-0.011165692	-0.54838383	0.90103686	0.005640713	0.052874997	49.0	7219.244868278503
327	87.62767	72.1087	144.8	-37.2	44.85437	13120000	9.778887e-09	8.488875	-0.011797728	-0.4508695	0.9026859	0.0064335596	0.058700003	49.0	7241.7395651340485
328	77.846115	72.92851	144.8	-36.45	51.133335	13160000	-3.259629e-09	11.926808	-0.011749029	-0.56111443	0.95297444	0.006704578	0.063274994	49.0	7264.022873163223
329	83.205154	74.69695	144.7	-35.3	46.87629	13200000	9.313226e-10	9.617403	-0.0125723295	-0.60084814	0.9556637	0.007385838	0.07515	49.0	7285.711952447891
330	78.86318	71.106155	144.7	-36.45	52.252747	13240000	4.1909516e-09	14.581364	-0.007807211	-1.0151126	0.9588571	0.0200191	0.084	21.0	7306.718895196915
331	92.07245	67.750114	144.85	-34.75	46.683674	13280000	7.450581e-09	10.556973	-0.012607627	-0.5077396	0.9364196	0.008352265	0.074875	49.0	7328.0628361701965
332	88.7078	67.8862	144.8	-33.4	48.520832	13320000	-1.8626451e-09	13.45748	-0.011623947	-0.59793013	0.915771	0.007231991	0.058975	49.0	7348.693658351898
333	87.01089	69.25931	144.9	-35.05	46.69307	13360000	1.5366822e-08	12.470802	-0.012452271	-0.68683386	0.9142451	0.006494694	0.066300005	49.0	7368.419202566147
334	94.78235	63.33719	144.7	-32.3	46.098038	13400000	-2.4447218e-09	13.6430235	-0.012709916	-0.6067234	0.87176406	0.008845005	0.06755	49.0	7391.076533317566
335	90.53112	65.983284	144.8	-32.15	47.67347	13440000	6.0535967e-09	14.314579	-0.012448946	-0.8064439	0.9203323	0.008896245	0.081	49.0	7412.640720129013
336	88.92778	63.197292	144.9	-30.5	51.233334	13480000	-1.3969839e-09	16.946909	-0.011927972	-0.75662565	0.90661275	0.0075244014	0.0677	49.0	7434.239151477814
337	91.049995	62.66885	144.8	-27.6	48.835052	13520000	8.8475645e-09	13.165289	-0.012815516	-1.1063603	0.89303356	0.006157726	0.06757499	49.0	7455.428257703781
338	97.03435	60.830418	144.8	-28.800001	46.363636	13560000	-7.450581e-09	14.625131	-0.011663592	-0.6596759	0.8848131	0.009465559	0.06325	49.0	7476.798463582993
339	91.95156	61.38137	144.9	-30.1	49.166668	13600000	1.0244548e-08	14.223456	-0.012470853	-0.6842388	0.89804816	0.008564597	0.070425	49.0	7498.290267944336
340	79.28869	62.68489	144.8	-27.2	56.166668	13640000	-5.122274e-09	14.688126	-0.013170078	-0.7652415	0.95738953	0.007558764	0.07315	49.0	7519.874146461487
341	94.87722	61.638443	145.05	-24.4	46.831684	13680000	1.6763806e-08	12.386585	-0.013205389	-0.69047207	0.88555443	0.008171878	0.071975	49.0	7540.921613931656
342	97.35968	59.63296	144.9	-21.6	47.569893	13720000	8.032657e-09	15.713094	-0.013927506	-0.9641135	0.9039751	0.008976724	0.076525	49.0	7561.783083677292
343	88.05163	61.847923	145.05	-22.2	50.47826	13760000	-5.122274e-09	14.008966	-0.013572264	-0.8493186	0.8972073	0.008408712	0.072125	49.0	7583.437280893326
344	101.5208	55.893692	144.9	-17.9	46.41584	13800000	-6.519258e-09	15.704982	-0.012620352	-0.9265832	0.8234875	0.008399865	0.08095	49.0	7604.621309041977
345	105.258705	48.73864	144.8	-5.0000005	48.858696	13840000	8.8475645e-09	14.987586	-0.012697874	-0.71571314	0.8266558	0.009113343	0.077824995	49.0	7625.456424713135
346	104.276665	52.44023	144.8	-9.65	45.657143	13880000	-1.6763806e-08	15.951757	-0.01238131	-0.96381307	0.80145824	0.0062822048	0.0608	49.0	7646.492184877396
347	103.60396	50.257915	144.8	-5.3000007	47.841583	13920000	-7.450581e-09	13.786222	-0.01310206	-0.81159973	0.79123056	0.008042896	0.072349995	49.0	7667.4799284935
348	99.422104	51.873528	145.15	-13.400001	49.37895	13960000	-1.8626451e-09	14.1057005	-0.014012614	-0.67444646	0.829791	0.009362886	0.0757	49.0	7689.409035921097
349	102.132515	54.052525	144.9	-10.6	46.504856	14000000	1.6763806e-08	13.546072	-0.0130891325	-0.7164974	0.76549995	0.008768983	0.0758	49.0	7710.616338968277
350	99.734085	48.88064	144.8	1.3499994	52.886364	14040000	-4.656613e-09	17.050583	-0.013151071	-0.77434254	0.7918416	0.010295623	0.069024995	49.0	7731.697175502777
351	95.71875	55.621983	145.35	-16.95	50.3125	14080000	-3.958121e-09	15.184687	-0.013729513	-0.74541783	0.81460243	0.008044385	0.06515	49.0	7753.183429002762
352	97.36648	51.408028	144.9	-2.0500004	52.715908	14120000	3.7252903e-09	13.911741	-0.012238608	-0.7134334	0.8119067	0.01709615	0.092	39.0	7773.850026607513
353	108.693756	49.15268	144.9	-12.75	44.576923	14160000	-9.313226e-09	15.818244	-0.012528466	-0.71777546	0.7779201	0.008113884	0.060075	49.0	7795.058800458908
354	113.14028	46.233074	144.8	-12.050001	43.564816	14200000	9.313226e-09	16.025822	-0.013413517	-0.8094287	0.7759645	0.010144766	0.074525	49.0	7816.2179119586945
355	115.665276	42.441223	144.8	-10.800001	42.351852	14240000	1.0244548e-08	14.460392	-0.012361873	-0.7165881	0.7368604	0.008583563	0.0682	49.0	7837.722425699234
356	102.54758	53.773697	144.8	-15.850001	46.300972	14280000	-1.3038516e-08	14.583235	-0.013568214	-1.0293374	0.80203617	0.006385968	0.064175	49.0	7859.292127609253
357	97.28842	54.664227	144.7	-26.300001	51.452633	14320000	-2.3283064e-09	13.753012	-0.01310401	-0.8620243	0.77183163	0.009189626	0.06640001	49.0	7880.472775220871
358	113.17737	43.091892	144.8	-3.9500008	44.24528	14360000	7.450581e-09	15.927183	-0.013272592	-1.3176125	0.79044354	0.00833676	0.063975	49.0	7901.870128631592
359	112.095	45.91751	144.9	-6.2500005	43.48182	14400000	-9.313226e-10	16.481436	-0.013257565	-0.8247062	0.7857079	0.007739761	0.06445	49.0	7923.224894523621
360	106.43654	48.79729	144.9	-15.650001	45.067307	14440000	-1.7229468e-08	15.305454	-0.0146835195	-0.9446236	0.8041342	0.00847323	0.070374995	49.0	7944.493499517441
361	109.40047	48.584385	144.8	-23.250002	42.84112	14480000	2.0489097e-08	17.018799	-0.014198599	-1.1262177	0.7837668	0.0089677	0.0724	49.0	7964.138794183731
362	115.14959	46.223877	144.8	-16.850002	38.65574	14520000	-5.5879354e-09	16.014406	-0.013860809	-1.0625749	0.77428484	0.007864492	0.069000006	49.0	7985.1448521614075
363	112.59762	43.63438	144.8	0.39999878	42.961906	14560000	-9.313226e-10	20.864086	-0.013265385	-1.1740515	0.8201033	0.009849835	0.067650005	49.0	8006.6122307777405
364	115.917114	40.617153	144.9	-1.6999998	41.657894	14600000	1.4901161e-08	20.075443	-0.014225066	-1.9045675	0.77908635	0.012916429	0.071925	49.0	8028.042650222778
365	116.17844	35.069103	144.9	10.15	44.931374	14640000	8.381903e-09	19.930347	-0.014020013	-1.3154036	0.8426825	0.008579228	0.0708	49.0	8048.885589599609
366	116.57588	41.111122	144.8	1.6499988	40.973682	14680000	9.778887e-09	20.500107	-0.0135487355	-1.2744738	0.8005328	0.009500227	0.071975	49.0	8069.948214292526
367	115.06759	40.737522	144.9	-0.15000162	43.351852	14720000	-2.4214387e-08	19.98872	-0.01344573	-1.0010027	0.7955246	0.01014718	0.078325	49.0	8091.302085638046
368	121.532455	34.396465	144.85	6.099999	39.54386	14760000	-1.8626451e-09	19.25051	-0.0137810875	-0.9331299	0.797851	0.008523328	0.066375	49.0	8112.2051520347595
369	112.62596	41.83786	144.9	-3.5000007	44.240383	14800000	7.450581e-09	21.743885	-0.013828193	-1.1988915	0.80276173	0.009389775	0.073225	49.0	8133.008115768433
370	121.488464	36.90101	144.9	7.149999	38.31624	14840000	-1.1175871e-08	19.964327	-0.013822045	-1.5634089	0.73228747	0.009417126	0.071325004	49.0	8154.554234266281
371	123.248764	33.482697	145.05	-6.300001	38.44628	14880000	-9.313226e-10	21.076342	-0.013230743	-1.2027183	0.721147	0.0076697585	0.069575	49.0	8175.911115646362
372	121.53376	35.70411	144.9	5.8499994	39.5	14920000	-7.450581e-09	21.366873	-0.013343949	-1.1484606	0.7589829	0.008025126	0.0592	49.0	8197.060562610626
373	118.98499	36.057404	144.8	9.0	41.381817	14960000	-5.5879354e-09	22.752806	-0.014580102	-1.4603686	0.7575344	0.009098203	0.07205	49.0	8218.499146223068
374	125.797195	30.714739	144.9	17.3	36.84	15000000	1.1175871e-08	21.391157	-0.013237313	-1.5322548	0.717272	0.010410948	0.074025005	49.0	8239.974431753159
375	127.32664	29.718155	144.8	18.0	35.434425	15040000	1.816079e-08	19.264793	-0.013653547	-0.892496	0.711568	0.009022962	0.068475	49.0	8259.977748394012
376	125.17991	31.844769	144.8	12.249999	37.27869	15080000	3.7252903e-09	22.599503	-0.012435149	-0.97464955	0.71648514	0.008614054	0.068175	49.0	8280.466738939285
377	127.75358	29.68348	144.8	-8.550001	35.634922	15120000	6.519258e-09	20.769136	-0.013586699	-0.9766681	0.68902934	0.009194525	0.069450006	49.0	8301.615227460861
378	122.98684	33.917946	144.8	-17.7	39.763157	15160000	2.7939677e-09	23.31109	-0.01177076	-1.2806448	0.7183231	0.009514576	0.0668	49.0	8322.949896335602
379	127.130165	28.86088	144.95	15.499999	36.460316	15200000	-1.8626451e-09	21.314678	-0.014243029	-0.8045318	0.7131069	0.008812465	0.0677	49.0	8344.164520025253
380	117.79558	41.934574	144.9	-19.5	40.65487	15240000	-7.450581e-09	21.563847	-0.012621568	-2.407021	0.6683731	0.007151288	0.059550002	49.0	8365.81794166565
381	117.21127	40.071327	144.9	-20.9	42.26126	15280000	-8.381903e-09	22.269135	-0.013478711	-1.2445155	0.7041743	0.007965095	0.061425	49.0	8386.667612552643
382	124.76428	36.371075	144.85	-28.9	36.357143	15320000	1.1175871e-08	19.379177	-0.011848664	-1.6148442	0.63183963	0.008812427	0.06255	49.0	8408.250480413437
383	127.3742	32.82008	145.05	-23.9	35.596775	15360000	1.8626451e-09	23.244766	-0.01250406	-2.3000813	0.65569305	0.007957127	0.062299997	49.0	8429.473749399185
384	125.252846	35.531643	144.8	-20.300001	36.666668	15400000	9.313226e-09	22.49067	-0.013042978	-1.7546265	0.63531137	0.009094336	0.057099998	49.0	8450.391793966293
385	132.12517	25.58339	144.9	-3.5000002	32.635036	15440000	-9.313226e-09	21.225868	-0.012984229	-1.1223863	0.6336853	0.008298522	0.05535	49.0	8471.656115293503
386	125.93616	34.069584	144.9	-19.6	35.784615	15480000	-5.5879354e-09	20.917904	-0.012622219	-1.38832	0.6518054	0.008858829	0.065675005	49.0	8492.996946573257
387	125.316795	37.56174	144.9	-23.5	35.4	15520000	1.3038516e-08	19.817219	-0.01301837	-2.4858465	0.59752667	0.007860621	0.05945	49.0	8514.12726020813
388	127.5164	31.83016	144.9	-32.0	36.304	15560000	7.450581e-09	21.097279	-0.011963322	-2.0888271	0.624071	0.011326134	0.075325	49.0	8535.535887002945
389	129.88419	30.306015	144.8	-16.800001	32.786766	15600000	7.916242e-09	17.732985	-0.012399638	-1.7414663	0.5972131	0.0071625444	0.053225	49.0	8555.937469482422
390	120.69748	41.630917	144.9	-25.2	38.915966	15640000	1.8626451e-09	18.248348	-0.013272286	-1.765498	0.61112654	0.0066862763	0.060225002	49.0	8575.662405729294
391	130.21193	29.250408	144.8	-19.6	34.046154	15680000	1.8626451e-09	20.553324	-0.013452663	-2.0863638	0.60621196	0.009587532	0.061800003	49.0	8596.714204788208
392	123.8996	38.292683	144.95	-27.9	37.73387	15720000	2.7939677e-09	21.139355	-0.011297904	-2.8313324	0.59059846	0.00814151	0.070625	49.0	8618.08209347725
393	127.3677	34.45103	144.9	-21.300001	34.876923	15760000	5.355105e-09	19.910881	-0.011599664	-1.1836467	0.5912322	0.007822756	0.059474997	49.0	8639.493292093277
394	126.5582	38.401646	144.9	-28.9	34.101562	15800000	-3.7252903e-09	16.540688	-0.012371268	-2.0554376	0.5523937	0.0064436933	0.054775	49.0	8660.458215475082
395	128.90422	35.37152	144.9	-20.7	31.746479	15840000	8.381903e-09	18.272728	0.0023155222	-3.344173	0.5243685	0.015793249	0.09235	17.0	8680.310643196106
396	127.88375	29.37111	144.9	-24.800001	37.2	15880000	-3.7252903e-09	18.480852	-0.013200637	-0.86706805	0.6555865	0.0096520595	0.062725	49.0	8701.634698867798
397	126.05677	37.97095	144.9	-29.900002	35.00752	15920000	2.142042e-08	20.572147	-0.011942897	-1.9171116	0.54554033	0.00643452	0.05225	49.0	8723.116935491562
398	129.59485	33.222878	145.25	-24.800001	32.838234	15960000	1.6763806e-08	17.10822	-0.012535397	-0.99694073	0.55731714	0.009111228	0.06299999	49.0	8744.19638299942
399	126.87557	36.37117	144.9	-32.100002	35.046513	16000000	1.0360964e-08	19.563263	-0.012481931	-2.7601125	0.5651411	0.008321762	0.0561	49.0	8765.58941745758
400	132.3102	29.500708	144.9	-22.1	30.55102	16040000	0.0	16.022154	-0.012258078	-1.2062464	0.5466498	0.0073530036	0.052075	49.0	8787.146665096283
401	124.27834	39.84566	144.9	-28.800001	35.771652	16080000	1.6763806e-08	20.902601	-0.0065930746	-3.0113373	0.5209552	0.01461263	0.085374996	49.0	8808.726155281067
402	129.98587	31.295507	144.9	-16.0	32.891304	16120000	8.614734e-09	21.209417	-0.012984622	-1.6327872	0.5864843	0.008411866	0.0648	49.0	8830.188357830048
403	132.61348	27.003216	144.9	-26.300001	32.085106	16160000	-1.0244548e-08	16.45572	-0.011904357	-1.8905131	0.55102694	0.010397503	0.058425	49.0	8851.835519313812
404	128.9563	34.904533	144.9	-24.300001	32.985184	16200000	1.4901161e-08	18.482048	-0.008421814	-3.2727385	0.54173434	0.020356644	0.0709	23.0	8870.37938952446
405	134.39201	16.201326	144.9	40.8	33.45652	16240000	1.8626451e-09	19.819262	-0.012406023	-1.6564054	0.63347507	0.008583396	0.06345	49.0	8890.9893450737
406	130.268	29.172369	144.9	-22.2	33.485294	16280000	-3.7252903e-09	22.822376	-0.0022981772	-4.537838	0.57381433	0.031559333	0.06425	5.0	8909.982831954956
407	132.59625	26.495386	145.25	-12.599999	31.047619	16320000	-3.7252903e-09	16.65922	-0.01225009	-1.8080511	0.5755532	0.0074465154	0.056475	49.0	8931.254653215408
408	132.6517	25.74992	144.9	-2.9	31.671232	16360000	1.8626451e-09	18.675735	-0.012453204	-1.5747988	0.58105236	0.0075706327	0.0553	49.0	8952.786319971085
409	135.02153	21.104856	145.05	-6.5	30.245033	16400000	-2.0256266e-08	22.133036	-0.012449121	-1.6181123	0.5684655	0.00992392	0.061925	49.0	8974.39743757248
410	132.841	22.925587	144.9	10.0	32.805756	16440000	-3.7252903e-09	17.149723	-0.012371112	-1.2758169	0.5821104	0.010531019	0.07015	49.0	8995.742422819138
411	130.6891	30.09801	144.95	-14.2	32.415493	16480000	2.7939677e-09	20.742455	-0.013274205	-2.6952732	0.57064104	0.009661587	0.06625	49.0	9016.751889944077
412	135.85834	16.871445	144.9	16.8	30.28	16520000	2.7939677e-09	16.395994	-0.012505718	-1.1098447	0.59713995	0.009104228	0.064375	49.0	9037.87213921547
413	132.61763	24.010775	145.25	-15.0	32.395683	16560000	-1.21071935e-08	20.69671	-0.012147415	-1.242162	0.5845345	0.007125801	0.055425003	49.0	9059.112764596939
414	136.77866	14.045731	145.25	59.8	30.253334	16600000	5.5879354e-09	14.792511	-0.011247503	-0.75541997	0.56693405	0.0108202305	0.069	49.0	9080.286133766174
415	137.42911	15.33715	145.05	42.1	27.936708	16640000	-2.2351742e-08	17.954922	-0.012012801	-0.8218976	0.5313388	0.010143794	0.063250005	49.0	9101.82121181488
416	135.726	17.489859	144.9	19.199999	30.355263	16680000	8.8475645e-09	15.843648	-0.012279607	-0.8106055	0.56119883	0.008759088	0.0663	49.0	9122.806629896164
417	133.60034	26.397518	145.15	-29.7	30.456375	16720000	2.7939677e-09	17.33858	-0.011824752	-3.313758	0.5327297	0.0066228723	0.053625003	49.0	9144.215898990631
418	136.72314	17.872911	145.15	-5.5	28.32716	16760000	-1.4901161e-08	15.606152	-0.011981137	-1.5453432	0.5341039	0.008451765	0.0566	49.0	9165.728303909302
419	135.24387	21.871033	144.9	-14.2	29.35484	16800000	1.1175871e-08	14.719969	-0.011853693	-1.2254256	0.52272636	0.0074069784	0.058399998	49.0	9185.284404754639
420	138.10617	12.564579	145.35	76.85	27.635803	16840000	1.0244548e-08	13.588022	-0.012301432	-0.8088676	0.54693353	0.00894963	0.0651	49.0	9206.24091744423
421	132.37485	26.404196	145.25	-32.4	31.072847	16880000	9.313226e-09	23.384487	-0.012528214	-6.7105875	0.5467957	0.03123993	0.09085	40.0	9227.407241106033
422	135.67578	21.736908	145.35	-7.8	28.396227	16920000	8.8475645e-09	16.530914	-0.010819929	-1.2337593	0.53056765	0.0073569855	0.065525	49.0	9248.730317354202
423	136.63461	16.217842	145.25	52.399998	28.75	16960000	-1.8626451e-09	16.095478	-0.0117536755	-1.0041176	0.53882986	0.010435067	0.0678	49.0	9270.206917524338
424	135.6079	18.870844	145.35	28.849998	29.546053	17000000	-1.4901161e-08	16.057905	-0.012262501	-0.92766213	0.5520979	0.0090123825	0.061474998	49.0	9291.262046337128
425	134.16913	25.172306	145.15	-28.0	30.315435	17040000	-1.0244548e-08	18.660511	-0.01106403	-3.6634955	0.52722526	0.008002494	0.054575004	49.0	9312.838988542557
426	136.7636	16.547525	145.25	29.949999	28.632912	17080000	6.9849193e-09	14.189303	-0.01191236	-0.735777	0.53448546	0.0071986374	0.05105	49.0	9333.79285311699
427	138.61465	16.626034	145.05	-18.5	25.413794	17120000	-1.6763806e-08	14.790826	-0.0109238345	-1.6008325	0.4785397	0.00639327	0.051175	49.0	9355.13305234909
428	132.59453	27.208858	145.35	-24.300001	31.80822	17160000	6.519258e-09	15.032549	-0.012229595	-2.1047096	0.5187216	0.013152994	0.0628	49.0	9376.413686275482
429	138.07861	14.121631	145.05	32.2	27.22289	17200000	-4.656613e-09	15.887547	-0.010357166	-1.9174008	0.5169538	0.007475889	0.0583	49.0	9397.923805713654
430	137.98024	15.657592	145.35	-9.6	27.191616	17240000	3.7252903e-09	15.197926	-0.0070898766	-2.2001095	0.5085431	0.017149497	0.061550003	21.0	9418.519793272018
431	135.3354	22.369387	145.35	-10.9	28.459627	17280000	0.0	14.857462	-0.010986374	-0.85967493	0.515293	0.0078064958	0.0566	49.0	9439.85201048851
432	138.27637	12.51852	145.35	78.35	27.333334	17320000	-9.546056e-09	13.080185	-0.011543494	-0.61082506	0.5163373	0.008666962	0.058174998	49.0	9461.106791496277
433	137.19394	18.807564	145.15	-12.3	26.987879	17360000	-5.5879354e-09	15.965315	-0.011832038	-1.246846	0.5211476	0.006383294	0.051699996	49.0	9481.101823806763
434	138.0881	18.340487	145.15	-22.5	26.445122	17400000	1.1175871e-08	16.292864	0.009023258	-3.594514	0.51867914	0.0175783	0.0667	4.0	9498.972316741943
435	138.4569	17.29043	145.35	-1.0	25.33908	17440000	-4.656613e-09	13.849873	-0.01252003	-1.4207909	0.47971642	0.01098676	0.0621	49.0	9520.618415117264
436	140.50787	6.9423747	145.25	102.75	25.073034	17480000	2.7939677e-09	13.649534	-0.011035639	-1.3119856	0.4864766	0.007662588	0.0573	49.0	9542.27385544777
437	138.79088	15.955739	145.25	11.0	25.42941	17520000	0.0	15.11935	-0.0112128705	-2.272398	0.4766429	0.0072790636	0.0468	49.0	9563.09569644928
438	139.70923	11.0472355	145.35	43.7	25.413408	17560000	2.0954758e-09	12.233189	-0.011843909	-0.52657425	0.49736702	0.006798596	0.056725	49.0	9584.231809616089
439	139.42622	10.684328	145.35	91.8	26.231707	17600000	1.3271347e-08	13.855448	-0.011894384	-0.4964714	0.505599	0.0077084387	0.049500003	49.0	9605.563313245773
440	139.8233	10.261438	145.35	52.25	25.443182	17640000	5.5879354e-09	14.484863	-0.010944014	-0.7609023	0.48115203	0.006819496	0.048524998	49.0	9627.193553447723
441	139.71762	10.662961	145.25	58.899998	25.566475	17680000	3.259629e-09	12.150325	-0.011619253	-0.34703428	0.50684047	0.0093483385	0.051425	49.0	9648.743258476257
442	139.48528	13.609523	145.35	30.15	25.122223	17720000	4.656613e-09	13.613741	-0.011345044	-0.9218818	0.4777444	0.006872914	0.051575	49.0	9670.439591169357
443	138.07886	20.622534	145.35	-13.1	25.405714	17760000	3.7252903e-09	17.178154	-0.0019167587	-3.721261	0.45777336	0.015210856	0.051175	6.0	9689.835345506668
444	140.96907	7.3051224	145.25	89.7	23.955801	17800000	5.820766e-09	11.794249	-0.011548657	-0.64459145	0.47379887	0.0075545684	0.052624997	49.0	9710.570581197739
445	138.86159	14.1931	145.35	34.3	25.881355	17840000	3.7252903e-09	14.72331	-0.012058846	-0.72550297	0.49504012	0.00892274	0.052625	49.0	9729.845823049545
446	139.7185	15.634733	145.35	-0.10000001	24.143646	17880000	-1.0244548e-08	14.50772	-0.011303406	-2.0333076	0.46036315	0.0065001594	0.049000002	49.0	9748.700132608414
447	140.8292	7.128911	145.35	100.799995	24.33146	17920000	6.0535967e-09	11.963995	-0.01194989	-0.40889275	0.50857055	0.007645914	0.0564	49.0	9767.491358757019
448	140.19473	13.79209	145.35	20.3	23.589474	17960000	-3.7252903e-09	13.501575	-0.011352423	-0.92421114	0.45062026	0.0072941594	0.057125002	49.0	9786.358495235443
449	141.49089	6.3888865	145.35	102.549995	23.260416	18000000	-1.3620593e-08	11.298035	-0.0112229455	-0.41718364	0.44883364	0.008990696	0.05115	49.0	9805.323600769043
450	140.53891	9.651079	145.35	69.5	24.108109	18040000	1.8859282e-08	12.577488	-0.012626462	-0.461169	0.47152483	0.008679391	0.05635	49.0	9824.40915775299
451	141.78212	6.4563985	145.35	103.2	22.756477	18080000	-1.21071935e-08	10.852931	-0.01065152	-0.30565327	0.45656762	0.008644097	0.055	49.0	9843.385518074036
452	141.36969	7.5802	145.35	62.75	23.010363	18120000	4.656613e-10	12.700622	-0.010964167	-0.36674416	0.45334285	0.0085325455	0.0521	49.0	9862.479060173035
453	139.43639	15.499751	145.35	-11.4	24.677778	18160000	-1.1175871e-08	14.666295	-0.008833274	-2.8009696	0.45387977	0.03126358	0.060175	22.0	9879.946796178818
454	139.8761	12.421803	145.35	20.949999	24.76923	18200000	0.0	13.658473	-0.011883246	-0.8133398	0.46817964	0.008399024	0.0541	49.0	9899.459773302078
455	141.61743	6.977832	145.35	82.65	22.6	18240000	0.0	12.049675	-0.011536177	-0.33391356	0.43395197	0.009553773	0.056450002	49.0	9918.773495912552
456	140.90411	8.242669	145.35	91.5	24.005495	18280000	-1.1641532e-09	11.014474	-0.011541581	-0.33242977	0.46974236	0.008050282	0.052199997	49.0	9937.406171321869
457	141.154	7.5456386	145.35	92.1	23.636364	18320000	-1.21071935e-08	11.100634	-0.0121455565	-0.2915907	0.45476902	0.008338413	0.05765	49.0	9956.2437210083
458	140.77568	8.441608	145.35	95.8	24.01093	18360000	-1.8626451e-09	11.017295	-0.011278423	-0.28184772	0.47806785	0.008107483	0.054875	49.0	9975.17583823204
459	141.01898	8.348486	145.35	80.3	23.657755	18400000	3.7252903e-09	11.780218	-0.011369787	-0.3326025	0.44965708	0.007382079	0.051650003	49.0	9994.027745962143
460	141.75482	7.5317245	145.35	76.6	22.329948	18440000	1.5832484e-08	10.127163	-0.01119375	-0.25525808	0.42167485	0.007745729	0.048025	49.0	10013.592767953873
461	141.64539	6.750554	145.35	91.35	22.68718	18480000	2.3283064e-09	10.628317	-0.0119935945	-0.26696402	0.43246847	0.008826453	0.053725	49.0	10032.808935880661
462	141.78781	5.3553076	145.35	103.45	22.588833	18520000	9.313226e-09	11.236482	-0.010445554	-0.30740094	0.41721764	0.008497263	0.051974997	49.0	10051.57239151001
463	141.6125	7.273702	145.35	82.3	22.535715	18560000	-8.1490725e-09	10.590571	-0.010812897	-0.21247351	0.4273108	0.006945431	0.047124997	49.0	10070.437826395035
464	141.13118	9.436259	145.35	74.85	23.21134	18600000	-9.778887e-09	10.0028305	-0.011442225	-0.3575883	0.4214598	0.009913074	0.0568	49.0	10089.928345680237
465	141.53253	6.881279	145.35	86.9	23.005291	18640000	-2.561137e-09	10.744849	-0.011678567	-0.31747115	0.4416164	0.007783452	0.053349998	49.0	10109.154440879822
466	142.21608	5.822197	145.35	92.7	21.80402	18680000	4.656613e-10	10.077414	-0.009881171	-0.25623667	0.38997337	0.010008734	0.0595	49.0	10128.040142536163
467	142.37979	4.3409576	145.35	99.3	21.722221	18720000	-8.381903e-09	10.2707615	-0.011209998	-0.2640351	0.40492737	0.007308257	0.05055	49.0	10147.04591703415
468	141.94873	5.65126	145.35	97.6	22.370558	18760000	-6.0535967e-09	9.55552	-0.0110602565	-0.23032999	0.40911812	0.009483962	0.0519	49.0	10165.692560434341
469	141.95482	6.2521443	145.35	100.6	22.182741	18800000	1.8626451e-09	9.478392	-0.010937355	-0.29491806	0.41730648	0.0070115663	0.046375	49.0	10184.38599205017
470	141.90985	5.98145	145.35	83.2	22.272728	18840000	-5.5879354e-09	9.965022	-0.010452811	-0.25170112	0.40399987	0.0071183993	0.046025	49.0	10203.206125974655
471	142.75629	3.1996543	145.35	114.45	21.11111	18880000	-4.656613e-10	9.598288	-0.010718748	-0.23673862	0.37651026	0.0071530994	0.0506	49.0	10221.99556350708
472	142.15659	8.640015	145.35	28.25	21.434147	18920000	-5.820766e-09	10.396659	-0.010067617	-0.40833092	0.37930164	0.006947873	0.0505	49.0	10241.132540464401
473	142.51831	4.626066	145.35	99.6	21.465347	18960000	8.8475645e-09	9.295202	-0.010677089	-0.2706753	0.382253	0.007359024	0.053075	49.0	10260.279034376144
474	141.57578	6.6974735	145.35	94.799995	23.072916	19000000	-6.519258e-09	10.242983	-0.011116097	-0.26868045	0.42206812	0.007714537	0.04775	49.0	10279.261347532272
475	142.71014	3.1645253	145.35	115.75	21.169083	19040000	6.9849193e-09	9.905674	-0.010690542	-0.27273268	0.37718076	0.0061585205	0.0422	49.0	10297.909328460693
476	142.29628	4.8318853	145.35	101.5	21.706469	19080000	5.820766e-09	9.827684	-0.0103705665	-0.25125885	0.39020693	0.008456367	0.054925002	49.0	10316.598390102386
477	142.60892	3.0465477	145.35	117.75	21.405941	19120000	-1.8626451e-09	10.026275	-0.010205803	-0.25902736	0.38663644	0.008751402	0.05415	49.0	10335.823414802551
478	143.0135	2.0808702	145.8	131.2	20.549763	19160000	-8.381903e-09	9.439718	-0.010024179	-0.19055349	0.35765582	0.007241676	0.04085	49.0	10354.988912820816
479	142.80876	4.5063024	145.35	96.35	20.919432	19200000	-1.792796e-08	8.479902	-0.009952702	-0.1538291	0.3559188	0.0076344935	0.04745	49.0	10373.9690117836
480	142.97931	3.6627448	145.35	103.1	20.651163	19240000	-9.313226e-10	8.931438	-0.009595852	-0.24793553	0.3541964	0.006418551	0.040975	49.0	10392.88605928421
481	142.41917	6.809918	145.35	78.2	21.11165	19280000	-1.8626451e-09	8.927743	-0.011091749	-0.21274602	0.36503685	0.0069799665	0.047025	49.0	10411.641549825668
482	142.07271	5.7735305	145.35	104.7	22.413265	19320000	6.9849193e-09	9.58624	-0.01103284	-0.23573148	0.3899143	0.008430547	0.054224998	49.0	10430.708369493484
483	142.16725	4.965072	145.35	100.6	22.14	19360000	4.1909516e-09	9.894388	-0.010742303	-0.2022109	0.39622372	0.0071629486	0.046425	49.0	10449.635891199112
484	142.86972	3.4749439	145.35	107.1	20.85577	19400000	2.561137e-09	9.007322	-0.010219352	-0.18775135	0.35610485	0.0063604903	0.043425	49.0	10468.828112125397
485	142.32864	5.3553324	145.35	105.2	21.834171	19440000	-2.7939677e-09	9.255285	-0.010709572	-0.19086075	0.38853627	0.010568293	0.0512	49.0	10488.004165649414
486	142.86368	4.997013	145.35	80.75	20.674528	19480000	-7.450581e-09	9.069149	0.0034981421	-0.29940104	0.35606688	0.018495485	0.0704	6.0	10505.17017531395
487	142.79042	2.3184876	145.7	132.3	20.827751	19520000	1.4901161e-08	9.401473	-0.010956295	-0.2134335	0.3640623	0.006791044	0.045125	49.0	10524.085741519928
488	142.78526	2.6869586	145.35	123.8	21.033817	19560000	-1.8626451e-09	9.662344	-0.010391718	-0.20219171	0.3692432	0.008807615	0.053875	49.0	10542.998814105988
489	141.72974	7.823714	145.35	96.5	22.420513	19600000	-5.122274e-09	9.019514	-0.01127255	-0.3237843	0.40248662	0.007821904	0.047875	49.0	10562.000640630722
490	142.17894	5.2466645	145.6	107.4	22.15736	19640000	-1.6298145e-08	9.6197605	-0.010738814	-0.283185	0.3944195	0.007448608	0.053	49.0	10581.296751499176
491	142.61731	4.8243737	145.7	101.799995	21.211538	19680000	-5.122274e-09	8.487869	-0.010337679	-0.22814274	0.36111975	0.008530389	0.0522	49.0	10600.373706817627
492	142.65776	4.6892476	145.5	103.2	21.126213	19720000	1.6647391e-08	8.644395	-0.010834204	-0.18068784	0.35854757	0.007704916	0.051275	49.0	10619.609392881393
493	142.88239	2.7009387	145.35	115.15	20.75238	19760000	-2.3283064e-10	9.559541	-0.009135214	-0.2024672	0.34022328	0.008306967	0.052525	49.0	10638.87345957756
494	143.10023	1.8525968	145.25	136.75	20.42056	19800000	1.268927e-08	8.833125	-0.009031246	-0.18725246	0.32959786	0.008440108	0.052050002	49.0	10658.107584238052
495	142.52356	4.997602	145.35	92.5	21.086538	19840000	6.0535967e-09	9.793524	-0.009282716	-0.29971373	0.34345955	0.009494866	0.054175	49.0	10677.162181138992
496	142.75792	4.371666	145.35	99.75	20.908653	19880000	5.9371814e-09	8.868619	-0.0095565	-0.33641303	0.347072	0.009247346	0.0533	49.0	10696.090388536453
497	142.70631	3.6764314	145.35	108.299995	21.07767	19920000	-1.6763806e-08	9.195674	-0.009656091	-0.2561803	0.3562201	0.0065530464	0.043825	49.0	10715.086411476135
498	142.97604	2.476346	145.35	123.4	20.544601	19960000	-4.3655746e-09	9.294298	-0.008677334	-0.19416928	0.3303021	0.00826862	0.046625	49.0	10734.067548036575
499	142.91185	3.9071054	145.6	101.75	20.79147	20000000	7.450581e-09	9.14646	-0.009882139	-0.22025156	0.334509	0.005948091	0.038225	49.0	10752.925154924393
