Episode	TestRet	TestSteps	AverageEpRet	StdEpRet	MaxEpRet	MinEpRet	EpLen	Time
50	-60.00000089406967	80.0	-64.21	3.8408077	-54.850002	-75.200005	80.0	4 min 51 sec
100	-53.63000122122467	80.0	-60.189	6.835798	-47.05	-92.05	80.0	9 min 31 sec
150	-63.94000156596303	80.0	-56.852	21.878414	-14.050001	-161.1	80.0	13 min 53 sec
200	-88.05000301636755	80.0	-53.655	25.91871	-1.1500016	-137.1	80.0	18 min 0 sec
250	-73.77000244744121	80.0	-42.892002	22.971891	29.399998	-87.3	80.0	22 min 12 sec
300	-41.58500178046525	80.0	-31.253002	26.338062	28.999998	-96.700005	80.0	26 min 11 sec
350	-48.17500177323818	80.0	-21.143	27.640095	56.899998	-65.850006	80.0	30 min 22 sec
400	-66.68500273674726	80.0	-12.792002	34.676792	80.15	-59.250004	79.52	34 min 29 sec
450	-52.425002203136685	80.0	2.8419983	42.017433	89.35	-67.0	79.16	38 min 41 sec
500	12.8999981302768	69.8	12.609998	41.6997	105.9	-61.100002	78.62	42 min 49 sec
550	-1.3300029084086418	79.8	33.382996	48.184708	112.55	-67.0	73.92	46 min 48 sec
600	-40.750003746151926	80.0	47.034	43.754585	114.9	-42.100002	71.68	50 min 44 sec
650	83.66999873556196	49.1	77.545	40.385952	116.5	-49.850002	57.12	53 min 55 sec
700	56.21999806128442	66.2	76.636	38.74393	121.0	-21.500002	58.66	57 min 14 sec
750	7.0299963019788265	67.4	85.81699	34.608498	122.45	-38.9	54.76	1 h 0 min
800	41.37499670721591	58.7	89.37699	32.306614	120.25	-9.100001	49.88	1 h 3 min
850	26.989996954426168	66.8	87.545	35.90281	120.9	-61.45	52.34	1 h 6 min
900	43.96999709121883	67.6	89.44399	31.078587	120.8	5.4999986	50.72	1 h 10 min
950	90.85999840013683	40.6	81.453	33.685043	119.1	-28.7	55.88	1 h 13 min
1000	28.43499691672623	68.7	92.562996	25.207848	121.6	18.999998	51.04	1 h 16 min
1050	79.91499876305461	56.0	94.440994	24.248314	122.4	10.249999	47.08	1 h 19 min
1100	69.92499831840396	56.3	95.473	26.601028	121.75	3.0999987	48.78	1 h 22 min
1150	100.25499912574887	45.7	95.814	25.923225	122.6	36.899998	47.74	1 h 25 min
1200	91.46499874405563	48.1	97.199	29.373806	123.3	-1.2500007	46.66	1 h 28 min
1250	116.62499951198697	32.3	86.768	32.697033	123.0	-31.35	55.4	1 h 31 min
1300	85.6199989438057	60.4	98.36801	27.107882	124.65	-3.250001	47.24	1 h 34 min
1350	88.84999867863954	49.6	93.531	30.08009	124.05	-17.85	50.36	1 h 37 min
1400	82.71999883241952	56.5	90.235	37.3453	123.5	-22.6	49.12	1 h 40 min
1450	103.43999906741082	41.0	88.244	37.223618	124.55	-49.25	51.96	1 h 43 min
1500	86.80999860018491	50.6	93.277	31.244947	126.45	0.49999914	50.14	1 h 46 min
1550	110.9899993468076	36.1	97.495995	28.183233	124.05	-27.050001	48.1	1 h 49 min
1600	89.65499863401055	46.5	87.874	33.975792	124.75	-37.100002	54.64	1 h 52 min
1650	34.739997521042824	80.0	79.765	37.119194	124.45	4.8999987	57.32	1 h 55 min
1700	93.82499910704792	52.5	91.466995	35.770905	124.7	-56.2	50.28	1 h 59 min
1750	86.20499887168407	53.7	90.402	36.572216	124.4	-26.050001	49.36	2 h 1 min
1800	106.70499936118722	40.7	90.067	35.503845	125.2	-26.300001	50.94	2 h 4 min
1850	119.10499949604272	27.1	105.575	24.759317	126.0	0.14999938	39.78	2 h 7 min
1900	121.05999955050648	25.4	89.754005	31.18827	127.0	-10.000001	54.82	2 h 10 min
1950	118.22999945878982	27.4	93.02301	33.945854	123.7	-19.5	47.72	2 h 13 min
2000	101.33499923758208	44.0	94.521	33.839115	125.65	-49.2	49.78	2 h 16 min
2050	116.56999936662615	27.2	101.043	24.499487	124.45	44.899998	45.7	2 h 18 min
2100	106.50999932512642	38.2	85.646996	40.379093	128.25	-38.5	53.6	2 h 21 min
2150	103.32999917753041	42.0	93.896	33.16733	126.85	5.4999995	48.8	2 h 24 min
2200	120.87499955482781	25.9	104.58399	23.271248	128.0	54.199997	42.64	2 h 27 min
2250	112.83999927826225	31.0	102.45901	26.881004	124.2	31.349998	43.06	2 h 30 min
2300	92.17499863132835	41.7	80.934	46.61943	124.45	-54.8	53.08	2 h 33 min
2350	103.35999913997948	40.6	93.284004	35.242523	126.55	-5.7000012	47.48	2 h 35 min
2400	107.5049991313368	35.7	102.635994	29.022223	126.7	12.199999	42.28	2 h 38 min
2450	109.86999935656786	36.2	86.129005	37.882202	125.45	-50.3	54.2	2 h 41 min
2500	120.68999953120947	25.4	99.54699	33.50769	126.8	-13.950001	43.22	2 h 44 min
2550	116.72499942220747	28.9	99.15099	32.244274	125.4	-37.3	45.4	2 h 46 min
2600	119.02499946318567	26.1	94.046	35.02712	127.6	7.7499986	46.76	2 h 49 min
2650	119.86999952755869	26.8	101.852005	26.569353	125.95	40.35	42.08	2 h 52 min
2700	122.5749995764345	23.5	97.54101	34.473747	125.9	-9.85	44.44	2 h 54 min
2750	106.9149993441999	39.7	94.616005	32.9757	127.4	0.74999934	48.72	2 h 57 min
2800	108.38999926261604	35.6	102.59901	26.206888	126.65	48.649998	43.04	3 h 0 min
2850	105.53999931439758	41.2	103.62301	24.998077	128.3	52.35	42.04	3 h 2 min
2900	102.229999230057	40.6	90.836	35.878937	126.55	-42.15	51.7	3 h 5 min
2950	122.28999956995249	23.8	101.046005	26.05162	126.25	41.0	44.72	3 h 8 min
3000	123.47999961525201	23.2	102.509	27.454395	127.75	21.15	42.58	3 h 11 min
3050	107.19999935626984	39.6	100.746	30.299124	127.3	5.1999984	43.76	3 h 13 min
3100	119.7849995315075	27.1	107.97901	24.385756	128.5	37.2	39.56	3 h 16 min
3150	92.87999938689173	44.0	95.80201	36.17926	125.3	-20.550001	45.94	3 h 19 min
3200	118.59499945826829	26.7	88.807	37.30406	126.95	-16.400002	51.08	3 h 21 min
3250	123.26499960683286	23.3	95.051	32.922726	128.3	-10.150001	47.84	3 h 24 min
3300	106.99499938189983	40.9	97.52001	38.933468	126.8	-42.0	44.48	3 h 27 min
3350	122.93499957844615	22.9	109.6	22.767523	128.0	41.149998	36.76	3 h 29 min
3400	122.82999960370361	24.0	93.18701	39.119236	126.15	-29.45	46.04	3 h 32 min
3450	103.23999918326736	40.8	105.537994	27.813751	127.15	-0.30000022	39.84	3 h 35 min
3500	104.37499922849238	40.3	98.592	31.187454	127.95	1.4499991	45.52	3 h 37 min
3550	122.56999957337976	23.4	88.17398	40.818413	127.7	-21.35	50.58	3 h 40 min
3600	127.28499972708524	20.1	103.48	29.686935	128.4	20.3	40.84	3 h 43 min
3650	123.7699996303767	23.2	99.77301	33.988716	126.3	-4.8000007	42.2	3 h 45 min
3700	123.42499962076545	23.5	101.327995	29.008722	127.75	18.849998	44.22	3 h 48 min
3750	122.79499961026013	24.3	99.357	35.123524	127.85	-31.400002	42.34	3 h 51 min
3800	123.20999961793423	23.8	95.723	37.939163	127.55	-26.000002	45.32	3 h 53 min
3850	98.34999905452132	40.6	85.608	39.6645	126.55	-7.900001	52.44	3 h 56 min
3900	122.48499957732857	23.7	101.745	29.694689	127.3	-7.750001	43.1	3 h 59 min
3950	120.794999505952	24.3	101.34801	31.650787	128.7	-1.8500006	42.88	4 h 1 min
4000	120.60499954633414	26.1	92.318	36.84111	126.45	-29.050001	49.04	4 h 4 min
4050	122.10999959409237	25.0	106.385994	27.303926	126.9	19.05	38.16	4 h 7 min
4100	123.68499962314964	23.1	96.676	31.389633	126.85	28.349998	46.56	4 h 9 min
4150	104.58999919779599	38.8	86.27899	51.202583	130.55	-50.350002	46.6	4 h 12 min
4200	123.9599996123463	22.2	104.328995	27.714735	125.85	10.849999	38.86	4 h 15 min
4250	123.62999961748719	23.0	107.61199	29.862032	128.6	4.649999	35.6	4 h 17 min
4300	125.3449996650219	21.5	104.86	33.442013	127.1	-51.600002	37.48	4 h 19 min
4350	124.8049996536225	22.1	105.784	24.506643	127.5	49.35	40.86	4 h 22 min
4400	124.14499959684909	21.3	103.451004	30.105982	128.3	5.8999987	41.18	4 h 24 min
4450	125.99999969638884	21.4	106.254005	28.097908	128.25	26.699999	39.58	4 h 27 min
4500	126.63499970436096	20.5	106.558	27.22394	126.8	7.949999	38.72	4 h 29 min
4550	125.16999965868891	21.6	104.602005	28.359266	129.75	20.05	41.72	4 h 32 min
4600	125.31499968022108	22.1	102.101006	32.13628	127.45	-2.9500008	42.42	4 h 34 min
4650	127.26499973163008	20.3	105.632996	36.824173	130.05	-41.350002	36.32	4 h 37 min
4700	124.27499963715672	22.5	101.33102	46.100227	129.15	-56.9	35.36	4 h 39 min
4750	123.79999961517751	22.6	102.311005	30.64543	127.75	-21.650002	43.6	4 h 42 min
4800	126.044999679178	20.7	98.677	35.56236	127.65	-25.900002	43.54	4 h 44 min
4850	112.68999942988157	34.2	101.832	31.201925	129.2	9.799999	42.5	4 h 47 min
4900	124.50499966032802	22.9	105.023994	35.357082	128.25	-52.95	37.68	4 h 49 min
4950	127.50499972738325	19.7	105.996	29.7391	127.2	-10.800001	38.42	4 h 51 min
5000	102.75999920517206	40.9	104.07	29.904978	128.4	-11.350001	40.58	4 h 54 min
5050	126.35499966740608	19.7	103.754005	30.697388	127.15	0.29999906	39.5	4 h 56 min
5100	125.72999969348311	21.8	105.66301	33.85458	130.55	-26.550001	37.4	4 h 59 min
5150	125.06499963924288	21.1	106.694	33.586674	128.0	-12.200001	36.32	5 h 1 min
5200	124.97499963454902	21.1	106.83099	30.801573	127.45	-13.300001	36.88	5 h 3 min
5250	125.47499967738986	21.7	102.68199	36.06903	128.25	-17.650002	37.94	5 h 5 min
5300	122.01499949134886	21.5	100.871	35.589657	128.85	-18.35	41.44	5 h 8 min
5350	125.10499963015317	20.7	103.601006	32.267788	129.1	6.949999	40.3	5 h 10 min
5400	125.69999966956675	21.0	105.44399	36.632584	129.55	-21.5	36.18	5 h 13 min
5450	115.30499949194491	30.9	103.034004	34.129505	128.25	-20.300001	40.58	5 h 15 min
5500	124.41499962210655	21.7	101.687996	32.848324	126.85	-3.550001	41.54	5 h 18 min
5550	125.34999965131283	21.0	104.045	30.018948	128.6	0.24999894	40.58	5 h 20 min
5600	101.79999901875854	37.6	94.256004	41.107666	128.7	-12.000001	44.72	5 h 23 min
5650	127.28499971032143	19.5	105.04	33.55757	128.7	-29.2	38.74	5 h 25 min
5700	126.05499965734779	19.9	109.609	37.12161	129.7	-32.0	31.38	5 h 27 min
5750	122.23999952152371	21.9	105.355995	31.648857	128.65	-4.1000004	37.86	5 h 30 min
5800	127.24999972805381	20.2	112.313995	27.201292	129.2	-17.850002	33.4	5 h 32 min
5850	126.7549996882677	19.7	106.133995	27.678686	129.7	38.85	39.64	5 h 34 min
5900	125.22499964758754	21.1	107.114006	30.750505	129.1	12.699999	36.88	5 h 37 min
5950	128.1249997317791	18.7	92.855	43.43858	129.75	-46.65	45.82	5 h 39 min
6000	122.1399995509535	23.4	106.101006	25.705017	129.25	53.949997	40.76	5 h 42 min
6050	118.7249995265156	28.9	116.449005	24.723934	129.2	-16.250002	28.46	5 h 44 min
6100	125.22499965876341	20.0	107.80699	26.908794	128.8	25.949999	37.34	5 h 46 min
6150	124.07999957948923	20.8	98.146996	36.170986	128.75	-2.8000007	43.34	5 h 49 min
6200	129.18499976471065	17.9	107.83099	30.742218	129.7	9.899999	35.24	5 h 51 min
6250	123.89999959245324	21.6	108.29701	33.896362	129.3	-30.650002	34.96	5 h 53 min
6300	127.7499997317791	19.4	111.00801	29.847479	130.65	-1.2500011	32.52	5 h 55 min
6350	128.33499974273144	18.7	109.873	28.684925	129.8	10.799999	35.28	5 h 58 min
6400	128.4399997342378	18.2	102.993996	42.44861	129.5	-38.2	35.62	6 h 0 min
6450	121.9499995522201	23.8	108.065994	28.507824	127.65	17.949999	36.12	6 h 2 min
6500	128.27999975942075	19.4	114.12601	25.551771	130.25	9.149999	30.98	6 h 4 min
6550	126.55499968342482	19.9	108.523994	31.399658	129.2	-15.700001	35.22	6 h 7 min
6600	125.72499964013696	19.9	112.40099	24.102798	130.2	50.85	33.94	6 h 9 min
6650	127.58499971479178	19.1	105.59899	34.109997	129.6	-35.7	38.42	6 h 11 min
6700	109.22499942034483	39.5	107.679	32.686348	128.2	-29.65	35.58	6 h 14 min
6750	112.4299994006753	33.0	101.48399	42.295517	128.8	-43.45	37.16	6 h 16 min
6800	127.25499969758093	19.1	101.89801	35.96314	128.5	-13.050001	40.76	6 h 18 min
6850	126.37999966032802	19.4	110.53701	27.284985	130.25	24.949999	35.1	6 h 21 min
6900	125.16499962769448	20.5	114.032005	26.763765	130.15	26.75	30.14	6 h 23 min
6950	122.8549995407462	21.7	101.042	39.982273	129.7	-17.250002	38.5	6 h 25 min
7000	126.69499968513847	19.7	109.49	32.29913	131.2	-37.2	34.62	6 h 27 min
7050	125.44499964229763	20.5	110.311	31.185421	128.7	-22.050001	33.92	6 h 29 min
7100	124.78999963887036	21.6	106.620995	29.519703	128.6	25.699999	38.24	6 h 32 min
7150	126.55499968342482	19.9	107.72301	38.527546	129.85	-5.650001	32.58	6 h 34 min
7200	127.73499972261489	19.1	108.09601	32.07434	128.5	-26.250002	35.48	6 h 36 min
7250	126.7349996984005	20.1	107.633995	27.777002	129.15	29.999998	37.78	6 h 38 min
7300	125.37999963611364	20.4	114.445	25.239119	129.4	17.199999	31.14	6 h 40 min
7350	123.7999995984137	22.0	115.039	20.813112	128.55	32.95	30.5	6 h 43 min
7400	127.04999970085919	19.6	108.546005	31.837042	129.9	-18.150002	35.08	6 h 45 min
7450	127.10999970398844	19.6	100.364006	37.89257	128.55	-19.6	40.94	6 h 47 min
7500	123.00499952621757	20.9	106.438995	27.561377	128.6	23.199999	39.36	6 h 50 min
7550	104.41499923057854	40.3	112.29699	30.90142	130.3	-24.900002	30.74	6 h 52 min
7600	126.17999968901276	20.8	107.872	32.193245	128.5	-5.9000006	36.12	6 h 54 min
7650	124.62999964728951	22.2	111.382996	31.58073	128.15	-44.2	32.66	6 h 56 min
7700	113.75499939285218	31.3	94.952	34.857655	128.5	1.899999	47.4	6 h 59 min
7750	127.30999969765544	19.0	106.256004	28.716145	129.95	19.3	38.94	7 h 1 min
7800	127.03499968610704	19.1	101.565	39.93329	129.5	-25.1	38.92	7 h 4 min
7850	126.70999969430268	20.0	113.991	26.609598	130.35	-8.150001	30.56	7 h 5 min
7900	127.7149997215718	19.1	106.678	37.32962	129.1	-28.100002	34.98	7 h 8 min
7950	125.73999961577356	19.0	105.147995	36.913525	130.25	-28.650002	37.98	7 h 10 min
8000	128.49499973990024	18.3	103.995	37.12436	130.75	-26.000002	37.9	7 h 12 min
8050	123.42999962940812	23.8	106.425995	40.881287	129.5	-42.050003	32.88	7 h 14 min
8100	126.89499968998135	19.5	104.33099	35.56106	128.2	-27.900002	38.18	7 h 17 min
8150	126.2899996612221	19.6	104.54501	39.89985	130.25	-38.9	35.7	7 h 19 min
8200	128.37499975599349	19.1	108.15099	29.548168	131.3	33.75	36.56	7 h 21 min
8250	108.00499925427138	37.8	99.88199	39.53237	128.4	-27.550001	39.44	7 h 24 min
8300	126.70499968566	19.7	104.156	38.054226	129.95	-26.750002	36.62	7 h 26 min
8350	127.5199997253716	19.6	110.432	26.73319	130.55	27.4	34.34	7 h 28 min
8400	124.19999959133565	21.0	108.91999	29.423573	129.5	13.45	35.44	7 h 30 min
8450	123.35999958105386	22.2	110.36	28.348186	130.35	35.449997	33.62	7 h 32 min
8500	123.33499960824847	23.2	98.421	36.807068	130.3	-37.4	43.7	7 h 35 min
8550	121.98499954007566	23.3	112.036	24.397074	129.5	35.55	34.12	7 h 37 min
8600	126.58499967381358	19.5	92.43699	44.36511	129.8	-41.100002	45.28	7 h 40 min
8650	127.61499973870814	19.9	105.908005	34.819714	129.15	-21.35	36.44	7 h 42 min
8700	128.84999975003302	18.0	110.363	35.514965	129.15	-19.5	31.22	7 h 44 min
8750	125.10499966517091	20.6	106.78098	31.458216	128.7	4.399999	37.54	7 h 47 min
8800	128.43999974541367	18.6	101.25699	39.980476	130.35	-18.200003	38.56	7 h 49 min
8850	117.00999948754907	30.8	104.38601	38.652824	129.2	-30.350002	36.76	7 h 51 min
8900	100.45499912612141	38.5	101.885	41.293552	129.55	-40.4	38.24	7 h 54 min
8950	126.1999996677041	20.0	110.908	27.034515	130.55	22.8	34.18	7 h 56 min
9000	126.68999966531992	19.0	106.31499	32.379833	130.15	10.649999	36.86	7 h 58 min
9050	101.40999916866421	38.6	102.056	31.23156	128.9	37.3	42.72	8 h 1 min
9100	127.96999972090126	18.6	110.128	31.19902	128.5	-43.7	33.94	8 h 3 min
9150	108.16499936133623	38.7	119.573	15.679777	130.15	28.8	26.4	8 h 5 min
9200	127.01499970182776	19.7	100.124	38.17026	131.1	-25.2	40.66	8 h 7 min
9250	124.77999963276088	21.4	106.425995	29.63967	129.0	2.3999991	38.74	8 h 10 min
9300	123.45999958813191	22.0	108.827	33.914654	130.25	-9.25	33.64	8 h 12 min
9350	127.684999717772	19.1	108.484	30.448446	129.3	-0.9500009	35.5	8 h 14 min
9400	128.88999974094332	17.6	105.229004	38.31656	130.55	-22.100002	35.66	8 h 17 min
9450	124.50499959550798	20.4	109.18699	35.14198	129.6	-25.500002	33.16	8 h 19 min
9500	127.85499972775578	19.2	110.051994	29.066881	129.8	-0.85000044	35.06	8 h 21 min
9550	126.83999967873096	19.2	108.12601	37.726864	131.4	-30.7	33.4	8 h 23 min
9600	108.72499935999512	39.9	102.14199	37.584057	130.9	-35.600002	39.06	8 h 25 min
9650	124.48999960198998	20.8	107.76	33.395218	129.3	-3.8000007	36.18	8 h 28 min
9700	126.59999966174364	18.8	104.684006	42.510323	129.5	-48.550003	35.68	8 h 30 min
9750	120.2199995379895	26.1	112.198	32.43031	130.75	-54.600002	31.52	8 h 32 min
9800	124.55499958209694	19.9	113.223	27.808979	130.2	17.4	31.6	8 h 34 min
9850	125.70999966561794	20.7	110.694	27.836847	130.05	18.4	33.86	8 h 37 min
9900	103.03999912925065	40.2	95.18801	40.107777	128.95	-14.900001	44.82	8 h 39 min
9950	108.87999936565757	36.8	103.065	33.680027	128.85	-26.2	40.3	8 h 42 min
10000	122.78499952033162	21.1	98.985	45.306904	129.25	-35.7	38.82	8 h 44 min
10050	125.53499961346388	19.3	115.06	24.401989	129.95	10.349999	30.38	8 h 46 min
10100	127.20499968379735	18.7	108.51999	29.974365	130.65	-5.7000012	36.7	8 h 48 min
10150	128.07999973781406	19.0	111.26101	32.587112	131.3	-13.85	32.6	8 h 51 min
10200	117.43999955430627	31.8	97.022	50.53554	130.75	-40.350002	37.78	8 h 53 min
10250	124.92499963752925	21.3	113.988	29.067314	128.85	-32.75	29.08	8 h 55 min
10300	128.2799997203052	18.0	105.468994	38.383636	130.7	-32.0	35.72	8 h 57 min
10350	126.75499967709183	19.3	105.11301	37.461113	129.25	-42.550003	36.46	8 h 59 min
10400	127.71499972715974	19.3	112.645996	31.590061	130.45	-2.9000008	30.5	9 h 1 min
10450	127.06499967649579	18.7	100.55601	41.03038	129.1	-21.000002	39.2	9 h 4 min
10500	127.7299996972084	18.2	107.98599	34.62815	129.0	-22.500002	34.38	9 h 6 min
10550	126.51499966457486	19.3	112.518	30.6235	129.35	-20.45	31.66	9 h 8 min
10600	128.73499973006545	17.5	115.18699	25.297884	130.25	15.849998	30.0	9 h 10 min
10650	126.28499963581562	18.7	101.86699	45.789932	130.75	-54.600002	35.98	9 h 12 min
10700	128.99999974668026	17.6	114.358	33.68721	130.55	-13.700001	27.1	9 h 14 min
10750	105.60999968461692	36.4	111.41	26.693949	131.2	25.349998	34.78	9 h 17 min
10800	129.33499975576996	17.3	112.292	30.265715	130.0	-29.300001	31.86	9 h 19 min
10850	104.23499934338034	36.0	110.955	33.22997	129.35	-13.8	31.48	9 h 21 min
10900	128.0149997148663	18.3	114.756	29.747477	129.75	-37.7	29.6	9 h 23 min
10950	128.91499974504114	17.7	95.13999	43.553997	129.0	-34.4	43.1	9 h 25 min
11000	126.76499969437718	19.9	102.753	39.752064	129.85	-35.65	37.54	9 h 28 min
11050	123.90499960891903	21.8	108.50499	28.379057	129.35	27.0	37.04	9 h 30 min
11100	129.05999975539743	17.8	110.312004	27.529982	130.8	32.95	35.36	9 h 32 min
11150	126.19499970376492	21.3	112.867004	24.4155	130.9	47.0	33.26	9 h 34 min
11200	121.89999966733157	24.2	107.49701	32.374996	130.25	-9.050001	36.18	9 h 36 min
11250	127.5849996868521	18.1	112.936005	27.847054	129.95	16.4	31.7	9 h 39 min
11300	123.61499958522617	21.7	104.988	37.783165	130.15	-36.05	35.9	9 h 41 min
11350	126.99999969825149	19.6	115.18	29.175917	130.2	-36.100002	29.2	9 h 43 min
11400	127.0249996855855	19.1	101.79	38.12555	129.75	-27.750002	40.0	9 h 45 min
11450	128.2899997431785	18.8	102.1	44.487522	130.45	-50.65	36.36	9 h 48 min
11500	107.3849993340671	38.7	107.645996	33.55975	129.7	18.05	35.2	9 h 50 min
11550	128.9949997548014	17.9	112.226	27.274551	131.7	21.05	32.54	9 h 52 min
11600	127.64499969556928	18.3	105.803	33.881058	129.9	-2.0500007	37.84	9 h 54 min
11650	126.86999968588353	19.4	112.165	24.763048	130.95	48.35	34.28	9 h 56 min
11700	117.13999947793782	29.8	106.876	35.98441	130.8	-11.050001	35.44	9 h 59 min
11750	127.83499971106649	18.5	113.897	29.432909	130.7	-6.0000005	30.52	10 h 1 min
11800	125.2699996303767	20.4	110.083	31.281105	130.4	-1.7500011	33.7	10 h 3 min
11850	109.68999948687852	31.7	107.255	36.593723	130.7	-26.75	34.82	10 h 5 min
11900	116.79499954618514	32.7	107.163994	33.103283	129.3	-29.400002	37.44	10 h 8 min
11950	118.4899995110929	28.8	109.98499	26.357021	130.5	38.449997	36.94	10 h 10 min
12000	113.78499946892262	30.8	112.232	29.353436	130.85	-16.750002	33.02	10 h 12 min
12050	128.62499974668026	18.3	100.813995	37.309917	129.9	-19.400002	41.54	10 h 15 min
12100	109.04499934464693	38.1	104.51	35.49204	130.05	1.0999991	37.32	10 h 17 min
12150	128.1749997369945	18.5	104.49501	33.69286	130.55	-1.8000005	39.0	10 h 19 min
12200	128.0499997381121	19.0	100.447014	42.235817	130.7	-48.850002	40.08	10 h 22 min
12250	129.41499977111818	17.7	101.414	37.320107	129.85	-17.600002	40.22	10 h 24 min
12300	127.93499971069396	18.3	102.82101	42.750927	129.85	-29.0	36.34	10 h 26 min
12350	127.63999969251454	18.2	107.568	29.788597	130.85	3.6999986	37.38	10 h 28 min
12400	113.04499947205186	30.4	108.60899	35.270683	128.2	-21.4	33.08	10 h 31 min
12450	114.30999942347407	30.2	109.382996	26.201853	130.0	28.9	37.28	10 h 33 min
12500	128.3849997397512	18.5	111.9	26.485334	129.65	32.199997	33.96	10 h 35 min
12550	128.08999971598388	18.2	111.051994	24.552666	130.2	37.7	36.24	10 h 37 min
12600	125.52999965399503	20.8	110.628	35.46946	128.9	-51.95	32.52	10 h 40 min
12650	127.8949997086078	18.3	107.572	31.82824	130.05	7.049999	36.78	10 h 42 min
12700	122.73999949842691	20.4	106.841	36.38695	130.15	-21.050001	35.64	10 h 44 min
12750	126.06999966092408	20.0	95.33301	44.38863	130.75	-27.550001	43.2	10 h 47 min
12800	127.4949996765703	17.9	115.616	23.150576	130.9	54.0	31.02	10 h 49 min
12850	116.04999950006604	29.8	113.055	29.634792	130.8	-23.75	31.72	10 h 51 min
12900	128.53999972827734	17.8	107.853	30.539457	131.7	-3.7000005	37.32	10 h 53 min
12950	125.7849996265024	19.3	108.448	31.122948	130.5	-11.350001	35.52	10 h 55 min
13000	129.70499975830316	16.7	103.63901	38.969017	130.35	1.1999995	36.26	10 h 57 min
13050	130.45499978922308	16.3	107.662	38.31694	129.8	-20.45	33.58	11 h 0 min
13100	126.1949996534735	19.5	107.457985	35.22335	131.25	0.44999823	34.18	11 h 2 min
13150	127.73499968908727	17.9	105.18499	43.15385	131.7	-42.800003	33.2	11 h 4 min
13200	121.64999958388508	23.9	101.851	39.09183	130.5	3.599999	38.4	11 h 6 min
13250	128.04999975673854	18.4	104.254005	38.11753	131.1	-10.050001	36.52	11 h 8 min
13300	127.41999968104065	18.2	109.76799	36.57319	129.95	-46.850002	32.5	11 h 11 min
13350	130.0249997805804	16.9	114.67	22.502058	131.2	58.25	32.66	11 h 13 min
13400	117.31499956510962	30.2	110.45899	33.72351	130.8	-36.5	33.28	11 h 15 min
13450	124.6799996331334	21.6	112.79699	29.003586	130.2	-24.6	32.2	11 h 17 min
13500	106.65499947555364	31.8	110.153	32.920692	129.6	-27.65	33.06	11 h 19 min
13550	112.0099995046854	36.7	110.035995	35.422207	131.6	-8.400002	32.76	11 h 22 min
13600	125.42999964877963	20.5	108.23301	35.57568	130.7	-28.0	34.98	11 h 24 min
13650	127.51499967761337	17.9	105.961	34.91519	129.8	-9.950001	37.58	11 h 26 min
13700	129.4349997498095	16.9	107.563995	29.920408	129.2	10.95	37.52	11 h 28 min
13750	127.38999968506396	18.4	107.053	31.245031	131.0	7.649999	37.68	11 h 31 min
13800	128.1799997318536	18.6	108.407005	32.27532	130.1	9.449999	34.98	11 h 33 min
13850	89.94499906115234	49.4	106.603004	30.893463	130.05	36.6	37.42	11 h 35 min
13900	127.91499972082674	18.7	96.09099	39.875286	129.65	-29.85	45.0	11 h 38 min
13950	124.91999961212278	20.4	110.71	30.373053	131.5	-5.2000012	33.82	11 h 40 min
14000	126.62499967031181	19.3	114.056	24.471134	131.25	51.5	32.6	11 h 42 min
14050	111.96999931111932	33.3	108.268	33.697433	130.8	-13.650001	34.38	11 h 44 min
14100	129.2249997779727	18.3	99.177	38.57366	131.2	-13.900001	43.26	11 h 47 min
14150	125.94499963484705	19.3	97.75699	40.177402	130.25	-10.300001	43.54	11 h 49 min
14200	129.29499973692	16.7	110.6	33.335754	131.1	-41.55	33.4	11 h 51 min
14250	127.54499969594181	18.5	111.100006	27.518875	130.3	10.4	36.72	11 h 53 min
14300	127.14999971725047	20.0	104.303	38.476295	130.25	-45.100002	38.1	11 h 56 min
14350	128.15499973334371	18.7	103.017	38.165047	130.65	-21.800001	39.18	11 h 58 min
14400	127.32499968446791	18.5	99.254	41.71983	129.9	-46.55	41.9	12 h 1 min
14450	126.40499965250493	18.9	101.40401	38.35328	129.95	-9.750001	39.72	12 h 3 min
14500	128.15999972522258	18.4	112.618996	28.661419	129.95	-0.7500004	33.02	12 h 5 min
14550	124.88499961309135	20.5	116.495995	22.428656	130.55	40.7	30.24	12 h 7 min
14600	128.17999972626566	18.4	106.495995	32.87654	130.7	-3.4000006	36.94	12 h 10 min
14650	128.96999977305532	18.6	110.57001	31.830494	131.3	3.8999982	32.84	12 h 12 min
14700	105.15999918840825	37.4	116.40099	21.37451	131.1	44.949997	30.2	12 h 14 min
14750	92.98999918960035	46.0	111.085	29.10299	130.1	23.15	32.82	12 h 16 min
14800	112.8599992994219	32.0	110.983	36.083168	130.0	-28.900002	30.56	12 h 18 min
14850	129.44999976456165	17.4	101.535995	36.075077	130.7	-10.250001	40.48	12 h 21 min
14900	129.50999977886676	17.8	112.512	26.370588	130.7	10.599999	33.46	12 h 23 min
14950	120.00999958440661	26.6	97.786995	34.589695	130.5	17.4	45.1	12 h 26 min
15000	108.48499935269356	36.9	110.93499	30.0726	129.85	0.09999898	33.98	12 h 28 min
15050	127.01499969065189	19.3	104.96799	42.33451	130.55	-24.250002	34.02	12 h 30 min
15100	126.67499970085919	20.3	107.341	35.61644	130.55	-14.100001	35.26	12 h 32 min
15150	127.89499973095954	19.1	109.678	36.559074	129.5	-13.300001	31.74	12 h 34 min
15200	127.62999970316886	18.6	107.993996	33.994892	130.5	-19.35	35.28	12 h 36 min
15250	109.32499933242798	38.3	107.268	35.87355	129.65	-8.650002	34.88	12 h 39 min
15300	127.09999970905483	19.8	98.708	48.100266	129.3	-50.0	38.32	12 h 41 min
15350	125.22999962270259	20.2	110.508995	29.474758	129.75	0.8999996	33.3	12 h 43 min
15400	110.92499969899654	30.0	102.504	32.13604	129.35	0.24999878	42.7	12 h 46 min
15450	91.82999913468957	57.8	113.93801	27.257524	128.9	1.6499991	30.9	12 h 48 min
15500	127.5849997036159	18.7	107.509	30.061863	129.75	19.25	37.12	12 h 50 min
15550	126.51999967321754	19.6	94.048004	46.61082	130.85	-50.800003	44.18	12 h 52 min
15600	129.4299997691065	17.6	112.382	28.16207	130.05	29.35	32.8	12 h 55 min
15650	105.18999937325717	36.6	108.05899	30.99764	131.5	-11.900001	37.88	12 h 57 min
15700	126.43499966599047	19.5	112.071	26.403831	129.7	40.7	33.82	12 h 59 min
15750	129.0849997539073	17.7	105.13	36.30955	130.65	-10.500001	37.24	13 h 2 min
15800	111.01499961577356	37.1	103.605995	40.741173	130.8	-20.0	37.04	13 h 4 min
15850	127.20999971479178	19.8	97.980995	45.817616	130.5	-50.55	39.5	13 h 6 min
15900	127.58499969802797	18.5	108.898994	30.993015	130.25	1.799999	36.32	13 h 9 min
15950	125.93999962061643	18.8	103.195	37.022995	131.75	-27.300001	39.28	13 h 11 min
16000	128.39999974891543	18.8	109.20601	33.579315	130.35	-9.3	33.78	13 h 13 min
16050	129.0449997574091	17.9	101.962006	35.22583	129.3	-7.6500006	40.82	13 h 16 min
16100	128.8899997521192	18.0	106.854004	30.057444	129.2	15.499999	37.98	13 h 18 min
16150	127.88999971263111	18.4	116.52801	24.24169	131.3	21.8	27.78	13 h 20 min
16200	129.69999976083636	16.8	106.545	34.755375	131.0	4.7999997	36.66	13 h 22 min
16250	125.94499968364835	20.9	108.7	30.47685	130.05	6.5999994	35.8	13 h 24 min
16300	127.71999974884093	18.2	105.64101	31.99876	130.05	3.6999989	39.8	13 h 27 min
16350	127.83999970853328	18.4	99.52599	39.317997	130.4	-17.550001	42.12	13 h 29 min
16400	112.81999951191247	34.2	106.379005	37.804924	131.1	-19.25	35.08	13 h 31 min
16450	129.28499974757432	17.1	108.548	34.95271	130.6	-51.3	34.6	13 h 33 min
16500	124.74999966472387	22.6	102.95	37.269325	131.1	-41.0	39.72	13 h 36 min
16550	125.61499963998794	20.1	103.58401	42.360176	130.4	-44.550003	36.64	13 h 38 min
16600	76.24499932974577	55.8	95.522995	45.50575	130.8	-41.75	41.58	13 h 41 min
16650	127.51499968878925	18.3	107.278	35.430843	130.35	-10.600001	35.16	13 h 43 min
16700	93.40999952368438	35.5	102.559006	37.597477	130.25	-11.250001	39.0	13 h 45 min
16750	127.43999969884753	18.8	100.27	45.31853	129.8	-34.9	37.12	13 h 47 min
16800	127.95999971479178	18.4	106.11699	35.684864	131.4	-32.45	37.1	13 h 50 min
16850	127.52999968677759	18.2	107.629	33.654488	129.6	-7.350001	34.92	13 h 52 min
16900	125.71499964520335	20.1	107.67201	33.560253	130.05	-3.7000008	34.76	13 h 54 min
16950	128.1449997048825	17.7	102.263	41.31968	129.6	-18.85	36.58	13 h 57 min
17000	127.41999969780446	18.8	112.80899	23.450718	130.25	40.4	34.92	13 h 59 min
17050	128.7149997457862	18.1	100.61	43.591652	131.6	-51.25	38.8	14 h 1 min
17100	115.84499945640565	31.1	97.43499	45.225296	130.05	-27.300001	39.94	14 h 3 min
17150	128.6449997253716	17.3	111.96701	28.445133	129.85	-1.7000012	32.66	14 h 5 min
17200	129.23499974422157	16.9	98.53999	44.231968	130.8	-41.75	40.2	14 h 8 min
17250	125.74499964118004	19.6	102.409004	34.927765	130.3	-13.450001	40.18	14 h 10 min
17300	109.49499937668443	36.9	105.001	34.65778	130.35	10.199999	37.56	14 h 12 min
17350	128.7749997433275	17.9	103.201	36.988518	128.75	-31.150002	38.44	14 h 15 min
17400	128.17999972626566	18.4	111.86099	25.69182	130.5	15.099999	34.8	14 h 17 min
17450	118.36999946273863	28.4	100.163994	41.097004	131.05	-32.350002	39.92	14 h 19 min
17500	107.93499940410257	37.3	104.177986	32.77666	130.9	18.699999	40.08	14 h 22 min
17550	116.99499957188964	31.7	101.79199	33.077255	129.95	19.349998	43.22	14 h 24 min
17600	127.52999968975783	18.4	110.10801	28.805525	131.2	13.249999	36.18	14 h 27 min
17650	126.94499967023731	18.7	105.775	36.753723	129.85	-11.950001	36.46	14 h 29 min
17700	125.21999967060984	22.4	104.405	30.681108	131.3	10.15	41.8	14 h 32 min
17750	126.25499965660273	19.5	103.822	40.82278	130.55	-22.25	36.42	14 h 34 min
17800	130.2149997793138	16.5	108.145996	29.645098	130.6	19.399998	37.54	14 h 36 min
17850	107.31999967992306	29.5	106.324005	36.087772	131.0	-28.000002	36.4	14 h 38 min
17900	127.89999969489872	17.8	90.774994	41.54906	129.25	-21.1	47.76	14 h 41 min
17950	125.7549996394664	19.6	105.412	33.527283	130.85	-18.65	38.78	14 h 43 min
18000	128.23499972075223	18.1	103.825	34.37977	130.2	-16.35	40.26	14 h 46 min
18050	112.58499942198395	36.6	99.93699	34.153645	130.4	-18.45	43.86	14 h 49 min
18100	130.08499978929757	17.1	104.909004	34.574574	130.3	-5.7500005	37.7	14 h 51 min
18150	120.28999958783388	29.4	95.840996	49.210766	130.4	-50.65	39.96	14 h 53 min
18200	127.74499971605837	18.7	106.068	29.445555	131.0	6.149999	39.92	14 h 55 min
18250	113.79999946020544	35.6	105.22399	32.336132	131.4	22.549997	39.02	14 h 58 min
18300	127.92999971881508	18.6	105.925995	38.862316	131.2	-59.05	35.78	15 h 0 min
18350	127.15499969236552	19.1	106.28801	39.77941	130.3	-49.0	34.16	15 h 2 min
18400	129.25499975159764	17.3	112.119	26.646175	131.45	15.099999	34.2	15 h 4 min
18450	128.3199997279793	18.2	107.961	26.790049	131.7	32.1	39.2	15 h 7 min
18500	129.94999979622662	17.6	114.545	24.558992	132.35	19.499998	32.18	15 h 9 min
18550	125.79999963864684	19.2	114.793	22.72707	130.9	52.3	32.92	15 h 11 min
18600	113.91999943740666	30.8	105.899	32.980587	130.35	29.249998	36.8	15 h 13 min
18650	128.06999970935286	18.0	113.585	27.989353	131.0	27.649998	31.44	15 h 15 min
18700	124.10999959893525	21.3	116.742004	20.987036	131.0	46.55	30.62	15 h 17 min
18750	128.81499973274768	17.3	109.022	36.928875	131.2	-25.650002	33.3	15 h 19 min
18800	127.56999970562757	18.8	102.90699	33.849037	130.7	2.5999992	40.64	15 h 22 min
18850	127.68499970324338	18.5	107.947014	34.753178	130.7	-37.3	35.72	15 h 24 min
18900	128.07499969564378	17.5	109.215996	34.562878	130.25	-19.050001	34.42	15 h 26 min
18950	128.0899997305125	18.7	106.019	35.215694	129.6	4.949999	36.76	15 h 28 min
19000	127.0749996714294	18.5	106.70801	34.4522	131.95	-10.85	36.94	15 h 30 min
19050	128.93999973237516	17.2	111.16299	28.762346	130.95	16.349998	34.1	15 h 33 min
19100	127.05999972894787	18.7	105.547005	42.883293	130.45	-49.2	33.94	15 h 35 min
19150	125.11999960020185	19.6	114.469	31.26361	130.35	-21.300001	29.48	15 h 37 min
19200	107.95499933995306	36.4	112.787994	30.220114	130.55	-8.350001	31.62	15 h 39 min
19250	128.79499972760678	17.3	110.336	35.668365	130.5	-34.2	31.42	15 h 41 min
19300	129.73499977104365	17.1	112.06299	36.787174	130.25	-35.350002	29.82	15 h 43 min
19350	129.05499975793063	17.9	100.54401	40.385117	131.1	-14.450001	40.22	15 h 46 min
19400	127.6549997061491	18.7	109.55	33.60004	130.15	-5.250001	32.78	15 h 48 min
19450	121.3299996741116	25.2	104.406006	42.474354	131.65	-46.75	34.84	15 h 50 min
19500	129.34499977864326	18.1	112.185	27.748512	130.65	10.799999	33.12	15 h 52 min
19550	105.00999935306609	35.8	112.78499	29.83899	130.95	-38.15	32.14	15 h 54 min
19600	109.86999946944415	35.8	108.89001	34.458168	130.35	-10.100001	34.24	15 h 56 min
19650	108.86499938368797	36.0	104.76	47.235855	131.1	-37.8	31.82	15 h 59 min
19700	129.62499974295497	16.3	102.41799	45.339073	131.0	-60.300003	35.56	16 h 1 min
19750	124.81999964267015	19.0	101.967	39.308537	130.05	-32.7	40.0	16 h 3 min
19800	110.05999931171536	31.4	119.05601	21.789165	130.85	40.75	26.86	16 h 5 min
19850	129.3399997420609	16.8	119.042	18.710453	130.0	52.6	27.22	16 h 7 min
19900	120.48999957740307	29.0	114.16599	27.18498	130.8	-2.4000008	30.46	16 h 9 min
19950	106.23499933332205	39.2	98.86101	35.33958	130.95	25.199999	43.96	16 h 12 min
20000	128.1249996997416	17.7	101.510994	36.27202	130.15	-3.3500013	40.08	16 h 14 min
20050	123.6699996098876	21.9	107.79599	30.571892	130.65	29.699999	36.4	16 h 16 min
20100	85.32999918237329	56.6	104.53001	37.842087	129.85	-16.550001	36.34	16 h 19 min
20150	127.78499969951808	17.8	101.09601	37.07348	129.85	-18.1	41.48	16 h 21 min
20200	126.51999967321754	19.2	96.707	44.140465	130.55	-14.700002	40.68	16 h 23 min
20250	114.25999963395297	30.1	100.72	39.748528	130.35	-18.35	40.48	16 h 26 min
20300	128.0349996935576	17.5	106.879005	35.36707	130.15	-21.550001	35.96	16 h 28 min
20350	107.94499940685928	37.2	99.642	43.779125	130.65	-43.0	39.62	16 h 30 min
20400	127.1849996548146	17.7	108.437996	31.014303	132.05	30.3	35.2	16 h 32 min
20450	128.28499972335993	18.1	107.821	38.88215	129.55	-51.600002	32.9	16 h 35 min
20500	126.24499968476593	19.0	107.702	30.661453	129.55	19.949999	37.14	16 h 37 min
20550	112.5849993288517	30.3	103.97401	42.1404	130.7	-34.75	35.4	16 h 39 min
20600	126.83499965891242	18.5	112.24	28.70259	131.7	14.049998	33.06	16 h 41 min
20650	84.25499908141792	67.2	112.147995	29.325155	130.7	22.25	32.32	16 h 44 min
20700	126.374999666214	19.5	92.965996	40.3207	129.2	-24.400002	47.14	16 h 46 min
20750	110.3599995188415	36.2	99.677	43.559666	130.55	-43.75	39.76	16 h 49 min
20800	128.09999970532954	17.8	97.97	39.862278	130.35	-6.600001	42.34	16 h 51 min
20850	130.62499979510903	16.3	106.40399	35.004562	130.45	-19.650002	37.06	16 h 53 min
20900	126.03999967165291	18.9	101.306	38.839542	130.25	-15.550001	40.16	16 h 56 min
20950	108.21999935805798	37.6	101.964	39.38852	131.5	-35.4	38.8	16 h 58 min
21000	125.84499971494078	19.8	91.251	43.71215	130.65	-30.150002	47.12	17 h 1 min
21050	127.50999972261488	19.4	95.976	44.407345	130.0	-28.900002	41.66	17 h 3 min
21100	104.38499955795706	29.1	104.03299	32.191814	130.9	15.95	41.1	17 h 6 min
21150	127.22999969683588	19.0	105.63801	38.283474	130.55	-17.45	35.68	17 h 8 min
21200	106.5999993160367	36.6	107.87601	28.798002	129.95	18.15	37.66	17 h 10 min
21250	107.54999944679439	28.4	100.822	38.817165	129.95	-28.650002	40.06	17 h 13 min
21300	129.61999976560475	16.9	104.296	37.41358	130.15	-53.100002	37.92	17 h 15 min
21350	127.3949996881187	18.5	93.124	47.84565	130.25	-49.600002	43.06	17 h 18 min
21400	114.04999959915877	30.2	106.326	38.59473	130.0	-36.8	35.78	17 h 20 min
21450	119.57999962978064	29.7	110.94901	29.212406	131.75	4.35	34.66	17 h 22 min
21500	125.8049996163696	18.9	113.868	27.24048	131.0	-19.550001	31.16	17 h 24 min
21550	127.85999972261489	17.6	111.18299	26.731634	130.8	21.1	35.38	17 h 26 min
21600	115.74499947801232	30.9	105.644005	36.41655	130.35	-0.9000003	36.5	17 h 29 min
21650	126.28499966934324	19.9	107.795	35.21696	130.9	-3.2500005	35.06	17 h 31 min
21700	128.35499972254038	17.7	114.7	24.13398	131.2	37.149998	32.26	17 h 33 min
21750	97.4849994726479	38.0	110.385	32.85328	131.5	-13.150001	33.76	17 h 35 min
21800	126.17499963976442	18.7	109.678	31.08239	130.1	14.149999	35.28	17 h 37 min
21850	127.93499973453581	18.9	95.229004	42.086224	130.8	-2.2500005	42.8	17 h 40 min
21900	115.51999959684909	29.6	113.315	30.111538	130.8	-42.25	32.34	17 h 42 min
21950	112.69499957151712	36.1	105.587006	34.75244	130.15	-18.95	37.86	17 h 44 min
22000	125.06499963067472	20.9	110.40598	29.381136	130.55	17.349998	33.98	17 h 46 min
22050	104.44499947540461	49.1	106.593994	32.326363	130.3	15.199999	36.72	17 h 49 min
22100	127.4049996830523	18.3	112.888	28.43803	130.85	12.349999	31.72	17 h 51 min
22150	115.67499956302345	34.1	107.157005	31.838211	131.2	-6.800001	37.46	17 h 53 min
22200	110.13999936245382	36.5	111.26201	28.098074	131.5	-4.550001	34.08	17 h 56 min
22250	116.3199994634837	31.0	109.568985	34.835346	130.85	-16.750002	33.68	17 h 58 min
22300	129.1649997469038	17.3	108.21499	34.712696	131.95	-16.2	35.48	18 h 0 min
22350	129.08999975696207	17.8	112.802	29.285461	131.0	-0.4500009	31.58	18 h 2 min
22400	107.85499958619475	31.0	97.115	41.559654	131.4	-26.900002	43.06	18 h 5 min
22450	125.42499961815774	19.5	106.564	38.274204	130.5	-41.9	34.34	18 h 7 min
22500	126.76999969743193	20.0	103.605995	36.87478	130.55	-33.45	39.02	18 h 10 min
22550	127.8699997600168	17.5	103.01601	40.46555	130.2	-56.350002	38.26	18 h 12 min
22600	116.62999955043196	32.0	104.59699	31.620981	130.35	5.399999	40.06	18 h 14 min
22650	128.22499971464276	17.9	103.24899	38.225838	129.75	-46.45	38.62	18 h 17 min
22700	96.56999915577471	53.9	116.929	16.573988	129.6	78.299995	31.9	18 h 19 min
22750	116.9499994982034	30.2	106.62601	29.406963	131.1	16.65	38.7	18 h 22 min
22800	128.4849997151643	17.3	107.08301	31.644	130.3	13.549999	37.2	18 h 24 min
22850	127.52499971538782	18.9	90.835	39.484123	130.25	-1.7000006	49.68	18 h 27 min
22900	105.00499961227179	31.4	107.586006	30.125269	131.2	27.55	37.78	18 h 29 min
22950	110.81999936103821	36.0	92.914	38.531845	128.95	-7.8000007	47.86	18 h 32 min
23000	127.06499968767166	19.1	104.828995	32.885227	130.8	-5.150001	39.14	18 h 34 min
23050	130.72999980337917	16.4	97.58399	38.3459	130.0	-47.15	45.18	18 h 37 min
23100	126.39999965578318	19.2	106.22099	36.075367	131.15	-24.050001	37.02	18 h 39 min
23150	116.32999956682325	32.4	102.591	37.30124	131.1	-14.3	39.44	18 h 42 min
23200	126.26999967359006	19.9	111.32499	30.30435	131.4	0.24999933	33.92	18 h 44 min
23250	105.374999589473	36.3	100.33598	39.701553	130.0	-28.5	40.18	18 h 46 min
23300	127.0699996907264	19.2	108.797005	33.781	130.15	-35.3	34.8	18 h 49 min
23350	128.75999972857534	17.4	111.374	29.720167	131.3	-0.9000007	33.68	18 h 51 min
23400	128.17499970644712	17.7	102.40001	37.35202	130.45	6.499999	38.62	18 h 53 min
23450	127.62499970905483	18.6	100.77	40.488483	131.55	-14.800001	39.14	18 h 55 min
23500	115.45499947741628	30.1	113.93399	33.42256	131.4	-2.2000003	28.04	18 h 57 min
23550	127.5349997010082	18.7	112.198	27.239183	130.6	25.349998	33.1	19 h 0 min
23600	128.1849997226149	18.0	108.033	36.1233	131.5	-31.050001	34.82	19 h 2 min
23650	128.5149997521192	18.7	114.84	29.820684	131.85	-2.9000006	29.3	19 h 4 min
23700	116.5599996007979	36.0	107.986015	34.31358	131.4	-11.450001	35.64	19 h 6 min
23750	127.88999970555305	18.2	109.698	33.11546	132.25	-53.600002	36.68	19 h 8 min
23800	118.23999963477254	30.8	108.569	36.1829	130.85	-42.55	35.4	19 h 10 min
23850	127.01499970704317	18.9	97.487	40.549545	130.55	-12.300001	42.44	19 h 13 min
23900	103.58499928079546	36.5	92.11101	42.538853	129.5	-42.800003	48.34	19 h 15 min
23950	111.1799995034933	37.2	106.438995	29.456783	131.2	4.7999997	40.36	19 h 18 min
24000	72.27499906681479	67.6	99.52601	38.661026	130.6	-24.400002	42.92	19 h 21 min
24050	118.4499995995313	31.6	96.600006	36.881516	129.85	-6.5500007	46.34	19 h 23 min
24100	96.86999936327338	49.3	103.66899	29.430693	131.3	37.75	43.12	19 h 26 min
24150	105.22999931313097	46.7	90.881004	44.781464	130.05	-22.35	46.58	19 h 29 min
24200	111.0749995522201	31.4	103.193	38.373123	130.45	-38.850002	38.34	19 h 31 min
24250	116.93499955050648	32.3	102.81801	39.005676	131.2	-53.100002	39.18	19 h 33 min
24300	129.23999975919725	17.6	107.7	32.10605	130.35	-30.2	37.14	19 h 36 min
24350	118.69499964043499	29.5	102.61199	40.32217	130.9	-45.600002	39.6	19 h 38 min
24400	126.53499965444207	18.9	89.498	48.476685	130.25	-48.9	46.72	19 h 41 min
24450	125.15999962836504	20.4	106.815	34.84231	130.6	-21.000002	35.32	19 h 43 min
24500	108.00999942235649	30.2	109.683	35.78711	129.95	-51.2	32.74	19 h 45 min
24550	128.5599997393787	18.0	106.618	34.027737	131.05	-6.3000007	37.1	19 h 47 min
24600	127.27999972179532	19.8	101.88999	37.26877	131.05	-44.9	42.04	19 h 50 min
24650	128.13999972976745	18.6	103.73301	41.621925	131.1	-44.45	36.54	19 h 52 min
24700	127.43999970071017	18.5	102.555	30.636364	128.5	23.449999	41.8	19 h 55 min
24750	126.21999968029559	19.8	104.15	32.51061	130.35	16.399998	39.18	19 h 57 min
24800	128.34499972090126	17.9	98.32	37.8282	128.0	-12.800001	43.34	19 h 59 min
24850	117.17499960921705	30.3	101.620995	32.17894	129.6	18.25	43.36	20 h 2 min
24900	114.85999952070415	32.4	101.300995	42.32012	130.45	-50.0	39.54	20 h 4 min
24950	96.92999937981367	49.2	100.322	34.930477	130.8	-19.800001	45.42	20 h 7 min
25000	126.76999968774616	19.8	94.795	32.701107	130.5	26.85	50.72	20 h 9 min
25050	128.3299997229129	18.0	110.002	32.328304	129.9	-30.800001	35.22	20 h 12 min
25100	117.33999965712428	30.0	104.055	36.64237	130.55	-4.5000014	38.98	20 h 14 min
25150	127.2749997138977	18.3	99.775986	39.32302	130.6	-24.100002	42.68	20 h 17 min
25200	122.49999955333769	21.0	99.381004	37.923447	130.35	-13.300001	42.56	20 h 19 min
25250	111.72999943681062	33.4	95.27699	36.636196	130.9	1.9999996	46.78	20 h 22 min
25300	116.75999967940152	36.6	92.019005	38.06387	131.4	16.399998	48.3	20 h 25 min
25350	118.90499961972236	31.0	93.96199	39.71665	130.15	-10.150001	47.44	20 h 28 min
25400	101.90499926991761	49.6	95.426	40.23946	129.45	-32.65	45.22	20 h 30 min
25450	115.93499957919121	31.6	103.06899	37.150127	131.6	-25.2	39.28	20 h 33 min
25500	97.89499919898807	49.7	98.915985	35.95809	129.15	-36.850002	45.06	20 h 36 min
25550	106.52499937601388	36.5	93.98499	35.41326	130.4	18.199999	48.84	20 h 38 min
25600	100.92999954409898	38.4	95.20201	48.636917	131.2	-50.05	40.8	20 h 41 min
25650	87.22499942332506	48.3	98.88901	35.89169	131.0	-14.35	44.52	20 h 44 min
25700	84.59999911934138	49.1	93.88901	43.31939	132.15	-19.4	44.78	20 h 47 min
25750	110.99499943479896	33.9	99.204	41.2015	131.0	-28.650002	40.46	20 h 49 min
25800	104.18999922461808	36.4	104.48899	31.55815	129.8	9.849999	38.94	20 h 51 min
25850	116.65499946288764	31.3	95.55301	41.040073	130.25	-35.500004	44.14	20 h 54 min
25900	126.90999970585108	20.0	95.47	37.899456	130.55	-15.200001	46.96	20 h 57 min
25950	98.04999938420951	40.8	107.04101	29.79403	131.4	17.949999	37.34	20 h 59 min
26000	112.85999949388206	37.3	92.40099	45.574966	129.85	-46.600002	44.78	21 h 2 min
26050	115.64499962478877	30.4	106.448	30.063137	131.2	12.999999	39.44	21 h 4 min
26100	124.70999956466258	19.0	107.164	27.22049	130.9	36.899998	40.4	21 h 6 min
26150	127.63499971851707	19.1	100.577995	31.147753	130.85	28.75	46.36	21 h 9 min
26200	106.41499953083694	47.7	101.97401	33.029636	132.05	-4.0500007	43.52	21 h 12 min
26250	105.47999961152672	29.0	99.69699	35.445354	131.6	0.54999983	44.8	21 h 14 min
26300	103.22499937079847	47.0	97.421005	32.147182	130.35	24.9	47.26	21 h 17 min
26350	128.47499974109232	18.2	101.690994	33.598118	130.35	-16.95	42.82	21 h 19 min
26400	114.15499968677759	33.1	102.70599	32.067593	131.4	15.949999	42.36	21 h 22 min
26450	128.27499973997473	18.9	108.703995	28.503366	130.05	27.199999	36.74	21 h 24 min
26500	73.17999845817685	62.0	89.25299	45.351913	129.55	-38.95	46.06	21 h 27 min
26550	120.50499959290028	24.6	99.073	37.748272	129.75	-15.300001	43.42	21 h 30 min
26600	57.74999838583172	60.8	101.092995	32.90223	131.6	3.749999	43.26	21 h 32 min
26650	76.66499944627284	43.1	88.743996	39.676296	131.2	-16.300001	52.16	21 h 35 min
26700	107.04999934583903	42.5	96.09	31.643492	130.8	10.099999	50.16	21 h 38 min
26750	97.68499949239194	45.8	99.587006	27.038763	130.55	37.8	49.66	21 h 41 min
26800	96.94499893262983	45.4	106.963005	31.04958	130.15	5.5499997	38.28	21 h 43 min
26850	123.18499957621097	21.3	95.003	36.919254	130.6	-1.1000009	47.6	21 h 46 min
26900	127.53999969512225	17.9	99.119	36.796314	131.1	-34.9	42.82	21 h 49 min
26950	104.52499949038028	42.5	102.55001	36.305607	130.65	-10.25	40.12	21 h 51 min
27000	95.92999915219843	36.0	101.54699	32.464607	131.6	-14.650002	44.38	21 h 54 min
27050	126.41999965682626	19.2	102.271	36.63766	131.3	-24.500002	40.82	21 h 56 min
27100	111.6549995161593	29.9	104.558	32.147377	130.6	15.349999	39.44	21 h 59 min
27150	104.92999915219843	37.1	101.545	44.558353	130.25	-45.75	35.48	22 h 1 min
27200	127.63499970212578	18.3	106.664	26.920065	130.0	47.2	40.56	22 h 3 min
27250	127.28999970220029	19.4	105.37999	30.278522	130.4	20.5	39.68	22 h 6 min
27300	113.78999949358403	33.3	99.30301	36.313065	129.95	-14.750001	42.94	22 h 8 min
27350	117.05999956056476	33.3	94.105995	41.190258	130.3	-16.85	45.86	22 h 11 min
27400	117.21999957598746	31.0	97.983	37.96091	130.9	-26.2	44.62	22 h 13 min
27450	96.379998999089	49.2	99.326004	37.6149	129.95	1.4499991	43.2	22 h 16 min
27500	82.11999933421612	55.0	97.85899	43.935307	132.15	-38.75	41.62	22 h 19 min
27550	95.28499917834998	49.8	88.98399	42.24267	130.25	-22.7	48.62	22 h 22 min
27600	92.1849995817989	36.0	93.909004	41.412704	131.5	-29.45	45.16	22 h 24 min
27650	128.84999974444509	17.8	101.01501	42.494137	130.15	-31.550001	38.22	22 h 27 min
27700	112.72499956414103	37.1	97.159004	36.686848	130.35	-2.9500008	43.76	22 h 29 min
27750	121.57499955892563	23.9	109.84	28.047428	130.6	38.35	34.74	22 h 31 min
27800	106.57999956123531	31.7	99.18199	40.127148	130.7	-36.65	41.88	22 h 34 min
27850	116.37499962225556	32.2	93.44101	36.12208	130.25	9.849999	49.02	22 h 37 min
27900	125.5399996764958	22.0	96.246	38.832325	129.05	-28.000002	44.56	22 h 39 min
27950	125.24499962590635	19.9	100.39501	36.744747	130.6	-43.3	43.74	22 h 42 min
28000	104.52499946020544	43.2	100.09099	36.531464	130.8	-4.3500004	42.56	22 h 44 min
28050	94.94999958947301	37.9	91.047005	38.242764	130.25	1.1499997	49.9	22 h 47 min
28100	93.39999952167273	48.5	94.58401	31.732885	128.5	28.75	51.54	22 h 50 min
28150	113.39999961145222	29.2	107.66499	36.354275	131.3	-2.1000013	33.46	22 h 52 min
28200	125.01499964110553	20.9	93.20899	37.632874	130.2	12.099999	48.36	22 h 55 min
28250	127.75499971993267	18.2	96.342995	41.781887	129.25	-47.75	43.58	22 h 58 min
28300	128.2899997342378	18.4	107.671	32.318626	131.0	-23.400002	37.0	23 h 0 min
28350	115.19999951310456	31.7	93.454	44.620823	131.5	-29.95	43.68	23 h 2 min
28400	128.46499972157181	17.7	105.78602	32.254234	131.0	6.8499985	40.02	23 h 5 min
28450	113.55999965295196	29.8	108.51201	25.5399	130.9	16.65	39.7	23 h 7 min
28500	116.47499945424497	31.4	108.175995	31.169153	129.75	-22.35	36.64	23 h 9 min
28550	116.42499954737723	31.1	111.92801	26.357569	130.7	23.8	34.42	23 h 12 min
28600	111.32499957419932	37.6	101.517	37.146027	129.5	-48.5	42.92	23 h 14 min
28650	112.01999941579997	33.0	98.186005	42.23769	131.2	-40.0	41.68	23 h 17 min
28700	89.53999930471181	65.3	103.516	31.522198	131.45	8.549999	42.36	23 h 20 min
28750	108.17999964356423	31.9	113.785	23.770939	131.0	27.949999	33.38	23 h 22 min
28800	128.74499975293875	18.0	100.729	33.04147	130.35	1.1999992	44.38	23 h 24 min
28850	97.43499926775694	55.0	107.71	28.830914	131.2	25.3	38.36	23 h 27 min
28900	111.22499942742289	30.3	96.778	45.930477	129.85	-77.85	40.84	23 h 29 min
28950	129.44499976150692	17.3	100.16301	43.19757	131.0	-7.4000006	38.08	23 h 32 min
29000	84.90999930389225	49.0	106.618	32.099365	131.2	3.2999997	38.98	23 h 34 min
29050	114.38999946564437	29.9	104.971016	30.33175	130.3	21.449999	42.54	23 h 36 min
29100	102.83999904952944	39.6	98.617004	43.882614	130.9	-49.550003	40.94	23 h 39 min
29150	117.15499959401787	29.2	99.703995	36.345833	130.45	-0.40000084	43.78	23 h 42 min
29200	126.12999967746437	20.3	105.646996	34.832424	131.2	-15.100001	37.78	23 h 44 min
29250	111.54999944493174	35.4	106.622	29.164774	130.9	20.55	39.14	23 h 46 min
29300	129.47499975189567	16.9	103.501	33.57547	130.9	-15.000001	41.56	23 h 49 min
29350	113.48499960228801	36.6	100.576004	32.158848	130.6	7.7999988	45.36	23 h 51 min
29400	99.38999932557344	48.6	96.536	37.68783	131.4	-9.500001	46.74	23 h 54 min
29450	110.71999959386885	29.7	99.201996	33.261658	131.0	-5.100001	45.68	23 h 57 min
29500	111.45499955527484	38.9	101.738	33.26776	131.75	-7.450001	42.98	23 h 59 min
29550	125.8549996778369	19.7	94.08999	33.186268	132.05	14.999999	51.04	24 h 2 min
29600	108.13499929271639	38.6	93.09	44.67277	131.75	-33.0	45.52	24 h 5 min
29650	130.06499976031483	16.1	106.34699	36.23171	132.15	-38.15	36.82	24 h 7 min
29700	129.00499974414706	17.5	110.296	33.057224	130.6	-11.700001	33.16	24 h 9 min
29750	108.2049995008856	37.2	109.8	31.990557	130.3	-14.300001	34.18	24 h 11 min
29800	120.03499957174063	27.9	109.912	32.857876	130.45	-4.3	32.76	24 h 13 min
29850	122.58499960377813	24.7	102.405	41.90824	130.35	-20.85	36.7	24 h 16 min
29900	106.89999922327698	35.4	104.521	33.956566	131.2	-12.700002	39.08	24 h 18 min
29950	126.92999968342482	19.2	104.48301	31.213741	130.7	11.349999	41.32	24 h 20 min
30000	127.6299997098744	18.8	102.197	35.73861	129.85	-3.8000011	40.04	24 h 23 min
30050	109.86999945379793	37.3	106.653	28.711454	130.1	35.649998	39.54	24 h 25 min
30100	112.0849995367229	36.0	107.095	28.675175	131.4	30.4	39.22	24 h 28 min
30150	99.00499929413199	37.3	109.911	31.704218	130.15	-29.6	34.74	24 h 30 min
30200	108.17499931156635	36.6	97.00101	36.858143	131.25	-33.050003	46.06	24 h 33 min
30250	124.04999966062606	23.6	94.98	34.426537	131.7	6.1999993	49.14	24 h 35 min
30300	102.46499938257038	50.7	102.817	33.541584	130.95	4.2499995	41.56	24 h 38 min
30350	126.98499973155558	17.5	97.942	38.59474	131.3	-26.750002	44.64	24 h 41 min
30400	126.36499966494739	19.3	97.937004	33.851692	130.3	10.549999	46.56	24 h 43 min
30450	128.2999997392297	18.4	98.805	40.216026	130.55	-6.0500007	40.86	24 h 46 min
30500	84.59999939948321	49.9	105.16901	30.387331	130.6	-8.250001	40.76	24 h 48 min
30550	129.33499976694583	17.7	108.660995	30.201317	130.95	-3.6000009	37.0	24 h 51 min
30600	105.8649992659688	36.4	100.345	35.392895	131.55	-14.950001	44.66	24 h 53 min
30650	85.1749990914017	50.0	99.73299	38.564144	131.05	-11.900001	42.08	24 h 56 min
30700	112.41499950811267	33.5	99.185	33.434395	130.05	-22.1	46.76	24 h 59 min
30750	111.159999608621	30.5	95.305	42.514355	131.8	-41.75	45.08	25 h 1 min
30800	113.61999947726727	33.1	99.10599	37.147873	129.9	5.3499994	43.48	25 h 4 min
30850	118.29999961219728	29.6	101.53999	32.62501	130.75	-4.2500005	44.14	25 h 6 min
30900	88.69999923333526	61.4	98.019	43.33757	129.75	-54.75	42.9	25 h 9 min
30950	86.8849993109703	42.3	88.614006	46.93297	130.6	-38.100002	48.18	25 h 12 min
31000	105.75999935902655	44.2	99.506004	34.086353	128.75	1.2499992	43.6	25 h 15 min
31050	103.94499935954809	49.3	92.365	33.516937	129.35	-10.6	53.3	25 h 18 min
31100	77.6449991427362	80.0	92.270996	40.02689	129.75	-22.050001	48.5	25 h 21 min
31150	103.02499946914614	45.9	95.467	30.191229	130.25	11.899999	51.3	25 h 24 min
31200	115.29999943859875	30.1	103.905	30.450699	129.9	16.749998	42.76	25 h 26 min
31250	107.83999938033521	39.0	112.504	24.438251	130.45	56.85	35.1	25 h 29 min
31300	104.28999914750457	37.0	115.32801	22.277216	131.65	54.649998	32.02	25 h 31 min
31350	114.78499940559269	30.4	96.521996	42.00061	130.9	-32.45	41.58	25 h 34 min
31400	128.03999971039593	18.2	110.417	22.784246	130.9	62.05	38.52	25 h 36 min
31450	119.79499948844314	27.0	114.77	22.993677	131.2	50.149998	32.12	25 h 38 min
31500	97.74499906599522	48.9	108.652	36.94666	131.25	-36.350002	33.54	25 h 41 min
31550	126.56999966353177	18.9	111.43	26.21728	130.55	39.6	34.38	25 h 43 min
31600	102.40999939590692	40.3	106.559006	31.581587	129.8	15.249999	37.48	25 h 45 min
31650	46.63999914079905	80.0	103.167	32.205395	130.4	24.449999	40.88	25 h 48 min
31700	107.05499955676495	42.2	97.50801	37.989082	131.3	-36.5	46.04	25 h 51 min
31750	88.53499939627946	45.0	88.315	43.410656	130.15	-52.100002	50.38	25 h 54 min
31800	92.4299993071705	62.0	87.550995	40.838326	129.95	-25.45	52.58	25 h 57 min
31850	110.80499943941831	41.1	100.507	37.897278	130.05	8.7	40.52	25 h 59 min
31900	117.53499956578017	30.9	110.825	35.214645	130.2	-31.300001	31.36	26 h 1 min
31950	104.47999934144318	43.2	109.01301	26.540197	131.6	35.95	37.96	26 h 4 min
32000	110.25499949119985	36.5	105.628	34.79041	131.4	-14.950001	37.22	26 h 6 min
32050	112.30999938771129	31.2	107.97399	33.01225	130.8	2.0999994	35.62	26 h 9 min
32100	101.00499937087298	34.4	106.257	30.811966	131.3	34.6	38.24	26 h 11 min
32150	107.87999957315624	33.5	96.23399	39.34047	132.1	-30.300001	47.08	26 h 14 min
32200	89.32499941326678	49.0	97.51199	32.871063	129.95	16.699999	45.22	26 h 17 min
32250	126.95999971963465	20.2	101.81301	37.079098	130.9	-49.2	40.56	26 h 19 min
32300	92.48499944061041	49.5	114.129005	22.838013	131.4	53.25	32.98	26 h 21 min
32350	88.11499927379191	56.8	99.869	40.687424	131.95	-18.400002	39.64	26 h 24 min
32400	90.26499923542141	48.8	104.311	29.787695	130.15	0.34999895	43.08	26 h 27 min
32450	126.95499968379735	19.1	100.613	37.11835	131.1	-25.5	42.96	26 h 29 min
32500	128.9799997393042	17.2	112.05	25.889585	131.2	34.95	33.92	26 h 31 min
32550	119.34499961808324	30.7	108.598	32.14474	131.65	-11.05	34.64	26 h 34 min
32600	107.1899993620813	35.8	106.381004	30.50484	130.6	-4.700001	39.16	26 h 36 min
32650	126.69999968372285	19.5	101.40199	38.074318	131.0	-40.3	40.92	26 h 38 min
32700	128.21499971970917	18.1	108.812996	27.448566	131.5	45.399998	37.3	26 h 41 min
32750	126.19999966099859	19.5	107.062996	34.97656	130.0	-34.350002	35.8	26 h 43 min
32800	96.09999929629267	49.7	104.46801	32.336422	130.8	16.75	39.02	26 h 46 min
32850	127.74499976150692	17.7	95.05001	43.232403	131.15	-20.1	44.24	26 h 48 min
32900	113.88999949395657	32.1	105.57701	34.5556	130.95	-22.900002	37.7	26 h 50 min
32950	98.36999911405147	42.6	102.507	34.648	132.15	-21.35	40.72	26 h 53 min
33000	126.6549997061491	20.2	107.09901	34.03858	130.9	11.099999	35.64	26 h 55 min
33050	129.17499975189565	17.3	103.080986	28.637663	131.0	32.25	44.8	26 h 58 min
33100	127.83999971300364	17.9	102.535995	31.875181	130.45	10.349999	42.78	27 h 0 min
33150	124.22999960035085	20.8	93.883995	34.49246	129.95	10.599999	49.46	27 h 3 min
33200	118.64499957337975	29.8	98.201	39.593002	129.55	-20.4	42.16	27 h 5 min
33250	125.06999969109893	21.0	93.65101	40.1882	131.95	-45.95	47.52	27 h 8 min
33300	124.1049997139722	21.8	92.716	38.877605	129.95	-40.3	49.78	27 h 11 min
33350	91.80499918982386	49.9	104.384	29.399748	131.8	30.749998	41.1	27 h 13 min
33400	127.33999966569245	17.8	98.20301	35.330433	129.9	-38.3	44.76	27 h 16 min
33450	106.74999940544367	33.5	100.429	32.962044	129.95	14.999999	43.22	27 h 19 min
33500	122.48499952852725	22.3	97.504005	37.804882	130.5	-11.25	43.44	27 h 21 min
33550	108.35999955274164	37.0	103.33199	33.910202	131.2	-33.9	41.72	27 h 24 min
33600	103.00999939627945	38.2	107.23601	33.955433	129.75	2.3999991	34.36	27 h 26 min
33650	126.85999968461692	19.2	109.08	33.586403	130.4	-16.900002	33.5	27 h 28 min
33700	114.41499951630831	31.5	103.429	36.23067	130.15	-5.650001	38.96	27 h 30 min
33750	95.57499942071736	55.0	107.725	30.320684	129.75	5.4999995	36.72	27 h 33 min
33800	128.2299997009337	17.4	105.835	31.905146	131.3	10.449999	38.84	27 h 35 min
33850	129.20999974645673	17.2	99.787	40.65331	130.7	-34.65	41.2	27 h 37 min
33900	128.8149997510016	18.1	106.725	38.37947	131.0	-28.300001	35.24	27 h 40 min
33950	117.28999956548213	31.3	102.15401	37.727688	131.45	-17.800001	40.5	27 h 42 min
34000	125.48999964371323	20.4	105.99899	41.091908	130.45	-59.95	34.94	27 h 44 min
34050	119.86999950893224	26.8	106.729	28.927248	130.9	26.05	40.34	27 h 47 min
34100	112.52499943301082	35.7	95.23102	45.37556	130.25	-37.05	42.46	27 h 49 min
34150	128.93499975353478	17.7	104.908	29.657406	130.15	27.449999	40.78	27 h 52 min
34200	88.07499919049442	48.8	98.588005	46.538383	131.0	-44.4	39.48	27 h 54 min
34250	88.30999899059535	49.2	102.96499	39.937878	131.4	-48.95	38.76	27 h 57 min
34300	117.91999958455563	30.0	101.061	42.748177	131.1	-22.550001	38.02	27 h 59 min
34350	95.7849991440773	52.8	106.947	32.860622	130.6	15.7	35.96	28 h 1 min
34400	111.22499964423477	30.9	98.395	38.765385	131.3	3.3999991	42.4	28 h 4 min
34450	127.22999971583485	19.8	103.356995	37.328754	131.1	-19.300001	39.94	28 h 6 min
34500	115.74999971240759	29.5	105.854	37.046993	130.9	-50.4	37.06	28 h 9 min
34550	87.59999933242798	41.9	111.184006	26.793701	131.45	6.399999	35.32	28 h 11 min
34600	119.27999960444868	30.8	106.934006	37.991886	130.7	-14.150002	34.38	28 h 13 min
34650	110.81999949589371	36.4	99.614006	40.36005	129.55	-33.350002	41.6	28 h 16 min
34700	120.6599996842444	29.4	95.68	38.730618	129.75	-12.0	44.68	28 h 19 min
34750	100.18499942608177	48.6	96.02899	44.906937	130.95	-56.65	44.04	28 h 21 min
34800	128.47499972768128	17.9	108.79099	35.068935	131.0	-46.350002	34.64	28 h 23 min
34850	98.30499947480857	55.4	102.38899	35.890438	131.55	-11.6	40.56	28 h 26 min
34900	118.17499955631793	31.2	98.235985	38.19331	130.2	-42.9	45.52	28 h 29 min
34950	125.07499968148768	19.7	99.83099	37.50693	131.95	-11.700001	42.46	28 h 31 min
35000	127.45999976322055	17.9	106.257996	34.717762	131.6	-24.45	37.58	28 h 33 min
35050	102.2899994187057	33.4	104.278	31.954634	131.4	8.399999	40.5	28 h 36 min
35100	51.714998153597115	67.8	109.23	30.280634	131.85	16.05	35.66	28 h 38 min
35150	111.84499939903617	31.3	102.645996	33.413254	128.6	20.949999	39.42	28 h 41 min
35200	128.50499971807002	17.5	105.815994	30.714468	130.35	0.24999945	39.28	28 h 43 min
35250	100.04999933354557	34.9	100.020996	44.390625	129.4	-31.800001	37.16	28 h 46 min
35300	113.89999953135847	36.2	98.025	43.85855	131.6	-45.9	40.66	28 h 48 min
35350	100.60999913364648	49.1	95.647995	41.81039	129.7	-34.100002	43.74	28 h 51 min
35400	127.68999970629811	18.6	101.118996	39.3041	130.15	-50.15	41.04	28 h 53 min
35450	116.3549995251	31.5	106.7	29.884502	129.65	-16.35	40.28	28 h 56 min
35500	111.30999954380096	37.5	109.728	28.4882	131.0	43.8	35.58	28 h 58 min
35550	128.79499974437059	17.9	111.756004	27.399807	132.35	12.649999	34.68	29 h 0 min
35600	117.12499955482781	30.0	95.476006	47.65851	132.25	-52.4	42.58	29 h 3 min
35650	126.01999966837465	20.2	108.559006	30.273943	132.35	22.9	35.7	29 h 5 min
35700	118.69999958127737	30.2	106.275	37.183853	130.9	-37.15	35.88	29 h 7 min
35750	127.95499973855912	18.9	106.597015	37.885498	131.6	-17.800001	34.84	29 h 9 min
35800	119.0899996213615	31.5	106.54499	29.05722	131.65	16.15	40.32	29 h 12 min
35850	101.65999954305589	42.4	103.892	38.119736	131.4	-55.4	39.38	29 h 14 min
35900	114.6449994828552	32.9	101.68	30.768679	130.6	30.199999	44.08	29 h 17 min
35950	123.3649996753782	25.6	109.852005	28.846262	130.7	17.05	35.4	29 h 19 min
36000	112.72999948710203	36.4	87.612	41.36716	129.95	-41.55	53.04	29 h 22 min
36050	106.79999940022826	43.7	98.358	40.254044	130.9	-51.9	43.32	29 h 25 min
36100	110.06999960951507	30.6	102.300995	36.724644	131.3	-23.400002	40.48	29 h 27 min
36150	107.80999927930534	36.9	98.928	37.804764	131.35	-1.2000009	41.96	29 h 30 min
36200	108.27499949745834	37.1	104.663994	30.890436	128.85	14.099999	39.4	29 h 32 min
36250	82.63999855555593	55.4	111.145996	30.074541	131.1	-29.500002	33.44	29 h 34 min
36300	127.79999969527125	18.0	112.97499	28.26843	130.7	-11.650002	31.92	29 h 36 min
36350	128.15999973639845	18.8	98.88601	40.312344	131.55	-34.7	41.8	29 h 39 min
36400	119.13999959565699	29.4	102.76499	36.98748	131.2	-4.250001	39.82	29 h 41 min
36450	98.53499931618572	49.6	100.965	35.732277	130.7	-14.300001	42.12	29 h 44 min
36500	129.07999974526464	17.4	110.61199	30.727467	129.85	28.599998	33.52	29 h 46 min
36550	128.10499968715013	17.1	108.64199	38.372128	131.55	-39.65	33.78	29 h 48 min
36600	127.66499972753226	19.7	108.189	33.419952	131.0	-10.250001	35.2	29 h 50 min
36650	127.33999969922006	19.0	106.70701	33.29734	130.8	11.699999	37.0	29 h 53 min
36700	108.96999944821	39.2	112.062996	27.949636	130.7	16.4	34.0	29 h 55 min
36750	109.5499996509403	30.0	94.377	42.777637	130.4	-49.9	45.6	29 h 58 min
36800	114.93499933555722	30.8	96.25	40.2011	130.9	1.2999992	44.36	30 h 0 min
36850	125.95499963909387	19.3	109.02599	30.942389	130.1	21.899998	35.48	30 h 2 min
36900	104.05499955415726	35.4	90.31801	44.702972	132.05	-15.650001	47.34	30 h 5 min
36950	121.37999964095653	29.0	105.683	32.191116	131.65	6.599999	38.06	30 h 7 min
37000	89.26999920420349	48.8	93.590996	48.108044	132.25	-53.75	44.2	30 h 10 min
37050	121.52999947443604	21.8	110.694	25.22986	130.75	46.5	36.32	30 h 12 min
37100	84.07499934062362	50.5	109.292	34.481205	131.0	-10.500001	33.7	30 h 15 min
37150	127.61499967686832	17.7	104.606995	34.85122	131.95	-7.750001	38.72	30 h 17 min
37200	105.9299995791167	37.1	105.662994	32.72217	132.05	13.649999	38.08	30 h 20 min
37250	118.22999959141016	25.8	101.948006	41.286697	130.3	-63.300003	38.94	30 h 22 min
37300	102.48499897681177	37.4	111.54	34.691723	131.3	-35.9	32.08	30 h 24 min
37350	128.0899996880442	17.2	107.642	29.301823	131.75	17.199999	38.48	30 h 27 min
37400	126.94999969564378	19.3	107.369	34.798798	131.55	-13.800001	35.68	30 h 29 min
37450	120.02999963797629	30.0	107.77601	32.967083	129.6	-0.75000083	35.88	30 h 31 min
37500	125.434999672696	21.5	108.344	29.187279	130.35	-4.1000004	38.0	30 h 33 min
37550	121.71999959610403	22.0	106.86299	34.624454	131.0	-43.3	37.56	30 h 36 min
37600	101.35999941565096	50.8	101.73301	38.552288	131.2	-5.7000003	40.46	30 h 38 min
37650	127.43999967090785	17.8	106.10801	29.336098	131.6	28.05	40.76	30 h 41 min
37700	128.15999971181154	17.8	103.62099	34.919262	132.25	7.249999	39.76	30 h 43 min
37750	114.09999950118363	35.9	107.772995	26.983156	131.4	41.6	39.64	30 h 45 min
37800	111.97999953664839	38.2	108.777	29.335758	130.8	34.25	37.14	30 h 48 min
37850	128.00999970398843	17.6	102.497	35.257305	129.95	-6.9000015	41.4	30 h 50 min
37900	110.39499946311116	37.5	104.067	34.61349	131.5	-3.6500018	38.92	30 h 53 min
37950	127.64499968104064	17.6	103.252	31.197504	130.3	13.549999	41.9	30 h 55 min
38000	113.43999952115118	35.9	105.17	35.0983	131.15	-27.800001	38.46	30 h 58 min
38050	101.42999952621759	36.4	105.492004	32.952885	129.7	-21.050001	38.88	31 h 0 min
38100	112.81499962508678	36.9	102.66201	31.149906	130.9	19.3	42.36	31 h 3 min
38150	99.99999951869249	38.7	101.896	31.836617	130.5	31.3	43.56	31 h 5 min
38200	127.41499969623983	18.9	103.56199	37.270096	131.1	-35.45	40.18	31 h 7 min
38250	103.51999944411219	48.9	103.912	35.291454	130.8	-28.550001	40.36	31 h 10 min
38300	112.28999950774013	37.3	104.8	33.035362	129.95	-13.0	39.82	31 h 12 min
38350	97.59999932795763	52.7	95.023994	39.53479	129.85	-26.35	45.86	31 h 15 min
38400	127.3099997021258	18.4	100.77599	34.927753	130.7	-9.300001	43.18	31 h 18 min
38450	114.46499956175685	38.1	95.77901	35.279675	131.0	-10.800001	47.92	31 h 21 min
38500	106.10499926581979	40.5	97.67	35.5772	131.3	8.749999	46.34	31 h 23 min
38550	110.81999948173761	31.8	101.949005	34.636364	131.65	8.299998	41.26	31 h 26 min
38600	129.094999743253	17.3	114.652	24.308481	131.35	21.05	31.36	31 h 28 min
38650	79.78499895222485	62.5	99.536995	34.852314	131.25	-38.100002	44.82	31 h 31 min
38700	102.86999930217863	45.4	110.33001	25.795063	130.75	37.75	36.3	31 h 33 min
38750	127.20999969244004	19.0	110.79199	35.97298	131.55	-29.7	31.04	31 h 35 min
38800	117.99499966092408	31.1	106.495	35.53997	132.15	-17.300001	37.04	31 h 38 min
38850	111.97499943822622	36.7	100.707	37.529446	131.45	-15.800001	41.48	31 h 40 min
38900	112.25499941818416	36.2	106.303	31.128342	132.05	29.949999	38.52	31 h 43 min
38950	125.22499960288405	19.5	109.38601	28.77134	130.7	19.15	36.3	31 h 45 min
39000	127.09499969407916	19.3	114.49199	26.89475	131.55	-23.25	31.82	31 h 47 min
39050	92.68999910689891	36.3	106.907005	32.057346	130.35	-12.400001	37.44	31 h 50 min
39100	127.46999969854951	18.6	110.592	31.225515	132.8	-4.0500007	32.7	31 h 52 min
39150	129.3449997395277	16.7	104.077995	34.184216	130.4	-9.150002	39.4	31 h 54 min
39200	99.05999934710562	50.7	106.47499	30.997871	132.05	18.849998	37.94	31 h 56 min
39250	91.7799989502877	50.6	113.714	24.418442	132.15	42.7	32.94	31 h 59 min
39300	89.94999944455921	43.1	104.09801	34.019756	131.3	-3.1500008	40.4	32 h 1 min
39350	129.68499977402388	17.3	108.31899	29.388939	129.85	31.099998	36.68	32 h 4 min
39400	101.86499931439758	49.5	110.366	31.121056	131.1	-0.45000103	34.06	32 h 6 min
39450	125.45499974563718	19.8	100.62399	44.719242	131.85	-25.300001	36.96	32 h 8 min
39500	126.29499964751304	19.1	101.325	34.035076	130.25	7.0499988	42.6	32 h 11 min
39550	124.9699996482581	21.6	108.423996	29.611805	130.7	-0.40000123	38.08	32 h 13 min
39600	127.35999971441925	19.2	103.523994	35.4148	131.1	-1.6500012	40.54	32 h 16 min
39650	111.70499944984913	36.7	106.75	30.102976	130.1	8.949999	38.64	32 h 18 min
39700	120.97499956637621	25.6	107.665	31.284882	131.0	31.65	36.26	32 h 20 min
39750	115.884999505803	29.8	109.09	30.950874	131.55	0.9499987	35.44	32 h 23 min
39800	127.51499970555305	18.7	113.98899	25.878134	130.35	20.8	30.94	32 h 25 min
39850	114.88499958962203	31.2	112.198006	24.119204	130.9	47.399998	35.66	32 h 27 min
39900	129.14999975450337	17.6	114.757996	29.17757	130.15	-32.3	30.32	32 h 29 min
39950	127.75499970242382	18.2	108.219	33.215263	130.45	-9.450001	36.08	32 h 31 min
40000	93.3049989040941	51.1	112.042015	26.746082	130.95	16.9	34.08	32 h 34 min
