Episode	TestRet	TestSteps	AverageEpRet	StdEpRet	MaxEpRet	MinEpRet	EpLen	Time
50	-60.00000089406967	80.0	-64.253006	3.530077	-57.65	-72.8	80.0	1 min 16 sec
100	-60.00000089406967	80.0	-63.533005	3.3788998	-55.95	-69.450005	80.0	3 min 6 sec
150	-60.00000089406967	80.0	-63.37501	4.3031535	-50.7	-71.700005	80.0	4 min 45 sec
200	-54.540000890940426	80.0	-61.070004	5.108004	-47.55	-71.3	80.0	6 min 24 sec
250	-56.17000130489468	80.0	-60.201004	5.4335675	-45.8	-68.450005	80.0	8 min 1 sec
300	-65.8500016387552	80.0	-59.801003	4.410346	-48.3	-69.4	80.0	9 min 48 sec
350	-76.9500022355467	80.0	-59.108997	6.2315946	-42.8	-70.85	80.0	11 min 28 sec
400	-71.67000197358429	80.0	-57.954	5.7410007	-44.8	-68.4	80.0	13 min 8 sec
450	-60.52000166848302	80.0	-56.065006	4.712051	-41.65	-62.850002	80.0	14 min 54 sec
500	-57.88000137284398	80.0	-56.661007	6.6474686	-39.3	-67.200005	80.0	16 min 33 sec
550	-58.36000158190727	80.0	-55.503998	6.8584394	-40.350002	-66.5	80.0	18 min 10 sec
600	-69.59000220559537	80.0	-54.559	6.1584873	-27.95	-67.8	80.0	20 min 1 sec
650	-58.110001580789685	80.0	-52.946	7.68175	-33.15	-64.4	80.0	21 min 41 sec
700	-69.3500021379441	80.0	-49.637	8.880252	-25.050001	-66.15	80.0	23 min 22 sec
750	-59.05000190138817	80.0	-49.908005	8.150744	-15.000001	-61.45	80.0	25 min 6 sec
800	-60.57000167109072	80.0	-47.908005	11.177653	-15.900001	-63.600002	80.0	26 min 55 sec
850	-53.22500122599304	80.0	-46.706	11.557779	-18.300001	-62.0	80.0	28 min 36 sec
900	-57.140001348778604	80.0	-44.429	10.496166	-11.350001	-59.550003	80.0	30 min 10 sec
950	-48.10000133253634	80.0	-47.396996	11.046237	-3.4500008	-63.100002	80.0	31 min 58 sec
1000	-33.505001296103	80.0	-44.925	10.797468	-21.95	-61.4	80.0	33 min 55 sec
1050	-38.70000117532909	80.0	-42.701996	11.555189	-10.450001	-61.350002	80.0	35 min 52 sec
1100	-58.095002410933375	80.0	-36.13	16.111906	1.2499988	-59.45	80.0	37 min 56 sec
1150	-52.94000160843134	80.0	-35.849003	12.64304	-6.4000006	-59.7	80.0	39 min 49 sec
1200	-65.3600023690611	80.0	-38.041	13.859021	7.649999	-59.65	80.0	41 min 41 sec
1250	-48.41000158116221	80.0	-34.468002	14.769342	-3.800001	-61.050003	80.0	43 min 50 sec
1300	-38.35000161193311	80.0	-32.745003	14.726725	11.249999	-64.25	80.0	45 min 47 sec
1350	-52.13000158779323	80.0	-24.964998	15.585472	18.65	-56.25	80.0	47 min 46 sec
1400	-22.020001467317343	80.0	-29.036001	14.833	15.049999	-52.65	80.0	50 min 8 sec
1450	-44.000001615658405	80.0	-32.101	13.920756	8.249999	-54.9	80.0	52 min 21 sec
1500	-67.43000289574266	80.0	-26.840002	18.229486	18.75	-54.55	80.0	54 min 13 sec
1550	-55.865002017468214	80.0	-22.032001	17.248209	24.55	-52.7	80.0	56 min 37 sec
1600	-39.99000199958682	80.0	-20.601002	18.636467	29.25	-53.25	80.0	58 min 13 sec
1650	-66.78000253215433	80.0	-19.62	20.091766	20.249998	-53.850002	80.0	1 h 0 min 2 sec
1700	-60.900002306699754	80.0	-16.547	19.5854	29.199999	-58.5	80.0	1 h 1 min 36 sec
1750	-45.250001629814506	80.0	-15.7890005	18.68531	20.75	-61.2	80.0	1 h 3 min 9 sec
1800	-45.73500185497105	80.0	-11.396002	19.520086	30.699999	-54.25	80.0	1 h 4 min 38 sec
1850	-30.01500183455646	80.0	-14.428003	22.79871	45.0	-51.45	80.0	1 h 6 min 4 sec
1900	-45.40500221699476	80.0	-15.193001	16.644514	23.15	-48.550003	80.0	1 h 7 min 25 sec
1950	-33.29500212855637	80.0	-15.616001	19.968924	28.55	-67.65	80.0	1 h 8 min 40 sec
2000	-33.02000205218792	80.0	-16.824	19.280745	24.8	-74.5	80.0	1 h 9 min 52 sec
2050	-40.635001834854485	80.0	-10.571001	20.629646	20.0	-60.15	80.0	1 h 11 min 8 sec
2100	-19.110001225396992	80.0	-16.714	17.755491	19.749998	-52.850002	80.0	1 h 12 min 49 sec
2150	-63.92500316388905	80.0	-17.749	20.2222	28.999998	-67.4	80.0	1 h 14 min 15 sec
2200	-18.11000151336193	80.0	-14.669002	17.679161	33.649998	-55.9	80.0	1 h 15 min 30 sec
2250	-34.355001683160665	80.0	-17.569	15.61416	18.65	-56.600002	80.0	1 h 16 min 42 sec
2300	-55.04500218071043	80.0	-17.869	20.179214	22.499998	-77.8	80.0	1 h 18 min 14 sec
2350	-53.240002361312506	80.0	-13.156001	17.172968	23.8	-49.600002	80.0	1 h 19 min 37 sec
2400	-47.16500190198421	80.0	-24.551003	19.800467	16.65	-68.200005	80.0	1 h 21 min 15 sec
2450	-46.00000218041241	80.0	-16.113	20.84567	28.4	-69.5	80.0	1 h 22 min 45 sec
2500	-32.24000188931823	80.0	-21.010002	23.95691	32.05	-69.4	80.0	1 h 24 min 11 sec
2550	-32.33000131510198	80.0	-18.009	20.555176	34.75	-74.8	80.0	1 h 26 min 4 sec
2600	-47.475002049282196	80.0	-18.203001	20.459993	23.349998	-63.100002	80.0	1 h 27 min 21 sec
2650	-7.415001106634736	80.0	-20.172	17.807224	16.349998	-54.05	80.0	1 h 28 min 41 sec
2700	-36.000001361221074	80.0	-17.691002	18.226154	15.999999	-71.350006	80.0	1 h 30 min 14 sec
2750	-38.03500268347561	80.0	-17.892	21.306177	25.999998	-63.4	80.0	1 h 31 min 35 sec
2800	-16.555001110211016	80.0	-13.334002	16.385757	26.599998	-41.7	80.0	1 h 33 min 2 sec
2850	-16.54500122629106	80.0	-16.524002	20.243484	21.249998	-74.850006	80.0	1 h 34 min 32 sec
2900	-15.40500143431127	80.0	-17.729002	16.058575	17.949999	-47.050003	80.0	1 h 35 min 55 sec
2950	-11.94500099644065	80.0	-15.965001	16.833351	18.5	-50.75	80.0	1 h 37 min 19 sec
3000	-18.365001748874782	80.0	-17.493	15.826844	14.399999	-59.800003	80.0	1 h 38 min 46 sec
3050	-22.47000168226659	80.0	-14.613003	20.205969	31.199999	-51.9	80.0	1 h 40 min 19 sec
3100	-20.930002219974995	80.0	-10.6380005	16.559917	32.2	-51.100002	80.0	1 h 41 min 46 sec
3150	-26.695001891627907	80.0	-17.363	18.598816	27.449999	-78.8	80.0	1 h 43 min 16 sec
3200	-18.230001207813622	80.0	-13.781	15.322494	14.649999	-44.5	80.0	1 h 44 min 47 sec
3250	-32.840001839399335	80.0	-12.163	23.004194	46.7	-56.550003	80.0	1 h 46 min 12 sec
3300	-9.100001239031553	80.0	-11.198002	19.615261	41.6	-46.45	80.0	1 h 47 min 40 sec
3350	-44.290002171322705	80.0	-15.117002	17.881296	31.749998	-52.4	80.0	1 h 49 min 11 sec
3400	-7.74500094614923	80.0	-14.165999	13.622454	15.849999	-42.000004	80.0	1 h 50 min 35 sec
3450	-15.995001315698028	80.0	-20.316002	14.682944	3.9999995	-50.5	80.0	1 h 51 min 57 sec
3500	-25.530001041293144	80.0	-11.615002	18.333588	24.15	-51.45	80.0	1 h 53 min 24 sec
3550	-46.1750024817884	80.0	-7.757	19.569223	47.149998	-50.9	80.0	1 h 54 min 54 sec
3600	-3.5850011344999073	80.0	-14.798	15.70017	26.949999	-50.100002	80.0	1 h 56 min 13 sec
3650	-34.265001772716644	80.0	-15.036001	17.347303	26.249998	-47.7	80.0	1 h 57 min 37 sec
3700	-9.34000113196671	80.0	-14.441001	19.258228	25.599998	-49.800003	80.0	1 h 59 min 8 sec
3750	-20.58000146634877	80.0	-11.836001	17.186031	19.849998	-49.45	80.0	2 h 0 min 37 sec
3800	-18.890001409500837	80.0	-12.807001	22.44088	34.649998	-62.95	80.0	2 h 2 min 5 sec
3850	-4.7750011019408705	80.0	-13.080001	18.34326	38.2	-43.5	80.0	2 h 3 min 32 sec
3900	-19.16000078767538	80.0	-9.155002	23.123373	65.299995	-50.65	80.0	2 h 4 min 58 sec
3950	-31.615001676976682	80.0	-13.341001	19.276348	25.599998	-70.100006	80.0	2 h 6 min 24 sec
4000	-9.385001445189118	80.0	-7.1410007	19.031069	39.1	-51.65	80.0	2 h 7 min 53 sec
4050	-32.015002358704805	80.0	-7.4910016	18.718094	38.35	-42.15	80.0	2 h 9 min 32 sec
4100	-2.365000819787383	80.0	-8.829	19.32394	35.0	-47.45	80.0	2 h 11 min 1 sec
4150	-18.570001177489758	80.0	-12.767001	17.739393	24.6	-57.100002	80.0	2 h 12 min 40 sec
4200	-30.495001839473844	80.0	-14.555001	18.458288	18.649998	-68.0	80.0	2 h 14 min 24 sec
4250	-4.160000924393534	80.0	-13.077001	14.801156	17.499998	-43.95	80.0	2 h 16 min 8 sec
4300	16.11499917767942	80.0	-9.399001	21.63093	42.55	-47.8	80.0	2 h 17 min 45 sec
4350	3.2649988077580927	80.0	-8.964002	22.355959	33.3	-67.4	80.0	2 h 19 min 25 sec
4400	-23.025001396238803	80.0	-8.724002	20.362608	31.05	-58.850002	80.0	2 h 21 min 10 sec
4450	-5.755001208558679	80.0	-11.701003	20.013699	24.449999	-58.300003	80.0	2 h 22 min 46 sec
4500	0.8599993091076612	80.0	-9.5390005	18.665606	27.5	-43.550003	80.0	2 h 24 min 27 sec
4550	-42.86000212877989	80.0	-12.227001	24.728025	52.149998	-57.2	80.0	2 h 26 min 5 sec
4600	-12.675000789016485	80.0	-12.989001	25.523384	35.25	-61.850002	80.0	2 h 27 min 48 sec
4650	-19.880001121014356	80.0	-11.2	21.107708	30.0	-53.750004	80.0	2 h 29 min 22 sec
4700	4.679999102652073	80.0	-11.2	20.168522	32.95	-53.0	80.0	2 h 31 min 2 sec
4750	-4.96500075571239	80.0	-7.5380015	19.637934	56.25	-47.0	80.0	2 h 32 min 34 sec
4800	-20.395001091063023	80.0	-9.616	22.34048	50.05	-46.100002	80.0	2 h 34 min 6 sec
4850	-54.50500260144472	80.0	-4.5000014	22.864864	35.95	-65.950005	80.0	2 h 35 min 45 sec
4900	-16.40500127747655	80.0	-5.4670014	21.1732	45.8	-51.2	80.0	2 h 37 min 20 sec
4950	-8.3550008777529	80.0	-9.193001	18.388115	46.3	-40.15	80.0	2 h 38 min 57 sec
5000	-16.025000965967774	80.0	-7.5400014	20.856455	51.649998	-45.850002	80.0	2 h 40 min 37 sec
5050	-16.565001264214516	80.0	-4.517001	21.009249	49.7	-39.350002	80.0	2 h 42 min 8 sec
5100	1.7149988409131764	80.0	-8.592001	21.37051	37.95	-47.600002	80.0	2 h 43 min 42 sec
5150	-18.025001372769474	80.0	-4.9240007	19.484667	44.149998	-44.2	80.0	2 h 45 min 23 sec
5200	6.759998413920402	80.0	-12.216001	23.833757	35.3	-61.95	80.0	2 h 47 min 0 sec
5250	-16.885001446306706	80.0	-11.908002	26.363573	45.1	-64.4	80.0	2 h 48 min 34 sec
5300	4.939999234676361	80.0	-7.3510003	27.914366	52.85	-84.25	80.0	2 h 50 min 9 sec
5350	-30.700002156570555	80.0	-3.5330012	21.978788	43.95	-53.300003	80.0	2 h 51 min 47 sec
5400	-8.810001455247402	80.0	-12.4	25.326693	41.05	-60.350002	80.0	2 h 53 min 19 sec
5450	-14.745001642778515	80.0	-9.81	20.942461	37.8	-55.95	80.0	2 h 54 min 56 sec
5500	-20.480001147836447	80.0	-9.660001	23.5139	49.85	-57.7	80.0	2 h 56 min 38 sec
5550	-32.47000147923827	80.0	-6.263001	22.343853	42.0	-46.5	80.0	2 h 58 min 10 sec
5600	-2.0000009637326004	80.0	-2.6850007	20.856009	40.55	-54.000004	80.0	2 h 59 min 44 sec
5650	-8.490001399442553	80.0	-4.237001	19.863523	36.55	-48.95	80.0	3 h 1 min 21 sec
5700	-17.6100014757365	80.0	-6.107001	20.339123	41.55	-45.65	80.0	3 h 2 min 56 sec
5750	2.089998647198081	80.0	-6.3240023	27.142223	59.75	-54.0	80.0	3 h 4 min 34 sec
5800	-10.445000882074236	80.0	-3.5570006	21.835508	52.45	-49.45	80.0	3 h 6 min 12 sec
5850	22.004999059811233	80.0	-4.079001	24.912683	55.649998	-51.95	80.0	3 h 7 min 47 sec
5900	-1.2150010861456395	80.0	-1.6020007	23.12063	58.3	-52.4	80.0	3 h 9 min 22 sec
5950	9.539999271184206	80.0	-4.553001	22.156523	47.85	-49.550003	80.0	3 h 10 min 56 sec
6000	2.7549992971122266	80.0	2.8169985	21.278154	70.299995	-49.100002	80.0	3 h 12 min 40 sec
6050	-31.355002065747975	80.0	-5.991001	18.814514	36.25	-48.15	80.0	3 h 14 min 14 sec
6100	-19.600001143664123	80.0	-5.7250013	22.926353	37.95	-53.75	80.0	3 h 15 min 47 sec
6150	-24.17000277079642	80.0	-9.525002	26.88959	50.2	-56.600002	80.0	3 h 17 min 25 sec
6200	8.43999920450151	80.0	-6.9660006	22.119272	27.349998	-60.15	80.0	3 h 18 min 59 sec
6250	-6.425000999495387	80.0	-5.4850006	26.486073	46.399998	-58.9	80.0	3 h 20 min 39 sec
6300	-11.340001204609871	80.0	-4.5540013	20.626284	39.1	-48.350002	80.0	3 h 22 min 22 sec
6350	15.034999312832952	80.0	-0.12100079	25.685057	61.75	-55.65	80.0	3 h 24 min 1 sec
6400	14.529999103397131	80.0	-2.7490013	19.367197	34.05	-46.4	80.0	3 h 25 min 34 sec
6450	-1.9500008147209882	80.0	-1.3220009	20.834894	48.7	-45.750004	80.0	3 h 27 min 14 sec
6500	-16.050002029910683	80.0	-3.3500018	31.332443	66.6	-65.65	80.0	3 h 29 min 0 sec
6550	-5.405001147836447	80.0	-4.4550014	27.481691	60.149998	-54.65	80.0	3 h 30 min 34 sec
6600	2.18499866835773	80.0	-0.899001	21.874866	51.649998	-50.65	80.0	3 h 32 min 10 sec
6650	-22.055001861229538	80.0	-0.24900138	24.941305	53.45	-55.600002	80.0	3 h 33 min 58 sec
6700	-12.105001026391983	80.0	3.7089996	29.875938	72.6	-52.9	80.0	3 h 35 min 58 sec
6750	-0.6650009360164404	80.0	2.7299993	25.719147	62.399998	-54.850002	80.0	3 h 37 min 59 sec
6800	3.089999233558774	80.0	2.441999	25.58885	56.95	-53.100002	80.0	3 h 40 min 11 sec
6850	-12.540000934153795	80.0	6.915999	26.77552	71.45	-50.500004	80.0	3 h 42 min 18 sec
6900	-33.06000178344548	80.0	-0.2900012	22.423275	65.85	-43.800003	80.0	3 h 44 min 26 sec
6950	-27.700001499429344	80.0	-2.861001	25.944807	67.75	-78.8	80.0	3 h 46 min 32 sec
7000	22.09499894529581	80.0	3.0609999	27.734476	58.05	-47.350002	80.0	3 h 48 min 59 sec
7050	1.2149990439414977	80.0	8.841998	27.255068	57.75	-50.75	80.0	3 h 51 min 37 sec
7100	-1.6750014808028937	80.0	-6.550001	23.570854	29.65	-55.850002	80.0	3 h 54 min 40 sec
7150	-13.185001388937234	80.0	9.9419985	26.307156	76.2	-51.300003	80.0	3 h 57 min 18 sec
7200	9.514998833462595	80.0	-2.1450016	23.477385	49.949997	-57.600002	80.0	4 h 0 min 9 sec
7250	4.339999210834503	80.0	4.2099986	23.91492	68.299995	-39.65	80.0	4 h 3 min 15 sec
7300	14.469999073818325	80.0	6.8659997	32.502388	81.45	-57.25	80.0	4 h 5 min 54 sec
7350	-12.770000940561294	80.0	12.346999	28.33351	68.85	-46.850002	80.0	4 h 8 min 7 sec
7400	-1.3100007496774198	80.0	5.2869997	28.49999	77.5	-54.100002	80.0	4 h 10 min 6 sec
7450	-14.655001483485103	80.0	4.3389993	24.815636	50.6	-37.800003	80.0	4 h 12 min 12 sec
7500	-8.19000186547637	80.0	10.813	33.017	81.2	-48.65	80.0	4 h 14 min 43 sec
7550	-32.63000143244862	80.0	0.628999	28.184872	68.65	-70.3	80.0	4 h 17 min 23 sec
7600	25.95999941304326	80.0	0.11699898	29.071703	63.45	-79.350006	80.0	4 h 19 min 54 sec
7650	-14.14000156633556	80.0	0.98899895	27.503235	66.1	-58.65	80.0	4 h 22 min 23 sec
7700	-10.39500092715025	80.0	3.7079995	22.299435	62.05	-53.15	80.0	4 h 25 min 15 sec
7750	8.084999049454927	80.0	5.2929993	27.929653	49.45	-48.850002	80.0	4 h 27 min 36 sec
7800	8.604999254271387	80.0	5.629999	26.472403	62.05	-52.3	80.0	4 h 30 min 5 sec
7850	-10.755001506581902	80.0	4.2859983	29.281666	50.85	-49.9	80.0	4 h 32 min 49 sec
7900	8.989998888224363	80.0	8.817999	25.927515	74.75	-46.100002	80.0	4 h 35 min 14 sec
7950	12.144999182596802	80.0	7.320999	26.992638	66.25	-55.2	80.0	4 h 37 min 7 sec
8000	-44.485002210363746	80.0	3.029999	24.156351	66.35	-72.25	80.0	4 h 39 min 6 sec
8050	-52.89500296376646	80.0	0.8649994	28.979038	61.35	-49.8	80.0	4 h 40 min 57 sec
8100	-1.2250010129064322	80.0	4.1839995	30.778622	88.9	-54.4	79.96	4 h 42 min 44 sec
8150	-5.500001187250018	80.0	4.138999	31.200783	65.35	-86.8	80.0	4 h 44 min 30 sec
8200	14.319998800382018	80.0	5.6499996	22.688314	49.35	-51.0	80.0	4 h 46 min 29 sec
8250	-21.280002526566385	80.0	16.405998	29.685968	67.799995	-66.950005	80.0	4 h 48 min 12 sec
8300	-0.43000116050243375	80.0	11.308999	21.70409	68.049995	-40.4	80.0	4 h 50 min 0 sec
8350	10.279999212175607	80.0	9.631	25.972143	71.9	-45.800003	80.0	4 h 51 min 53 sec
8400	-2.615001004561782	80.0	1.4479988	26.841145	66.65	-53.3	80.0	4 h 53 min 35 sec
8450	-16.42500122785568	80.0	4.703999	24.070364	78.15	-42.3	80.0	4 h 55 min 19 sec
8500	-5.360001322627068	80.0	7.2009993	27.222197	55.75	-44.850002	80.0	4 h 57 min 4 sec
8550	-7.490001622587442	80.0	6.1129985	24.393034	59.3	-34.850002	80.0	4 h 59 min 0 sec
8600	-6.605001708120108	80.0	11.306998	27.17532	71.4	-44.95	80.0	5 h 0 min 43 sec
8650	19.23499907888472	80.0	10.950998	27.896437	74.95	-45.65	80.0	5 h 2 min 27 sec
8700	3.02999905012548	80.0	4.489999	29.262827	77.35	-48.5	80.0	5 h 4 min 25 sec
8750	-10.715001124143601	80.0	8.557999	35.35185	75.9	-56.75	80.0	5 h 6 min 22 sec
8800	-12.98000111617148	80.0	14.101	24.491737	67.549995	-56.25	80.0	5 h 8 min 13 sec
8850	-0.035000923275947574	80.0	5.9869995	30.486645	68.35	-74.350006	80.0	5 h 9 min 59 sec
8900	0.2799994882196188	80.0	1.4029992	29.866318	62.55	-66.100006	80.0	5 h 11 min 53 sec
8950	23.50499923937023	80.0	11.410999	22.397648	47.8	-52.3	80.0	5 h 13 min 37 sec
9000	12.339998399093748	80.0	15.297001	24.008188	77.35	-31.400002	80.0	5 h 15 min 21 sec
9050	25.724999049305914	80.0	9.671999	28.488441	66.9	-48.600002	80.0	5 h 17 min 22 sec
9100	49.049999146163465	80.0	14.54	23.42869	55.7	-48.75	80.0	5 h 19 min 13 sec
9150	-10.670001350715756	80.0	9.502999	28.311893	69.0	-60.0	80.0	5 h 21 min 6 sec
9200	27.39499923810363	80.0	7.101999	31.134129	76.2	-53.9	80.0	5 h 23 min 7 sec
9250	-29.88000280223787	80.0	20.805998	26.672604	76.35	-36.3	80.0	5 h 24 min 57 sec
9300	11.099998985230922	80.0	10.709999	27.170818	79.049995	-53.25	80.0	5 h 26 min 44 sec
9350	11.15999892540276	80.0	5.2399993	31.38356	70.0	-55.100002	80.0	5 h 28 min 32 sec
9400	8.129999329894781	80.0	11.873999	29.844213	81.25	-40.75	80.0	5 h 30 min 25 sec
9450	-9.545001782476902	80.0	9.712999	25.420591	56.35	-49.2	80.0	5 h 32 min 4 sec
9500	39.87999915368855	80.0	14.367	29.295689	91.2	-45.4	80.0	5 h 33 min 51 sec
9550	16.174999061226845	80.0	10.896998	27.945753	69.1	-47.5	80.0	5 h 35 min 38 sec
9600	13.489999299868941	80.0	5.900999	26.116861	65.4	-48.7	80.0	5 h 37 min 28 sec
9650	-11.615001817420126	80.0	2.5189989	27.495216	56.85	-67.8	80.0	5 h 39 min 11 sec
9700	10.699999126046896	80.0	6.844999	29.201595	57.7	-68.05	80.0	5 h 41 min 1 sec
9750	18.209999097138642	80.0	3.4199994	29.785994	77.75	-61.15	80.0	5 h 43 min 0 sec
9800	-6.225000802800059	80.0	6.0539994	35.675465	78.0	-72.75	80.0	5 h 44 min 54 sec
9850	21.539998902007937	80.0	14.04	27.539743	70.799995	-44.100002	80.0	5 h 46 min 47 sec
9900	25.949999180436134	76.0	16.882	31.349367	100.45	-36.05	79.48	5 h 48 min 44 sec
9950	0.7749992471188307	80.0	12.194999	29.993055	92.799995	-34.5	79.88	5 h 50 min 41 sec
10000	8.084999110922217	80.0	10.189999	29.442072	81.15	-44.4	80.0	5 h 52 min 35 sec
10050	12.914999136701226	80.0	17.282997	32.86244	71.9	-54.4	80.0	5 h 55 min 12 sec
10100	5.409999068081379	80.0	18.68	29.31743	77.9	-35.8	80.0	5 h 57 min 36 sec
10150	-25.22500125616789	80.0	17.905998	27.068686	69.15	-46.95	80.0	6 h 0 min 14 sec
10200	4.92999886572361	80.0	10.728999	35.77987	104.45	-45.95	79.14	6 h 2 min 55 sec
10250	-3.57500113658607	80.0	2.6329987	26.704153	55.199997	-57.850002	80.0	6 h 5 min 30 sec
10300	15.649998882040382	80.0	8.617	37.273293	81.9	-49.95	80.0	6 h 8 min 0 sec
10350	34.154999024793504	80.0	15.856999	35.35629	94.1	-55.600002	79.8	6 h 10 min 46 sec
10400	4.819999059662223	80.0	15.747999	35.9383	81.45	-58.100002	80.0	6 h 13 min 19 sec
10450	17.859998743981123	73.1	19.161997	31.870665	103.1	-47.8	79.4	6 h 15 min 54 sec
10500	24.799998997151853	75.5	12.167	26.040989	65.85	-48.45	80.0	6 h 18 min 13 sec
10550	20.77999916113913	80.0	24.619997	33.64246	112.95	-54.65	79.2	6 h 20 min 39 sec
10600	34.5649991825223	80.0	18.085	34.496292	108.65	-63.600002	79.28	6 h 23 min 18 sec
10650	16.6449989374727	80.0	20.102	32.06694	88.2	-55.600002	80.0	6 h 25 min 43 sec
10700	3.8049991615116596	80.0	22.484	32.77551	89.35	-47.15	79.9	6 h 28 min 12 sec
10750	-13.950001075863838	80.0	29.164	31.476734	86.15	-33.4	80.0	6 h 30 min 47 sec
10800	-3.0200010646134614	80.0	15.306999	29.571016	68.1	-56.100002	80.0	6 h 33 min 5 sec
10850	33.434999238699675	80.0	15.051999	25.896734	74.2	-30.400002	80.0	6 h 35 min 22 sec
10900	26.509998965263367	80.0	15.563	32.20136	78.45	-55.350002	80.0	6 h 37 min 16 sec
10950	31.739999084919692	80.0	21.536999	28.554478	100.9	-30.45	79.52	6 h 39 min 3 sec
11000	11.999998837709427	80.0	18.387999	28.105898	74.1	-37.2	80.0	6 h 40 min 57 sec
11050	13.409998439252377	80.0	17.662998	35.905888	101.5	-49.25	79.38	6 h 42 min 58 sec
11100	8.259999096766114	80.0	20.075	33.234188	91.299995	-55.100002	80.0	6 h 44 min 50 sec
11150	20.929999332129956	80.0	20.062998	33.519047	109.8	-50.65	79.2	6 h 46 min 38 sec
11200	32.42499924264848	80.0	18.759998	31.589125	106.35	-54.5	79.44	6 h 48 min 42 sec
11250	24.734999169409274	80.0	19.904	31.449339	96.6	-42.100002	79.78	6 h 50 min 41 sec
11300	16.70999887958169	80.0	19.707998	33.975822	83.25	-59.7	80.0	6 h 52 min 40 sec
11350	45.61499847471714	75.9	29.418001	38.55475	89.549995	-53.5	80.0	6 h 54 min 32 sec
11400	21.554998603835703	80.0	22.357998	34.951637	99.45	-48.850002	79.5	6 h 56 min 33 sec
11450	20.039998865872622	80.0	32.625	34.469437	101.049995	-45.25	79.48	6 h 58 min 27 sec
11500	13.079999266564846	80.0	27.286999	34.77207	102.75	-53.95	79.12	7 h 0 min 23 sec
11550	15.029998496547341	80.0	32.108997	28.146843	99.35	-30.5	79.58	7 h 2 min 28 sec
11600	24.819998721033336	80.0	29.202997	25.841532	80.45	-37.95	80.0	7 h 4 min 25 sec
11650	13.599999048560857	80.0	23.412003	32.684174	102.65	-63.750004	79.68	7 h 6 min 33 sec
11700	47.0299989849329	80.0	21.412003	33.413475	79.799995	-43.05	80.0	7 h 8 min 23 sec
11750	26.31999920196831	80.0	17.960999	30.015358	73.35	-48.8	80.0	7 h 10 min 23 sec
11800	26.444998934864998	78.7	22.623999	38.05271	103.9	-55.75	79.16	7 h 12 min 19 sec
11850	5.034998618811369	80.0	26.577997	30.90206	96.45	-36.0	79.9	7 h 14 min 14 sec
11900	5.004998933896422	80.0	25.036999	29.884878	80.55	-29.250002	80.0	7 h 16 min 19 sec
11950	21.764999199658632	80.0	18.266998	33.579613	102.799995	-40.05	78.6	7 h 18 min 5 sec
12000	41.424998910352585	80.0	19.095999	35.217503	97.15	-51.45	79.72	7 h 19 min 57 sec
12050	29.209999226406218	80.0	21.609	31.160519	98.549995	-27.5	79.68	7 h 21 min 51 sec
12100	29.32499846704304	80.0	17.970999	33.160095	95.2	-57.0	79.74	7 h 23 min 42 sec
12150	-1.6550011329352856	80.0	20.508999	33.87292	88.9	-48.5	79.74	7 h 25 min 26 sec
12200	-10.520001206547022	80.0	25.736	32.65272	87.5	-46.55	79.9	7 h 27 min 12 sec
12250	7.009999081119895	80.0	30.16	35.543896	120.0	-50.550003	78.28	7 h 29 min 5 sec
12300	5.984999110177159	80.0	22.542997	28.086723	76.7	-46.25	80.0	7 h 30 min 55 sec
12350	58.32999900728464	80.0	19.324	32.85959	104.4	-53.75	79.42	7 h 32 min 41 sec
12400	52.079999258741736	72.2	24.397999	31.4877	108.1	-38.4	79.28	7 h 34 min 33 sec
12450	2.3599987637251614	80.0	27.417	33.2373	110.15	-52.55	79.32	7 h 36 min 24 sec
12500	9.224999191984534	80.0	17.753998	31.321035	78.35	-43.4	80.0	7 h 38 min 11 sec
12550	39.289999179169534	80.0	21.002998	30.373665	78.15	-51.8	80.0	7 h 40 min 2 sec
12600	-1.6250011030584575	80.0	22.152	30.402122	117.6	-48.25	79.06	7 h 41 min 52 sec
12650	9.099998814985156	80.0	30.609	30.500576	103.25	-30.400002	79.1	7 h 43 min 41 sec
12700	47.26499923579395	80.0	18.25	36.20567	83.45	-46.800003	80.0	7 h 45 min 33 sec
12750	46.55499915741384	80.0	19.654999	36.001324	84.299995	-51.8	80.0	7 h 47 min 26 sec
12800	10.534998656436802	80.0	27.873999	32.575127	88.65	-44.600002	80.0	7 h 49 min 24 sec
12850	40.70499916151166	80.0	26.301996	34.297398	97.1	-42.9	79.36	7 h 51 min 12 sec
12900	28.194998994469643	80.0	30.876	32.55844	105.5	-49.4	79.08	7 h 53 min 17 sec
12950	50.63999908231199	80.0	27.543999	30.010489	87.25	-48.850002	80.0	7 h 55 min 17 sec
13000	-13.990001580119133	80.0	23.913	32.08322	91.65	-55.9	79.84	7 h 56 min 39 sec
13050	39.519999109953645	80.0	31.085997	32.712723	112.2	-34.350002	79.18	7 h 57 min 50 sec
13100	19.55999861471355	80.0	22.792997	31.537378	80.7	-46.45	80.0	7 h 59 min 9 sec
13150	43.844999094307425	80.0	28.669998	29.735907	102.05	-29.6	79.74	8 h 0 min 20 sec
13200	46.85999893546104	80.0	19.578999	28.759695	77.25	-35.350002	80.0	8 h 1 min 30 sec
13250	25.554998967051507	80.0	32.964	29.023144	91.5	-45.600002	79.76	8 h 2 min 40 sec
13300	27.52499921321869	80.0	25.065	27.743591	79.1	-26.35	80.0	8 h 3 min 59 sec
13350	4.914998587593436	80.0	29.605999	33.084663	109.3	-43.9	79.24	8 h 5 min 12 sec
13400	-12.850001440197229	80.0	29.938	32.404556	89.2	-41.9	80.0	8 h 6 min 24 sec
13450	19.554999127611516	80.0	23.021997	31.081945	87.95	-63.5	79.92	8 h 7 min 39 sec
13500	38.339999083057045	80.0	27.462	35.42407	106.55	-41.15	79.54	8 h 8 min 49 sec
13550	36.51499913297594	80.0	41.961998	30.296057	100.549995	-18.550001	79.28	8 h 10 min 1 sec
13600	46.47499917112291	80.0	30.53	33.39266	113.65	-35.15	79.1	8 h 11 min 11 sec
13650	-1.515002327412367	80.0	27.102	30.950785	79.4	-40.15	80.0	8 h 12 min 27 sec
13700	19.444999131932853	80.0	31.196001	30.901146	108.05	-26.100002	79.2	8 h 13 min 38 sec
13750	37.54499893002212	80.0	36.708	31.082188	108.3	-45.100002	79.32	8 h 14 min 49 sec
13800	13.529998999089003	80.0	33.699997	31.562103	90.75	-44.3	79.94	8 h 16 min 6 sec
13850	46.73499915897846	80.0	34.413998	38.26239	117.65	-41.100002	78.12	8 h 17 min 15 sec
13900	-18.945000795647502	80.0	31.337997	30.629108	83.549995	-50.8	80.0	8 h 18 min 26 sec
13950	48.339998996630314	80.0	32.434	38.155388	106.75	-47.0	79.12	8 h 19 min 36 sec
14000	16.259998803958297	80.0	22.595999	32.15956	79.5	-47.45	80.0	8 h 20 min 56 sec
14050	35.11999860070646	80.0	26.222	33.980583	98.799995	-40.2	79.64	8 h 22 min 9 sec
14100	10.394999104738236	80.0	25.625	33.965843	110.95	-40.600002	79.26	8 h 23 min 20 sec
14150	-23.900001477450132	80.0	28.517	36.239944	99.3	-48.600002	79.86	8 h 24 min 31 sec
14200	23.72999911941588	80.0	30.364998	31.429987	113.1	-43.75	79.22	8 h 25 min 41 sec
14250	15.184998789802194	80.0	29.288	28.338932	103.8	-37.95	79.54	8 h 26 min 54 sec
14300	51.73499902151525	80.0	28.915998	39.228455	115.65	-45.9	79.08	8 h 28 min 5 sec
14350	36.1749989528209	80.0	31.348999	37.0209	119.25	-50.55	78.74	8 h 29 min 17 sec
14400	5.089998972043395	80.0	26.917997	37.37607	91.65	-46.75	79.94	8 h 30 min 30 sec
14450	37.81499909572303	80.0	30.745998	33.988773	81.65	-43.3	80.0	8 h 31 min 39 sec
14500	11.569998993352055	80.0	30.563	39.40925	89.2	-59.5	79.94	8 h 32 min 49 sec
14550	54.024999189004305	76.6	24.432	36.142155	96.95	-51.45	79.6	8 h 34 min 2 sec
14600	38.604999110847714	72.9	26.116	36.138103	83.6	-48.9	80.0	8 h 35 min 14 sec
14650	27.609999239444733	80.0	34.759	35.592205	106.85	-44.15	79.02	8 h 36 min 24 sec
14700	23.109998378902674	80.0	38.396	33.50219	101.299995	-45.050003	79.28	8 h 37 min 36 sec
14750	-0.4050008736550808	80.0	19.119	35.001205	86.6	-40.25	80.0	8 h 38 min 50 sec
14800	-11.600002164393663	80.0	24.057	43.049847	104.7	-57.3	78.0	8 h 40 min 1 sec
14850	56.00499892495573	75.4	31.86	32.02908	88.65	-54.0	79.92	8 h 41 min 10 sec
14900	53.7049990888685	67.4	35.233997	37.140747	107.1	-59.7	78.84	8 h 42 min 19 sec
14950	21.64499904960394	77.1	23.234	32.99367	84.75	-49.55	80.0	8 h 43 min 30 sec
15000	29.089999051764607	80.0	28.719002	37.162804	112.65	-37.45	77.06	8 h 44 min 38 sec
15050	56.61999914906919	80.0	33.992996	29.427675	98.05	-20.050001	79.64	8 h 45 min 50 sec
15100	14.104999100416899	80.0	33.487	36.37106	98.549995	-48.100002	79.44	8 h 47 min 3 sec
15150	67.34999928437173	69.4	39.942997	31.400337	93.6	-45.7	79.84	8 h 48 min 11 sec
15200	7.574999144300818	80.0	29.097998	31.305088	103.65	-53.25	79.62	8 h 49 min 23 sec
15250	15.944998944923281	80.0	26.283998	25.67417	80.45	-50.45	80.0	8 h 50 min 34 sec
15300	52.439998938143255	77.9	34.740997	39.83116	113.15	-47.8	77.58	8 h 51 min 41 sec
15350	45.64499910026789	80.0	32.214996	32.660713	94.049995	-43.9	79.36	8 h 52 min 51 sec
15400	22.21499897390604	80.0	29.501999	36.106983	115.35	-40.350002	77.84	8 h 54 min 5 sec
15450	47.644999290257694	68.4	28.918001	26.054375	89.4	-24.250002	80.0	8 h 55 min 21 sec
15500	34.90999899692834	80.0	26.501	32.31865	88.299995	-37.300003	79.92	8 h 56 min 35 sec
15550	25.504999298602343	80.0	26.350998	32.710213	112.65	-50.55	79.1	8 h 57 min 46 sec
15600	34.879999267309906	80.0	32.668	35.580364	114.15	-47.350002	79.02	8 h 58 min 55 sec
15650	27.769999023899437	80.0	35.432	28.970669	96.299995	-35.600002	79.42	9 h 0 min 5 sec
15700	13.56499882042408	80.0	29.768	32.303185	100.2	-26.800001	79.46	9 h 1 min 15 sec
15750	48.54999887645245	76.4	35.676	40.30208	121.55	-54.45	78.06	9 h 2 min 26 sec
15800	54.509999132528904	80.0	30.46	30.275993	111.55	-45.15	79.12	9 h 3 min 38 sec
15850	13.424998795613647	80.0	31.988998	34.63536	91.1	-41.4	79.98	9 h 4 min 53 sec
15900	47.06999917589128	77.0	27.99	34.54988	108.65	-35.9	78.72	9 h 6 min 1 sec
15950	30.254998751729726	80.0	35.996998	37.352562	113.6	-44.850002	76.66	9 h 7 min 9 sec
16000	4.484998831525445	80.0	35.028	29.404633	92.1	-28.2	79.72	9 h 8 min 25 sec
16050	45.94499895051122	80.0	25.78	37.945072	99.95	-59.4	79.6	9 h 9 min 35 sec
16100	35.67999888770282	80.0	37.887997	34.165382	120.85	-32.050003	77.26	9 h 10 min 43 sec
16150	30.664998887479307	78.2	34.609	36.02579	118.05	-47.3	78.48	9 h 11 min 51 sec
16200	40.56999923959374	78.2	34.931	37.683556	107.9	-37.4	77.76	9 h 13 min 1 sec
16250	32.439998949319126	80.0	34.495	32.650925	96.75	-45.8	79.84	9 h 14 min 11 sec
16300	-18.220001231506465	80.0	30.290997	34.814774	102.1	-38.5	79.18	9 h 15 min 28 sec
16350	46.51499918177724	76.1	35.667	35.262905	119.2	-37.7	78.56	9 h 16 min 43 sec
16400	6.759999167919159	80.0	32.895996	32.395283	113.8	-55.65	79.18	9 h 18 min 0 sec
16450	29.0799991376698	80.0	27.741997	36.07496	114.05	-41.75	78.56	9 h 19 min 10 sec
16500	-9.66500137746334	78.1	22.611998	34.394276	102.6	-51.8	79.42	9 h 20 min 20 sec
16550	28.854998916387558	78.3	28.528	40.385166	113.9	-54.65	78.98	9 h 21 min 35 sec
16600	29.67499898187816	80.0	29.016003	34.071777	105.5	-38.7	79.88	9 h 22 min 45 sec
16650	15.70499931499362	80.0	26.036999	37.993484	102.8	-55.25	79.44	9 h 23 min 53 sec
16700	27.28999921232462	77.9	33.335	37.298416	110.3	-34.800003	78.02	9 h 25 min 2 sec
16750	62.64499902203679	69.8	33.358997	37.17531	107.6	-51.800003	78.48	9 h 26 min 12 sec
16800	22.519998814165593	80.0	35.007	35.21958	110.85	-43.550003	78.56	9 h 27 min 25 sec
16850	40.75499914959073	70.2	33.076	35.741627	106.75	-38.350002	78.98	9 h 28 min 34 sec
16900	-17.855001213401557	80.0	19.792997	38.706913	113.35	-38.9	78.14	9 h 29 min 48 sec
16950	-10.875001410022378	80.0	21.637	34.534935	95.799995	-53.350002	79.76	9 h 31 min 1 sec
17000	24.57499907948077	80.0	32.38	39.69452	116.45	-63.600002	77.6	9 h 32 min 12 sec
17050	27.634998715296387	80.0	31.561	33.094025	105.85	-39.0	79.6	9 h 33 min 24 sec
17100	13.844998859614133	80.0	43.101997	33.896812	118.4	-29.550001	77.84	9 h 34 min 38 sec
17150	54.354999077692625	78.8	38.893997	36.047146	106.35	-47.550003	77.6	9 h 35 min 47 sec
17200	2.694999233260751	80.0	31.587996	37.520683	110.85	-42.8	78.24	9 h 36 min 54 sec
17250	48.13499906510115	79.6	28.573	31.29064	83.1	-53.9	79.92	9 h 38 min 5 sec
17300	3.014998658373952	75.0	42.366997	44.50002	118.35	-55.0	75.76	9 h 39 min 16 sec
17350	37.65999921076	78.9	28.748999	36.37886	111.5	-48.05	79.06	9 h 40 min 25 sec
17400	33.974999151006344	72.2	30.973997	31.432919	100.0	-26.000002	79.24	9 h 41 min 34 sec
17450	20.554998759552838	80.0	27.071	32.954113	111.05	-30.85	79.1	9 h 42 min 41 sec
17500	-0.3300012867897749	80.0	19.965	39.19187	93.85	-56.7	79.72	9 h 43 min 53 sec
17550	19.374998839944602	76.8	26.040998	28.148663	90.2	-35.05	79.78	9 h 45 min 5 sec
17600	8.124998624622823	80.0	33.690998	34.180122	107.05	-52.45	79.28	9 h 46 min 18 sec
17650	52.72499898932874	73.4	34.59	40.62897	112.05	-55.4	77.6	9 h 47 min 25 sec
17700	-1.5350014422088862	80.0	34.95	35.873024	120.05	-34.9	77.06	9 h 48 min 37 sec
17750	-9.250000619143247	80.0	21.473	42.74061	109.5	-82.3	77.8	9 h 49 min 46 sec
17800	27.019999048113824	80.0	39.406002	35.862694	100.1	-32.850002	78.36	9 h 50 min 56 sec
17850	53.41999926492572	73.3	35.429996	36.90439	103.299995	-28.900002	78.0	9 h 52 min 6 sec
17900	21.529999101907016	80.0	26.092003	38.55008	108.2	-48.600002	77.7	9 h 53 min 15 sec
17950	0.44999893456697465	80.0	29.865002	35.96738	109.95	-37.75	78.36	9 h 54 min 22 sec
18000	14.784998722746968	80.0	31.727999	37.84403	120.65	-24.050001	77.08	9 h 55 min 30 sec
18050	4.154999181255699	80.0	29.321	36.54431	109.3	-50.100002	78.84	9 h 56 min 43 sec
18100	46.734999011456964	80.0	28.751	34.87968	106.55	-51.55	78.14	9 h 57 min 53 sec
18150	24.124998721852897	71.2	35.048	32.597427	106.1	-23.0	79.46	9 h 59 min 4 sec
18200	29.634999134764076	80.0	34.135998	38.702538	112.95	-55.65	77.54	10 h 0 min 13 sec
18250	28.94499920271337	80.0	29.959	28.87976	83.799995	-22.150002	80.0	10 h 1 min 26 sec
18300	19.774999111890793	80.0	30.569002	36.98066	109.5	-47.25	78.74	10 h 2 min 37 sec
18350	41.92499901689589	75.4	28.088001	31.86188	85.75	-32.5	80.0	10 h 3 min 47 sec
18400	34.43999923206866	74.4	38.493	35.50107	100.2	-39.9	79.8	10 h 4 min 55 sec
18450	31.324999083951116	77.3	33.076	37.038822	112.25	-32.7	79.06	10 h 6 min 5 sec
18500	52.24499904960394	73.4	42.61	39.069378	119.7	-39.75	76.02	10 h 7 min 11 sec
18550	7.874998972192406	80.0	33.895	37.369774	118.3	-34.5	77.58	10 h 8 min 21 sec
18600	23.959998809173705	77.5	37.635	38.267605	111.35	-26.45	77.5	10 h 9 min 34 sec
18650	33.75499918237328	79.8	38.323	35.27706	108.85	-30.250002	77.82	10 h 10 min 48 sec
18700	3.5999987438321113	80.0	32.27	34.52297	118.35	-36.3	78.78	10 h 11 min 56 sec
18750	23.269998779147862	78.3	28.449997	33.189304	110.55	-56.350002	78.86	10 h 13 min 4 sec
18800	52.27999881766736	80.0	37.46	34.675583	108.3	-20.800001	78.84	10 h 14 min 20 sec
18850	1.9449987683445216	80.0	40.697	35.020718	110.0	-44.9	78.16	10 h 15 min 30 sec
18900	7.764998186007142	80.0	34.218998	34.084602	104.5	-38.4	78.84	10 h 16 min 38 sec
18950	27.674999080598354	80.0	30.647	38.071392	114.7	-31.35	78.56	10 h 17 min 49 sec
19000	37.91999919600785	80.0	42.596996	35.849968	113.15	-43.95	77.54	10 h 19 min 2 sec
19050	28.19999928213656	80.0	23.323	41.048973	112.2	-56.2	78.06	10 h 20 min 10 sec
19100	25.449998921528458	73.2	37.479	38.38382	111.3	-43.350002	78.8	10 h 21 min 21 sec
19150	38.07499907650053	80.0	41.396	39.95497	113.75	-46.15	76.68	10 h 22 min 30 sec
19200	12.97499900907278	80.0	33.962997	40.304375	113.85	-35.9	76.64	10 h 23 min 39 sec
19250	-5.400001003593206	80.0	38.874996	35.69603	101.799995	-40.4	79.72	10 h 24 min 46 sec
19300	16.804998830333354	80.0	39.71	38.25912	110.9	-38.25	77.08	10 h 26 min 0 sec
19350	22.749999023973942	80.0	33.085	35.456375	115.8	-57.95	78.04	10 h 27 min 10 sec
19400	-2.9550007194280625	80.0	32.769997	32.96072	115.3	-36.850002	79.12	10 h 28 min 22 sec
19450	37.419998904317616	80.0	39.246	37.46762	115.75	-60.100002	78.12	10 h 29 min 31 sec
19500	8.634998943284154	80.0	37.166996	36.95851	120.0	-26.050001	77.26	10 h 30 min 40 sec
19550	40.144998871162535	80.0	36.039993	37.110798	117.95	-33.4	78.22	10 h 31 min 55 sec
19600	40.01999883688986	75.6	38.414997	39.545303	100.65	-51.7	79.42	10 h 33 min 5 sec
19650	2.8599988240748644	80.0	32.308	37.31566	99.7	-49.75	79.78	10 h 34 min 15 sec
19700	11.409998783096672	80.0	30.292	33.026833	101.95	-54.600002	79.56	10 h 35 min 23 sec
19750	37.32499913014472	77.0	34.947998	36.883728	105.15	-48.750004	79.04	10 h 36 min 36 sec
19800	50.56999899335206	76.4	34.545	38.005836	99.85	-37.45	78.26	10 h 37 min 46 sec
19850	31.294998954236508	80.0	44.055	34.709297	110.05	-34.4	77.2	10 h 38 min 55 sec
19900	-1.1500014845281838	80.0	36.095997	40.109787	115.85	-47.15	77.02	10 h 40 min 2 sec
19950	47.654998648911715	76.6	38.396	37.365177	114.4	-56.25	78.72	10 h 41 min 15 sec
20000	50.809998750314115	80.0	40.814	33.03921	115.85	-19.050001	77.58	10 h 42 min 25 sec
20050	42.04499927163124	78.4	42.627003	34.360683	119.6	-29.150002	76.86	10 h 43 min 32 sec
20100	64.21499937549234	66.2	43.135	35.86547	109.2	-34.850002	78.44	10 h 44 min 46 sec
20150	27.999999029934408	80.0	48.565994	32.429295	111.35	-20.6	77.66	10 h 45 min 54 sec
20200	49.85499921999872	72.4	39.641003	38.132248	103.35	-36.7	78.68	10 h 47 min 7 sec
20250	42.53999932706356	66.0	35.281002	34.85389	114.35	-28.35	78.28	10 h 48 min 13 sec
20300	27.174998616799712	80.0	28.741001	32.37337	103.2	-39.350002	79.0	10 h 49 min 28 sec
20350	58.46999910622835	80.0	43.450996	35.66251	110.05	-25.050001	78.54	10 h 50 min 38 sec
20400	28.004998883232474	80.0	35.51	35.63893	107.65	-57.4	78.64	10 h 51 min 44 sec
20450	35.35499912314117	80.0	40.836	36.02381	99.049995	-46.8	79.04	10 h 52 min 57 sec
20500	18.424998454377054	78.0	34.878002	34.15399	108.7	-31.550001	79.34	10 h 54 min 6 sec
20550	38.299998762458564	77.7	37.302	34.661526	100.7	-34.8	78.4	10 h 55 min 14 sec
20600	28.744998988881708	71.7	31.41	33.34756	118.25	-15.100001	78.16	10 h 56 min 23 sec
20650	9.084999347478151	80.0	32.661	33.60196	93.65	-32.600002	79.96	10 h 57 min 34 sec
20700	23.849998999014495	80.0	37.736	33.942165	101.85	-53.25	79.46	10 h 58 min 47 sec
20750	71.42499890699983	77.0	42.114	41.636723	109.4	-36.800003	76.72	10 h 59 min 55 sec
20800	68.3399990350008	77.1	31.466002	37.420677	112.5	-38.300003	78.64	11 h 1 min 6 sec
20850	25.319998806342483	78.0	34.42	39.38878	112.15	-54.15	78.42	11 h 2 min 18 sec
20900	34.14999889060855	80.0	31.381996	33.10787	113.4	-25.45	78.44	11 h 3 min 27 sec
20950	10.224998889118433	80.0	39.525	36.61979	113.15	-27.95	77.66	11 h 4 min 36 sec
21000	60.574998909235	74.8	43.149	35.258793	114.1	-28.500002	76.9	11 h 5 min 44 sec
21050	35.03999932557345	80.0	35.069996	34.80278	105.85	-48.5	78.44	11 h 6 min 55 sec
21100	46.8199988566339	69.1	33.437	34.65121	98.549995	-31.45	79.4	11 h 8 min 2 sec
21150	49.304999022185804	76.6	32.304	38.54748	110.4	-43.45	77.1	11 h 9 min 9 sec
21200	38.84499858282506	70.0	39.048	33.263653	96.049995	-29.1	79.96	11 h 10 min 19 sec
21250	40.274999191984534	80.0	44.331997	36.0458	118.9	-31.1	76.18	11 h 11 min 33 sec
21300	18.81999871507287	80.0	41.203	38.104614	110.35	-17.300001	76.0	11 h 12 min 42 sec
21350	27.839998769760133	80.0	34.205	35.78039	117.2	-68.85	78.26	11 h 13 min 48 sec
21400	38.03999912403524	80.0	32.746	34.5247	105.0	-33.5	78.88	11 h 15 min 2 sec
21450	24.314999267458916	80.0	32.330997	35.02214	106.7	-25.300001	78.34	11 h 16 min 11 sec
21500	39.864998899772765	77.7	39.149998	34.87673	104.2	-32.250004	78.54	11 h 17 min 21 sec
21550	31.34499886073172	80.0	37.295	33.440395	107.05	-43.300003	78.02	11 h 18 min 32 sec
21600	37.614999225735666	71.8	46.397003	36.100643	108.15	-24.550001	77.66	11 h 19 min 49 sec
21650	39.91499906219542	80.0	38.559	31.683105	114.5	-38.25	78.72	11 h 20 min 59 sec
21700	48.689999121800064	80.0	37.845997	29.253172	106.2	-22.300001	79.14	11 h 22 min 9 sec
21750	50.79999916665256	80.0	42.765	33.09885	112.8	-40.2	78.24	11 h 23 min 17 sec
21800	45.92499932460487	80.0	46.463993	33.125553	104.1	-19.000002	78.52	11 h 24 min 30 sec
21850	36.159999082610014	79.0	42.977997	36.788593	117.5	-46.7	78.06	11 h 25 min 41 sec
21900	30.784999214857816	80.0	53.540005	32.012543	112.55	-33.4	77.52	11 h 26 min 51 sec
21950	46.73499909341335	73.5	46.626	32.890778	111.85	-32.05	77.44	11 h 27 min 56 sec
22000	28.72499929741025	80.0	32.336998	37.11003	114.35	-54.7	78.26	11 h 29 min 9 sec
22050	66.42999922037124	72.7	36.904	38.54632	103.5	-63.5	78.76	11 h 30 min 18 sec
22100	32.51499919518828	80.0	50.063004	33.470016	111.0	-25.650002	77.76	11 h 31 min 23 sec
22150	41.93999917581677	80.0	43.916	32.693436	112.15	-22.6	77.56	11 h 32 min 36 sec
22200	39.834998949989675	80.0	46.195995	41.048138	118.45	-30.300001	74.26	11 h 33 min 47 sec
22250	50.95499870665371	74.4	34.096996	36.386757	98.25	-55.350002	79.56	11 h 34 min 55 sec
22300	34.7299987770617	80.0	41.581	37.463745	117.55	-29.050001	76.86	11 h 36 min 3 sec
22350	19.744999112933876	80.0	40.939	33.75967	119.35	-35.95	78.56	11 h 37 min 12 sec
22400	31.569999025389553	80.0	51.628998	32.327675	113.05	-27.150002	76.82	11 h 38 min 21 sec
22450	29.334999129921197	80.0	47.585	30.49074	121.4	-34.95	77.44	11 h 39 min 32 sec
22500	54.489999210089444	73.2	43.971	37.62239	118.0	-43.7	77.68	11 h 40 min 38 sec
22550	33.77999898344278	79.3	38.106003	32.841503	114.0	-34.850002	78.28	11 h 41 min 51 sec
22600	35.37499867603183	80.0	45.08	38.002594	117.0	-47.550003	76.3	11 h 43 min 3 sec
22650	51.4149989169091	80.0	46.788998	37.000587	117.75	-16.1	75.64	11 h 44 min 11 sec
22700	49.47499916404486	80.0	41.047	33.77533	109.15	-33.050003	79.0	11 h 45 min 25 sec
22750	13.6599988527596	78.2	37.13	28.602194	111.5	-26.0	79.26	11 h 46 min 36 sec
22800	59.54999903142452	76.2	48.234997	31.759125	109.05	-14.450001	77.52	11 h 47 min 47 sec
22850	32.17999931015074	78.1	42.593	35.313255	111.45	-31.150002	77.94	11 h 48 min 59 sec
22900	53.664999300614	80.0	43.561	39.146706	113.9	-40.65	76.82	11 h 50 min 14 sec
22950	41.75999904349446	80.0	40.071	34.837162	108.2	-25.6	77.58	11 h 51 min 22 sec
23000	44.66999925337732	76.3	39.359	35.810642	91.45	-28.2	79.34	11 h 52 min 36 sec
23050	42.07499914839864	80.0	38.051	35.569355	109.15	-24.150002	77.9	11 h 53 min 43 sec
23100	32.214999003708364	80.0	38.669	38.640903	98.7	-60.5	78.66	11 h 54 min 57 sec
23150	25.21999881155789	80.0	48.311996	31.046448	109.9	-24.350002	78.56	11 h 56 min 10 sec
23200	46.51499872468412	78.9	38.527	37.626522	109.5	-40.3	77.72	11 h 57 min 20 sec
23250	25.499999388307334	80.0	39.416	35.11037	106.9	-21.850002	78.74	11 h 58 min 32 sec
23300	66.4599992800504	71.5	47.374996	32.15428	118.7	-24.4	77.58	11 h 59 min 41 sec
23350	42.334998806566	74.6	38.107	31.711308	110.3	-40.5	78.22	12 h 0 min 51 sec
23400	13.184998798370362	80.0	40.443	37.852737	115.1	-37.3	77.66	12 h 2 min 4 sec
23450	42.71499915830791	76.1	45.907997	41.460842	111.35	-50.65	75.84	12 h 3 min 16 sec
23500	70.44999925978482	64.3	32.57	39.543785	104.7	-37.100002	78.14	12 h 4 min 25 sec
23550	32.649998577311635	78.2	46.634	37.93542	111.55	-28.750002	77.9	12 h 5 min 32 sec
23600	20.09499922990799	80.0	38.637997	39.239544	108.5	-38.850002	78.18	12 h 6 min 42 sec
23650	51.37499904595315	80.0	24.767	29.12772	110.65	-19.900002	78.68	12 h 7 min 58 sec
23700	18.274998791888358	80.0	47.524	38.67179	114.55	-40.600002	76.64	12 h 9 min 11 sec
23750	32.83999913483858	80.0	49.580997	37.258427	108.45	-25.400002	76.62	12 h 10 min 20 sec
23800	65.04499923139811	66.0	48.441	37.649784	111.65	-49.25	77.42	12 h 11 min 26 sec
23850	52.92499919570982	69.9	43.660995	33.43704	105.85	-26.85	78.68	12 h 12 min 42 sec
23900	41.97999903485179	80.0	39.938	44.274452	116.65	-54.9	76.74	12 h 13 min 51 sec
23950	34.08999936245382	80.0	36.1	35.515213	98.95	-44.050003	79.22	12 h 15 min 1 sec
24000	24.774998591840266	72.3	39.465004	38.570515	104.2	-36.4	78.66	12 h 16 min 12 sec
24050	47.079999168217185	75.1	44.082996	36.233555	115.4	-32.65	77.04	12 h 17 min 21 sec
24100	30.92999873608351	80.0	49.733997	41.45126	113.05	-42.25	75.04	12 h 18 min 32 sec
24150	20.904998840764165	78.4	36.054996	38.07742	112.9	-35.2	77.88	12 h 19 min 39 sec
24200	49.224999048933384	73.0	45.608997	35.504883	117.7	-25.2	76.68	12 h 20 min 52 sec
24250	37.59499902315438	77.6	39.396996	37.056057	109.25	-38.4	78.48	12 h 22 min 0 sec
24300	38.03499905131757	77.5	35.475	41.19851	109.85	-50.4	78.22	12 h 23 min 9 sec
24350	56.11999901607633	71.0	40.947002	38.479656	111.15	-56.55	77.98	12 h 24 min 17 sec
24400	32.49999842010438	80.0	41.988	31.334768	111.6	-24.95	78.78	12 h 25 min 32 sec
24450	60.849999187141655	80.0	45.784	31.589481	110.75	-16.1	77.7	12 h 26 min 43 sec
24500	66.85499927178026	77.8	36.451	31.231936	99.7	-40.4	79.54	12 h 27 min 54 sec
24550	49.45999878719449	76.3	41.97	30.944983	99.299995	-23.7	79.52	12 h 29 min 9 sec
24600	57.61499907933175	80.0	41.343998	35.83818	109.25	-45.4	78.4	12 h 30 min 23 sec
24650	42.15999890640378	77.5	43.929	36.336605	113.6	-33.0	77.04	12 h 31 min 35 sec
24700	47.83499905206263	77.8	49.045	36.802864	110.65	-56.95	77.78	12 h 32 min 45 sec
24750	37.729999374970795	74.1	51.462	36.96621	112.95	-27.400002	75.88	12 h 33 min 56 sec
24800	46.15999916046858	80.0	41.869	35.835194	112.6	-39.800003	78.2	12 h 35 min 9 sec
24850	69.62499918788671	68.2	51.966995	35.864994	115.45	-18.150002	76.4	12 h 36 min 16 sec
24900	37.16499890089035	80.0	32.486	36.808784	109.0	-47.850002	78.96	12 h 37 min 28 sec
24950	48.27499917894602	80.0	44.548004	40.811226	113.3	-35.0	77.26	12 h 38 min 44 sec
25000	43.85999924503267	80.0	37.056	38.976425	108.35	-33.0	78.66	12 h 39 min 57 sec
25050	43.169998877123	74.6	46.473003	35.079803	109.7	-55.800003	77.8	12 h 41 min 8 sec
25100	32.38499905206263	78.3	33.589	32.56196	108.9	-35.25	79.42	12 h 42 min 29 sec
25150	63.30999869704247	71.6	33.973	33.294563	106.0	-28.2	79.14	12 h 43 min 58 sec
25200	46.6499991543591	80.0	40.461002	40.849827	113.1	-36.95	76.16	12 h 45 min 6 sec
25250	45.26499888859689	77.3	32.467	34.731632	116.2	-32.05	78.28	12 h 46 min 23 sec
25300	35.03999907560647	80.0	48.067997	40.74108	115.3	-15.400001	74.5	12 h 47 min 40 sec
25350	43.80999907515943	80.0	42.357002	38.636143	116.3	-53.9	77.08	12 h 49 min 5 sec
25400	11.14499880373478	80.0	39.038998	33.082237	91.049995	-43.15	79.48	12 h 50 min 26 sec
25450	64.42999912984669	72.8	43.858997	33.218742	103.7	-21.550001	78.98	12 h 51 min 50 sec
25500	55.89499910548329	80.0	33.744	39.109455	112.55	-39.25	76.82	12 h 53 min 9 sec
25550	67.23999934233726	75.0	51.981003	33.050846	104.95	-22.750002	77.46	12 h 54 min 27 sec
25600	-18.8950015835464	80.0	40.538	38.42527	113.05	-37.2	78.54	12 h 55 min 46 sec
25650	70.19999912530184	75.6	42.830997	35.79268	113.65	-39.25	77.82	12 h 57 min 3 sec
25700	51.06499922163785	75.0	52.128998	35.072784	115.9	-18.35	76.58	12 h 58 min 18 sec
25750	49.22999923601746	79.6	48.177994	37.421436	111.2	-33.100002	77.56	12 h 59 min 31 sec
25800	23.994999304786326	72.7	51.237003	32.813255	111.2	-14.75	77.64	13 h 0 min 44 sec
25850	48.45999902822077	74.4	42.599	36.127075	108.6	-43.850002	77.94	13 h 1 min 57 sec
25900	49.394999355822804	78.4	49.547	35.223083	115.75	-42.75	77.7	13 h 3 min 11 sec
25950	-22.66000197082758	80.0	39.619	37.984974	105.15	-39.350002	78.66	13 h 4 min 28 sec
26000	28.734999077767135	80.0	41.526997	41.732445	107.65	-46.7	76.5	13 h 5 min 36 sec
26050	23.119999021291733	80.0	52.089	33.779663	111.95	-25.6	77.74	13 h 6 min 45 sec
26100	26.289998960494994	80.0	42.642998	37.821533	104.65	-49.5	78.46	13 h 7 min 58 sec
26150	42.11999896690249	80.0	45.655	32.855183	117.45	-15.1	77.46	13 h 9 min 7 sec
26200	58.8149991247803	76.8	47.186996	37.118206	113.05	-44.850002	76.7	13 h 10 min 19 sec
26250	61.359998838230965	80.0	50.873993	37.63754	119.15	-24.400002	76.08	13 h 11 min 33 sec
26300	73.4499992173165	71.6	39.578	36.708534	113.25	-59.15	77.8	13 h 12 min 49 sec
26350	34.24999886713922	80.0	45.628	35.429844	117.0	-35.350002	77.06	13 h 14 min 11 sec
26400	-10.465001736208796	80.0	37.586998	39.33907	109.7	-28.150002	77.76	13 h 15 min 22 sec
26450	-3.0850011873990297	80.0	42.34	36.905163	119.6	-21.600002	76.84	13 h 16 min 42 sec
26500	0.239998322352767	80.0	24.614998	36.62897	89.35	-48.0	80.0	13 h 18 min 0 sec
26550	-0.9400015745311976	80.0	38.559	34.72147	110.2	-26.750002	77.88	13 h 19 min 16 sec
26600	73.65999921783805	80.0	41.205997	38.263226	113.85	-27.300001	76.5	13 h 20 min 37 sec
26650	11.239999249204994	79.4	42.761	39.366245	110.65	-30.1	77.2	13 h 22 min 0 sec
26700	44.52499898895621	80.0	42.065994	37.208355	110.8	-30.850002	77.72	13 h 23 min 21 sec
26750	36.21999890059233	76.6	41.495	39.058414	109.0	-47.75	78.36	13 h 24 min 31 sec
26800	36.05499899499118	80.0	49.646	35.299816	118.9	-29.550001	76.8	13 h 25 min 40 sec
26850	49.77499879412353	76.4	39.725	35.043278	93.7	-31.95	79.92	13 h 26 min 57 sec
26900	46.59499915763736	72.7	45.628998	37.785866	109.85	-26.500002	77.0	13 h 28 min 16 sec
26950	65.04499891251325	71.2	34.375996	38.58298	110.2	-49.350002	78.7	13 h 29 min 34 sec
27000	41.48499906137586	69.2	39.582	41.49241	117.75	-36.55	75.32	13 h 30 min 54 sec
27050	75.85999916493893	69.0	42.851	37.56754	103.7	-45.65	77.5	13 h 32 min 11 sec
27100	50.929999065771696	80.0	47.225	37.20944	118.4	-44.05	76.66	13 h 33 min 37 sec
27150	38.93499913811684	80.0	50.100998	35.40685	109.95	-44.0	77.72	13 h 34 min 54 sec
27200	59.91999891363084	74.4	41.893997	40.107883	108.75	-51.350002	76.42	13 h 36 min 7 sec
27250	13.164998546987771	80.0	34.044	39.44372	114.85	-55.800003	77.46	13 h 37 min 17 sec
27300	-4.1250014316290615	80.0	34.106	41.250904	107.35	-43.4	78.86	13 h 38 min 30 sec
27350	29.13499888665974	80.0	36.21	35.889782	113.75	-23.1	77.38	13 h 39 min 40 sec
27400	12.074999370425939	80.0	48.779	42.58301	117.8	-39.600002	75.38	13 h 40 min 57 sec
27450	64.40499924309552	73.4	37.067997	36.66703	112.85	-21.900002	78.56	13 h 42 min 16 sec
27500	1.0999984987080098	80.0	44.006	34.275574	114.05	-31.85	77.36	13 h 43 min 34 sec
27550	76.20999927297234	71.2	39.876	38.240746	118.65	-40.9	76.86	13 h 44 min 57 sec
27600	36.99499895088375	74.3	45.715996	37.768555	118.2	-47.2	77.44	13 h 46 min 23 sec
27650	25.639999048784375	80.0	42.357998	33.253555	110.1	-24.900002	78.68	13 h 47 min 48 sec
27700	9.299998858198524	80.0	37.569	33.415348	103.799995	-32.25	79.16	13 h 49 min 14 sec
27750	46.85999925322831	80.0	52.451996	33.28405	107.2	-20.650002	77.42	13 h 50 min 37 sec
27800	63.224999288842085	72.1	39.975	40.62701	116.7	-45.600002	76.62	13 h 51 min 57 sec
27850	26.53499912582338	80.0	47.810997	34.40359	122.7	-14.950001	76.26	13 h 53 min 6 sec
27900	65.79499929174781	77.3	49.336998	36.50942	118.0	-33.100002	78.1	13 h 54 min 20 sec
27950	22.84499899595976	80.0	49.347	40.131546	107.65	-27.25	75.96	13 h 55 min 32 sec
28000	47.24999913498759	73.4	39.000996	36.640495	118.15	-31.800001	77.32	13 h 56 min 43 sec
28050	19.699998860806225	80.0	57.256996	30.480358	111.25	-14.300001	75.6	13 h 57 min 54 sec
28100	24.974998899921776	80.0	45.916996	34.386215	106.25	-27.35	78.98	13 h 59 min 1 sec
28150	47.0999990362674	74.1	48.569	34.65607	114.75	-45.45	77.34	14 h 0 min 14 sec
28200	58.519999261200425	78.4	41.998	41.728073	109.95	-50.7	77.84	14 h 1 min 21 sec
28250	46.384999118000266	80.0	37.358997	35.33539	95.1	-49.800003	80.0	14 h 2 min 30 sec
28300	24.914998954534532	76.6	40.942997	29.338303	102.75	-25.250002	79.34	14 h 3 min 37 sec
28350	82.81499916352331	71.3	48.480995	33.181374	113.2	-37.550003	78.8	14 h 4 min 47 sec
28400	33.96999872289598	74.0	39.453	34.850998	98.75	-34.65	78.84	14 h 5 min 58 sec
28450	52.66999929584563	77.7	44.915	34.596455	113.55	-36.4	77.56	14 h 7 min 6 sec
28500	55.0449990388006	75.8	43.284996	38.938847	119.35	-33.8	77.06	14 h 8 min 18 sec
28550	45.984998900443316	73.8	52.971	35.695007	114.95	-23.150002	75.36	14 h 9 min 28 sec
28600	41.914999132975936	70.1	34.831	37.069252	107.45	-43.75	78.72	14 h 10 min 35 sec
28650	58.02499912157655	77.7	49.623993	40.400143	119.6	-37.4	75.02	14 h 11 min 40 sec
28700	41.929998873919246	71.0	39.613	40.222115	112.4	-38.100002	78.14	14 h 12 min 52 sec
28750	53.45499906465411	75.4	46.685997	40.586525	119.3	-60.0	76.74	14 h 14 min 0 sec
28800	62.849998930469155	73.6	44.167004	37.77615	116.5	-54.25	76.52	14 h 15 min 10 sec
28850	68.37499895319343	77.6	38.279	35.048798	104.049995	-44.9	78.86	14 h 16 min 20 sec
28900	47.66999904662371	76.7	51.602997	37.564915	117.1	-27.800001	76.28	14 h 17 min 33 sec
28950	61.674998982995746	70.8	37.679	38.724537	111.15	-47.95	77.84	14 h 18 min 40 sec
29000	43.824998677149416	80.0	42.1	34.780525	111.25	-43.95	76.98	14 h 19 min 48 sec
29050	40.34999913237989	80.0	44.194996	37.014755	118.7	-25.7	77.22	14 h 20 min 58 sec
29100	66.01499914862215	76.1	39.109	35.642685	118.65	-44.65	77.94	14 h 22 min 9 sec
29150	51.07999922335148	77.4	41.845	34.39477	104.15	-27.95	78.22	14 h 23 min 17 sec
29200	34.64999914802611	80.0	47.053	38.80229	112.1	-35.850002	77.02	14 h 24 min 29 sec
29250	64.77999923340977	76.0	44.394005	36.13849	109.55	-35.75	78.24	14 h 25 min 39 sec
29300	65.05499909892679	77.2	45.092995	36.312214	116.55	-32.9	77.94	14 h 26 min 50 sec
29350	34.794998954609035	80.0	46.465996	41.1486	116.6	-27.050001	75.3	14 h 27 min 58 sec
29400	5.214998774975538	80.0	41.008	38.8168	111.7	-40.2	76.16	14 h 29 min 5 sec
29450	42.28999930098653	77.3	45.03	41.971714	115.7	-35.25	76.26	14 h 30 min 14 sec
29500	46.73999894373119	80.0	47.476	37.602474	110.25	-36.55	77.38	14 h 31 min 25 sec
29550	29.12499873712659	80.0	43.533005	39.576466	112.2	-24.050001	76.56	14 h 32 min 34 sec
29600	83.12999920994044	70.3	50.875	37.981014	113.45	-34.550003	74.38	14 h 33 min 42 sec
29650	25.55999873057008	76.8	48.035	36.67769	107.45	-38.850002	78.4	14 h 34 min 56 sec
29700	59.974999310448766	71.0	38.203	36.453083	112.4	-25.1	76.08	14 h 36 min 5 sec
29750	30.65499916896224	76.7	38.019997	40.896614	111.75	-45.350002	78.1	14 h 37 min 12 sec
29800	60.249999199062586	70.7	47.538	38.56261	123.75	-29.35	76.22	14 h 38 min 19 sec
29850	37.4549991492182	76.9	48.805	35.902905	114.25	-34.350002	77.3	14 h 39 min 33 sec
29900	57.30499894507229	76.3	50.523	32.583965	110.3	-13.250001	78.54	14 h 40 min 45 sec
29950	59.309999231249094	73.5	47.714996	36.366684	112.95	-37.350002	77.72	14 h 41 min 55 sec
30000	0.6599988754838705	80.0	44.997997	39.57259	114.75	-22.800001	75.46	14 h 43 min 1 sec
30050	72.84499938897788	67.2	46.575996	36.880432	113.55	-33.7	77.22	14 h 44 min 11 sec
30100	57.65499940402806	65.3	43.715004	39.093796	115.85	-42.55	78.44	14 h 45 min 21 sec
30150	49.224999310821296	79.4	52.944004	41.23055	116.35	-45.15	74.52	14 h 46 min 29 sec
30200	49.3449991364032	76.4	41.595	35.19293	102.549995	-55.7	78.98	14 h 47 min 39 sec
30250	43.67499898560345	80.0	56.378	38.065403	115.85	-31.45	76.02	14 h 48 min 52 sec
30300	48.089999278634785	80.0	46.339	33.23203	104.6	-26.000002	78.72	14 h 50 min 4 sec
30350	50.24999924115836	80.0	47.745007	31.262505	117.35	-10.550001	77.3	14 h 51 min 15 sec
30400	31.314999034628272	76.1	49.284	34.446625	116.75	-23.050001	77.24	14 h 52 min 26 sec
30450	50.54499929770827	77.3	40.192	32.39544	106.25	-19.6	78.78	14 h 53 min 36 sec
30500	34.74499864429235	73.8	38.098995	35.48898	111.6	-39.55	77.94	14 h 54 min 41 sec
30550	54.88499894589186	80.0	51.885998	36.21836	113.3	-20.35	76.18	14 h 55 min 49 sec
30600	26.05499915778637	76.3	47.004993	37.44784	118.35	-55.550003	77.16	14 h 57 min 1 sec
30650	40.83499896712601	78.8	47.087997	42.306553	112.95	-57.4	75.1	14 h 58 min 8 sec
30700	43.81499903909862	77.0	46.030994	37.44072	113.6	-26.4	76.54	14 h 59 min 19 sec
30750	89.6849991414696	70.2	49.139	39.6568	117.2	-25.2	72.86	15 h 0 min 22 sec
30800	54.14499882943928	74.4	47.584003	37.783844	112.3	-34.25	76.4	15 h 1 min 33 sec
30850	76.05999916233122	73.5	41.831	34.55176	113.9	-29.45	77.56	15 h 2 min 43 sec
30900	54.934999169409274	71.5	45.723995	32.71261	113.55	-26.0	78.88	15 h 3 min 52 sec
30950	24.7599988758564	76.3	46.441	32.797073	114.35	-37.65	77.84	15 h 5 min 2 sec
31000	47.83999920040369	77.0	48.455	36.94085	122.55	-25.95	76.8	15 h 6 min 15 sec
31050	26.62999869249761	79.8	44.095997	43.392815	113.45	-46.850002	76.04	15 h 7 min 22 sec
31100	21.374998966604473	80.0	59.157	39.405617	115.55	-29.800001	75.62	15 h 8 min 30 sec
31150	71.76999921984971	72.2	50.487003	39.091343	111.0	-34.350002	76.5	15 h 9 min 37 sec
31200	24.7699989490211	77.8	42.755	38.485737	111.25	-20.900002	78.06	15 h 10 min 48 sec
31250	47.419999128580095	75.9	49.295998	33.39002	108.7	-17.75	78.18	15 h 11 min 58 sec
31300	60.40499901138246	80.0	49.479996	37.906986	116.05	-18.250002	76.14	15 h 13 min 9 sec
31350	44.294999182969335	74.5	39.798996	40.29552	112.9	-53.65	77.26	15 h 14 min 21 sec
31400	24.564998745918274	74.4	40.09	36.5766	101.65	-34.0	78.78	15 h 15 min 29 sec
31450	48.04999859370291	67.5	45.236	39.385048	120.7	-39.45	76.8	15 h 16 min 38 sec
31500	54.839999130368234	80.0	41.584	39.331112	113.05	-21.850002	76.6	15 h 17 min 47 sec
31550	65.83999901972712	74.3	47.561996	37.425175	112.3	-41.2	76.42	15 h 18 min 57 sec
31600	45.92499915473163	80.0	52.929005	41.423134	116.7	-51.8	73.84	15 h 20 min 3 sec
31650	46.28999928347766	78.9	49.218002	32.292202	114.15	-30.500002	77.62	15 h 21 min 14 sec
31700	15.084999269992114	80.0	48.287003	35.19768	121.7	-39.0	78.96	15 h 22 min 37 sec
31750	25.84499894566834	77.0	36.704	36.768074	107.55	-43.5	78.22	15 h 23 min 52 sec
31800	67.93499925136567	74.4	53.528004	28.11269	107.5	-4.0500016	78.6	15 h 25 min 1 sec
31850	44.08499909080565	75.2	51.860004	35.431477	116.65	-21.75	75.02	15 h 26 min 12 sec
31900	72.10999915860593	71.9	44.851	38.47667	103.549995	-26.800001	78.46	15 h 27 min 22 sec
31950	1.1849987294524909	80.0	44.072998	37.452488	119.6	-25.75	76.04	15 h 28 min 32 sec
32000	18.029999129846694	80.0	53.925	40.269894	116.55	-40.350002	75.7	15 h 29 min 42 sec
32050	64.16999915912747	66.5	40.157997	42.355053	119.1	-38.300003	76.32	15 h 30 min 50 sec
32100	43.329999257996676	80.0	41.182995	40.305046	116.35	-35.5	77.24	15 h 32 min 2 sec
32150	34.839999075978994	80.0	48.389	42.25109	115.1	-51.0	75.98	15 h 33 min 11 sec
32200	28.444998961687087	73.2	45.425	41.48163	114.7	-35.15	76.44	15 h 34 min 18 sec
32250	41.14499911405146	80.0	52.944	36.329277	113.2	-31.85	76.2	15 h 35 min 25 sec
32300	71.3749992825091	73.2	47.085	39.355747	112.35	-38.75	76.88	15 h 36 min 36 sec
32350	50.774999332800505	80.0	49.418	40.441166	120.8	-46.100002	75.08	15 h 37 min 43 sec
32400	58.25499902665615	76.6	48.26	38.385254	116.1	-30.5	75.8	15 h 38 min 51 sec
32450	57.919999004900454	72.0	45.326996	34.60328	107.85	-19.750002	78.96	15 h 39 min 57 sec
32500	69.02999921254813	72.7	42.459	33.948963	117.15	-56.05	78.54	15 h 41 min 7 sec
32550	53.359998875111344	80.0	57.944	30.087656	112.1	-16.300001	76.3	15 h 42 min 18 sec
32600	44.62999910824001	80.0	62.403996	34.34789	117.05	-35.850002	74.66	15 h 43 min 24 sec
32650	39.52499918192625	80.0	54.828	37.598003	115.7	-12.100001	73.76	15 h 44 min 31 sec
32700	57.07499940544367	76.7	46.07199	40.520306	120.3	-29.800001	74.68	15 h 45 min 43 sec
32750	54.08499913215637	80.0	55.227997	37.421265	122.95	-28.95	76.12	15 h 46 min 49 sec
32800	56.31999930627644	69.0	48.410995	36.318615	111.85	-20.150002	77.1	15 h 47 min 57 sec
32850	53.18499907366932	76.8	45.075	36.950558	116.8	-22.2	77.0	15 h 49 min 4 sec
32900	50.89999887645244	77.8	48.037	34.312244	118.55	-16.25	77.32	15 h 50 min 16 sec
32950	27.359999120607974	80.0	49.311996	36.650887	113.0	-33.850002	77.2	15 h 51 min 25 sec
33000	54.7649991877377	75.9	51.117	37.006664	110.9	-31.050001	76.9	15 h 52 min 31 sec
33050	57.82499888427556	71.7	48.616	33.33844	109.7	-29.000002	77.4	15 h 53 min 46 sec
33100	30.574999137967826	80.0	41.57799	39.083134	109.05	-25.75	79.22	15 h 54 min 53 sec
33150	67.74499920830131	80.0	39.797	41.66913	123.2	-36.05	75.6	15 h 55 min 59 sec
33200	51.159998992085455	70.0	46.562	38.464638	121.5	-43.95	75.86	15 h 57 min 6 sec
33250	35.96499897055328	78.4	60.066	31.30095	112.75	-8.3	76.38	15 h 58 min 22 sec
33300	41.2699991915375	76.2	47.843998	35.137478	116.6	-21.150002	76.32	15 h 59 min 30 sec
33350	35.299999265372755	80.0	49.836002	38.068077	114.45	-30.550001	77.5	16 h 0 min 39 sec
33400	27.79499914459884	80.0	45.890995	38.01817	100.1	-37.55	79.08	16 h 1 min 48 sec
33450	56.96499887108803	70.4	44.817	35.28895	119.0	-22.250002	76.92	16 h 3 min 1 sec
33500	49.159998959302904	80.0	51.352	38.741577	113.85	-26.650002	76.3	16 h 4 min 7 sec
33550	47.719999274984005	75.5	59.667004	32.079063	120.9	-14.000001	75.8	16 h 5 min 16 sec
33600	38.66499916017055	76.8	49.966	37.104042	112.1	-24.35	76.64	16 h 6 min 25 sec
33650	37.72499915361404	80.0	48.922997	33.324368	112.65	-17.850002	76.96	16 h 7 min 37 sec
33700	18.039999050274492	77.8	56.545	36.461636	115.4	-42.95	75.16	16 h 8 min 49 sec
33750	67.13999926000834	73.1	49.82799	25.788935	107.85	-5.650001	78.58	16 h 9 min 56 sec
33800	35.499999127164486	80.0	56.98799	39.391903	119.85	-38.7	74.54	16 h 11 min 6 sec
33850	63.43499894402921	69.7	57.190994	35.850563	115.75	-33.15	75.36	16 h 12 min 10 sec
33900	75.24999919570982	77.2	48.462	38.807827	112.05	-51.4	77.08	16 h 13 min 21 sec
33950	37.02999898381531	80.0	40.444996	35.930145	120.4	-33.100002	76.94	16 h 14 min 37 sec
34000	68.9999991144985	72.3	52.183	37.564575	113.45	-31.7	76.76	16 h 15 min 50 sec
34050	45.96999907679856	70.9	48.007008	34.845985	112.85	-52.25	78.66	16 h 17 min 0 sec
34100	31.34499920234084	80.0	47.128998	42.412777	116.05	-36.050003	74.38	16 h 18 min 6 sec
34150	54.059999184682965	74.0	47.721996	36.15936	105.7	-39.0	77.7	16 h 19 min 13 sec
34200	47.05999907813966	79.0	49.979996	36.815388	114.3	-35.45	76.0	16 h 20 min 26 sec
34250	47.594999101758006	72.3	48.172	38.394142	116.45	-21.050001	77.26	16 h 21 min 35 sec
34300	31.039998995512725	74.0	49.133	40.03198	121.95	-36.65	74.98	16 h 22 min 41 sec
34350	37.55499917902053	80.0	42.371002	34.76007	108.0	-38.0	79.42	16 h 23 min 52 sec
34400	62.57999901399016	71.6	51.614002	36.89502	112.4	-40.600002	76.22	16 h 25 min 6 sec
34450	47.72999913729727	77.8	52.018997	37.449688	112.65	-52.300003	75.3	16 h 26 min 17 sec
34500	52.329998809099195	80.0	56.524994	36.165955	112.5	-35.25	76.48	16 h 27 min 28 sec
34550	36.34499892517924	80.0	44.789005	37.038055	112.1	-21.550001	77.24	16 h 28 min 40 sec
34600	64.29499915279447	80.0	43.317	32.66109	103.7	-51.65	78.9	16 h 29 min 52 sec
34650	65.07499907426536	74.1	49.811996	30.80843	114.1	-12.650001	77.54	16 h 30 min 59 sec
34700	57.789999238029125	80.0	52.063	40.43557	118.65	-24.75	75.12	16 h 32 min 6 sec
34750	16.979998909309508	80.0	48.442997	34.99271	118.55	-21.6	77.8	16 h 33 min 18 sec
34800	45.9099990978837	80.0	42.765	35.45571	108.65	-37.0	77.84	16 h 34 min 26 sec
34850	47.85999912954867	80.0	42.565006	37.5912	114.7	-40.800003	76.5	16 h 35 min 34 sec
34900	29.49999842233956	80.0	38.471	38.783836	111.35	-42.9	78.02	16 h 36 min 43 sec
34950	33.4449991889298	71.1	42.18	36.195053	113.8	-27.250002	77.6	16 h 37 min 55 sec
35000	34.33499844521284	72.8	47.56	33.726414	104.5	-27.050001	77.88	16 h 39 min 1 sec
35050	12.444999008625746	80.0	46.116997	39.790466	112.8	-32.7	75.86	16 h 40 min 7 sec
35100	38.10999891199172	77.5	40.060997	40.636475	114.35	-48.550003	77.2	16 h 41 min 14 sec
35150	70.23999920673668	67.2	38.281002	40.660725	122.35	-38.05	76.66	16 h 42 min 30 sec
35200	59.64999937824905	68.4	42.164005	37.94713	117.25	-34.95	77.44	16 h 43 min 35 sec
35250	73.22999933622778	68.1	50.741005	43.328007	112.75	-53.100002	74.24	16 h 44 min 41 sec
35300	59.894999163597824	77.0	48.242	34.607063	113.4	-25.150002	77.42	16 h 45 min 48 sec
35350	82.74499919414521	62.5	52.819	41.845764	114.5	-40.8	73.02	16 h 46 min 56 sec
35400	38.90999911278486	75.6	40.795	39.740417	123.0	-36.15	76.16	16 h 48 min 5 sec
35450	29.58499900586903	77.6	59.163994	32.81436	113.95	-7.0500007	75.3	16 h 49 min 13 sec
35500	48.61499921195209	74.4	43.968998	37.36368	113.35	-30.400002	76.64	16 h 50 min 21 sec
35550	55.8549992647022	70.0	45.242996	34.731247	106.75	-35.05	78.84	16 h 51 min 32 sec
35600	45.319999327883124	80.0	58.583004	33.052628	116.85	-34.7	74.18	16 h 52 min 39 sec
35650	52.14499914422631	76.8	52.475	33.070545	114.4	-13.700001	76.26	16 h 53 min 48 sec
35700	73.45499915517867	62.0	57.884	30.524746	110.45	-10.500001	77.74	16 h 54 min 58 sec
35750	64.08999897651374	74.8	45.383003	36.250114	107.4	-30.300001	77.48	16 h 56 min 8 sec
35800	51.05499933436513	73.4	53.655	39.378525	119.6	-23.2	74.68	16 h 57 min 13 sec
35850	38.12499916180968	78.7	49.028004	37.44772	121.6	-29.6	76.56	16 h 58 min 21 sec
35900	43.12499873042107	80.0	44.118996	39.539486	123.05	-35.7	76.54	16 h 59 min 32 sec
35950	53.22499914243817	74.0	37.59	40.848347	115.25	-42.600002	76.5	17 h 0 min 40 sec
36000	45.6049992851913	75.2	46.901	37.23845	112.35	-29.550001	77.24	17 h 1 min 45 sec
36050	54.234999218210575	80.0	48.836002	38.1945	123.5	-25.7	75.38	17 h 2 min 53 sec
36100	39.834999181702734	73.8	38.008	37.14754	109.85	-38.45	77.84	17 h 4 min 1 sec
36150	60.679999279603365	75.4	38.080997	35.597763	116.6	-45.15	78.42	17 h 5 min 11 sec
36200	57.829999309033155	74.3	57.268997	37.655807	122.55	-38.0	75.72	17 h 6 min 17 sec
36250	82.77499914951622	63.8	55.19	38.721497	118.05	-55.95	76.22	17 h 7 min 24 sec
36300	78.17499915510416	72.8	38.785	34.352295	109.75	-36.850002	78.06	17 h 8 min 38 sec
36350	68.17999919056892	74.4	53.282997	32.97173	118.05	-22.500002	76.62	17 h 9 min 45 sec
36400	65.91499934010207	80.0	57.916996	33.254467	114.7	-33.600002	75.1	17 h 10 min 52 sec
36450	60.92499898485839	75.3	48.200005	36.8123	118.5	-14.700001	76.88	17 h 12 min 2 sec
36500	38.274998693540695	80.0	48.847992	32.991436	120.3	-14.250001	76.56	17 h 13 min 11 sec
36550	22.114999368041754	80.0	32.899002	40.912903	112.25	-49.850002	78.0	17 h 14 min 20 sec
36600	32.09499920010567	80.0	48.756996	33.743004	111.15	-33.0	78.7	17 h 15 min 31 sec
36650	25.099999137595297	80.0	40.641003	35.19855	119.5	-42.45	78.72	17 h 16 min 47 sec
36700	2.7599992867559195	80.0	50.581997	39.443027	114.5	-30.400002	74.44	17 h 17 min 55 sec
36750	58.28999896608293	66.0	50.878998	40.330246	119.25	-39.5	74.7	17 h 19 min 0 sec
36800	89.31499939151108	65.5	56.931995	37.575706	114.4	-15.85	75.12	17 h 20 min 9 sec
36850	35.59499888159335	80.0	44.464996	35.596035	112.45	-21.550001	78.46	17 h 21 min 24 sec
36900	53.23999868482351	80.0	53.102993	33.11488	120.7	-24.2	77.08	17 h 22 min 34 sec
36950	64.41999906413257	80.0	43.802002	33.79322	115.9	-27.95	78.46	17 h 23 min 44 sec
37000	48.24999932721257	77.2	49.246998	36.357548	111.95	-28.35	77.94	17 h 24 min 53 sec
37050	58.344999285787345	80.0	56.914005	43.790676	120.6	-35.95	72.72	17 h 26 min 4 sec
37100	26.824999119341374	80.0	45.08	41.103542	115.8	-39.95	76.44	17 h 27 min 11 sec
37150	53.8499992005527	74.9	54.022003	34.055046	117.1	-17.85	77.14	17 h 28 min 18 sec
37200	23.619999058544636	77.5	44.413998	36.599697	111.05	-36.850002	78.44	17 h 29 min 30 sec
37250	79.2649992045015	69.5	48.436	37.60987	115.95	-45.2	76.96	17 h 30 min 37 sec
37300	49.709998928382994	73.8	61.054	39.978832	119.65	-35.65	73.9	17 h 31 min 44 sec
37350	59.249999072775246	80.0	62.676003	34.141735	119.6	-28.6	72.46	17 h 32 min 50 sec
37400	34.79999917596579	75.7	49.824997	34.261444	118.3	-24.35	76.1	17 h 34 min 3 sec
37450	68.67999916858972	71.7	56.486996	37.940964	119.1	-47.600002	74.58	17 h 35 min 12 sec
37500	57.25499915257096	69.8	49.57	43.162403	119.0	-22.35	72.46	17 h 36 min 15 sec
37550	68.61999947167934	72.6	48.363	38.711376	105.4	-45.350002	78.08	17 h 37 min 24 sec
37600	43.05499913953245	78.3	56.753	42.23453	124.05	-31.800001	70.92	17 h 38 min 32 sec
37650	50.91999938338995	80.0	41.406002	37.31636	112.3	-34.15	77.7	17 h 39 min 40 sec
37700	57.339999275654556	65.1	39.722	39.854458	114.65	-46.350002	77.9	17 h 40 min 48 sec
37750	34.219999416545036	74.4	51.457	44.32768	119.75	-45.05	73.88	17 h 41 min 57 sec
37800	31.369998897612096	72.2	63.839	36.059586	116.4	-19.750002	72.08	17 h 43 min 5 sec
37850	70.23499886803329	71.0	44.808002	38.758965	117.6	-23.900002	75.72	17 h 44 min 11 sec
37900	43.26499908529222	78.1	50.433002	37.670654	115.75	-39.850002	75.12	17 h 45 min 19 sec
37950	36.28499911800027	80.0	45.372997	38.188515	123.55	-21.1	75.86	17 h 46 min 26 sec
38000	59.54999935775995	77.4	52.28	33.04492	116.3	-21.1	77.18	17 h 47 min 35 sec
38050	43.7099991325289	80.0	43.852997	35.863026	110.5	-55.75	78.24	17 h 48 min 43 sec
38100	17.304998945444822	80.0	46.896996	37.517746	116.85	-43.100002	77.78	17 h 49 min 49 sec
38150	14.374999131262303	80.0	41.625	39.62766	114.45	-35.45	75.3	17 h 50 min 58 sec
38200	26.729999202117323	80.0	38.926003	30.284563	110.7	-21.2	78.18	17 h 52 min 12 sec
38250	51.754999262839554	76.3	48.707996	34.68584	118.95	-12.550001	76.7	17 h 53 min 18 sec
38300	63.07999930270016	75.3	53.742	37.079	119.5	-33.65	74.36	17 h 54 min 23 sec
38350	83.04499915093183	75.6	39.545998	38.45685	115.6	-32.850002	75.98	17 h 55 min 30 sec
38400	41.299999225512146	78.3	52.832	40.303123	117.5	-17.400002	72.44	17 h 56 min 37 sec
38450	44.41999909840524	75.3	46.121002	35.207676	111.85	-27.0	77.34	17 h 57 min 43 sec
38500	67.0949990104884	78.0	56.184994	33.237316	113.4	-14.700001	76.74	17 h 58 min 56 sec
38550	10.284999005123973	80.0	51.648994	38.806595	120.3	-20.500002	75.2	18 h 0 min 6 sec
38600	27.37499882131815	80.0	45.916	40.48327	113.6	-31.100002	76.04	18 h 1 min 16 sec
38650	52.75999940596521	58.9	59.669	34.18869	121.8	-22.6	74.0	18 h 2 min 23 sec
38700	73.89499920345843	80.0	59.881	37.942444	116.35	-36.95	73.66	18 h 3 min 30 sec
38750	63.754999147355555	76.9	36.531	40.78867	120.0	-33.55	77.28	18 h 4 min 43 sec
38800	61.59999929703772	75.8	54.058	34.98826	114.85	-18.45	75.84	18 h 5 min 50 sec
38850	50.674999156594275	80.0	49.781998	37.61992	116.6	-29.800001	75.68	18 h 6 min 58 sec
38900	23.839999179169535	78.0	38.340992	37.520184	104.1	-33.4	79.06	18 h 8 min 8 sec
38950	74.96999924033881	73.4	46.971	33.901665	115.65	-19.85	77.42	18 h 9 min 19 sec
39000	63.54999901279807	70.7	50.370007	35.32599	116.3	-26.65	76.66	18 h 10 min 24 sec
39050	69.90999926254153	68.9	53.156002	37.63818	112.35	-18.650002	76.04	18 h 11 min 33 sec
39100	25.389999322965743	80.0	54.068993	34.851074	122.6	-11.650001	75.04	18 h 12 min 40 sec
39150	48.38499909378588	77.3	46.124004	40.425777	119.65	-65.450005	76.5	18 h 13 min 50 sec
39200	70.09499936774372	71.6	57.505	35.314762	118.0	-27.75	74.56	18 h 14 min 55 sec
39250	34.76499932743609	80.0	49.9	37.189167	115.05	-17.5	76.14	18 h 16 min 2 sec
39300	32.639999305829406	75.6	48.050995	39.187336	113.9	-31.400002	76.1	18 h 17 min 14 sec
39350	71.86999885179102	64.2	54.563995	41.746872	114.65	-33.350002	73.14	18 h 18 min 24 sec
39400	55.31499937698245	80.0	49.070995	37.377605	121.35	-31.000002	75.56	18 h 19 min 34 sec
39450	44.29499889798463	74.4	40.433	39.851837	116.3	-51.45	76.32	18 h 20 min 43 sec
39500	60.609999352321026	71.0	58.293995	37.54256	118.8	-24.45	73.88	18 h 21 min 53 sec
39550	78.64999909847975	77.9	53.277	33.092747	113.45	-14.700001	76.44	18 h 23 min 3 sec
39600	44.6249991863966	70.4	55.179005	31.202774	122.9	-10.950001	75.96	18 h 24 min 8 sec
39650	35.79499899744987	66.4	61.047997	32.745056	121.55	-23.550001	73.92	18 h 25 min 12 sec
39700	27.679999084770678	78.6	59.19	37.3575	120.5	-7.400001	73.16	18 h 26 min 21 sec
39750	24.259999207779764	72.1	56.546	38.336426	118.4	-8.100001	72.84	18 h 27 min 26 sec
39800	57.074999035149816	75.8	54.127003	40.258533	115.9	-52.75	75.6	18 h 28 min 34 sec
39850	53.94999918043614	80.0	49.965	34.40304	115.6	-22.5	76.76	18 h 29 min 43 sec
39900	30.584998797625303	80.0	49.854	41.889645	112.45	-44.75	75.62	18 h 30 min 56 sec
39950	51.83499921187759	72.8	52.959	39.41566	114.85	-47.600002	77.02	18 h 32 min 5 sec
40000	29.844998943060638	80.0	51.313	36.66419	116.7	-28.85	76.2	18 h 33 min 16 sec
