Episode	TestRet	TestSteps	AverageEpRet	StdEpRet	MaxEpRet	MinEpRet	EpLen	Time
50	-352.6000097580254	100.0	-271.462	10.506524	-253.0	-295.15	100.0	5 min 48 sec
100	-281.1000042296946	100.0	-269.74503	11.192676	-244.70001	-298.45	100.0	12 min 36 sec
150	-229.0500039830804	100.0	-278.39902	70.065575	-158.5	-670.4	100.0	19 min 36 sec
200	-299.20000843703747	100.0	-268.681	78.31476	-11.400005	-629.7	100.0	26 min 28 sec
250	-408.2000112980604	100.0	-247.138	96.90631	66.5	-633.5	100.0	33 min 22 sec
300	-402.10001449659467	100.0	-195.51402	83.027596	-47.000008	-385.05002	100.0	40 min 16 sec
350	-327.50001148507	100.0	-168.498	115.4917	115.74999	-417.80002	100.0	47 min 10 sec
400	37.99998900294304	100.0	-107.17001	125.921974	274.44998	-402.80002	100.0	53 min 59 sec
450	-185.5000097937882	100.0	1.3129911	203.25435	538.1	-499.75003	100.0	1 h 0 min
500	658.5999900698662	100.0	88.84799	211.70679	634.75	-243.40001	100.0	1 h 7 min
550	472.9999901279807	100.0	192.93898	206.42784	748.85	-227.40001	100.0	1 h 14 min
600	-255.50000670664014	100.0	173.57898	229.45796	803.5	-240.40001	100.0	1 h 21 min
650	-204.60002182424068	100.0	121.935	199.07634	544.05	-202.3	100.0	1 h 28 min
700	792.7999937422574	100.0	206.18597	279.27905	887.05	-184.65001	100.0	1 h 35 min
750	832.2999907769263	100.0	210.525	206.7266	800.55	-208.6	100.0	1 h 41 min
800	1293.3999947756529	100.0	436.932	226.40758	1126.7	-33.700005	100.0	1 h 48 min
850	652.4249928764999	100.0	306.396	240.53804	846.55	-218.0	100.0	1 h 55 min
900	982.3999918550253	100.0	404.726	229.4213	956.64996	-56.550007	100.0	2 h 2 min
950	332.1299942627549	100.0	333.83298	284.9527	974.9	-166.70001	100.0	2 h 8 min
1000	1249.599995020777	100.0	430.341	251.93706	934.65	-2.9000056	100.0	2 h 15 min
1050	-68.0500064715743	100.0	490.03098	241.88261	1102.15	-46.650005	100.0	2 h 22 min
1100	1072.499991569668	100.0	467.026	304.33954	1109.85	-177.1	100.0	2 h 29 min
1150	438.99999380111694	100.0	465.665	295.07355	1121.35	-155.55	100.0	2 h 35 min
1200	306.79999474436045	100.0	374.591	213.23808	813.45	-41.250004	100.0	2 h 42 min
1250	345.59499620087445	100.0	464.839	219.70427	1159.35	-16.750004	100.0	2 h 48 min
1300	77.09999580308795	100.0	452.405	270.8056	1308.8	-220.35	100.0	2 h 55 min
1350	1148.899994429201	100.0	429.17	228.63968	1199.6	96.75	100.0	3 h 2 min
1400	1206.699995983392	100.0	466.31796	290.5134	1276.05	-38.000004	100.0	3 h 9 min
1450	487.18499467298386	100.0	614.201	264.82596	1149.7	-127.100006	100.0	3 h 15 min
1500	365.6499944165349	100.0	440.52795	196.1751	1136.0	135.04999	100.0	3 h 22 min
1550	932.419995232299	100.0	510.257	253.00641	1119.55	95.74999	100.0	3 h 29 min
1600	636.0149957247079	100.0	444.17902	224.14172	1014.6	105.74999	100.0	3 h 35 min
1650	572.0499943941832	100.0	551.21295	212.77124	1173.3	-20.750004	100.0	3 h 42 min
1700	857.6699953291566	100.0	485.36298	269.9645	1348.7	-12.050005	100.0	3 h 48 min
1750	698.199995379895	100.0	552.294	284.64285	1299.95	-46.100002	100.0	3 h 55 min
1800	745.6449951674789	100.0	514.622	219.50217	959.6	-30.150003	100.0	4 h 2 min
1850	752.4999946504831	100.0	472.38	256.16537	1064.65	40.599995	100.0	4 h 8 min
1900	764.7499942041934	100.0	419.78403	178.76616	756.05	-86.55	100.0	4 h 15 min
1950	541.1749950204045	100.0	523.051	188.89993	891.15	-11.850005	100.0	4 h 21 min
2000	772.6149944331497	100.0	520.034	197.29575	1025.7	163.25	100.0	4 h 28 min
2050	444.37499462850394	100.0	491.43094	225.3655	923.0	-215.05	100.0	4 h 34 min
2100	994.4999932982028	100.0	478.85403	222.46083	1080.4	-63.400005	100.0	4 h 41 min
2150	1070.4999955445528	100.0	467.37198	251.25656	1092.75	-211.45001	100.0	4 h 48 min
2200	281.35499324835837	100.0	473.52695	166.41423	971.15	42.899998	100.0	4 h 54 min
2250	456.7599947515875	100.0	449.79297	239.09525	1021.3	-80.350006	100.0	5 h 1 min
2300	841.7999945618212	100.0	447.04	228.85553	1129.3	-92.65001	100.0	5 h 8 min
2350	755.4799931481481	100.0	473.882	255.16484	1150.1	-109.8	100.0	5 h 14 min
2400	393.0199939094484	100.0	441.62704	177.18442	755.5	-106.50001	100.0	5 h 21 min
2450	759.4349956795573	100.0	470.93106	200.22348	1007.0	170.15	100.0	5 h 27 min
2500	566.7799949377775	100.0	446.87402	211.35342	913.7	-171.6	100.0	5 h 34 min
2550	526.1499950863421	100.0	569.153	275.05905	1238.4	47.649994	100.0	5 h 41 min
2600	587.1949954159558	100.0	508.87302	226.55891	1103.45	94.84999	100.0	5 h 47 min
2650	394.3499937802553	100.0	412.50305	207.39442	1084.35	-119.65	100.0	5 h 54 min
2700	306.59999349452556	100.0	530.562	212.45978	1049.25	185.59999	100.0	6 h 0 min
2750	285.5999949462712	100.0	482.70297	192.71918	1058.3	77.6	100.0	6 h 7 min
2800	270.4549934349954	100.0	481.59903	224.78935	1191.1	-97.75	100.0	6 h 14 min
2850	903.8599933627993	100.0	540.16095	217.31352	1054.8	-162.65001	100.0	6 h 20 min
2900	607.389995874837	100.0	406.963	177.58546	911.7	129.09999	100.0	6 h 27 min
2950	745.1899964399636	100.0	509.30606	173.34447	1083.5	-29.450005	100.0	6 h 33 min
3000	1139.5999954268336	100.0	432.95605	212.12915	903.8	-206.20001	100.0	6 h 40 min
3050	657.0999941192567	100.0	504.30005	250.36581	1164.25	-12.700005	100.0	6 h 47 min
3100	1306.0999964661896	100.0	510.96695	202.41779	1003.15	20.399994	100.0	6 h 53 min
3150	1174.2499939091504	100.0	478.40903	226.17429	981.7	80.549995	100.0	7 h 0 min
3200	930.1999956592917	100.0	551.75903	251.58073	1133.6	-145.90001	100.0	7 h 7 min
3250	493.56999519690874	100.0	539.84296	215.06572	1051.85	110.85	100.0	7 h 14 min
3300	219.23999394327402	100.0	524.80005	254.59593	1028.05	-119.55	100.0	7 h 20 min
3350	319.4799950353801	100.0	460.05505	182.40689	909.45	161.25	100.0	7 h 27 min
3400	813.5899960123003	100.0	458.368	207.665	974.3	3.599996	100.0	7 h 34 min
3450	508.3149958655238	100.0	541.96	203.73947	980.4	9.749995	100.0	7 h 40 min
3500	681.4699961602688	100.0	466.07	246.04652	1066.35	-207.6	100.0	7 h 47 min
3550	945.1999950781465	100.0	538.112	223.81003	1051.5	154.84999	100.0	7 h 54 min
3600	599.7749954137951	100.0	523.02905	250.9557	1071.25	-147.90001	100.0	8 h 1 min
3650	487.04999537318946	100.0	532.023	218.53955	1010.1	115.7	100.0	8 h 7 min
3700	491.30499507077036	100.0	421.36398	209.45195	996.55	17.999996	100.0	8 h 14 min
3750	653.0099937222898	100.0	415.04797	136.54126	817.05	69.75	100.0	8 h 20 min
3800	670.3999957442284	100.0	500.09705	225.78992	1046.9	144.84999	100.0	8 h 27 min
3850	968.8999957405031	100.0	505.25198	186.07465	889.85	156.3	100.0	8 h 34 min
3900	615.5799956180156	100.0	596.97	234.24922	1090.15	115.0	100.0	8 h 40 min
3950	443.26999541409316	100.0	596.97	221.7536	1006.35	164.7	100.0	8 h 47 min
4000	985.499996792525	100.0	534.987	224.69333	1078.15	116.299995	100.0	8 h 54 min
4050	1219.0999955795705	100.0	529.92303	221.5914	1003.8	-101.15	100.0	9 h 0 min
4100	733.0499955825508	100.0	537.167	227.99095	1077.9	-40.050003	100.0	9 h 7 min
4150	1052.169996383041	100.0	489.94394	212.0928	1043.35	-86.8	100.0	9 h 14 min
4200	982.5049960773438	100.0	466.90704	220.84738	1028.5	-120.50001	100.0	9 h 20 min
4250	421.6499960012734	100.0	537.336	260.38113	1075.75	113.899994	100.0	9 h 27 min
4300	1039.4999967552722	100.0	541.657	246.38766	1058.9	88.95	100.0	9 h 34 min
4350	770.329994828254	100.0	530.993	286.038	1027.75	-278.35	100.0	9 h 40 min
4400	258.7599952839315	100.0	508.16296	245.71059	1002.0	82.649994	100.0	9 h 47 min
4450	539.449994686991	100.0	599.43494	252.32758	1109.9	191.09999	100.0	9 h 53 min
4500	1012.2699951522052	100.0	500.16394	199.52895	927.35	84.149994	100.0	10 h 0 min
4550	595.9999959852546	100.0	542.878	230.48257	1026.3	44.999992	100.0	10 h 7 min
4600	1127.1999952495098	100.0	599.279	225.59929	1005.45	93.299995	100.0	10 h 13 min
4650	1023.4999965727329	100.0	481.15198	228.46098	1083.8	-25.800005	100.0	10 h 20 min
4700	1139.4999962188303	100.0	589.532	253.68883	1123.85	45.049995	100.0	10 h 27 min
4750	650.55999507308	100.0	498.398	185.30286	865.6	146.05	100.0	10 h 33 min
4800	437.28999418877066	100.0	540.931	222.6851	1108.95	77.299995	100.0	10 h 40 min
4850	1073.249995328486	100.0	526.837	216.82808	907.95	41.849995	100.0	10 h 47 min
4900	486.6799958691001	100.0	558.526	209.08405	958.35	126.149994	100.0	10 h 53 min
4950	562.0749956671149	100.0	600.78	222.76558	1029.35	147.3	100.0	11 h 0 min
5000	1056.9399940378964	100.0	518.25793	213.14934	997.0	-242.25	100.0	11 h 7 min
5050	785.4749948680401	100.0	534.055	230.30034	990.5	71.85	100.0	11 h 13 min
5100	718.8999949581921	100.0	568.844	228.18138	913.75	128.95	100.0	11 h 20 min
5150	732.7149948500097	100.0	524.47595	219.78581	961.2	-272.5	100.0	11 h 27 min
5200	580.7599956646561	100.0	492.818	218.69344	976.5	-123.850006	100.0	11 h 33 min
5250	541.7249948441982	100.0	506.77698	218.13513	1031.05	151.79999	100.0	11 h 40 min
5300	277.39999467879534	100.0	557.136	213.46553	1033.9	106.85	100.0	11 h 46 min
5350	352.2349953278899	100.0	583.639	226.35179	978.9	95.45	100.0	11 h 53 min
5400	198.13999552577735	100.0	507.155	239.66837	1071.4	76.74999	100.0	12 h 0 min
5450	1115.1499959677458	100.0	512.895	250.33792	973.45	-181.5	100.0	12 h 6 min
5500	779.6699960358441	100.0	462.49298	189.88347	1036.2	27.349997	100.0	12 h 13 min
5550	380.52499328665436	100.0	489.45496	229.81938	1068.0	63.949993	100.0	12 h 19 min
5600	533.8499956279993	100.0	518.826	224.44566	993.7	50.149994	100.0	12 h 26 min
5650	434.12999487668276	100.0	651.8	230.32149	1017.55	168.29999	100.0	12 h 33 min
