Episode	TestRet	TestSteps	AverageEpRet	StdEpRet	MaxEpRet	MinEpRet	EpLen	Time
50	-239.09000725932418	100.0	-161.86	6.5860915	-138.65001	-171.95	100.0	7 min 23 sec
100	-289.0400101725012	100.0	-147.22401	30.146957	-92.55	-337.7	100.0	14 min 44 sec
150	-148.0900028191507	100.0	-151.771	47.431107	-85.4	-343.35	100.0	21 min 42 sec
200	-168.39500417225062	100.0	-155.70102	58.107044	-72.950005	-389.5	100.0	28 min 50 sec
250	-201.95000567138194	100.0	-143.37001	36.14902	-33.700005	-262.6	100.0	35 min 52 sec
300	-314.77501161322	100.0	-151.121	43.880936	-89.55	-353.7	100.0	42 min 48 sec
350	-171.90500407479703	100.0	-131.138	29.924812	-75.950005	-246.50002	100.0	49 min 54 sec
400	-155.0000038251281	100.0	-118.66001	34.124653	-19.300003	-178.75	100.0	56 min 39 sec
450	-165.13000373803078	100.0	-112.27901	33.234604	-23.700003	-207.3	100.0	1 h 3 min
500	-199.36000605076552	100.0	-115.54701	39.72609	37.899998	-184.3	100.0	1 h 10 min
550	-228.9650071170181	100.0	-108.061005	41.545513	30.299995	-159.15001	100.0	1 h 17 min
600	-188.90000528544186	100.0	-113.550995	33.44783	-38.15	-190.0	100.0	1 h 23 min
650	-108.59500359296798	100.0	-96.412994	66.661514	39.6	-338.35	100.0	1 h 30 min
700	-131.3750036329031	100.0	-85.192	77.34567	117.2	-274.40002	100.0	1 h 37 min
750	-130.80000501535832	100.0	-64.831	69.77954	163.25	-174.75	100.0	1 h 43 min
800	-159.92000518925488	100.0	-70.161	42.204483	31.599997	-138.25	100.0	1 h 50 min
850	-115.9000036586076	100.0	-42.177	75.79028	142.95	-160.40001	100.0	1 h 57 min
900	-102.4750032223761	100.0	-3.2480018	77.23264	179.05	-141.7	100.0	2 h 4 min
950	39.19499677270651	100.0	-16.183002	95.98158	230.09999	-209.05	100.0	2 h 10 min
1000	-26.44000289477408	100.0	10.186997	94.46095	236.59999	-133.5	100.0	2 h 16 min
1050	26.31499612778425	100.0	18.144995	118.16218	258.15	-156.8	100.0	2 h 23 min
1100	-57.270004235208035	100.0	49.27199	120.84696	277.2	-135.7	99.72	2 h 30 min
1150	50.649996945261954	100.0	42.028	103.2226	275.35	-133.1	99.58	2 h 36 min
1200	7.389995512366295	100.0	59.816998	117.781456	310.8	-97.700005	99.2	2 h 42 min
1250	60.804996617510916	100.0	80.312	110.06693	259.25	-138.0	99.7	2 h 49 min
1300	80.8299973025918	99.0	63.892	123.127426	282.6	-140.40001	98.82	2 h 55 min
1350	37.859996009618044	100.0	120.65	111.68908	299.05	-89.600006	98.48	3 h 1 min
1400	100.6199965570122	91.0	49.992992	120.756165	273.35	-139.40001	99.7	3 h 8 min
1450	-112.03000456616283	100.0	81.358	128.03038	293.75	-120.15	98.5	3 h 14 min
1500	108.12499687559902	100.0	78.584	115.53452	270.0	-140.95	99.56	3 h 21 min
1550	59.98999695181847	92.6	108.024994	121.404564	336.85	-128.3	97.76	3 h 27 min
1600	140.23999667614697	89.2	140.743	101.83663	270.15	-113.850006	98.86	3 h 33 min
1650	137.43499673493207	92.0	79.653	125.40292	282.5	-155.35	99.08	3 h 39 min
1700	179.59999762997032	84.0	122.98601	117.948364	322.9	-140.45	98.52	3 h 45 min
1750	104.55999559164047	94.0	134.23299	120.039894	313.15	-132.25	97.42	3 h 52 min
1800	246.37999697178603	94.4	121.88699	115.88796	301.25	-147.65001	98.78	3 h 58 min
1850	114.62499657161534	100.0	124.88499	113.58971	303.2	-63.800003	97.52	4 h 4 min
1900	171.58999695666134	100.0	136.702	107.86893	289.95	-128.3	97.96	4 h 11 min
1950	57.079993817210195	100.0	125.582	106.79558	291.9	-88.600006	98.56	4 h 17 min
2000	-148.30001014992595	100.0	144.783	114.71333	334.75	-126.4	95.66	4 h 23 min
2050	153.35499670468272	85.3	151.17299	110.058464	322.05	-110.05	97.0	4 h 29 min
2100	134.47999698668718	85.0	120.52999	113.99528	301.5	-123.100006	99.22	4 h 35 min
2150	149.9849973976612	95.2	135.67099	102.42059	316.85	-127.450005	98.86	4 h 41 min
2200	110.57499689385295	100.0	141.97699	98.596245	303.35	-45.150005	98.4	4 h 47 min
2250	135.76499667428433	91.9	121.905	112.495384	316.15	-54.300003	97.24	4 h 53 min
2300	247.00499696582557	75.3	166.97699	105.53437	314.2	-79.450005	95.76	4 h 59 min
2350	253.08499732986093	94.6	147.05	104.929634	321.2	-121.15	96.64	5 h 5 min
2400	263.9849971037358	83.7	112.1	108.024506	302.3	-133.45	99.3	5 h 10 min
2450	169.68499616496266	86.6	135.925	92.13962	323.0	-82.5	98.54	5 h 17 min
2500	281.2199978232384	80.8	138.36899	117.0583	325.85	-157.25	96.3	5 h 23 min
2550	194.2099968742579	100.0	166.167	113.54125	334.6	-84.700005	95.7	5 h 29 min
2600	58.84499563165009	100.0	98.658	119.09815	314.1	-156.40001	97.34	5 h 34 min
2650	235.87499675489963	92.8	131.192	119.18745	330.65	-141.5	96.7	5 h 41 min
2700	170.72999656870962	96.2	149.37599	119.33519	328.3	-105.40001	94.54	5 h 46 min
2750	69.12499465048313	90.9	150.882	106.5273	308.1	-66.05	96.78	5 h 52 min
2800	85.92499652206898	89.5	149.68	116.74484	324.2	-109.350006	95.94	5 h 58 min
2850	38.76999644264579	100.0	113.742004	111.85809	318.5	-127.65	96.72	6 h 4 min
2900	175.49999738670886	100.0	113.02901	115.58157	329.45	-91.700005	97.22	6 h 10 min
2950	102.82999618723989	88.6	122.679	112.84624	318.85	-140.95	96.46	6 h 15 min
3000	135.52999723628164	79.5	124.001	113.41527	319.55	-107.0	96.86	6 h 21 min
3050	241.69499708339572	95.6	128.908	95.00376	306.55	-76.450005	97.62	6 h 27 min
3100	253.61999635659157	81.8	120.243	105.46354	316.7	-98.75	98.26	6 h 33 min
3150	135.71499605998397	80.3	142.89801	121.79287	320.85	-101.15	96.06	6 h 38 min
3200	156.43499658443034	85.2	118.949	123.61821	329.9	-145.90001	96.22	6 h 44 min
3250	90.10999520421028	100.0	123.93801	124.90004	307.7	-139.15001	96.1	6 h 50 min
3300	77.17499640099705	100.0	96.758995	124.34186	316.25	-131.45	96.38	6 h 55 min
3350	229.63499656245114	89.5	106.75699	116.908195	329.35	-143.40001	96.62	7 h 1 min
3400	125.07999665923417	86.2	97.877	126.43751	327.2	-114.4	96.56	7 h 7 min
3450	226.57499724663793	80.5	144.63098	130.10149	338.0	-112.0	92.46	7 h 12 min
3500	265.239997446537	83.2	106.159	124.393585	322.55	-141.45	96.54	7 h 18 min
3550	203.72499714009464	93.8	155.742	115.30634	325.15	-111.05	96.06	7 h 24 min
3600	175.92999686785043	99.7	145.562	115.52982	325.3	-144.2	95.4	7 h 30 min
3650	84.63499530479312	100.0	180.92699	108.17441	309.9	-135.90001	94.68	7 h 35 min
3700	207.5049964789301	85.5	183.19801	106.75709	326.1	-89.25	93.2	7 h 41 min
3750	186.83999775871635	87.7	143.81398	118.61141	326.15	-164.95	96.2	7 h 47 min
3800	285.5949979890138	67.1	138.13799	125.06406	322.3	-147.6	95.96	7 h 53 min
3850	189.2949963334948	85.3	177.72403	119.25113	338.7	-148.1	92.54	7 h 58 min
3900	200.0599971201271	87.1	163.85199	119.52506	325.9	-153.85	93.62	8 h 4 min
3950	178.61999601311982	90.2	165.635	123.69803	337.4	-119.950005	93.9	8 h 10 min
4000	282.8199972834438	75.4	159.32901	100.42407	310.25	-79.850006	95.98	8 h 15 min
4050	265.2899976391345	73.2	172.14398	112.66011	326.85	-147.85	94.74	8 h 21 min
4100	222.69999730698765	72.2	176.27602	114.02495	320.7	-87.350006	93.32	8 h 26 min
4150	249.69999700784683	94.8	197.42401	123.774796	334.6	-132.7	89.24	8 h 32 min
4200	258.0099975928664	71.8	207.45699	102.608086	331.0	-81.950005	92.06	8 h 37 min
4250	224.95999631583692	76.0	196.14	94.82613	328.85	-51.500004	92.22	8 h 43 min
4300	258.93499731570483	71.3	162.53699	119.20406	322.8	-119.9	93.64	8 h 49 min
4350	274.23499714508654	79.5	193.21301	103.66365	339.85	-35.500004	90.36	8 h 54 min
4400	295.0899979248643	73.8	181.83	120.330215	335.8	-93.850006	89.9	8 h 59 min
4450	298.82999771870675	68.0	191.13799	112.10273	336.7	-151.15001	93.84	9 h 4 min
4500	257.51999687738714	85.6	194.54901	120.62897	340.8	-107.75001	89.32	9 h 10 min
4550	252.19499752409757	71.9	191.40797	107.02219	331.15	-113.0	92.22	9 h 15 min
4600	238.35999636538327	92.1	208.28998	101.44388	334.0	-91.8	90.38	9 h 21 min
4650	301.89999806545677	68.2	176.858	114.22824	330.15	-95.700005	92.3	9 h 26 min
4700	203.04999710656702	75.6	199.38799	102.63964	325.95	-92.950005	89.08	9 h 31 min
4750	228.03499651178717	75.2	184.585	118.52933	332.25	-108.200005	89.58	9 h 36 min
4800	253.30999728813768	85.9	206.20102	97.05252	334.6	-51.000004	91.26	9 h 42 min
4850	293.76499805934725	77.9	199.19699	105.39701	336.65	-129.05	91.38	9 h 47 min
4900	276.2799976423383	76.0	196.84998	117.83601	338.3	-109.100006	87.2	9 h 52 min
4950	283.8899974595755	76.0	175.738	118.11646	336.1	-97.3	92.46	9 h 58 min
5000	266.45499651953577	77.1	204.84702	99.865906	328.55	-84.9	91.14	10 h 3 min
5050	187.04999717883766	81.4	151.471	117.43688	319.2	-141.95	93.88	10 h 9 min
5100	169.75499707572163	95.2	173.25201	105.94264	319.95	-74.55	94.14	10 h 14 min
5150	247.63999791629612	76.9	177.125	119.17231	331.1	-92.55	89.96	10 h 20 min
5200	288.59499742798505	72.5	198.138	109.39035	338.8	-105.15	88.98	10 h 25 min
5250	298.9399979442358	70.0	189.417	126.08095	335.55	-139.75	89.7	10 h 30 min
5300	283.43999787569044	80.4	207.783	111.572914	326.9	-93.55	87.08	10 h 36 min
5350	252.90499631650746	81.5	199.236	119.000946	339.45	-99.55	87.8	10 h 41 min
5400	227.48999619819224	88.0	221.21	106.35214	332.4	-53.4	83.64	10 h 46 min
5450	275.80499770119786	76.1	226.005	86.74449	338.7	-1.5000024	86.06	10 h 51 min
5500	190.63499751128256	83.5	190.39201	119.89572	330.65	-106.8	89.76	10 h 57 min
5550	269.13499773181974	70.1	219.69801	118.23091	334.8	-104.700005	84.32	11 h 2 min
5600	52.78499683514237	88.0	187.16498	113.731094	332.65	-72.700005	91.68	11 h 7 min
5650	210.66999624557792	84.1	174.63199	130.99672	323.95	-102.0	88.9	11 h 12 min
5700	232.8699976682663	78.2	180.20502	128.22498	325.5	-115.05	89.74	11 h 18 min
5750	325.8399985656142	57.6	216.915	105.121445	338.05	-161.05	86.4	11 h 23 min
5800	197.8999972805381	83.2	222.852	99.063995	335.25	-47.550003	87.94	11 h 28 min
5850	242.39499730691313	86.6	187.21898	115.00378	324.6	-107.450005	92.58	11 h 34 min
5900	241.54499737136067	78.8	174.841	111.78854	335.15	-65.8	92.8	11 h 39 min
5950	178.8449966393411	82.8	187.715	128.73871	333.0	-140.1	88.34	11 h 44 min
6000	295.38999794982374	75.6	184.49101	123.307884	328.85	-101.4	91.02	11 h 50 min
6050	171.71499722860753	84.7	199.541	94.047676	336.25	-52.700005	94.0	11 h 55 min
6100	160.2949969973415	87.4	177.37398	109.11208	344.35	-64.600006	91.2	12 h 1 min
6150	253.76999808959664	78.0	190.583	109.296616	334.95	-92.05	91.72	12 h 7 min
6200	-53.435004549473526	100.0	192.783	102.61967	336.25	-53.200005	93.36	12 h 12 min
6250	298.9949978969991	68.7	184.96301	138.22037	335.7	-112.65	88.58	12 h 17 min
6300	212.294997375831	84.8	187.98003	126.67898	328.45	-76.3	86.16	12 h 22 min
6350	182.544997087121	77.6	214.22998	108.80537	332.25	-118.25001	85.86	12 h 28 min
6400	287.07999772951007	77.6	190.43	123.347626	347.35	-170.7	90.06	12 h 33 min
6450	167.60499694831668	71.0	152.148	124.38056	327.05	-105.5	93.38	12 h 38 min
6500	207.429996040836	100.0	147.229	128.0625	329.1	-164.65001	93.62	12 h 44 min
6550	262.52499776743355	71.3	190.851	127.73251	333.85	-77.700005	85.72	12 h 49 min
6600	210.30999624170363	94.0	152.46399	119.43447	329.55	-96.5	94.34	12 h 55 min
6650	207.12499693520368	90.0	197.88602	116.22377	334.1	-133.0	88.4	13 h 0 min
6700	218.49999771304428	73.0	205.32602	97.3968	339.7	-88.700005	93.68	13 h 6 min
6750	182.59999710582196	82.4	171.354	129.79825	331.75	-183.0	91.46	13 h 11 min
6800	268.8449974283576	79.7	202.009	113.89244	337.5	-112.3	89.22	13 h 17 min
6850	268.2699979197234	78.0	199.09998	109.66518	340.9	-136.6	90.7	13 h 22 min
6900	205.97499671280383	89.5	169.20699	115.28452	319.45	-172.05	94.12	13 h 28 min
6950	118.31499705910683	87.4	139.274	147.15627	334.7	-155.75	93.8	13 h 33 min
7000	211.12499705553054	81.2	176.56699	119.29389	330.7	-166.75	93.4	13 h 39 min
7050	218.5649977620691	68.0	143.636	120.822624	333.05	-114.3	95.1	13 h 44 min
7100	246.83999694548547	91.4	183.264	114.967834	336.85	-138.1	92.16	13 h 50 min
7150	273.1399978097528	88.6	197.946	112.05125	347.55	-120.9	88.52	13 h 55 min
7200	203.4299967817962	81.0	196.42502	103.87641	326.2	-95.5	92.16	14 h 1 min
7250	277.1099975809455	84.9	226.07901	91.82679	331.55	-111.350006	88.76	14 h 6 min
7300	256.61999676413836	86.2	195.532	121.241486	334.75	-148.0	89.86	14 h 11 min
7350	248.71499699428676	81.5	151.242	118.23352	325.15	-103.450005	96.2	14 h 17 min
7400	305.0099981829524	69.0	207.116	89.3872	331.2	-61.4	94.92	14 h 23 min
7450	236.19999617896974	94.6	214.97	82.40494	329.95	-28.250004	92.96	14 h 29 min
7500	283.5199972674251	72.8	203.717	112.87869	337.85	-93.15	88.28	14 h 34 min
7550	311.49999813102187	63.4	177.21301	122.485245	345.3	-99.100006	90.02	14 h 39 min
7600	229.5699965313077	90.1	160.725	120.79644	317.25	-143.75	94.58	14 h 45 min
7650	264.8449974823743	88.3	188.77803	105.18241	331.35	-138.0	95.32	14 h 51 min
7700	274.1849978260696	77.1	225.70102	74.221	334.0	45.05	91.46	14 h 57 min
7750	288.04999782852826	78.0	201.99298	96.034615	318.9	-86.75	93.2	15 h 2 min
7800	283.9349971849471	72.5	171.002	122.91535	330.45	-120.600006	92.32	15 h 7 min
7850	259.4399974130094	76.6	181.758	134.67276	339.3	-113.950005	90.38	15 h 13 min
7900	257.0049968212843	88.8	172.00099	133.00233	327.55	-110.200005	90.58	15 h 18 min
7950	313.9949981801212	61.9	190.24199	109.360596	339.95	-177.65001	93.88	15 h 23 min
8000	288.3449979454279	78.5	212.905	119.96513	338.9	-108.0	86.36	15 h 28 min
8050	201.17999733537437	71.3	191.654	120.93718	332.7	-91.450005	90.14	15 h 34 min
8100	242.80999784506858	79.6	190.67702	129.05054	333.65	-200.0	89.06	15 h 39 min
8150	196.8449979133904	76.1	198.845	122.44807	340.05	-114.5	88.8	15 h 44 min
8200	124.79499668069184	90.4	172.574	124.33665	327.7	-148.25	93.74	15 h 50 min
8250	317.8199983309954	61.0	207.91998	97.34518	327.7	-41.65	91.0	15 h 55 min
8300	290.31999795250596	75.4	183.13	118.05132	323.5	-131.75	96.3	16 h 1 min
8350	229.06499695405364	98.7	189.851	116.17191	328.85	-26.050003	90.78	16 h 6 min
8400	251.1249967955053	92.9	195.702	120.8924	333.6	-155.35	90.82	16 h 11 min
8450	282.9549980901182	81.5	224.40602	106.02732	333.0	-104.75	85.08	16 h 17 min
8500	263.83499790355563	91.2	215.63498	93.11324	341.5	-63.350002	92.78	16 h 22 min
8550	209.45999744981526	91.2	175.46399	127.92335	338.85	-97.0	91.86	16 h 28 min
8600	270.2899973686784	79.4	172.40598	119.60435	331.85	-171.1	93.3	16 h 33 min
8650	243.1499967236072	80.3	209.635	104.31991	332.25	-99.100006	91.0	16 h 38 min
8700	271.594997677207	88.7	198.13199	107.33214	325.5	-109.65	92.62	16 h 44 min
8750	279.9599977020174	81.4	215.64	105.92977	347.9	-108.9	90.88	16 h 50 min
8800	284.8049975480884	73.5	209.846	124.49019	336.4	-150.55	85.44	16 h 55 min
8850	238.59499738700688	82.2	186.59698	136.10303	344.65	-129.2	89.1	17 h 0 min
8900	295.1149977941066	68.1	226.773	86.864555	340.65	-37.150005	89.76	17 h 6 min
8950	155.3099962875247	90.4	184.50398	113.806496	340.65	-86.0	90.68	17 h 11 min
9000	196.31999668106437	78.1	160.21298	117.02296	321.9	-132.05	94.58	17 h 17 min
9050	301.404997728765	65.7	224.944	93.53132	328.75	-86.25001	88.32	17 h 22 min
9100	295.6199978992343	72.0	215.473	97.614395	339.8	-92.600006	89.38	17 h 27 min
9150	285.6799979068339	78.0	240.99	77.80626	343.2	-30.650003	88.82	17 h 33 min
9200	265.8049972530454	82.6	213.49399	121.69845	339.4	-148.90001	85.28	17 h 38 min
9250	267.15999758429825	90.2	175.419	127.951515	346.6	-79.850006	89.28	17 h 43 min
9300	271.7799970827997	80.4	210.18298	77.602234	323.8	-17.800003	92.58	17 h 49 min
9350	287.824998094514	80.3	210.09299	103.40495	331.45	-157.90001	90.5	17 h 54 min
9400	255.57499676570296	83.5	198.389	112.32821	330.0	-53.300003	88.5	18 h 0 min
9450	233.37499527819455	83.7	214.42899	110.98006	343.45	-104.600006	88.56	18 h 5 min
9500	281.70999742224814	76.6	180.57199	100.580215	338.1	-84.05	95.76	18 h 11 min
9550	312.15999832749367	66.4	249.892	55.180893	329.35	35.35	88.54	18 h 16 min
9600	286.4399976272136	77.2	184.456	124.016075	334.6	-164.45001	91.62	18 h 22 min
9650	312.83999823331834	64.0	212.892	98.72096	333.8	-195.20001	89.98	18 h 27 min
9700	295.8699976615608	69.8	207.18	115.25211	344.05	-147.3	88.98	18 h 33 min
9750	278.2599971882999	75.6	214.197	97.7672	335.2	-36.850002	87.92	18 h 38 min
9800	283.96999736726286	73.4	202.26303	107.49547	341.65	-103.3	91.02	18 h 44 min
9850	296.0299978427589	73.0	201.62598	119.29022	323.1	-130.6	90.7	18 h 49 min
9900	192.4699972294271	92.0	183.40599	117.34592	344.2	-97.8	93.02	18 h 55 min
9950	301.13499824628235	73.1	223.752	89.36764	327.95	-62.600002	90.24	19 h 0 min
10000	215.19999716058373	90.2	205.28801	99.65693	322.45	-56.600006	94.42	19 h 6 min
10050	282.8099977646023	80.6	209.339	98.9093	336.2	-72.65	90.12	19 h 11 min
10100	296.62499756589534	67.3	190.03601	105.339645	336.3	-88.15	95.22	19 h 17 min
10150	286.1199980255216	77.0	198.34201	106.92016	334.85	-50.500004	90.16	19 h 22 min
10200	301.76999795846643	69.6	182.77	106.52541	335.5	-83.75	93.62	19 h 28 min
10250	290.33499771542847	73.7	211.94498	107.68155	342.35	-77.950005	90.72	19 h 34 min
10300	269.81999751105906	86.4	216.159	103.99116	343.55	-87.00001	89.38	19 h 39 min
10350	278.60499776639045	81.9	240.43199	81.12903	345.95	-37.9	86.9	19 h 44 min
10400	258.95499773435296	82.3	221.20099	85.52585	328.75	-67.65	92.88	19 h 50 min
10450	291.79999788142743	70.6	229.52802	102.805275	343.15	-90.8	86.62	19 h 55 min
10500	211.81499779485165	75.1	192.86	119.92468	340.75	-139.05	90.78	20 h 1 min
10550	245.66499784365297	69.4	207.681	83.75713	326.1	-141.85	94.7	20 h 6 min
10600	281.28999751247466	76.4	221.43301	123.641075	339.15	-164.8	84.44	20 h 12 min
10650	285.1949977274984	74.5	216.94902	85.44901	334.55	-24.650002	93.72	20 h 17 min
10700	296.2399979963899	73.2	196.64398	120.93405	328.45	-160.40001	89.16	20 h 23 min
10750	263.3899972371757	85.2	229.03502	99.811104	337.85	-118.55	87.6	20 h 29 min
10800	285.2299976635724	75.6	216.58098	104.453064	337.8	-51.2	89.34	20 h 34 min
10850	285.02999779209495	77.8	216.03601	101.03074	321.95	-112.0	90.22	20 h 40 min
10900	243.0149978172034	84.7	166.25702	128.27934	336.3	-117.55	92.0	20 h 46 min
10950	283.9449976190925	78.9	178.225	113.958916	341.25	-129.35	93.24	20 h 51 min
11000	192.02999696843327	100.0	227.20201	95.70732	335.65	-131.6	88.34	20 h 57 min
11050	264.61499707326294	82.7	219.864	100.08353	324.85	-106.200005	89.88	21 h 3 min
11100	264.35999708883463	85.8	236.414	66.16393	334.0	-14.050003	91.36	21 h 8 min
11150	280.06499746851625	77.1	222.78899	86.143814	330.45	-82.75	90.7	21 h 14 min
11200	165.2499959293753	84.6	198.233	96.07341	330.25	-81.700005	92.46	21 h 20 min
11250	236.67999658547342	94.6	172.034	119.706696	321.0	-113.05	94.74	21 h 25 min
11300	291.09999742247163	70.2	187.52199	120.148605	335.1	-108.75	90.92	21 h 31 min
11350	232.7349973939359	86.5	234.22299	83.11994	336.15	-34.000004	88.74	21 h 37 min
11400	281.7249977130443	77.9	234.83197	105.50105	341.15	-145.40001	86.14	21 h 42 min
11450	230.00499668233095	81.1	234.82901	87.50028	328.85	-95.55	88.32	21 h 48 min
11500	308.84999828003345	66.4	199.26398	120.415054	330.5	-141.90001	88.46	21 h 53 min
11550	302.6999980632216	68.2	214.14998	88.12318	325.2	-120.0	94.76	21 h 59 min
11600	230.8449961937964	87.8	188.336	126.04549	333.1	-127.3	94.02	22 h 5 min
11650	267.71499716490507	79.9	218.03601	102.427124	334.6	-107.200005	91.72	22 h 10 min
11700	195.91999593488873	97.6	240.691	90.37156	340.2	-93.75	83.7	22 h 16 min
11750	259.17999737896025	88.6	223.04501	113.02207	337.7	-120.15	87.58	22 h 21 min
11800	215.42499751262366	73.2	235.845	85.383545	347.6	-43.750004	89.06	22 h 27 min
11850	290.60999758392575	71.0	220.81201	96.05742	341.8	-33.800003	88.1	22 h 32 min
11900	250.97999733015894	80.6	237.231	68.00957	334.95	-23.150003	90.12	22 h 38 min
11950	328.43999861478807	56.0	225.37898	101.28626	343.25	-131.95	87.58	22 h 43 min
12000	264.76499725095925	83.9	237.166	74.1019	330.45	-78.3	90.18	22 h 49 min
12050	262.3249968469143	83.6	216.269	92.95239	325.4	-131.6	92.68	22 h 55 min
12100	273.13999757282437	86.2	158.385	139.86128	337.8	-139.15001	90.4	23 h 0 min
12150	326.54999855943026	56.8	191.98198	124.4058	351.5	-119.600006	89.54	23 h 6 min
12200	276.9999974410981	80.2	213.76003	93.93738	337.65	-53.550003	89.58	23 h 11 min
12250	282.8749978031963	80.9	207.607	107.01609	337.0	-92.05	89.82	23 h 17 min
12300	181.59499686509372	92.6	205.506	117.109085	323.35	-137.1	88.22	23 h 22 min
12350	256.48999808840455	78.4	232.55498	81.04233	326.85	-114.25	89.44	23 h 28 min
12400	295.6849980160594	74.1	224.92801	87.6303	340.2	-74.950005	92.24	23 h 33 min
12450	266.78499720543624	85.7	229.69301	96.29833	339.9	-159.55	85.2	23 h 39 min
12500	230.5049973860383	86.5	229.80502	102.91718	341.3	-84.15	84.48	23 h 44 min
12550	293.4449974972755	69.1	245.54198	82.0751	336.4	-65.15	84.86	23 h 49 min
12600	223.42499692216515	88.1	242.322	81.3564	339.75	-20.300003	84.24	23 h 54 min
12650	238.10499609708785	90.1	175.60298	121.63874	322.4	-103.5	94.32	24 h 0 min
12700	280.5599976360798	77.6	201.08398	104.880775	337.4	-99.950005	90.36	24 h 6 min
12750	209.73499674536288	100.0	205.154	93.54415	335.8	-72.5	94.7	24 h 11 min
12800	282.1199976913631	77.2	211.651	108.04348	334.5	-58.550003	88.82	24 h 17 min
12850	296.9049979738891	70.8	198.84598	111.603645	341.05	-131.6	92.78	24 h 22 min
12900	301.9349980197847	68.4	197.027	120.668335	339.3	-115.200005	92.22	24 h 28 min
12950	149.02999687083064	80.8	221.841	89.33115	343.6	-96.5	88.78	24 h 33 min
13000	302.00499798730016	67.5	156.05301	113.52466	319.15	-110.200005	94.84	24 h 39 min
13050	259.4899971961975	89.8	214.31702	95.23857	342.3	-77.15	91.5	24 h 45 min
13100	288.34999771676956	73.2	204.29599	107.74355	332.25	-100.1	91.44	24 h 50 min
13150	295.54499827325344	77.7	232.65697	79.36993	341.55	-42.050003	91.24	24 h 55 min
13200	106.6799946743995	92.6	209.06201	116.21668	345.15	-136.6	92.48	25 h 1 min
13250	107.21999501809478	100.0	169.45	107.28416	322.3	-92.700005	95.38	25 h 7 min
13300	293.82499797977505	72.3	212.669	102.4782	346.9	-83.75	88.1	25 h 13 min
13350	285.9649979703128	78.9	203.04701	106.497986	330.45	-93.65	93.56	25 h 19 min
13400	293.99499811306595	70.7	210.197	107.845406	335.85	-74.9	90.0	25 h 25 min
13450	243.0649980776012	77.7	220.39502	104.361206	346.0	-115.100006	88.86	25 h 30 min
13500	262.6899967327714	82.2	197.416	102.15537	344.6	-92.3	93.2	25 h 36 min
13550	266.5049968764186	81.3	219.337	76.63802	340.75	-21.700003	91.3	25 h 42 min
13600	254.93999654762447	84.4	203.43898	101.15506	324.75	-108.450005	91.68	25 h 47 min
13650	178.84499627053737	87.7	181.663	110.94508	325.3	-78.950005	95.88	25 h 53 min
13700	288.43499778099357	75.3	185.33899	122.3109	340.8	-118.100006	94.48	25 h 59 min
13750	253.18999735675752	90.4	206.16399	119.96441	340.1	-148.35	87.14	26 h 4 min
13800	171.73999687545	81.0	206.91	97.97617	340.6	-89.450005	92.26	26 h 10 min
13850	291.8799977608025	72.9	190.161	119.20766	328.15	-118.100006	91.62	26 h 16 min
13900	248.40999740436672	87.4	183.159	113.21112	324.55	-122.850006	94.72	26 h 21 min
13950	267.9399973127991	82.0	222.854	107.75158	336.6	-147.55	86.34	26 h 27 min
14000	163.17999714240432	89.6	219.013	108.76037	336.5	-114.350006	86.36	26 h 32 min
14050	210.33499497026204	92.4	200.938	107.68086	332.45	-84.9	91.62	26 h 38 min
14100	275.9649974748492	79.8	205.678	110.67925	328.55	-121.55	90.06	26 h 43 min
14150	255.75499649904668	80.5	186.58699	121.03956	339.05	-109.15	90.64	26 h 49 min
14200	301.0099983528256	73.0	200.75	116.69175	343.75	-111.5	92.22	26 h 54 min
14250	300.0899980351329	70.2	210.40201	105.77674	342.0	-91.15	88.1	27 h 0 min
14300	302.7749982744455	67.9	237.717	90.72469	341.25	-48.9	86.58	27 h 5 min
14350	307.0599980872124	65.6	215.58	96.67012	332.7	-126.0	92.6	27 h 11 min
14400	284.1699978191406	74.9	208.995	83.6809	327.7	-22.950003	94.4	27 h 17 min
14450	76.39499715603888	100.0	179.46498	123.14236	343.3	-92.65	93.42	27 h 23 min
14500	269.30999764204023	85.6	209.65	101.96763	332.25	-118.15	92.86	27 h 28 min
14550	295.6849979318678	70.1	212.08498	93.63289	340.05	-122.950005	92.36	27 h 33 min
14600	181.9449947565794	100.0	174.89702	134.84885	331.4	-151.25	91.26	27 h 39 min
14650	310.7149983614683	62.5	211.28502	107.74835	346.65	-96.8	90.3	27 h 44 min
14700	297.76499801464377	71.1	220.574	105.9833	341.75	-60.350002	86.8	27 h 49 min
14750	313.94999831430613	62.8	188.70099	105.92996	339.85	-84.100006	94.26	27 h 55 min
14800	122.81999465189874	100.0	170.26102	136.4789	338.8	-102.100006	91.08	28 h 1 min
14850	302.689998094365	64.4	191.31099	115.080055	328.6	-130.85	90.94	28 h 6 min
14900	306.72999803349376	66.2	189.06299	133.60422	335.4	-145.0	89.68	28 h 11 min
14950	289.3049979053438	73.7	195.89801	130.98573	341.0	-118.350006	89.98	28 h 17 min
15000	205.37499703206123	88.5	201.185	100.42169	330.05	-95.5	92.48	28 h 23 min
15050	285.0749974410981	73.7	199.053	99.92786	325.55	-79.15	93.48	28 h 28 min
15100	292.5949980672449	76.9	205.14299	103.61295	340.95	-66.3	91.42	28 h 34 min
15150	165.9799972295761	90.0	206.93599	98.14203	340.35	-135.75	92.2	28 h 39 min
15200	253.92999697476625	91.4	207.68799	98.27628	341.7	-132.65001	92.04	28 h 45 min
15250	291.96499760225413	72.5	172.44	115.63073	325.9	-60.000004	92.3	28 h 50 min
15300	226.7099963583052	100.0	198.163	101.126236	332.4	-62.750004	93.36	28 h 56 min
15350	286.6899977855384	78.2	190.63101	110.460304	342.1	-104.700005	94.46	29 h 2 min
15400	180.14999719411134	86.6	193.108	108.02151	341.3	-104.5	93.72	29 h 7 min
15450	214.7649963337928	100.0	215.39099	107.06125	339.8	-104.3	89.6	29 h 13 min
15500	163.7399968445301	89.0	203.968	106.92125	334.75	-102.55	91.22	29 h 18 min
15550	275.3899974666536	79.7	198.37495	102.15631	332.6	-91.100006	95.62	29 h 24 min
15600	216.08999767415224	70.3	175.94301	122.3607	327.8	-127.700005	93.34	29 h 30 min
15650	226.4149975594133	75.2	184.106	114.426575	339.75	-52.350002	90.6	29 h 35 min
15700	284.8699979547411	78.4	204.50702	98.63342	325.65	-37.300003	93.34	29 h 40 min
15750	276.49999728016553	79.0	213.091	92.93066	335.15	-109.950005	93.88	29 h 46 min
15800	245.69499689899385	78.2	192.70201	99.29165	335.2	-103.100006	94.2	29 h 51 min
15850	241.2499968677759	99.2	208.17702	106.69626	340.65	-123.55	91.38	29 h 57 min
15900	180.57999726980924	90.4	163.43001	135.00803	330.15	-130.90001	92.28	30 h 3 min
15950	274.4299975994974	82.4	172.79799	126.04528	338.4	-127.05	93.76	30 h 9 min
16000	212.54999802410603	78.2	196.333	119.89196	334.65	-156.5	90.92	30 h 14 min
16050	261.00999747663735	92.2	190.85	107.59346	348.45	-168.2	93.04	30 h 20 min
16100	279.2599974472076	77.8	209.633	88.12743	332.25	-23.500002	91.66	30 h 25 min
16150	190.95499754361808	75.6	197.526	102.03969	342.1	-72.700005	92.66	30 h 31 min
16200	158.17999522574246	91.4	238.534	73.90167	338.35	52.699997	84.98	30 h 36 min
16250	259.98999726325275	91.6	170.863	112.34727	335.95	-143.55	95.18	30 h 42 min
16300	272.7599979307503	89.2	198.09201	105.45952	347.8	-89.600006	94.3	30 h 47 min
16350	265.2649977568537	90.7	184.21199	119.79618	328.75	-131.65001	95.54	30 h 53 min
16400	76.45499758347869	92.2	176.53699	108.68598	326.3	-74.5	97.14	30 h 59 min
16450	306.42999785616996	63.1	174.029	118.4313	340.9	-133.5	93.96	31 h 4 min
16500	303.50999831855296	70.2	195.432	110.348915	339.2	-107.350006	92.36	31 h 10 min
16550	187.48499621786178	90.4	186.498	107.86988	329.35	-102.65	93.62	31 h 15 min
16600	282.3649974349886	73.9	190.86902	122.977165	338.5	-157.15001	90.94	31 h 21 min
16650	269.4249974612147	78.4	199.46301	111.2369	342.15	-140.95	93.3	31 h 27 min
16700	242.8899975761771	80.8	158.801	110.16829	326.0	-97.25	97.42	31 h 32 min
16750	271.2349975079298	85.6	204.35298	99.342	334.3	-99.15	89.72	31 h 38 min
16800	144.85999562740326	93.0	148.435	126.3057	342.85	-137.0	96.2	31 h 44 min
16850	289.8399978358299	73.4	196.16699	101.469444	321.3	-143.3	94.94	31 h 49 min
16900	226.15499594807625	86.6	178.01	110.26462	326.9	-126.15	95.08	31 h 55 min
16950	257.5699972178787	78.4	193.407	97.134125	341.95	-121.75	95.32	32 h 1 min
17000	185.22499629594387	90.8	191.26398	99.97751	340.55	-87.65	92.92	32 h 6 min
17050	153.15999610200524	94.0	163.663	101.78821	330.0	-92.05	96.3	32 h 12 min
17100	270.79499771781263	79.4	164.84	103.81136	338.3	-105.850006	96.58	32 h 17 min
17150	234.1599970985204	92.2	186.142	104.397224	347.3	-51.850002	92.6	32 h 23 min
17200	166.55999664105474	90.4	190.06898	89.52593	335.25	-4.800004	95.78	32 h 28 min
17250	165.46999653689562	92.0	193.48	102.10121	338.85	-78.4	93.0	32 h 34 min
17300	296.02999804466964	73.0	141.65898	123.91852	338.85	-145.25	96.14	32 h 38 min
17350	261.3149974223226	90.4	207.384	97.43655	349.1	-110.3	93.26	32 h 41 min
17400	193.2449980352074	73.8	162.644	113.48533	328.45	-106.15	96.8	32 h 45 min
17450	212.1049966495484	91.4	183.637	104.1264	338.55	-65.9	93.1	32 h 48 min
17500	232.4999976810068	88.8	140.42899	121.25741	321.6	-147.65001	97.58	32 h 52 min
17550	119.71999620608986	81.0	173.836	103.66865	323.55	-84.700005	96.88	32 h 56 min
17600	286.6499978903681	79.2	165.98997	108.75152	343.1	-75.65	96.26	32 h 59 min
17650	268.66999775581064	92.0	187.60301	101.16725	329.6	-96.450005	97.36	33 h 3 min
17700	208.08499745130538	89.4	159.093	115.16035	320.7	-93.75001	94.38	33 h 6 min
17750	234.92499664723874	89.8	186.59201	109.52738	340.75	-146.6	95.7	33 h 10 min
17800	159.24999761655926	90.6	187.90399	92.02645	323.7	-61.200005	98.4	33 h 14 min
17850	231.16499791666865	89.6	160.82901	119.029274	333.8	-156.8	97.16	33 h 17 min
17900	134.3999971024692	96.8	165.15097	108.13021	337.0	-47.750004	97.0	33 h 21 min
17950	194.26999717503787	91.4	179.931	114.259964	329.45	-88.50001	94.12	33 h 24 min
18000	220.80499748662115	70.7	143.97899	122.58181	331.35	-131.05	97.36	33 h 28 min
18050	250.7749976359308	90.0	185.95201	97.64307	327.25	-62.9	95.14	33 h 32 min
18100	240.88499723859132	78.6	181.52798	103.56943	328.8	-112.15	94.64	33 h 35 min
18150	304.05999816730616	69.4	139.53499	136.32396	329.55	-144.1	98.16	33 h 39 min
18200	248.81999669522048	91.2	165.143	115.95252	331.4	-82.05	94.82	33 h 42 min
18250	249.80999775230885	93.2	177.59502	114.49242	333.35	-124.700005	93.02	33 h 46 min
18300	130.80499750450252	89.8	163.375	114.10893	329.35	-123.950005	96.12	33 h 49 min
18350	176.33999751545488	76.9	157.28	129.6429	338.55	-120.15	94.16	33 h 53 min
18400	198.07499589696528	95.4	185.411	105.60516	336.65	-80.05	92.96	33 h 56 min
18450	149.55999675914646	100.0	198.36798	94.62613	331.3	-105.8	94.16	34 h 0 min
18500	253.90999750159682	100.0	187.54599	103.37218	340.25	-84.450005	94.66	34 h 4 min
18550	269.8499975066632	83.6	197.36497	92.02092	340.75	-25.800003	95.34	34 h 7 min
18600	208.91999695301055	92.2	170.82701	98.039024	333.55	-49.850002	94.76	34 h 11 min
18650	236.60499683767557	100.0	179.53201	86.852196	330.5	-108.65	97.66	34 h 15 min
18700	234.09999739304186	90.6	190.05	86.88127	335.75	-59.100002	95.76	34 h 18 min
18750	171.09999669864774	89.0	173.7	114.496765	322.1	-125.25	96.66	34 h 22 min
18800	268.2699978951365	83.2	160.289	119.40942	343.4	-100.1	96.22	34 h 26 min
18850	267.2499976687133	89.8	158.191	129.30444	343.35	-154.75	96.02	34 h 29 min
18900	166.90999657735227	93.4	188.09697	102.83297	338.6	-91.25	93.9	34 h 33 min
18950	280.9399972278625	71.8	199.92398	79.015114	328.6	-6.6000032	96.16	34 h 36 min
19000	209.47499740831555	100.0	160.039	122.63739	344.45	-171.6	94.82	34 h 40 min
19050	289.39499806202946	78.1	180.00699	114.0884	337.8	-101.15	94.16	34 h 44 min
19100	259.8399975761771	89.0	169.027	117.76939	339.4	-116.4	96.44	34 h 47 min
19150	128.82499632574618	100.0	155.452	104.30325	340.55	-144.3	97.24	34 h 51 min
19200	273.50999737419187	82.0	156.532	132.3798	342.3	-128.45	95.08	34 h 54 min
19250	241.9949976887554	89.0	165.91899	118.82285	333.1	-82.600006	94.7	34 h 58 min
19300	198.03499720022083	89.2	173.04797	109.05694	337.55	-111.200005	95.32	35 h 2 min
19350	230.2699965879321	89.0	155.06401	125.30692	342.95	-129.5	94.02	35 h 5 min
19400	226.9599960718304	93.2	122.934006	127.61868	332.35	-143.1	97.06	35 h 9 min
19450	245.75499721169473	89.8	136.99701	131.46909	335.2	-119.65	95.6	35 h 12 min
19500	270.66499770022926	85.3	145.59502	121.67425	333.35	-149.95	96.16	35 h 16 min
19550	210.47999752946197	90.2	120.13999	134.49371	326.0	-123.15	96.44	35 h 19 min
19600	167.1249970588833	100.0	170.223	106.25509	337.75	-95.700005	95.18	35 h 23 min
19650	188.85999650470913	100.0	94.145	113.20929	285.9	-110.600006	99.48	35 h 27 min
19700	118.09499643556774	93.8	103.501	124.90189	328.85	-116.65	99.06	35 h 31 min
19750	241.23999705575406	91.8	149.299	113.014366	338.25	-111.9	98.14	35 h 34 min
19800	211.37999767139553	90.8	108.08	132.69987	329.0	-141.1	96.54	35 h 38 min
19850	179.419996009022	91.2	118.02599	122.0108	307.1	-148.45001	98.92	35 h 41 min
19900	123.6699966352433	90.0	109.793	110.34345	309.6	-152.65001	98.36	35 h 45 min
19950	206.28999629095196	100.0	127.216995	121.9684	332.1	-140.45	96.3	35 h 49 min
20000	224.82999641597272	91.0	121.366	119.48811	332.85	-93.450005	97.12	35 h 52 min
20050	187.73999625742437	100.0	124.963005	127.24145	325.3	-144.0	98.14	35 h 56 min
20100	190.6199967917055	94.3	129.0	113.31662	329.75	-76.8	97.26	36 h 0 min
20150	127.65999720320106	90.6	158.517	102.81124	304.6	-101.55	98.72	36 h 4 min
20200	256.6299975972623	90.0	134.765	116.91874	333.15	-112.4	98.32	36 h 7 min
20250	88.84999702125788	100.0	138.773	105.836266	329.45	-45.800003	96.6	36 h 11 min
20300	204.25499742254615	91.8	133.68901	101.67326	325.25	-110.0	98.76	36 h 14 min
20350	213.72499700672924	100.0	128.029	109.0556	340.3	-71.3	98.3	36 h 18 min
20400	185.16499742791058	92.2	134.99799	122.73421	343.2	-145.0	98.28	36 h 22 min
20450	158.13999751396477	91.6	108.65101	125.63473	347.7	-135.45	97.92	36 h 25 min
20500	110.34499655775726	100.0	98.118996	113.61053	264.95	-115.700005	100.0	36 h 29 min
20550	76.02499730475247	90.6	85.41699	106.15412	334.3	-121.4	98.96	36 h 33 min
20600	37.249996387958525	100.0	137.327	136.66357	318.95	-143.55	96.38	36 h 36 min
20650	137.33999677747488	100.0	94.972	121.598495	324.75	-148.8	97.36	36 h 40 min
20700	169.94499687589706	100.0	118.003006	120.22569	297.35	-147.90001	98.54	36 h 44 min
20750	172.81499660052359	100.0	118.44799	110.44037	321.4	-95.75	99.16	36 h 47 min
20800	204.0849967829883	92.6	115.642	100.206474	303.05	-74.65	98.72	36 h 51 min
20850	163.96499722078443	100.0	130.34201	105.42706	329.95	-117.50001	98.98	36 h 55 min
20900	181.20499655753375	97.4	98.836006	118.77448	293.85	-122.600006	99.44	36 h 58 min
20950	117.25499601513147	100.0	88.363	108.51759	251.5	-128.3	100.0	37 h 2 min
21000	127.41999726556242	100.0	122.075	117.795944	311.4	-166.25	98.08	37 h 6 min
21050	35.64999664090574	100.0	114.42801	97.88785	263.0	-98.25	100.0	37 h 10 min
21100	30.024996110796927	100.0	92.951996	121.40955	302.95	-180.8	98.78	37 h 13 min
21150	142.39499688111246	92.4	113.23899	114.20275	309.0	-117.600006	98.88	37 h 17 min
21200	138.56499668546022	100.0	112.012985	127.850105	321.15	-110.700005	96.08	37 h 21 min
21250	152.76499727629124	91.2	100.981995	110.35893	258.35	-122.25001	100.0	37 h 24 min
21300	46.45499625429511	100.0	68.77699	128.84085	316.4	-145.7	98.66	37 h 28 min
21350	91.4999964401126	93.6	105.22401	120.169304	314.9	-111.15	97.72	37 h 32 min
21400	116.59999710954726	91.8	92.78499	121.0823	304.35	-123.850006	98.8	37 h 35 min
21450	150.81999607868494	100.0	98.112	133.69011	303.75	-169.40001	98.72	37 h 39 min
21500	215.09999736659228	91.4	136.619	97.61418	279.7	-75.100006	99.48	37 h 43 min
21550	176.50499740578235	100.0	104.757996	111.71918	318.75	-91.55	99.18	37 h 47 min
21600	61.27999668866396	100.0	88.54699	116.5634	261.65	-103.05	100.0	37 h 50 min
21650	0.7249962616711855	100.0	83.731	125.8997	318.95	-146.55	98.76	37 h 54 min
21700	72.07499657720328	100.0	66.506996	105.24527	301.5	-143.45001	99.4	37 h 58 min
21750	98.69499642662704	100.0	66.716995	112.576614	312.7	-106.05	99.2	38 h 1 min
21800	7.404995894059539	100.0	93.884	93.51866	281.45	-89.55	99.56	38 h 5 min
21850	126.37499674372376	95.6	103.019	116.585266	314.65	-101.100006	98.36	38 h 9 min
21900	160.12499698288738	100.0	64.13899	116.16493	310.8	-117.9	99.32	38 h 12 min
21950	180.4399972539395	90.0	90.503	101.99156	272.45	-105.700005	99.72	38 h 16 min
22000	86.30499675609171	100.0	105.796	128.17474	311.8	-102.450005	98.68	38 h 20 min
22050	119.42499648034573	100.0	78.618996	124.01106	311.7	-128.6	98.66	38 h 23 min
22100	156.01499677896498	100.0	85.833	119.69929	324.8	-103.1	98.2	38 h 27 min
22150	137.6849968444556	95.2	80.855	108.72362	266.75	-153.55	100.0	38 h 31 min
22200	10.504997101053595	100.0	89.38	109.30201	288.65	-89.200005	99.24	38 h 35 min
22250	72.97999644987286	100.0	88.462006	110.59333	249.3	-95.3	100.0	38 h 38 min
22300	138.56999660246075	92.4	84.409	109.423035	249.05	-113.0	100.0	38 h 42 min
22350	7.614997434988618	100.0	79.06499	122.902	259.9	-112.8	100.0	38 h 46 min
22400	151.3699965544045	100.0	94.04799	114.41819	321.65	-104.5	98.8	38 h 49 min
22450	-8.135002391040326	100.0	101.922005	112.1702	292.95	-66.65	98.98	38 h 53 min
22500	92.36999695189297	100.0	99.944	115.01732	265.9	-111.75	100.0	38 h 57 min
22550	61.41999687068164	93.8	47.301003	106.15572	251.0	-122.700005	100.0	39 h 0 min
22600	141.23999694921076	100.0	92.07199	120.692276	258.4	-103.850006	100.0	39 h 4 min
22650	111.93499706834555	93.4	77.928	110.22439	252.55	-165.1	100.0	39 h 8 min
22700	101.42499656826257	100.0	68.18199	116.12465	256.95	-154.3	100.0	39 h 12 min
22750	-19.805003469064832	100.0	25.801996	103.1001	247.75	-155.45	100.0	39 h 15 min
22800	119.62999619022011	100.0	58.998993	108.59646	234.3	-172.55	100.0	39 h 19 min
22850	161.4149971678853	100.0	65.01199	110.45621	246.5	-95.3	100.0	39 h 23 min
22900	10.71499717272818	100.0	63.916996	117.55579	254.95	-125.8	100.0	39 h 27 min
22950	94.96999674737454	100.0	53.113995	99.42787	242.0	-131.0	100.0	39 h 30 min
23000	111.77999573424458	100.0	81.51799	97.104866	255.65	-85.5	100.0	39 h 34 min
23050	94.84499652050435	100.0	81.979	106.71207	260.7	-89.5	100.0	39 h 38 min
23100	46.149996417760846	100.0	97.68699	119.318245	272.65	-87.3	100.0	39 h 42 min
23150	16.409996253997086	100.0	84.421	113.488846	253.0	-132.3	100.0	39 h 45 min
23200	78.81999612674117	100.0	74.02799	91.73426	240.55	-110.850006	100.0	39 h 49 min
23250	45.55499615445733	100.0	49.398003	90.90271	241.34999	-111.55	100.0	39 h 53 min
23300	80.7599970676005	100.0	55.45	103.09495	256.05	-122.950005	100.0	39 h 57 min
23350	56.79999659843743	100.0	59.905	118.274536	263.75	-134.0	99.68	40 h 0 min
23400	87.97999610826373	100.0	68.35	121.14606	248.8	-135.40001	100.0	40 h 4 min
23450	104.09999669864774	100.0	63.26099	119.06991	318.4	-110.55	98.46	40 h 8 min
23500	54.814996514096855	100.0	51.488	102.40861	257.25	-102.3	100.0	40 h 11 min
23550	31.739996384829283	100.0	41.41	97.359886	240.8	-143.6	100.0	40 h 15 min
23600	120.59999620839953	98.6	57.098	111.25304	334.85	-136.75	98.94	40 h 19 min
23650	1.9749963391572236	100.0	56.941	99.709885	251.75	-99.55	100.0	40 h 23 min
23700	114.9649959526956	100.0	61.837	92.302795	293.35	-66.3	99.54	40 h 26 min
23750	46.649996706843375	100.0	55.973	93.00692	236.5	-118.55	100.0	40 h 30 min
23800	35.28499756641686	100.0	61.465	94.20173	255.5	-89.8	100.0	40 h 34 min
23850	66.70499686449766	100.0	57.857994	110.91916	249.3	-117.200005	100.0	40 h 38 min
23900	85.27499654069543	96.2	46.379993	103.49884	241.4	-144.6	100.0	40 h 41 min
23950	111.87999719418585	93.4	89.593994	104.327965	297.0	-91.3	99.54	40 h 45 min
24000	65.69499672167004	100.0	37.353	91.04194	259.0	-116.700005	100.0	40 h 49 min
24050	65.47999601848423	100.0	70.800995	115.21622	269.45	-123.9	100.0	40 h 52 min
24100	128.18499729037285	100.0	28.306997	114.884285	252.55	-178.05	100.0	40 h 56 min
24150	8.109995809197425	100.0	41.386997	92.20935	242.4	-110.3	100.0	41 h 0 min
24200	-59.0250035777688	100.0	17.821	79.83319	217.5	-123.05	100.0	41 h 4 min
24250	190.45999700948596	100.0	62.454	98.399605	247.3	-88.05	100.0	41 h 8 min
24300	125.51499623022974	100.0	32.971996	94.76198	242.05	-131.8	100.0	41 h 11 min
24350	85.09499679729342	100.0	36.389	105.62896	253.84999	-172.15001	100.0	41 h 15 min
24400	56.30999679639935	100.0	36.681	93.12467	238.55	-126.55	100.0	41 h 19 min
24450	126.53999714367092	100.0	36.311996	99.08306	233.5	-136.85	100.0	41 h 22 min
24500	74.3799963939935	100.0	11.025996	90.246445	259.0	-115.55	100.0	41 h 26 min
24550	42.6399959564209	100.0	15.433996	79.510414	213.2	-130.3	100.0	41 h 30 min
24600	-35.73500307351351	100.0	22.629995	76.59565	247.84999	-102.9	100.0	41 h 34 min
24650	47.89999631531536	100.0	39.617996	102.096924	235.45	-104.4	100.0	41 h 38 min
24700	59.279996794089676	100.0	22.515999	82.32736	215.15	-123.4	100.0	41 h 41 min
24750	46.3499958474189	100.0	40.546993	102.29024	254.75	-107.100006	100.0	41 h 45 min
24800	12.694995867833494	100.0	8.770995	88.06253	220.4	-137.70001	100.0	41 h 49 min
24850	52.494996446743606	100.0	16.948996	103.95216	248.7	-132.40001	100.0	41 h 52 min
24900	-12.305003333091737	100.0	35.188	108.71882	241.65	-146.65001	100.0	41 h 56 min
24950	69.21999689266086	93.8	58.902	100.11196	250.05	-105.8	100.0	42 h 0 min
25000	57.22999663762748	100.0	20.920996	87.1345	244.5	-113.25	100.0	42 h 4 min
25050	25.684996434301137	100.0	39.671997	108.23479	277.45	-135.25	99.36	42 h 7 min
25100	97.65999649688601	100.0	37.573997	86.96372	251.2	-94.15	100.0	42 h 11 min
25150	21.499996297433974	100.0	9.864997	79.99156	230.05	-118.0	100.0	42 h 15 min
25200	-23.715003506466747	100.0	55.670998	122.637794	267.6	-156.1	99.64	42 h 19 min
25250	-13.330003317445517	100.0	-0.6090027	76.636826	226.7	-98.8	100.0	42 h 22 min
25300	4.0349952973425385	100.0	12.225996	86.89959	243.59999	-113.9	100.0	42 h 26 min
25350	8.104996133968234	100.0	29.112995	87.241264	249.59999	-131.2	100.0	42 h 30 min
25400	126.28499652817845	100.0	29.825998	88.28704	218.75	-126.700005	100.0	42 h 33 min
25450	24.594996876642107	100.0	31.141994	108.960144	234.95	-112.200005	100.0	42 h 37 min
25500	23.904995115101336	100.0	28.770994	94.4832	238.84999	-104.450005	100.0	42 h 41 min
25550	34.789996473863724	100.0	8.817997	69.23399	182.05	-108.15	100.0	42 h 45 min
25600	-0.390004675462842	100.0	12.9229965	79.84604	244.4	-117.5	100.0	42 h 48 min
25650	53.424996761977674	100.0	37.819	78.30133	243.95	-73.450005	100.0	42 h 52 min
25700	91.88999751843512	100.0	44.490997	96.7971	232.8	-101.9	100.0	42 h 56 min
25750	38.36499637067318	100.0	39.232998	104.65012	238.5	-140.5	100.0	43 h 0 min
25800	24.379995739087462	100.0	9.011998	89.65651	243.09999	-143.90001	100.0	43 h 3 min
25850	95.69999628067016	100.0	43.039993	107.18929	239.84999	-162.95	100.0	43 h 7 min
25900	20.574997384101152	100.0	14.750998	83.66001	228.45	-105.0	100.0	43 h 11 min
25950	64.24999649375677	100.0	-7.4950037	72.8781	222.7	-117.700005	100.0	43 h 15 min
26000	3.3399961922317742	100.0	51.672993	92.432686	297.45	-87.200005	99.44	43 h 18 min
26050	47.02499648928642	100.0	44.607002	97.36987	248.8	-140.5	100.0	43 h 22 min
26100	-11.375004192814231	100.0	10.776997	101.70802	277.95	-138.85	99.66	43 h 26 min
26150	33.209996751323345	100.0	16.366997	82.825035	245.25	-113.9	100.0	43 h 30 min
26200	63.819996954500674	100.0	17.977	102.98275	331.05	-125.600006	98.98	43 h 33 min
26250	-4.200003366544843	100.0	28.619995	94.457634	282.4	-121.25	99.44	43 h 37 min
26300	60.78999582566321	100.0	28.172998	90.92317	231.0	-113.950005	100.0	43 h 41 min
26350	-123.74000737592579	100.0	44.758	92.38629	241.09999	-85.8	100.0	43 h 45 min
26400	-14.59500343836844	100.0	22.685997	91.70653	241.65	-139.65001	100.0	43 h 48 min
26450	51.84499563127756	100.0	42.890995	112.03155	247.55	-130.7	100.0	43 h 52 min
26500	23.55499678142369	100.0	12.483997	70.53182	222.05	-154.90001	100.0	43 h 56 min
26550	-18.450003592669965	100.0	11.150998	84.92169	224.84999	-103.75	100.0	44 h 0 min
26600	1.1399973541498185	100.0	12.733996	93.679214	229.65	-135.40001	100.0	44 h 3 min
26650	-25.065004685148597	100.0	30.467	91.65441	250.25	-97.600006	100.0	44 h 7 min
26700	-66.95500463135541	100.0	17.759998	88.47961	214.3	-116.65	100.0	44 h 11 min
26750	-22.235004686564206	100.0	14.212998	82.34092	233.8	-118.4	100.0	44 h 15 min
26800	45.57499610669911	100.0	29.346996	101.35761	246.25	-145.5	100.0	44 h 18 min
26850	69.96999696157873	100.0	41.466995	93.137535	229.55	-145.2	100.0	44 h 22 min
26900	45.67499637529254	100.0	42.346996	90.02295	227.45	-116.100006	100.0	44 h 26 min
26950	22.334996358305215	100.0	23.109995	88.497154	240.4	-118.75	100.0	44 h 30 min
27000	104.89999673888087	100.0	16.593996	90.272964	220.45	-119.05	100.0	44 h 33 min
27050	-7.225003988668322	100.0	42.008995	98.714966	243.8	-124.200005	100.0	44 h 37 min
27100	12.944996147230267	100.0	54.67	75.97412	230.65	-82.3	100.0	44 h 41 min
27150	82.54999681375921	100.0	36.892998	81.49113	234.2	-97.0	100.0	44 h 44 min
27200	-41.94500316306949	100.0	42.501	99.886116	255.05	-120.65	100.0	44 h 47 min
27250	4.854996026679873	100.0	56.533005	94.38888	255.8	-105.850006	100.0	44 h 50 min
27300	-28.35500424876809	100.0	1.8859978	77.293335	179.8	-150.05	100.0	44 h 53 min
27350	-47.65500432550907	100.0	26.150995	87.455	246.5	-108.9	100.0	44 h 56 min
27400	92.60999736003578	100.0	42.85699	84.50267	251.4	-96.0	100.0	44 h 59 min
27450	82.59499567300081	100.0	26.644995	82.14471	241.4	-133.75	100.0	45 h 1 min
27500	105.8549971666187	100.0	41.427998	86.52766	238.59999	-126.85	100.0	45 h 4 min
27550	-13.055003929138184	100.0	51.706997	91.25568	292.25	-85.75	99.62	45 h 7 min
27600	32.794995821267364	100.0	22.121994	96.9082	245.7	-141.95	100.0	45 h 10 min
27650	66.89999668933451	100.0	38.153996	89.74452	236.0	-88.950005	100.0	45 h 13 min
27700	121.91999635919929	100.0	60.720997	98.79736	249.55	-88.8	100.0	45 h 16 min
27750	121.45999618433416	100.0	70.381	105.94524	259.15	-140.3	100.0	45 h 19 min
27800	24.88499634489417	100.0	66.81899	90.74383	239.7	-112.9	100.0	45 h 22 min
27850	-24.955003149062396	100.0	52.128994	98.6057	235.8	-149.55	100.0	45 h 25 min
27900	52.13999597169459	100.0	65.349	90.22895	242.2	-99.100006	100.0	45 h 28 min
27950	117.66499688215553	100.0	63.165	107.14395	244.4	-113.350006	100.0	45 h 31 min
28000	36.84999664276838	93.4	69.521996	91.0939	240.3	-101.65	100.0	45 h 34 min
28050	36.84499679841101	100.0	67.878	88.169586	252.34999	-82.950005	100.0	45 h 37 min
28100	-6.765003594011068	100.0	53.976	114.227615	249.9	-144.35	100.0	45 h 40 min
28150	103.64999702349306	100.0	54.024994	87.7269	243.95	-106.55	100.0	45 h 43 min
28200	25.824996379762887	100.0	50.122	87.3386	247.5	-108.25	100.0	45 h 46 min
28250	64.77999692372978	100.0	39.417995	81.00739	238.7	-84.950005	100.0	45 h 49 min
28300	120.39499686732889	100.0	94.71199	105.131546	275.25	-126.350006	99.82	45 h 52 min
28350	115.2999956626445	97.0	100.96201	99.11662	273.1	-139.7	99.82	45 h 55 min
28400	106.7249970201403	88.9	83.91599	98.82493	298.5	-91.65	99.36	45 h 58 min
28450	85.32499613277614	100.0	77.753	97.78336	291.1	-76.25	99.48	46 h 1 min
28500	-39.65500362329185	100.0	31.328997	97.71027	251.7	-152.6	100.0	46 h 4 min
28550	148.04499621018766	92.0	59.79999	103.441605	236.55	-111.4	100.0	46 h 7 min
28600	100.87999747842551	100.0	83.262	110.49479	304.15	-99.700005	99.34	46 h 10 min
28650	45.43999615162611	100.0	64.726	112.7249	250.0	-188.70001	100.0	46 h 13 min
28700	120.63999711982906	100.0	54.986	109.68888	318.1	-147.15001	98.5	46 h 16 min
28750	120.49999690912664	100.0	48.966995	94.6287	248.84999	-122.9	100.0	46 h 19 min
28800	-0.5300034340471029	100.0	48.480995	107.90224	302.75	-80.200005	99.34	46 h 21 min
28850	100.31499687805771	100.0	57.324997	102.6877	241.25	-145.05	100.0	46 h 24 min
28900	111.78499703034758	100.0	57.791996	94.060165	252.2	-103.55	100.0	46 h 27 min
28950	128.04499773979188	91.0	91.999	103.027565	256.65	-100.05	100.0	46 h 30 min
29000	91.13499670997263	100.0	80.665	89.98496	250.4	-90.5	100.0	46 h 33 min
29050	17.97999659627676	100.0	78.627	87.448364	249.3	-70.05	100.0	46 h 36 min
29100	0.969995591789484	100.0	62.128994	90.02012	246.84999	-96.9	99.98	46 h 39 min
29150	82.9699967969209	100.0	54.852993	101.952965	258.75	-125.5	99.8	46 h 42 min
29200	92.03999692946672	100.0	42.444	96.44971	252.5	-128.90001	100.0	46 h 45 min
29250	94.14499564133584	92.6	67.079	99.07516	254.25	-111.200005	100.0	46 h 48 min
29300	112.24499663412571	100.0	66.976	99.41444	252.3	-87.600006	100.0	46 h 51 min
29350	106.74999675564467	100.0	39.751	87.1039	245.45	-110.25	100.0	46 h 54 min
29400	120.27999596819282	100.0	73.745995	102.22838	254.34999	-99.850006	100.0	46 h 57 min
29450	96.55499658957123	100.0	38.468998	90.05047	239.8	-97.950005	100.0	47 h 0 min
29500	28.404996578395366	100.0	56.240997	108.526375	294.1	-138.6	98.8	47 h 3 min
29550	21.559996742382644	100.0	48.116993	95.14452	268.25	-115.850006	99.82	47 h 6 min
29600	95.38999737910926	100.0	44.310997	92.11203	242.7	-109.75001	100.0	47 h 9 min
29650	107.46999639160931	100.0	59.934	101.46532	249.05	-109.35	100.0	47 h 12 min
29700	-22.605002895370127	100.0	54.468998	97.81334	252.7	-94.4	100.0	47 h 15 min
29750	-7.9700048886239525	100.0	68.648	109.916824	251.75	-109.0	100.0	47 h 18 min
29800	-1.4300044737756252	100.0	36.951	84.54015	238.25	-130.6	100.0	47 h 21 min
29850	9.554996981844306	100.0	37.271996	95.91446	241.0	-193.0	100.0	47 h 23 min
29900	35.09999626018107	100.0	41.413994	94.9249	238.34999	-122.55	100.0	47 h 26 min
29950	83.29999719448388	100.0	54.986996	103.28164	252.8	-131.45	100.0	47 h 29 min
30000	96.27499718479812	96.5	77.798	115.083115	305.85	-138.85	99.3	47 h 32 min
30050	49.619996168091895	100.0	40.991997	91.60846	252.05	-79.9	100.0	47 h 35 min
30100	61.87999546676874	100.0	50.451996	90.34656	249.05	-110.5	100.0	47 h 38 min
30150	115.7899963941425	100.0	71.674995	104.539024	288.6	-107.200005	99.5	47 h 41 min
30200	147.49999593012035	100.0	58.214	111.54607	250.3	-105.15	100.0	47 h 44 min
30250	66.11499613337219	100.0	58.258995	100.033195	267.4	-120.75	99.72	47 h 47 min
30300	12.014996652677656	100.0	65.59499	94.14539	299.95	-99.5	99.4	47 h 50 min
30350	93.52499622777104	100.0	70.19199	98.7581	290.25	-142.5	99.48	47 h 53 min
30400	0.08999672047793865	100.0	60.056	96.91286	251.59999	-118.15	100.0	47 h 56 min
30450	130.29999706372618	100.0	56.298996	109.02385	283.4	-158.05	99.6	47 h 59 min
30500	128.18499705679716	86.5	66.062996	99.32519	292.4	-114.75	99.44	48 h 2 min
30550	90.1699959166348	100.0	77.43699	113.31303	246.9	-128.55	100.0	48 h 5 min
30600	-44.87000304311514	100.0	60.584	110.14507	256.55	-148.45	100.0	48 h 8 min
30650	86.98499645963311	100.0	54.943993	102.99739	319.2	-136.75	97.94	48 h 11 min
30700	132.46999640576541	100.0	35.415993	96.87029	245.55	-140.2	100.0	48 h 14 min
30750	40.91999686583877	100.0	76.12499	111.15004	327.75	-91.5	99.02	48 h 16 min
30800	99.69999736212193	92.6	71.55299	105.29278	240.65	-106.85	100.0	48 h 19 min
30850	59.47999651916325	100.0	82.003	84.572014	255.9	-39.15	100.0	48 h 22 min
30900	149.6899974387139	100.0	99.13199	109.66184	261.35	-106.15	99.84	48 h 25 min
30950	145.42499726042152	100.0	75.641	101.09997	258.8	-93.3	100.0	48 h 28 min
31000	88.97999616451561	96.7	52.943005	83.22987	233.9	-103.85	100.0	48 h 31 min
31050	108.04499649219215	100.0	79.403	111.350975	249.59999	-112.100006	100.0	48 h 34 min
31100	121.16999725624919	100.0	58.767994	107.84519	255.25	-123.350006	100.0	48 h 37 min
31150	44.2149954199791	100.0	53.17	121.95566	265.65	-142.85	100.0	48 h 40 min
31200	54.8349966544658	100.0	94.88999	100.67907	251.7	-81.8	100.0	48 h 43 min
31250	9.15999583415687	100.0	93.577995	101.95145	283.85	-132.05	99.6	48 h 46 min
31300	98.60499555915594	92.0	79.605	118.70895	318.0	-114.600006	97.9	48 h 49 min
31350	26.774996750056744	100.0	99.467	98.496666	253.45	-72.4	100.0	48 h 52 min
31400	141.76999647058545	100.0	71.47199	105.03631	327.55	-133.6	99.04	48 h 55 min
31450	134.5299973126501	88.6	76.630005	120.85795	259.15	-132.1	100.0	48 h 58 min
31500	32.98999682627618	100.0	117.911995	114.04113	311.15	-98.3	99.08	49 h 1 min
31550	52.14999641478062	100.0	84.49801	108.01383	312.15	-80.4	98.04	49 h 3 min
31600	7.319997086375952	100.0	44.988	95.01521	277.85	-154.05	99.5	49 h 6 min
31650	82.08999668955803	100.0	58.711998	91.108536	265.1	-117.850006	99.74	49 h 9 min
31700	113.274996618554	100.0	61.903996	122.76516	257.1	-125.950005	100.0	49 h 12 min
31750	140.814997228235	100.0	95.94399	106.77916	300.55	-127.25	99.36	49 h 15 min
31800	14.714996290579439	100.0	93.215	105.89833	335.85	-112.05	98.98	49 h 18 min
31850	65.24999693743885	100.0	65.851	105.77593	252.59999	-131.8	100.0	49 h 21 min
31900	50.969995990768076	100.0	95.31601	119.60349	291.0	-113.700005	99.48	49 h 24 min
31950	55.37499601840973	96.2	75.652	94.67894	304.65	-114.950005	98.72	49 h 27 min
32000	152.12499659508467	100.0	85.18699	102.78048	248.65	-132.75	100.0	49 h 30 min
32050	186.8649964019656	100.0	95.47	110.095146	316.25	-139.25	98.54	49 h 33 min
32100	13.799996763840317	100.0	70.02	103.25079	251.3	-134.15001	100.0	49 h 36 min
32150	103.19499720297753	91.8	77.043	106.94796	253.7	-106.5	100.0	49 h 39 min
32200	14.829996042698621	100.0	65.24799	105.81423	254.9	-142.2	100.0	49 h 42 min
32250	72.27999647930264	100.0	78.577	102.97711	284.25	-130.1	99.56	49 h 45 min
32300	158.05499674975871	90.7	82.363	119.43799	298.5	-143.3	98.82	49 h 47 min
32350	111.07499656528235	93.2	87.402	117.51611	310.55	-141.15001	98.02	49 h 50 min
32400	133.17999612800776	100.0	77.195	99.062904	231.5	-159.6	100.0	49 h 53 min
32450	148.93999657854437	100.0	76.092	99.4051	281.7	-109.600006	99.44	49 h 56 min
32500	-6.860004458203912	100.0	57.113003	106.48512	244.7	-160.35	100.0	49 h 59 min
32550	161.50499671660364	100.0	59.776997	100.90727	249.75	-122.5	100.0	50 h 2 min
32600	-10.015004177019	100.0	90.436005	110.037125	314.4	-104.65	99.12	50 h 5 min
32650	77.10999685078859	100.0	72.249	105.274895	281.25	-105.15	99.5	50 h 8 min
32700	85.61999681442975	100.0	88.122	100.412285	270.85	-127.100006	99.66	50 h 11 min
32750	11.254996016249061	100.0	90.015	98.833244	253.4	-103.5	100.0	50 h 14 min
32800	232.08999708667397	91.8	79.465996	103.862785	249.25	-125.15	100.0	50 h 17 min
32850	-16.88000285550952	100.0	71.65299	103.55741	252.9	-113.25	100.0	50 h 20 min
32900	108.49499653577804	97.6	113.90499	110.46029	258.9	-147.15001	99.52	50 h 23 min
32950	145.6049968790263	93.4	109.88899	108.35271	286.2	-116.5	98.98	50 h 26 min
33000	49.32499555759132	100.0	99.69699	110.07226	294.95	-102.5	99.46	50 h 29 min
33050	76.08499592617154	100.0	101.767	99.15514	317.85	-81.450005	99.18	50 h 32 min
33100	60.35999664440751	100.0	87.936005	112.81171	253.75	-119.35	100.0	50 h 35 min
33150	34.57499587610364	100.0	116.216	110.727325	314.65	-148.95	99.2	50 h 38 min
33200	97.37499605901539	100.0	95.60801	110.04357	281.85	-126.350006	99.56	50 h 41 min
33250	150.66499714776873	100.0	89.969	101.822685	305.6	-147.90001	99.32	50 h 44 min
33300	146.1899967405945	84.4	99.924	101.11572	293.95	-149.2	99.3	50 h 47 min
33350	86.62499575205148	100.0	97.891	110.49421	322.0	-141.45	97.72	50 h 50 min
33400	218.11999709866942	81.4	113.43399	104.99596	285.5	-85.850006	99.52	50 h 53 min
33450	199.30499723032116	93.7	117.792	118.95745	274.3	-143.1	99.54	50 h 56 min
33500	138.47999670542777	100.0	119.943	117.475975	295.65	-139.8	99.54	50 h 59 min
33550	132.7149960350245	100.0	105.95699	110.5767	309.0	-115.200005	99.22	51 h 2 min
33600	120.90999560803175	100.0	77.519	110.55968	309.1	-161.85	99.28	51 h 5 min
33650	186.55499675869942	99.4	68.127	117.961845	274.6	-118.5	99.64	51 h 8 min
33700	201.89999712966383	97.3	105.591995	109.00908	292.6	-150.2	99.38	51 h 11 min
33750	190.66499709263445	100.0	93.546	104.72876	270.6	-131.45	99.58	51 h 14 min
33800	190.31499660238623	91.8	116.092995	114.38801	319.95	-125.0	98.02	51 h 17 min
33850	134.9949964504689	94.0	122.37001	124.710686	312.75	-96.5	96.32	51 h 19 min
33900	190.4049967225641	95.5	105.425995	117.51946	305.45	-146.45	99.28	51 h 22 min
33950	45.83499682210386	100.0	101.260994	116.92126	281.9	-155.35	99.54	51 h 25 min
34000	83.30999630950392	96.8	76.36	106.35184	250.45	-114.950005	100.0	51 h 28 min
34050	78.29999598376453	100.0	94.70599	103.255905	301.6	-120.200005	98.88	51 h 31 min
34100	122.43999618142843	100.0	113.33401	101.397224	308.1	-103.700005	98.84	51 h 34 min
34150	143.50999636277555	100.0	147.95	105.159676	283.3	-111.75	99.3	51 h 37 min
34200	127.8299967199564	100.0	98.218994	109.82604	326.65	-77.9	97.4	51 h 40 min
34250	174.4849973976612	100.0	97.75299	123.9904	279.15	-140.0	98.72	51 h 43 min
34300	159.51999684087932	100.0	106.763	102.56346	306.65	-64.600006	99.3	51 h 46 min
34350	77.66999532580375	97.4	94.17801	105.155495	251.34999	-140.40001	100.0	51 h 49 min
34400	95.2949963197112	97.8	77.476	110.37533	323.45	-109.5	98.58	51 h 52 min
34450	91.71499656438827	100.0	94.483	113.20507	278.35	-91.100006	99.2	51 h 55 min
34500	111.96999704353512	84.4	99.64799	121.287605	250.55	-132.6	100.0	51 h 58 min
34550	53.6299956407398	100.0	90.928	115.35722	311.3	-113.700005	98.04	52 h 1 min
34600	107.17999718785286	96.7	63.164993	110.17789	268.0	-156.05	99.8	52 h 4 min
34650	44.149996262416245	100.0	115.53599	100.33983	312.55	-74.850006	98.46	52 h 7 min
34700	63.90499693341553	96.2	113.828995	103.91419	312.25	-45.950005	98.24	52 h 10 min
34750	86.89499538131058	99.5	112.457	115.817474	328.0	-143.05	97.56	52 h 13 min
34800	212.89499715082349	92.8	98.86099	110.668945	317.2	-131.6	98.58	52 h 16 min
34850	95.38499601371586	100.0	93.26401	124.59414	323.5	-159.35	99.1	52 h 19 min
34900	93.19499613419175	100.0	99.499	114.15694	257.3	-156.20001	100.0	52 h 22 min
34950	100.63499690182508	95.4	91.83799	119.097885	276.1	-144.90001	99.2	52 h 25 min
35000	102.83499715812505	100.0	118.09901	108.3512	303.0	-109.75	98.3	52 h 28 min
35050	182.54999711699784	100.0	124.976006	110.5922	318.95	-109.55	98.48	52 h 31 min
35100	132.76499721370638	100.0	79.626	114.37925	317.25	-147.8	98.54	52 h 33 min
35150	11.274996297061444	100.0	70.6	111.69669	242.8	-143.85	100.0	52 h 36 min
35200	115.3299964029342	100.0	107.592995	124.67609	296.35	-156.6	98.64	52 h 39 min
35250	231.09499729424715	84.7	110.214	106.59426	280.5	-99.15	99.64	52 h 42 min
35300	135.4699967812747	96.2	101.520996	120.348236	304.05	-112.55	98.96	52 h 45 min
35350	65.20499634742737	100.0	117.47099	105.826096	258.15	-133.55	99.7	52 h 48 min
35400	128.96999673321844	100.0	109.053	111.129715	313.65	-83.5	99.2	52 h 51 min
35450	114.084996625036	100.0	77.899	107.62842	264.3	-144.85	100.0	52 h 54 min
35500	142.62499682828783	94.6	102.198	112.21147	314.5	-72.950005	99.28	52 h 57 min
35550	112.33999713882804	100.0	133.024	108.22158	331.5	-124.100006	98.98	53 h 0 min
35600	152.6399971023202	100.0	103.730995	102.74642	242.7	-99.55	100.0	53 h 3 min
35650	188.31999683566391	100.0	102.668	103.08069	325.3	-82.55	98.48	53 h 6 min
35700	162.67999673709272	99.7	70.571	104.93367	249.59999	-131.90001	100.0	53 h 9 min
35750	21.364996511861683	100.0	70.05899	109.95295	264.45	-130.35	100.0	53 h 12 min
35800	115.08999736085534	100.0	82.326	99.64427	252.75	-90.9	100.0	53 h 15 min
35850	135.62999642528592	100.0	112.51099	108.10672	291.55	-124.950005	99.5	53 h 18 min
35900	157.10999661795796	100.0	100.55699	107.66682	313.65	-129.15001	98.68	53 h 21 min
35950	61.97999709285796	100.0	101.077	103.00388	294.45	-65.75	99.36	53 h 24 min
36000	43.42499624453485	100.0	69.373	99.01203	254.9	-124.600006	100.0	53 h 27 min
36050	70.67499602735043	100.0	61.671997	118.27495	306.15	-126.8	99.34	53 h 30 min
36100	49.399996830150485	100.0	68.074	93.96877	244.75	-142.0	100.0	53 h 33 min
36150	149.369996541366	100.0	69.725	97.73645	256.2	-102.3	100.0	53 h 36 min
36200	66.18999678380787	91.3	95.6	102.17369	270.05	-87.3	99.56	53 h 39 min
36250	80.59499720409512	100.0	92.385	102.331436	309.8	-70.25	98.68	53 h 42 min
36300	-0.7850035492330789	100.0	73.832	102.237976	315.35	-124.450005	99.28	53 h 45 min
36350	20.309996592253448	100.0	71.822	112.78947	285.0	-128.65001	99.6	53 h 48 min
36400	114.38999638929963	100.0	62.453	108.50313	254.15	-130.45	100.0	53 h 51 min
36450	59.39999545030296	98.8	62.45	108.851204	252.7	-138.95	100.0	53 h 54 min
36500	69.79999645650386	99.1	52.697	108.15744	286.2	-130.5	99.4	53 h 57 min
36550	89.24499617628753	100.0	70.63799	111.81504	300.3	-121.8	99.32	54 h 0 min
36600	75.22999723143876	100.0	89.379	102.58138	246.59999	-94.55	100.0	54 h 3 min
36650	65.79999752640724	100.0	75.160995	107.60838	251.65	-179.85	100.0	54 h 5 min
36700	155.1549974564463	85.3	77.84	90.581314	251.4	-118.950005	100.0	54 h 8 min
36750	75.29999668896198	100.0	108.947	105.56448	292.5	-89.65	99.52	54 h 11 min
36800	90.95499692559243	100.0	67.47599	108.43368	239.45	-108.0	100.0	54 h 14 min
36850	52.199994596093894	100.0	87.91901	101.90516	316.3	-89.450005	99.24	54 h 17 min
36900	46.5049968585372	100.0	46.648	98.552605	246.45	-124.850006	100.0	54 h 20 min
36950	30.714996648207308	100.0	55.866	97.87916	287.65	-132.5	99.46	54 h 23 min
37000	176.86999723948537	95.4	74.230995	113.26108	262.1	-162.5	99.92	54 h 26 min
37050	73.60499657616019	100.0	76.017	106.59369	288.75	-121.00001	99.46	54 h 29 min
37100	-90.40500291660427	100.0	37.769997	99.39354	236.95	-146.8	100.0	54 h 32 min
37150	87.8799951236695	100.0	60.826992	97.13673	248.5	-138.5	100.0	54 h 35 min
37200	125.75499680265784	96.4	80.81	106.6579	246.3	-151.65001	100.0	54 h 38 min
37250	68.4399969227612	94.6	84.647995	107.76923	302.85	-142.2	99.3	54 h 41 min
37300	147.2699975140393	100.0	111.366	105.47264	302.95	-67.100006	99.32	54 h 44 min
37350	75.5999975912273	93.6	111.483	107.451294	289.25	-89.450005	99.58	54 h 47 min
37400	138.1599966775626	100.0	87.046005	120.71866	257.45	-128.75	99.94	54 h 50 min
37450	41.54499598704278	100.0	98.215	95.75777	283.55	-126.600006	99.46	54 h 53 min
37500	159.6099972423166	100.0	64.673996	113.379776	304.1	-137.15001	99.26	54 h 56 min
37550	55.86999554336071	100.0	69.48499	110.17713	277.9	-137.05	99.56	54 h 59 min
37600	59.759996100887655	100.0	114.323	121.271835	317.3	-109.55	97.92	55 h 2 min
37650	105.19499631114304	100.0	107.062004	109.39699	289.25	-69.25	98.82	55 h 5 min
37700	187.46499700918793	100.0	56.693993	108.88513	236.2	-137.5	100.0	55 h 7 min
37750	87.14499616622925	100.0	116.563995	105.72735	273.8	-136.95	99.68	55 h 10 min
37800	146.29999679550528	100.0	124.548996	106.735985	320.95	-96.25	98.42	55 h 13 min
37850	42.17499718926847	100.0	115.519005	105.65849	298.5	-70.950005	99.14	55 h 16 min
37900	194.42499671429397	99.4	70.634	105.22046	246.4	-125.0	100.0	55 h 19 min
37950	99.4649963799864	100.0	104.360985	110.48955	300.2	-97.600006	99.44	55 h 22 min
38000	82.70999694429338	100.0	99.178	98.96772	252.09999	-69.65	100.0	55 h 25 min
38050	89.15499681755901	100.0	74.196	113.38436	257.25	-114.700005	100.0	55 h 28 min
38100	10.869994990900159	100.0	99.80201	110.39101	264.2	-123.5	99.84	55 h 31 min
38150	172.23999725058675	100.0	113.08499	98.58297	254.0	-94.200005	100.0	55 h 34 min
38200	139.94999681264161	100.0	99.778	114.19318	250.8	-104.5	100.0	55 h 37 min
38250	75.42499669082463	100.0	82.391	105.303734	288.2	-146.45	99.54	55 h 40 min
38300	123.2199959166348	98.2	76.812	114.05488	249.59999	-120.65	100.0	55 h 43 min
38350	49.81499556489289	100.0	86.245	111.36359	318.75	-109.55	98.38	55 h 46 min
38400	76.31499619819223	100.0	99.79199	102.13951	252.3	-134.2	100.0	55 h 49 min
38450	99.85499638020993	94.6	82.43699	109.864586	308.7	-119.65	98.26	55 h 52 min
38500	88.26499666124582	94.2	111.260994	108.22657	257.75	-115.75	100.0	55 h 55 min
38550	28.049996523559095	97.8	77.55899	109.52582	251.9	-107.25	100.0	55 h 58 min
38600	26.449995439872147	100.0	102.422005	104.77835	324.45	-109.450005	98.84	56 h 1 min
38650	111.08499674201012	100.0	95.176994	112.99192	253.59999	-133.40001	100.0	56 h 4 min
38700	146.45499662272633	94.6	126.37301	104.44602	266.44998	-125.350006	99.72	56 h 7 min
38750	115.47999680452048	100.0	138.081	89.73409	253.3	-54.4	100.0	56 h 10 min
38800	98.1799960847944	100.0	119.06701	100.68195	249.9	-110.9	100.0	56 h 13 min
38850	135.94499717913567	100.0	116.659004	108.47194	266.65	-101.15	99.82	56 h 16 min
38900	137.2449962504208	100.0	92.37301	102.6422	247.95	-106.4	100.0	56 h 19 min
38950	158.90999674201012	94.3	96.980995	97.37928	253.09999	-129.65001	100.0	56 h 22 min
39000	144.96499695666134	100.0	95.91601	105.699066	246.75	-101.55	100.0	56 h 25 min
39050	178.58999683894217	100.0	144.58301	100.826485	279.15	-106.75	99.46	56 h 28 min
39100	112.77999616861344	100.0	128.83398	102.15604	305.9	-114.700005	99.36	56 h 31 min
39150	68.64499654322863	96.8	91.94399	113.88289	249.34999	-142.7	100.0	56 h 34 min
39200	149.87999727874995	100.0	91.87399	114.71367	306.45	-111.55	99.26	56 h 37 min
39250	125.65499669015408	100.0	139.47699	100.53666	253.95	-115.100006	100.0	56 h 40 min
39300	113.17499691434205	100.0	106.46199	111.57691	251.09999	-112.15	100.0	56 h 43 min
39350	159.04499711431563	100.0	108.97698	93.66236	310.0	-74.05	99.24	56 h 46 min
39400	102.50499724671245	91.8	142.21199	110.464966	328.1	-107.950005	97.22	56 h 49 min
39450	228.80499773584307	73.0	114.58401	105.72396	253.15	-95.600006	100.0	56 h 52 min
39500	119.12999643832445	100.0	139.08	108.70069	295.9	-124.15	98.9	56 h 55 min
39550	166.80499710552394	100.0	139.815	114.838104	276.45	-158.40001	99.16	56 h 58 min
39600	27.134995886683463	100.0	80.06899	108.06279	253.09999	-140.15001	100.0	57 h 1 min
39650	74.17499665506185	100.0	116.22398	105.13838	246.75	-108.950005	99.92	57 h 4 min
39700	106.3199960283935	93.1	107.01199	98.05794	252.3	-120.05	100.0	57 h 7 min
39750	142.47999678775668	100.0	73.562004	114.01981	251.45	-99.100006	100.0	57 h 10 min
39800	181.02499728649855	100.0	81.1	109.466896	318.75	-129.6	98.74	57 h 13 min
39850	167.42499665655197	96.2	80.824	118.72001	274.3	-161.65001	99.72	57 h 16 min
39900	24.584996489807963	100.0	91.598	106.8357	301.35	-100.25	99.38	57 h 19 min
39950	85.74999691024422	100.0	77.91899	86.39395	269.8	-90.4	100.0	57 h 21 min
40000	123.6399965506047	100.0	127.37499	110.35763	266.65	-101.9	99.82	57 h 24 min
