Episode	TestRet	TestSteps	AverageEpRet	StdEpRet	MaxEpRet	MinEpRet	EpLen	Time
50	-108.00000160932541	80.0	-92.75	5.722805	-81.1	-107.25	80.0	3 min 44 sec
100	-122.90000238642097	80.0	-90.327	8.312691	-66.950005	-107.100006	80.0	6 min 53 sec
150	-139.20000383630395	80.0	-87.851006	8.340693	-67.65	-101.3	80.0	9 min 56 sec
200	-119.80000354349613	80.0	-85.624016	9.103556	-70.5	-108.3	80.0	11 min 52 sec
250	-153.40000399947166	80.0	-84.133995	8.875141	-63.300003	-99.450005	80.0	13 min 49 sec
300	-140.45000453293324	80.0	-82.085	11.155839	-53.2	-103.65	80.0	15 min 51 sec
350	-135.60000436753035	80.0	-78.199005	11.62048	-41.05	-94.65	80.0	20 min 22 sec
400	-116.95000459626317	80.0	-76.236	10.02643	-51.9	-95.200005	80.0	25 min 43 sec
450	-186.90000792220235	80.0	-74.804	12.516881	-42.95	-99.15	80.0	30 min 40 sec
500	-111.60000240802765	80.0	-68.796	22.672106	6.8499994	-101.25	80.0	35 min 57 sec
550	-122.20000338554382	80.0	-64.741	17.898624	-14.200001	-94.8	80.0	40 min 27 sec
600	-93.40000222623348	80.0	-62.891003	18.617048	-13.85	-90.700005	80.0	45 min 41 sec
650	-93.3700029592961	80.0	-63.360996	19.395758	-2.2500005	-102.05	80.0	51 min 2 sec
700	-80.90000182390213	80.0	-63.626007	17.734694	-25.550001	-97.200005	80.0	55 min 58 sec
750	-110.52000366784632	80.0	-52.023	19.89902	-5.000001	-98.0	80.0	1 h 1 min 19 sec
800	-105.10000760108232	80.0	-53.861	25.719332	11.799999	-99.5	80.0	1 h 6 min 22 sec
850	-60.44000407382846	80.0	-40.430004	29.61479	47.45	-105.75	80.0	1 h 11 min 4 sec
900	-77.24000271856785	80.0	-42.017998	33.32357	21.25	-97.05	80.0	1 h 15 min 22 sec
950	-120.93000492826104	80.0	-34.13	32.579624	44.35	-96.35	80.0	1 h 20 min 25 sec
1000	-67.90000338852406	80.0	-24.489004	33.155407	54.899998	-70.700005	80.0	1 h 24 min 52 sec
1050	-85.1500058412552	80.0	-18.74	39.971222	100.35	-81.5	80.0	1 h 27 min 56 sec
1100	-3.350002671033144	80.0	-14.214002	40.28517	108.75	-84.700005	80.0	1 h 30 min 20 sec
1150	-95.80000199079514	80.0	-0.71100074	42.19517	88.05	-78.65	80.0	1 h 34 min 26 sec
1200	-46.200001653283834	80.0	-8.822002	44.453106	105.049995	-98.4	80.0	1 h 37 min 34 sec
1250	-79.66000244729221	80.0	-6.7270007	41.739735	108.45	-80.05	80.0	1 h 42 min 10 sec
1300	-25.820002273470163	80.0	0.618999	47.11803	119.95	-83.65	80.0	1 h 46 min 17 sec
1350	-50.05000330731273	80.0	2.863	47.8431	138.95	-75.1	80.0	1 h 51 min 55 sec
1400	-48.90000282227993	80.0	-0.7590015	46.52333	185.95	-61.100002	80.0	1 h 53 min 56 sec
1450	7.9299979217350485	80.0	12.33	37.84092	112.25	-93.55	80.0	1 h 56 min 27 sec
1500	40.239996765553954	80.0	12.271998	47.53315	173.5	-72.5	80.0	2 h 0 min 15 sec
1550	27.524998202174903	80.0	20.745	42.813972	151.65	-49.350002	80.0	2 h 2 min 43 sec
1600	-36.08000221997499	80.0	23.780998	53.113483	175.7	-68.200005	80.0	2 h 7 min 19 sec
1650	-44.63000227957964	80.0	21.884998	40.534447	108.7	-75.65	80.0	2 h 9 min 36 sec
1700	90.47999763265253	80.0	26.661	45.31697	103.9	-62.600002	80.0	2 h 13 min 5 sec
1750	-64.93000116348267	80.0	11.601	43.22147	124.15	-68.3	80.0	2 h 16 min 11 sec
1800	-35.460001876205204	80.0	31.95	44.090614	136.05	-62.95	80.0	2 h 19 min 11 sec
1850	-14.850002514570951	80.0	43.655	41.504726	117.6	-48.050003	80.0	2 h 22 min 43 sec
1900	45.49999730885029	80.0	29.516	59.818764	163.35	-65.4	80.0	2 h 25 min 12 sec
1950	-104.3850046120584	80.0	29.986	48.15851	137.59999	-60.350002	80.0	2 h 29 min 48 sec
2000	22.219997886568308	80.0	32.084	53.969376	162.0	-79.9	80.0	2 h 34 min 22 sec
2050	-55.95000279769302	80.0	25.542997	46.962437	145.0	-64.3	80.0	2 h 36 min 16 sec
2100	-27.880001734569667	80.0	9.704998	43.671524	110.5	-70.8	80.0	2 h 39 min 7 sec
2150	-10.950003476440907	80.0	36.348	47.756653	160.2	-84.1	80.0	2 h 42 min 18 sec
2200	-18.200001537799835	80.0	33.136997	47.889668	166.65	-46.600002	80.0	2 h 45 min 57 sec
2250	86.03499722220003	80.0	27.086998	46.68888	145.2	-47.550003	80.0	2 h 49 min 47 sec
2300	-55.33000337332487	80.0	48.363	52.191517	145.25	-48.2	80.0	2 h 51 min 44 sec
2350	78.24999592080712	80.0	32.260998	45.858646	109.549995	-62.7	80.0	2 h 54 min 33 sec
2400	-0.6500051207840443	80.0	44.03	51.636642	125.85	-56.65	80.0	2 h 59 min 12 sec
2450	80.9999977722764	80.0	40.573997	48.346077	157.7	-52.95	80.0	3 h 2 min 25 sec
2500	33.76999829784036	80.0	51.952003	45.74759	153.34999	-37.25	80.0	3 h 6 min 16 sec
2550	-11.620003429800272	80.0	58.662	54.60912	157.05	-73.450005	80.0	3 h 10 min 24 sec
2600	57.84999785758555	80.0	41.122997	43.12802	124.25	-39.600002	80.0	3 h 13 min 39 sec
2650	-14.830004320293664	80.0	44.101997	44.29176	155.0	-44.9	80.0	3 h 17 min 30 sec
2700	-12.735002443566918	80.0	44.545	64.47303	184.4	-78.700005	80.0	3 h 20 min 21 sec
2750	40.81999742500484	80.0	44.169	41.13969	127.75	-43.300003	80.0	3 h 24 min 45 sec
2800	47.27999739460647	80.0	60.125996	43.967964	157.7	-43.550003	80.0	3 h 29 min 17 sec
2850	74.2249979775399	80.0	50.138004	41.21282	127.35	-60.4	80.0	3 h 33 min 33 sec
2900	-43.78000160604715	80.0	57.003998	46.777897	172.45	-29.45	80.0	3 h 36 min 21 sec
2950	128.4049973271787	80.0	48.585995	48.924404	136.45	-65.950005	80.0	3 h 39 min 30 sec
3000	109.00499790087342	80.0	46.455	65.240944	171.55	-55.050003	80.0	3 h 44 min 0 sec
3050	57.76999782770872	80.0	49.58	53.60185	164.2	-56.5	80.0	3 h 47 min 11 sec
3100	-56.69500173889101	80.0	35.05	53.03317	170.55	-98.8	80.0	3 h 50 min 22 sec
3150	3.4499937571585177	80.0	46.570995	53.00568	140.4	-70.55	80.0	3 h 53 min 54 sec
3200	3.334998359158635	80.0	41.438	59.622406	166.25	-62.7	80.0	3 h 56 min 40 sec
3250	38.97999861575663	80.0	48.43	54.084354	169.9	-61.350002	80.0	4 h 1 min 4 sec
3300	99.88999749049545	80.0	33.432995	49.91536	158.59999	-75.5	80.0	4 h 6 min 45 sec
3350	-10.380002003535628	80.0	29.537998	57.873207	202.5	-83.65	80.0	4 h 10 min 28 sec
3400	-3.890002889558673	80.0	32.191	48.17159	156.59999	-44.7	80.0	4 h 15 min 19 sec
3450	-49.31000301986933	80.0	34.740997	47.470234	128.84999	-50.15	80.0	4 h 18 min 41 sec
3500	21.799995958805084	80.0	37.329998	49.12359	152.65	-63.300003	80.0	4 h 21 min 47 sec
3550	-3.370004605129361	80.0	18.036999	46.373306	97.799995	-64.55	80.0	4 h 25 min 22 sec
3600	7.589995988458395	80.0	20.842999	40.76159	104.1	-55.550003	80.0	4 h 28 min 55 sec
3650	65.7999983754009	80.0	26.256996	41.973957	145.7	-52.95	80.0	4 h 31 min 57 sec
3700	-20.5300025165081	80.0	30.865	39.715794	103.4	-44.45	80.0	4 h 35 min 34 sec
3750	38.94999776110053	80.0	28.531	42.149937	120.7	-62.0	80.0	4 h 40 min 20 sec
3800	-0.8500017188489437	80.0	41.413998	45.924606	137.4	-34.350002	80.0	4 h 44 min 7 sec
3850	-34.550004445761445	80.0	39.961998	50.59556	165.59999	-50.5	80.0	4 h 47 min 10 sec
3900	-18.140003710612653	80.0	44.473	49.698467	165.09999	-63.050003	80.0	4 h 49 min 38 sec
3950	-31.500002552568912	80.0	48.909	49.107353	167.45	-53.7	80.0	4 h 53 min 6 sec
4000	-19.650005462020637	80.0	33.557	40.90295	129.3	-30.950003	80.0	4 h 59 min 2 sec
4050	-1.080003586411476	80.0	45.988003	45.872623	150.05	-60.0	80.0	5 h 1 min 38 sec
4100	92.50999854728579	80.0	42.021996	45.65055	128.75	-53.2	80.0	5 h 4 min 49 sec
4150	-16.9000038318336	80.0	41.066998	38.12821	126.5	-34.4	80.0	5 h 7 min 29 sec
4200	38.199996249377726	80.0	35.596996	50.730446	228.75	-49.800003	80.0	5 h 13 min 7 sec
4250	15.094998053461314	80.0	35.044	46.639946	156.7	-51.3	80.0	5 h 16 min 36 sec
4300	77.39999751411378	80.0	62.715004	42.88493	168.4	-39.95	80.0	5 h 20 min 11 sec
4350	86.44999843090773	80.0	56.366	37.821014	138.84999	-33.4	80.0	5 h 23 min 52 sec
4400	35.67999753430486	80.0	72.67199	57.236874	213.8	-56.100002	80.0	5 h 27 min 42 sec
4450	-10.710006840527058	80.0	63.697	46.765285	167.15	-34.0	80.0	5 h 33 min 4 sec
4500	46.50499809645116	80.0	61.426003	56.009254	172.15	-56.95	80.0	5 h 38 min 21 sec
4550	70.4549965377897	80.0	77.703	50.611412	193.2	-41.0	80.0	5 h 43 min 39 sec
4600	48.70499773398042	80.0	71.413994	50.07653	165.09999	-49.300003	80.0	5 h 48 min 45 sec
4650	50.87999694272876	80.0	81.422005	38.391014	167.05	-9.000001	80.0	5 h 53 min 37 sec
4700	-32.6200047660619	80.0	80.87499	43.96914	160.7	-20.550001	80.0	5 h 58 min 15 sec
4750	104.92499716579914	80.0	66.434006	50.537548	146.84999	-43.9	80.0	6 h 2 min 43 sec
4800	122.619997946918	80.0	64.730995	49.258198	163.15	-35.550003	80.0	6 h 5 min 22 sec
4850	168.79499728046358	80.0	63.929	46.69608	186.95	-14.85	80.0	6 h 8 min 24 sec
4900	121.90999735333025	80.0	66.739006	48.30553	169.7	-61.750004	80.0	6 h 12 min 9 sec
4950	34.23499536365271	80.0	72.31699	42.590164	179.2	-28.900002	80.0	6 h 16 min 45 sec
5000	101.01999869644642	80.0	67.704	54.724102	177.0	-75.05	80.0	6 h 22 min 29 sec
5050	-62.800002655014396	80.0	73.395	51.502174	165.09999	-67.15	80.0	6 h 26 min 25 sec
5100	71.37999750711023	80.0	55.530994	59.317245	184.2	-57.45	80.0	6 h 28 min 20 sec
5150	34.02499747127295	80.0	76.116	54.673515	207.8	-48.9	80.0	6 h 30 min 59 sec
5200	51.08999493941665	80.0	62.392002	55.28876	180.84999	-55.9	80.0	6 h 34 min 15 sec
5250	33.55499783083796	80.0	63.934	42.663795	159.8	-17.150002	80.0	6 h 38 min 41 sec
5300	44.86499706730247	80.0	85.159	53.904926	206.3	-6.500001	80.0	6 h 43 min 52 sec
5350	119.91999706961215	80.0	82.66599	65.57413	256.8	-57.45	80.0	6 h 48 min 19 sec
5400	178.5499972179532	80.0	81.512	56.368126	207.2	-69.55	80.0	6 h 53 min 20 sec
5450	17.839997772872447	80.0	78.823	49.1661	197.15	-19.5	80.0	6 h 57 min 56 sec
5500	52.444998832046984	80.0	76.388	53.555527	184.3	-45.4	80.0	7 h 1 min 50 sec
5550	98.52999829649926	80.0	95.495	52.81351	181.9	-3.900002	80.0	7 h 4 min 3 sec
5600	-7.495007571578026	80.0	88.844	51.18073	216.05	-14.300001	80.0	7 h 8 min 46 sec
5650	185.3899979658425	80.0	77.937	50.804276	172.09999	-7.200002	80.0	7 h 12 min 40 sec
5700	238.64999755099416	80.0	78.965	62.780384	195.0	-51.050003	80.0	7 h 16 min 7 sec
5750	72.85999885164202	80.0	85.36801	59.393	205.25	-41.2	80.0	7 h 20 min 37 sec
5800	132.89999664798378	80.0	76.923	59.039856	243.45	-39.7	80.0	7 h 25 min 34 sec
5850	62.12999790795148	80.0	92.143005	52.00857	203.7	-56.300003	80.0	7 h 29 min 34 sec
5900	57.92999803982675	80.0	81.182	67.65132	213.25	-69.15	80.0	7 h 32 min 9 sec
5950	-73.55000362731516	80.0	85.79	59.659573	246.25	-9.100002	80.0	7 h 35 min 38 sec
6000	22.519998355582356	80.0	69.382996	60.079636	244.7	-35.850002	80.0	7 h 38 min 14 sec
6050	19.844997693225743	80.0	76.95	66.274086	254.9	-55.750004	80.0	7 h 40 min 52 sec
6100	-7.465002224221825	80.0	98.308	57.410706	218.9	-43.0	80.0	7 h 44 min 21 sec
6150	54.329997565597296	80.0	89.71199	65.36226	205.0	-75.450005	80.0	7 h 49 min 7 sec
6200	139.81999574825167	80.0	99.272	65.603676	251.34999	-45.2	80.0	7 h 53 min 41 sec
6250	146.2899979341775	80.0	103.33799	51.511135	206.75	-0.35000134	80.0	7 h 58 min 54 sec
6300	96.73999719023705	80.0	116.837006	52.778748	227.5	16.699999	80.0	8 h 3 min 57 sec
6350	139.36999766491354	80.0	112.786995	69.75465	265.25	-52.45	80.0	8 h 7 min 21 sec
6400	104.574997010082	80.0	84.41599	68.30147	209.15	-34.350002	80.0	8 h 11 min 51 sec
6450	-56.71500323042274	80.0	90.853004	74.35721	206.59999	-52.15	80.0	8 h 15 min 4 sec
6500	-52.48500351831317	80.0	79.207	71.97004	272.1	-57.750004	80.0	8 h 19 min 13 sec
6550	82.27499882541596	80.0	88.089	62.37266	213.09999	-52.5	80.0	8 h 23 min 2 sec
6600	155.5549980994314	80.0	92.77901	57.60383	205.5	-32.100002	80.0	8 h 27 min 23 sec
6650	5.364991215988994	80.0	99.973	51.107544	212.0	-22.45	80.0	8 h 30 min 41 sec
6700	96.27499616369604	80.0	114.763	59.027954	232.75	-13.750001	80.0	8 h 33 min 24 sec
6750	140.5699982803315	80.0	104.86199	61.526382	248.09999	-8.750001	80.0	8 h 36 min 14 sec
6800	130.65999734550715	80.0	117.118	65.2761	255.65	-30.800001	80.0	8 h 38 min 40 sec
6850	-4.690003833919763	80.0	105.465996	47.412605	203.59999	-8.200001	80.0	8 h 42 min 0 sec
6900	53.34499406032264	80.0	89.95699	60.36117	197.25	-69.200005	80.0	8 h 46 min 8 sec
6950	143.01499802879988	80.0	113.05	59.289127	241.34999	-42.3	80.0	8 h 48 min 39 sec
7000	204.0299982123077	80.0	125.132	78.65481	327.0	-4.400001	80.0	8 h 53 min 3 sec
7050	188.37499644048512	80.0	90.105	72.83854	279.9	-30.300003	80.0	8 h 54 min 57 sec
7100	124.25499663315713	80.0	102.315	76.414795	249.65	-39.95	80.0	8 h 56 min 46 sec
7150	104.93499652929604	80.0	111.288994	75.43349	252.8	-50.600002	80.0	9 h 0 min 22 sec
7200	78.05499806068838	80.0	121.625	65.62742	317.1	-10.350001	80.0	9 h 3 min 32 sec
7250	79.27499740161002	80.0	134.93	55.160374	251.35	-7.7500014	80.0	9 h 6 min 1 sec
7300	120.61999907791615	80.0	105.61001	58.49	248.0	-19.85	80.0	9 h 9 min 17 sec
7350	148.53999832123517	80.0	119.47299	58.340714	236.7	-5.850002	80.0	9 h 15 min 15 sec
7400	42.82999622747302	80.0	99.716	63.298676	218.84999	-36.5	80.0	9 h 18 min 49 sec
7450	32.83999859690666	80.0	107.75801	56.987156	244.25	-14.850001	80.0	9 h 22 min 18 sec
7500	126.35999582745134	80.0	111.813995	65.99952	219.59999	-33.45	80.0	9 h 25 min 51 sec
7550	84.80999799072742	80.0	112.49001	49.866455	213.05	5.349999	80.0	9 h 30 min 24 sec
7600	62.719998190552	80.0	111.428	71.93287	279.1	-59.95	80.0	9 h 32 min 52 sec
7650	20.374996557831764	80.0	106.51499	54.228794	208.3	-21.100002	80.0	9 h 37 min 16 sec
7700	86.19999773949385	80.0	109.815	73.12337	278.05	-55.050003	80.0	9 h 39 min 55 sec
7750	105.09999812878668	80.0	104.589005	61.04641	245.59999	-19.550001	80.0	9 h 43 min 47 sec
7800	74.15499854497611	80.0	129.95601	66.84685	267.55	-32.600002	80.0	9 h 49 min 2 sec
7850	150.84999835565685	80.0	114.61	62.191193	231.75	-26.900002	80.0	9 h 51 min 6 sec
7900	136.19499731883406	80.0	116.88099	61.73764	240.05	-20.950003	80.0	9 h 53 min 39 sec
7950	103.45499718524516	80.0	105.809006	58.88928	270.8	-12.500001	80.0	9 h 56 min 59 sec
8000	196.62499696575105	80.0	112.620995	57.18953	266.9	-10.550002	80.0	9 h 59 min 35 sec
8050	5.349990472197533	80.0	116.193	61.267284	233.05	-37.2	80.0	10 h 2 min 53 sec
8100	138.10499644912778	80.0	130.938	63.475933	277.9	-3.8000011	80.0	10 h 5 min 14 sec
8150	183.8599978145212	80.0	134.491	58.443398	245.95	-30.400002	80.0	10 h 8 min 35 sec
8200	201.1399976350367	80.0	120.75299	59.634796	250.25	-36.75	80.0	10 h 13 min 14 sec
8250	180.61499857790767	80.0	125.41699	58.258842	248.45	-7.3500013	80.0	10 h 15 min 59 sec
8300	113.9599981367588	80.0	110.44	62.23923	271.55	-26.400002	80.0	10 h 20 min 59 sec
8350	172.8899963889271	80.0	120.738	74.021324	260.85	-68.65	80.0	10 h 26 min 46 sec
8400	123.11499764434993	80.0	112.608	66.19251	279.15	-40.25	80.0	10 h 30 min 2 sec
8450	21.529993706941603	80.0	116.976	66.31235	292.8	-15.500001	80.0	10 h 32 min 11 sec
8500	42.519994059950115	80.0	104.604	68.44889	213.4	-26.500002	80.0	10 h 35 min 21 sec
8550	118.28999573253095	80.0	117.382	71.99107	306.65	-66.700005	80.0	10 h 38 min 51 sec
8600	103.079998318851	80.0	116.41501	68.10563	255.45	13.299997	80.0	10 h 41 min 50 sec
8650	124.27499863058328	80.0	105.33999	60.502064	257.9	-12.500001	80.0	10 h 45 min 34 sec
8700	126.86999873369932	80.0	112.591	73.07408	271.25	-53.45	80.0	10 h 48 min 54 sec
8750	132.1449978478253	80.0	127.964005	68.57993	252.05	-15.5	80.0	10 h 51 min 45 sec
8800	54.469994297996166	80.0	118.158	69.16969	242.59999	-10.85	80.0	10 h 56 min 9 sec
8850	153.80999685227872	80.0	114.31	81.42821	280.6	-49.4	80.0	11 h 1 min 28 sec
8900	137.24499807804824	80.0	136.84799	64.492744	273.65	4.3499985	80.0	11 h 4 min 18 sec
8950	17.659998721629382	80.0	122.909	68.15396	277.69998	-44.55	80.0	11 h 8 min 3 sec
9000	126.90999795421958	80.0	121.257	61.254375	244.3	7.8999987	80.0	11 h 10 min 46 sec
9050	149.42999681159853	80.0	110.852005	50.027607	197.45	-5.250002	80.0	11 h 15 min 32 sec
9100	130.3399989183992	80.0	129.858	74.44297	330.75	-55.45	80.0	11 h 19 min 46 sec
9150	177.17499790862203	80.0	144.297	77.22285	298.9	-45.65	80.0	11 h 23 min 57 sec
9200	211.91999799199402	80.0	139.161	64.71919	254.05	-6.6000023	80.0	11 h 27 min 51 sec
9250	124.0849966943264	80.0	146.07	83.23164	304.8	-45.350002	80.0	11 h 32 min 56 sec
9300	122.50999860465527	80.0	128.746	69.14754	270.95	-23.400002	80.0	11 h 38 min 35 sec
9350	150.97999684140086	80.0	124.44099	79.266624	310.15	-28.7	80.0	11 h 43 min 54 sec
9400	189.89999685809016	80.0	133.442	63.22402	271.8	0.24999923	80.0	11 h 48 min 5 sec
9450	216.7599987503141	80.0	155.84799	72.98537	323.45	-2.3000011	80.0	11 h 52 min 44 sec
9500	274.5549985341728	80.0	122.697	71.31202	275.55	-23.050001	80.0	11 h 58 min 7 sec
9550	150.7399982087314	80.0	127.876	76.57541	295.3	-44.2	80.0	12 h 0 min 58 sec
9600	140.009996862337	80.0	132.447	66.77191	306.1	4.049999	80.0	12 h 5 min 46 sec
9650	36.18499923609197	80.0	120.533005	64.32161	298.6	-6.0500007	80.0	12 h 10 min 14 sec
9700	26.18999839872122	80.0	143.11899	63.574047	287.0	7.1499996	80.0	12 h 14 min 30 sec
9750	186.3099979851395	80.0	124.161995	78.080215	294.5	-25.550001	80.0	12 h 18 min 6 sec
9800	108.91999885067344	80.0	141.336	68.35796	327.75	14.349998	80.0	12 h 22 min 36 sec
9850	221.14499645233155	80.0	120.925995	65.99246	301.45	-36.7	80.0	12 h 25 min 26 sec
9900	183.19499880932273	80.0	134.00499	75.04647	305.85	-39.55	80.0	12 h 29 min 44 sec
9950	126.34999811314046	80.0	125.45599	59.763073	230.8	-7.6500006	80.0	12 h 33 min 27 sec
10000	190.98999801725148	80.0	131.757	62.73756	252.34999	16.449999	80.0	12 h 37 min 2 sec
10050	209.09999776259065	80.0	143.7	65.8145	305.15	42.6	80.0	12 h 41 min 21 sec
10100	216.9899981107563	80.0	141.0	64.88797	301.1	-9.650002	80.0	12 h 46 min 1 sec
10150	138.37499719522893	80.0	127.68499	74.7385	265.15	-47.850002	80.0	12 h 49 min 57 sec
10200	209.14999816082417	80.0	158.201	67.60293	293.1	8.999999	80.0	12 h 53 min 41 sec
10250	161.23499850668014	80.0	126.76999	70.563194	320.75	-4.6000013	80.0	12 h 58 min 56 sec
10300	88.8999955482781	80.0	112.708	58.76396	259.1	-1.8000021	80.0	13 h 3 min 58 sec
10350	159.1949987772852	80.0	136.377	57.974903	277.3	-17.400002	80.0	13 h 7 min 52 sec
10400	153.9949987925589	80.0	135.885	68.05925	304.0	-27.500002	80.0	13 h 10 min 55 sec
10450	153.30999891087413	80.0	136.19101	64.675	250.75	0.44999975	80.0	13 h 12 min 46 sec
10500	253.8949985604733	80.0	142.38701	90.103584	340.05	-36.95	80.0	13 h 17 min 42 sec
10550	98.81499829217792	80.0	143.301	72.7633	287.65	-33.7	80.0	13 h 20 min 42 sec
10600	226.51999813579022	80.0	146.29399	70.42027	300.6	-20.800001	80.0	13 h 22 min 51 sec
10650	111.35999680161476	80.0	126.701996	71.09191	303.6	-3.4000006	80.0	13 h 26 min 27 sec
10700	189.54999816268682	80.0	117.623	58.827835	223.15	0.3499989	80.0	13 h 30 min 45 sec
10750	197.82999853789806	80.0	131.876	65.80062	309.7	-45.350002	80.0	13 h 34 min 26 sec
10800	279.659997253865	80.0	143.633	82.75884	359.75	-30.7	80.0	13 h 38 min 12 sec
10850	253.99999694898725	80.0	159.852	61.716045	285.1	19.15	80.0	13 h 41 min 45 sec
10900	60.5799982406199	80.0	143.657	57.594547	254.09999	3.5499976	80.0	13 h 45 min 46 sec
10950	202.89999863691628	80.0	147.015	75.64958	326.95	-33.95	80.0	13 h 49 min 26 sec
11000	200.23999749347567	80.0	168.84898	67.65185	306.15	10.149999	80.0	13 h 52 min 14 sec
11050	83.34999789148569	80.0	158.86101	63.29114	321.85	42.449997	80.0	13 h 54 min 51 sec
11100	108.95999667719006	80.0	147.87	61.59072	276.05	18.949997	80.0	13 h 56 min 45 sec
11150	133.47999805808067	80.0	157.62401	58.585457	292.85	13.899999	80.0	14 h 1 min 24 sec
11200	256.24999579563735	80.0	150.86699	73.06771	319.05	-9.500002	80.0	14 h 5 min 16 sec
11250	136.70999912880362	80.0	148.34799	71.49956	309.1	0.14999954	80.0	14 h 9 min 12 sec
11300	251.96499854326248	80.0	110.37499	63.259872	235.55	-5.8000007	80.0	14 h 12 min 41 sec
11350	114.53499927595257	80.0	151.342	79.023926	316.85	-66.9	80.0	14 h 15 min 25 sec
11400	25.284998790547252	80.0	144.49399	69.33091	280.4	-12.8	80.0	14 h 19 min 37 sec
11450	65.69999802485108	80.0	122.018	66.2106	275.35	-23.85	80.0	14 h 23 min 36 sec
11500	260.62499626688657	80.0	118.73599	63.42464	279.95	-3.9000015	80.0	14 h 27 min 57 sec
11550	60.80499938689172	80.0	127.196	78.06665	336.15	-8.950001	80.0	14 h 31 min 39 sec
11600	96.82999895326793	80.0	140.276	65.67701	297.5	-9.050001	80.0	14 h 37 min 18 sec
11650	40.5999931409955	80.0	139.15498	56.998554	261.1	21.099998	80.0	14 h 39 min 42 sec
11700	265.8999965954572	80.0	161.21602	84.04948	335.65	-23.550003	80.0	14 h 42 min 59 sec
11750	257.76999881751834	80.0	129.187	78.16136	274.6	-23.550001	80.0	14 h 45 min 38 sec
11800	-5.990001917630434	80.0	154.65001	73.089035	343.1	19.799997	80.0	14 h 47 min 32 sec
11850	174.04499770514667	80.0	140.102	79.17003	293.45	-9.05	80.0	14 h 51 min 50 sec
11900	176.28499847836792	80.0	135.187	65.72323	295.7	5.2999983	80.0	14 h 55 min 9 sec
11950	139.26499902270734	80.0	160.71701	77.0219	326.35	26.149998	80.0	15 h 0 min 55 sec
12000	179.7149973012507	80.0	146.361	77.08693	303.5	-45.75	80.0	15 h 5 min 11 sec
12050	63.349997690320016	80.0	159.24901	78.70495	344.65	-11.350004	80.0	15 h 7 min 37 sec
12100	-19.630001094192266	80.0	157.809	70.6445	342.75	-29.1	80.0	15 h 9 min 31 sec
12150	75.62499868907034	80.0	135.931	59.966362	277.0	17.749998	80.0	15 h 12 min 10 sec
12200	198.77499700523913	80.0	132.963	71.316185	313.3	-1.1500009	80.0	15 h 15 min 37 sec
12250	215.219995418936	80.0	154.29	76.14529	310.3	-13.100001	80.0	15 h 19 min 23 sec
12300	114.50999839492142	80.0	169.989	75.90645	316.1	1.5499994	80.0	15 h 24 min 59 sec
12350	7.899999311193824	80.0	128.121	85.38771	339.85	-15.1	80.0	15 h 27 min 42 sec
12400	146.02999829649926	80.0	122.949	64.87575	284.3	-44.2	80.0	15 h 32 min 31 sec
12450	327.09999807551503	80.0	142.67201	68.50102	271.3	-51.8	80.0	15 h 34 min 46 sec
12500	100.4499986063689	80.0	137.752	67.58665	261.05	-11.700001	80.0	15 h 40 min 14 sec
12550	158.77999847084283	80.0	155.50499	70.60983	296.05	30.5	80.0	15 h 45 min 35 sec
12600	99.20999902933836	80.0	142.638	64.44995	279.95	13.349998	80.0	15 h 50 min 8 sec
12650	70.20999811142683	80.0	162.999	66.47137	324.5	-27.35	80.0	15 h 54 min 57 sec
12700	157.82999851591885	80.0	168.94998	72.75762	305.25	37.5	80.0	15 h 59 min 44 sec
12750	199.86999849379063	80.0	138.783	61.33731	300.45	-22.15	80.0	16 h 4 min 29 sec
12800	236.419998575747	80.0	150.41899	69.87637	292.65	10.5	80.0	16 h 9 min 46 sec
12850	215.11499805785715	80.0	143.404	82.117775	295.8	-5.150001	80.0	16 h 14 min 56 sec
12900	281.3999976404011	80.0	157.289	62.98786	281.45	38.75	80.0	16 h 18 min 32 sec
12950	271.5949972804636	80.0	147.47798	71.34019	256.35	-34.8	80.0	16 h 22 min 53 sec
13000	185.15999882593752	80.0	142.935	73.83393	313.85	-15.400002	80.0	16 h 28 min 7 sec
13050	280.1699978914112	80.0	177.52199	69.075935	292.5	31.199999	80.0	16 h 32 min 52 sec
13100	94.21999669373035	80.0	160.915	62.894283	329.05	33.25	80.0	16 h 36 min 0 sec
13150	262.0499972105026	80.0	156.18399	67.00169	332.5	24.1	80.0	16 h 39 min 51 sec
13200	120.59499895758927	80.0	161.647	69.19463	356.35	26.699999	80.0	16 h 44 min 48 sec
13250	298.14999762699006	80.0	152.79599	55.98464	268.9	15.65	80.0	16 h 49 min 25 sec
13300	231.53999742604793	80.0	150.312	77.569695	295.25	-15.95	80.0	16 h 54 min 51 sec
13350	211.77999757826328	80.0	147.761	72.25491	317.85	-16.150002	80.0	16 h 57 min 27 sec
13400	86.00999924317003	80.0	154.691	93.23117	376.45	-68.450005	80.0	16 h 59 min 20 sec
13450	111.84499877691269	80.0	156.557	69.50203	352.35	36.95	80.0	17 h 1 min 58 sec
13500	154.1999987974763	80.0	149.377	71.62139	312.8	6.299999	80.0	17 h 6 min 42 sec
13550	80.89999860189855	80.0	143.46399	78.230446	289.1	-24.1	80.0	17 h 10 min 27 sec
13600	71.41999916546047	80.0	138.00702	72.543106	321.8	3.349999	80.0	17 h 13 min 39 sec
13650	111.72499764710665	80.0	143.88701	69.25759	297.45	-57.100002	80.0	17 h 16 min 32 sec
13700	115.86999862790108	80.0	138.43298	78.85647	311.1	-68.6	80.0	17 h 20 min 13 sec
13750	232.89999871850014	80.0	168.961	82.89812	337.9	-19.35	80.0	17 h 24 min 28 sec
13800	42.79999044537544	80.0	134.146	74.059395	263.85	-27.800001	80.0	17 h 28 min 20 sec
13850	171.124997985363	80.0	173.80098	72.647316	335.65	31.349998	80.0	17 h 31 min 43 sec
13900	195.9499976783991	80.0	166.52101	68.451004	296.45	-3.1000004	80.0	17 h 34 min 18 sec
13950	135.20499933771788	80.0	181.401	83.17673	344.25	23.55	80.0	17 h 39 min 33 sec
14000	142.46999901793896	80.0	175.50801	79.99601	342.55	-26.900002	80.0	17 h 43 min 10 sec
14050	244.6549974858761	80.0	158.049	71.98401	289.75	2.3499992	80.0	17 h 45 min 21 sec
14100	176.00499830916525	80.0	174.211	65.678215	344.2	41.449997	80.0	17 h 47 min 44 sec
14150	98.32999756373465	80.0	170.059	68.09929	336.25	29.349998	80.0	17 h 51 min 9 sec
14200	202.2849982459098	80.0	151.948	65.02692	311.05	4.399999	80.0	17 h 53 min 30 sec
14250	322.72499826066195	80.0	169.773	79.168976	323.4	-12.05	80.0	17 h 56 min 3 sec
14300	187.8199982289225	80.0	124.031006	89.7379	277.65	-55.75	80.0	17 h 59 min 4 sec
14350	19.49999927692115	80.0	172.236	68.051025	323.0	-43.45	80.0	18 h 3 min 23 sec
14400	219.67499878704547	80.0	160.91	75.80071	291.3	-22.35	80.0	18 h 5 min 59 sec
14450	171.4399981483817	80.0	149.994	69.68105	318.2	23.3	80.0	18 h 8 min 16 sec
14500	288.5599980775267	80.0	137.418	80.17181	280.2	-66.25	80.0	18 h 13 min 24 sec
14550	201.03999844156206	80.0	154.355	68.30337	324.65	28.35	80.0	18 h 16 min 0 sec
14600	136.11999858208	80.0	147.16899	70.43446	326.6	-31.300001	80.0	18 h 18 min 58 sec
14650	269.91999699324367	80.0	140.489	58.478504	276.7	25.05	80.0	18 h 20 min 52 sec
14700	93.85999787673354	80.0	155.596	62.860725	300.2	20.199999	80.0	18 h 23 min 28 sec
14750	191.58499892503022	80.0	147.13199	77.41556	301.25	-3.6000016	80.0	18 h 25 min 57 sec
14800	124.97499601617456	80.0	166.101	68.34372	311.05	23.8	80.0	18 h 29 min 24 sec
14850	255.54999797791243	80.0	132.85	64.58343	324.1	20.05	80.0	18 h 31 min 58 sec
14900	130.239999242872	80.0	134.861	74.84185	304.1	-17.2	80.0	18 h 34 min 26 sec
14950	285.45499749518933	80.0	168.83598	66.19003	309.45	9.25	80.0	18 h 37 min 37 sec
15000	102.2949986409396	80.0	165.96901	73.90987	320.15	9.049999	80.0	18 h 40 min 34 sec
15050	197.54499880112706	80.0	156.504	71.32152	288.5	-49.35	80.0	18 h 43 min 32 sec
15100	230.07499869205057	80.0	140.643	64.71955	280.45	-13.750001	80.0	18 h 45 min 26 sec
15150	261.1599985510111	80.0	137.027	82.86191	308.95	-55.850002	80.0	18 h 49 min 14 sec
15200	227.28999853543937	80.0	165.745	60.378113	281.55	45.899998	80.0	18 h 53 min 15 sec
15250	277.59999818131325	80.0	122.708	65.00894	279.75	-26.85	80.0	18 h 56 min 20 sec
15300	169.57499851211907	80.0	154.187	72.71136	328.1	0.14999905	80.0	19 h 0 min 49 sec
15350	222.17999757528304	80.0	153.546	71.71058	309.1	-26.850002	80.0	19 h 5 min 36 sec
15400	254.37499803118408	80.0	150.36	58.23228	256.65	26.3	80.0	19 h 7 min 53 sec
15450	257.41999880112706	80.0	142.13	77.475914	293.05	-25.1	80.0	19 h 11 min 36 sec
15500	192.5999980278313	80.0	144.04599	74.11842	348.05	6.7499995	80.0	19 h 15 min 56 sec
15550	76.19499872103333	80.0	131.48601	69.56705	270.85	-26.2	80.0	19 h 18 min 30 sec
15600	211.22499814592302	80.0	146.00801	74.79992	325.9	9.549999	80.0	19 h 22 min 6 sec
15650	211.52499904856086	80.0	166.068	72.51437	346.35	21.3	80.0	19 h 24 min 33 sec
15700	219.2099976710975	80.0	151.03099	76.097946	297.65	-3.2500012	80.0	19 h 26 min 30 sec
15750	118.96499925553799	80.0	144.467	70.97265	297.35	-19.2	80.0	19 h 30 min 27 sec
15800	230.68499789088963	80.0	158.27399	75.64299	317.15	11.799999	80.0	19 h 32 min 46 sec
15850	141.20499912016095	80.0	149.082	85.65687	343.2	-43.750004	80.0	19 h 35 min 22 sec
15900	61.87499823234975	80.0	157.475	73.77027	276.55	13.749999	80.0	19 h 37 min 46 sec
15950	249.43999650478364	80.0	163.985	87.6345	311.35	-24.100002	80.0	19 h 39 min 41 sec
16000	-7.420002181455493	80.0	144.78099	88.27979	362.35	-67.3	80.0	19 h 41 min 40 sec
16050	57.75999892726541	80.0	135.147	69.43439	257.0	-53.850002	80.0	19 h 45 min 15 sec
16100	253.47999661192299	80.0	134.142	75.34814	310.65	-6.9000006	80.0	19 h 47 min 13 sec
16150	163.42999828718604	80.0	149.20801	82.4515	309.2	-52.850002	80.0	19 h 51 min 18 sec
16200	254.149999255687	80.0	142.808	78.42223	341.75	-12.85	80.0	19 h 54 min 35 sec
16250	197.07999876439573	80.0	141.42001	79.98044	312.7	-24.45	80.0	19 h 57 min 14 sec
16300	335.9999979477376	80.0	163.55301	71.6374	308.94998	38.2	80.0	20 h 1 min 28 sec
16350	103.54999875798822	80.0	173.15602	69.790955	324.2	3.1999993	80.0	20 h 6 min 32 sec
16400	273.1999973941594	80.0	170.02101	80.43443	297.7	-13.150001	80.0	20 h 12 min 5 sec
16450	294.839997395128	80.0	173.21	71.04853	319.8	2.7499995	80.0	20 h 17 min 2 sec
16500	140.11999843232334	80.0	154.956	77.66238	334.75	-28.050001	80.0	20 h 22 min 44 sec
16550	8.02999878525734	80.0	166.46	70.583984	305.4	11.349998	80.0	20 h 27 min 51 sec
16600	146.14999785274267	80.0	189.77199	83.00472	326.6	-30.400002	80.0	20 h 31 min 58 sec
16650	261.72499847486614	80.0	176.15298	72.59717	324.5	0.09999954	80.0	20 h 36 min 45 sec
16700	122.73999827876688	80.0	180.055	65.214966	306.45	19.949999	80.0	20 h 39 min 32 sec
16750	227.44499830827118	80.0	145.116	83.75989	407.8	2.3999996	80.0	20 h 44 min 25 sec
16800	180.24999895095826	80.0	184.446	73.699135	296.1	-40.850002	80.0	20 h 50 min 23 sec
16850	357.91999809108677	80.0	158.17699	75.01139	294.2	-33.350002	80.0	20 h 55 min 15 sec
16900	357.89499771408737	80.0	163.125	77.06839	335.75	16.1	80.0	20 h 59 min 50 sec
16950	321.28999817967417	80.0	168.025	89.162315	354.4	-38.15	80.0	21 h 4 min 25 sec
17000	194.87999740466475	80.0	176.09102	79.79274	350.55	-36.7	80.0	21 h 8 min 58 sec
17050	217.25499847307802	80.0	158.26901	81.35072	297.0	-32.25	80.0	21 h 12 min 59 sec
17100	191.21499863639474	80.0	174.62299	82.91578	349.45	-11.8	80.0	21 h 18 min 6 sec
17150	147.23499885164202	80.0	173.38202	67.573814	358.75	22.65	80.0	21 h 22 min 39 sec
17200	227.74999868944286	80.0	188.586	74.55047	344.75	2.3999999	80.0	21 h 27 min 28 sec
17250	218.03499878197908	80.0	193.24799	69.818	334.55	6.449999	80.0	21 h 32 min 17 sec
17300	309.50499766729774	80.0	175.74298	79.36489	369.6	34.95	80.0	21 h 36 min 21 sec
17350	246.15499901510776	80.0	183.885	74.20666	377.05	30.0	80.0	21 h 40 min 31 sec
17400	168.78999927155672	80.0	199.68599	70.34233	381.0	24.949999	80.0	21 h 45 min 8 sec
17450	240.53999841548503	80.0	160.34601	75.56877	354.75	10.149999	80.0	21 h 50 min 34 sec
17500	265.32999632358553	80.0	183.41602	61.58651	346.35	44.149998	80.0	21 h 54 min 52 sec
17550	174.46999889537693	80.0	178.365	88.648926	349.35	-2.500001	80.0	21 h 58 min 41 sec
17600	175.24999849572777	80.0	183.41101	79.283775	372.8	11.099999	80.0	22 h 3 min 22 sec
17650	375.30999704413114	80.0	157.41202	82.83525	364.95	-4.2000003	80.0	22 h 8 min 11 sec
17700	139.19999758563935	80.0	193.718	71.47098	355.95	32.55	80.0	22 h 13 min 33 sec
17750	277.70499737374485	80.0	188.67499	64.73968	318.95	21.35	80.0	22 h 17 min 50 sec
17800	179.17999707087876	80.0	177.20401	76.54918	332.8	-6.8500004	80.0	22 h 21 min 19 sec
17850	326.53499745577574	80.0	174.13597	83.22986	376.6	2.2499986	80.0	22 h 27 min 22 sec
17900	249.11499816328288	80.0	167.53099	77.550735	322.1	-36.7	80.0	22 h 32 min 29 sec
17950	295.14499818943443	80.0	178.65898	74.15523	356.15	16.449999	80.0	22 h 37 min 12 sec
18000	254.05499763078987	80.0	169.383	63.283752	276.55	-4.0500007	80.0	22 h 41 min 32 sec
18050	223.7249991849065	80.0	150.14401	88.91866	337.7	-84.25	80.0	22 h 45 min 41 sec
18100	205.8999988488853	80.0	164.715	87.99843	346.85	-62.55	80.0	22 h 50 min 42 sec
18150	254.9299979738891	80.0	166.94798	91.40475	354.85	-23.9	80.0	22 h 55 min 14 sec
18200	124.4649988885969	80.0	178.49298	81.669945	308.45	-38.3	80.0	22 h 59 min 31 sec
18250	241.3499978221953	80.0	171.94699	85.58545	334.75	-16.500002	80.0	23 h 3 min 55 sec
18300	315.6249982595444	80.0	179.035	75.39588	333.6	-57.250004	80.0	23 h 7 min 40 sec
18350	173.81499848999084	80.0	187.42401	71.26541	288.3	-25.2	80.0	23 h 12 min 39 sec
18400	222.84999870732426	80.0	171.495	76.12952	373.75	-13.75	80.0	23 h 18 min 4 sec
18450	310.74999858476224	80.0	178.12498	83.75454	347.8	-15.950001	80.0	23 h 22 min 8 sec
18500	321.4599982716143	80.0	159.587	79.94441	302.9	-95.15	80.0	23 h 26 min 43 sec
18550	286.47499870546164	80.0	182.75697	71.42187	295.35	10.049998	80.0	23 h 31 min 3 sec
18600	52.244998975098135	80.0	182.18	80.1588	330.15	-31.35	80.0	23 h 35 min 43 sec
18650	280.7599986378103	80.0	171.08098	78.66309	328.05	-26.650002	80.0	23 h 40 min 36 sec
18700	347.8949981551617	80.0	163.407	80.503334	326.95	-11.800001	80.0	23 h 44 min 15 sec
18750	290.2999982852489	80.0	180.70601	79.62943	311.55	-30.15	80.0	23 h 45 min 39 sec
18800	230.51999813877046	80.0	174.154	77.238525	332.3	-28.35	80.0	23 h 47 min 2 sec
18850	293.5549978677183	80.0	163.916	89.91193	390.85	-11.200001	80.0	23 h 48 min 26 sec
18900	263.9699985697865	80.0	180.23898	67.20821	318.5	15.349999	80.0	23 h 49 min 51 sec
18950	291.6249984759837	80.0	203.869	72.54789	349.5	62.45	80.0	23 h 51 min 15 sec
19000	277.349998049438	80.0	181.40898	84.51107	324.1	-11.450002	80.0	23 h 52 min 42 sec
19050	280.7349985528737	80.0	199.51602	90.086945	447.0	-6.9000006	80.0	23 h 54 min 7 sec
19100	325.1399973139167	80.0	180.42801	90.11368	352.2	-4.8	80.0	23 h 55 min 32 sec
19150	284.76999928280713	80.0	170.42998	83.74478	361.7	-2.650001	80.0	23 h 56 min 56 sec
19200	247.17999808378516	80.0	160.623	85.1929	336.1	-61.05	80.0	23 h 58 min 22 sec
19250	295.14999790489674	80.0	167.822	76.437454	314.35	4.0999994	80.0	23 h 59 min 48 sec
19300	232.7649986986071	80.0	179.98102	87.877266	364.95	-28.400002	80.0	24 h 1 min 14 sec
19350	239.25999899804592	80.0	182.30998	86.006874	358.85	3.0499992	80.0	24 h 2 min 38 sec
19400	163.44999837130308	80.0	179.05202	69.45131	326.55	15.849998	80.0	24 h 4 min 1 sec
19450	130.31499954089523	80.0	193.07301	62.769394	327.1	42.3	80.0	24 h 5 min 28 sec
19500	322.2999972552061	80.0	188.453	77.86833	376.8	-8.350001	80.0	24 h 6 min 56 sec
19550	246.219998427853	80.0	180.05798	83.886856	335.8	-10.200001	80.0	24 h 8 min 22 sec
19600	195.6099984548986	80.0	214.84303	66.59275	366.1	69.8	80.0	24 h 9 min 44 sec
19650	22.769998731836676	80.0	170.47801	71.83911	304.95	45.7	80.0	24 h 11 min 11 sec
19700	201.14499856382608	80.0	195.206	76.95	328.05	-8.700001	80.0	24 h 12 min 32 sec
19750	307.69999846667054	80.0	192.139	76.18839	347.45	-50.15	80.0	24 h 13 min 54 sec
19800	198.32499916218222	80.0	178.52802	93.02231	363.9	-29.85	80.0	24 h 15 min 17 sec
19850	369.0999973267317	80.0	170.581	70.19564	340.2	17.35	80.0	24 h 16 min 40 sec
19900	317.7599982190877	80.0	181.717	87.13346	320.3	-31.0	80.0	24 h 18 min 3 sec
19950	335.9799983348697	80.0	182.785	77.68898	324.15	46.149998	80.0	24 h 19 min 21 sec
20000	215.0499984666705	80.0	215.26402	83.45723	363.2	7.399999	80.0	24 h 20 min 44 sec
20050	288.2599977914244	80.0	209.914	78.62105	412.05	55.399998	80.0	24 h 22 min 4 sec
20100	364.3899975512177	80.0	208.247	83.76496	403.8	37.3	80.0	24 h 23 min 25 sec
20150	272.3099986992776	80.0	195.318	88.495605	453.6	31.65	80.0	24 h 24 min 48 sec
20200	135.1849988155067	80.0	159.978	79.22927	330.85	-2.600001	80.0	24 h 26 min 10 sec
20250	280.8649984296411	80.0	188.917	80.39343	359.5	-15.100001	80.0	24 h 27 min 30 sec
20300	123.79999928362668	80.0	172.82599	94.060394	371.5	-86.25	80.0	24 h 28 min 50 sec
20350	298.9899979468435	80.0	186.807	96.56579	384.05	-48.9	80.0	24 h 30 min 11 sec
20400	230.75499873124062	80.0	185.47403	76.86733	358.7	3.1999996	80.0	24 h 31 min 31 sec
20450	263.83499754332007	80.0	213.15002	80.82827	362.75	3.7499993	80.0	24 h 32 min 51 sec
20500	301.749998992309	80.0	191.58801	72.75561	428.15	44.2	80.0	24 h 34 min 13 sec
20550	180.9549986615777	80.0	183.95801	79.00884	329.15	32.95	80.0	24 h 35 min 34 sec
20600	253.67499820962547	80.0	180.66	76.15264	392.2	7.4999995	80.0	24 h 36 min 53 sec
20650	57.1949978530407	80.0	177.56601	102.68261	347.85	-60.75	80.0	24 h 38 min 15 sec
20700	32.48499810360372	80.0	161.815	102.53375	333.85	-58.8	80.0	24 h 39 min 39 sec
20750	343.7549981165677	80.0	186.14099	75.85758	338.8	20.699999	80.0	24 h 41 min 1 sec
20800	263.2699981909245	80.0	179.25299	82.09382	362.7	-74.05	80.0	24 h 42 min 21 sec
20850	207.7999985087663	80.0	187.57799	55.926758	295.25	90.2	80.0	24 h 43 min 43 sec
20900	170.77999399080872	80.0	192.716	100.483635	404.9	-16.250002	80.0	24 h 45 min 5 sec
20950	199.51499890387058	80.0	179.51102	88.7355	363.75	-61.3	80.0	24 h 46 min 28 sec
21000	205.22499886006116	80.0	185.372	82.14358	332.8	-1.3000005	80.0	24 h 47 min 50 sec
21050	190.93999890647828	80.0	198.89801	72.65098	338.55	-10.800001	80.0	24 h 49 min 10 sec
21100	202.42499814480544	80.0	193.628	66.89238	307.75	28.05	80.0	24 h 50 min 31 sec
21150	299.3949989203364	80.0	193.85901	81.11145	358.1	6.1499996	80.0	24 h 51 min 52 sec
21200	204.45499825701117	80.0	191.44	80.3217	295.65	-46.0	80.0	24 h 53 min 14 sec
21250	313.3999988529831	80.0	201.68898	78.19079	349.7	8.199999	80.0	24 h 54 min 34 sec
21300	337.2149985082448	80.0	168.03699	85.21907	328.35	14.1	80.0	24 h 55 min 59 sec
21350	309.29499887824056	80.0	211.0	85.42188	420.9	-45.95	80.0	24 h 57 min 22 sec
21400	258.9799986802042	80.0	201.009	71.2757	332.5	52.7	80.0	24 h 58 min 42 sec
21450	225.95499859005213	80.0	208.76097	78.6676	333.4	-32.4	80.0	25 h 0 min 5 sec
21500	278.56499806307255	80.0	187.254	80.230804	390.45	16.499998	80.0	25 h 1 min 27 sec
21550	316.50999798066914	80.0	232.11	67.03438	360.25	81.7	80.0	25 h 2 min 48 sec
21600	245.66999880149962	80.0	210.31699	68.46882	390.2	63.1	80.0	25 h 4 min 6 sec
21650	334.14999821409583	80.0	191.887	88.163086	363.8	20.849998	80.0	25 h 5 min 25 sec
21700	226.96999855823816	80.0	199.492	92.56047	360.6	22.8	80.0	25 h 6 min 48 sec
21750	331.57999796569345	80.0	185.435	95.94816	382.35	-12.200001	80.0	25 h 8 min 13 sec
21800	317.224998049438	80.0	210.78299	76.183525	351.2	26.099998	80.0	25 h 9 min 34 sec
21850	269.1299981035292	80.0	186.92299	86.71908	355.6	-13.25	80.0	25 h 10 min 58 sec
21900	168.61999879851936	80.0	201.14398	85.05942	358.75	13.349999	80.0	25 h 12 min 18 sec
21950	333.2699984975159	80.0	207.21901	75.19193	335.05	29.9	80.0	25 h 13 min 41 sec
22000	298.42999874278905	80.0	194.74998	73.34196	328.35	32.85	80.0	25 h 15 min 4 sec
22050	282.1199979647994	80.0	214.37602	82.07712	384.55	-23.6	80.0	25 h 16 min 27 sec
22100	277.9399984784424	80.0	189.59	79.561714	344.45	25.199999	80.0	25 h 17 min 51 sec
22150	187.23499918282033	80.0	201.65598	79.34505	361.3	-25.0	80.0	25 h 19 min 14 sec
22200	242.43999847471713	80.0	232.32	65.965576	345.3	60.55	80.0	25 h 20 min 35 sec
22250	300.7999969821423	80.0	221.57799	70.21648	340.45	48.949997	80.0	25 h 21 min 56 sec
22300	268.1749981611967	80.0	207.841	77.59745	325.45	-15.6	80.0	25 h 23 min 20 sec
22350	183.82999867536128	80.0	197.91301	75.434875	329.2	-25.100002	80.0	25 h 24 min 41 sec
22400	199.479999050498	80.0	204.505	75.04791	321.3	-8.050001	80.0	25 h 26 min 2 sec
22450	214.17999834008515	80.0	175.17801	85.37236	348.25	-1.9500016	80.0	25 h 27 min 20 sec
22500	292.7399973936379	80.0	224.02399	107.109344	403.65	-65.85	80.0	25 h 28 min 41 sec
22550	274.36499801129105	80.0	203.724	80.86987	371.5	9.599999	80.0	25 h 30 min 5 sec
22600	292.39499875828625	80.0	199.788	89.77392	371.4	-16.0	80.0	25 h 31 min 26 sec
22650	230.56499810628594	80.0	180.161	80.49577	352.7	-24.65	80.0	25 h 32 min 50 sec
22700	268.10999885797503	80.0	207.459	78.11208	314.2	-30.750002	80.0	25 h 34 min 15 sec
22750	234.13499875329435	80.0	208.506	84.04276	354.05	39.95	80.0	25 h 35 min 34 sec
22800	246.2399983417243	80.0	199.70502	92.757965	367.85	-8.400001	80.0	25 h 36 min 56 sec
22850	198.9649986550212	80.0	192.041	81.53831	399.45	12.65	80.0	25 h 38 min 20 sec
22900	300.7249987322837	80.0	205.32599	86.31329	358.15	35.649998	80.0	25 h 39 min 42 sec
22950	344.0149986639619	80.0	193.28801	98.82052	347.15	0.39999995	80.0	25 h 41 min 3 sec
23000	381.78499730080364	80.0	229.13199	70.82993	349.4	-81.3	80.0	25 h 42 min 23 sec
23050	298.3749985612929	80.0	172.84299	74.90841	331.45	-16.65	80.0	25 h 43 min 44 sec
23100	358.399998838827	80.0	189.53702	87.785934	338.1	2.9499993	80.0	25 h 45 min 8 sec
23150	239.76999735869467	80.0	193.535	77.03513	385.05	11.649999	80.0	25 h 46 min 26 sec
23200	324.98499823473395	80.0	210.644	93.693184	396.5	39.6	80.0	25 h 47 min 45 sec
23250	282.72999809496105	80.0	212.42	78.12485	403.4	-11.599999	80.0	25 h 49 min 6 sec
23300	333.6399976916611	80.0	214.44801	97.01987	385.9	-3.350001	80.0	25 h 50 min 26 sec
23350	314.10999766252934	80.0	193.17697	93.44646	358.9	-21.8	80.0	25 h 51 min 45 sec
23400	235.62499839738012	80.0	202.21098	79.766716	316.7	16.75	80.0	25 h 53 min 4 sec
23450	307.7349971529096	80.0	180.00703	78.55443	337.6	-39.15	80.0	25 h 54 min 22 sec
23500	161.38999782800676	80.0	200.56	92.45642	372.7	-39.75	80.0	25 h 55 min 38 sec
23550	295.8649986088276	80.0	193.33899	83.79548	443.75	-20.85	80.0	25 h 56 min 55 sec
23600	311.9599982302636	80.0	172.812	90.43616	342.3	-24.45	80.0	25 h 58 min 15 sec
23650	226.6099989540875	80.0	200.462	71.9629	361.4	71.2	80.0	25 h 59 min 37 sec
23700	221.9049978069961	80.0	201.38199	85.18071	344.0	-44.25	80.0	26 h 0 min 57 sec
23750	273.86499867551026	80.0	195.95601	63.673813	358.65	44.1	80.0	26 h 2 min 18 sec
23800	276.72999847866595	80.0	190.71602	91.0093	340.5	-17.050001	80.0	26 h 3 min 40 sec
23850	333.49999767914414	80.0	194.455	83.700615	369.45	-19.250002	80.0	26 h 4 min 58 sec
23900	272.5699984502047	80.0	199.45398	95.10269	402.55	9.499999	80.0	26 h 6 min 16 sec
23950	270.34999924227594	80.0	204.60301	85.0521	369.15	33.3	80.0	26 h 7 min 33 sec
24000	243.22499883696437	80.0	205.45898	92.44399	362.4	2.2999997	80.0	26 h 8 min 50 sec
24050	230.544998825714	80.0	218.24199	77.32034	336.0	7.949999	80.0	26 h 10 min 9 sec
24100	304.8649978559464	80.0	207.36	91.98836	378.45	-25.5	80.0	26 h 11 min 27 sec
24150	258.8749984782189	80.0	199.94502	74.39626	342.8	-7.500001	80.0	26 h 12 min 48 sec
24200	290.4849982004613	80.0	204.72203	81.8636	386.3	-33.2	80.0	26 h 14 min 8 sec
24250	190.09999882802367	80.0	197.294	74.83415	355.85	47.95	80.0	26 h 15 min 27 sec
24300	313.7199984639883	80.0	204.51797	87.72998	381.4	4.35	80.0	26 h 16 min 48 sec
24350	190.28999874666334	80.0	207.99799	76.674255	358.5	34.05	80.0	26 h 18 min 7 sec
24400	356.4699980672449	80.0	215.81203	81.35368	391.3	-7.2000003	80.0	26 h 19 min 25 sec
24450	311.33999775238334	80.0	203.56699	96.238785	395.05	-31.150002	80.0	26 h 20 min 44 sec
24500	223.29999886453152	80.0	187.52698	96.08356	341.4	-34.95	80.0	26 h 22 min 4 sec
24550	324.46499849520626	80.0	200.82901	81.84825	356.55	62.65	80.0	26 h 23 min 27 sec
24600	296.0649984933436	80.0	195.521	101.43336	377.9	-37.9	80.0	26 h 24 min 50 sec
24650	272.55999868661166	80.0	219.50099	82.431465	368.6	28.4	80.0	26 h 26 min 11 sec
24700	223.75999868288636	80.0	209.659	95.00962	376.9	-37.2	80.0	26 h 27 min 30 sec
24750	148.4049940455705	80.0	190.911	96.96121	390.6	2.6000001	80.0	26 h 28 min 49 sec
24800	251.10999869070946	80.0	204.114	77.53709	404.55	25.05	80.0	26 h 30 min 10 sec
24850	293.0799987409264	80.0	201.45099	83.18289	362.8	-16.500002	80.0	26 h 31 min 28 sec
24900	302.3549983166158	80.0	188.021	82.63193	361.85	10.999999	80.0	26 h 32 min 45 sec
24950	272.4199982699007	80.0	226.38399	85.66826	366.3	41.25	80.0	26 h 34 min 2 sec
25000	277.4749993052334	80.0	191.66101	102.06144	364.65	-57.800003	80.0	26 h 35 min 21 sec
25050	333.809998460114	80.0	199.68999	92.89609	369.15	-24.95	80.0	26 h 36 min 40 sec
25100	261.259998190403	80.0	188.988	86.77278	371.65	-26.000002	80.0	26 h 37 min 57 sec
25150	315.9449985872954	80.0	205.932	89.86747	374.65	-14.600001	80.0	26 h 39 min 17 sec
25200	288.0699988987297	80.0	217.93	84.48846	389.55	6.199999	80.0	26 h 40 min 36 sec
25250	319.1799980212003	80.0	211.284	90.66416	403.45	-28.95	80.0	26 h 41 min 55 sec
25300	308.7999988824129	80.0	216.27597	88.76841	410.85	-8.150002	80.0	26 h 43 min 12 sec
25350	320.33499830402434	80.0	223.466	109.62507	406.1	-52.45	80.0	26 h 44 min 31 sec
25400	308.1999985560775	80.0	216.087	90.70188	428.45	-41.75	80.0	26 h 45 min 47 sec
25450	343.8049986343831	80.0	214.166	79.91538	360.0	-5.7500005	80.0	26 h 47 min 7 sec
25500	317.9899982716888	80.0	213.92398	86.38421	387.95	38.55	80.0	26 h 48 min 25 sec
25550	281.394997901842	80.0	230.45598	97.71938	415.15	-4.7000003	80.0	26 h 49 min 44 sec
25600	302.7399987399578	80.0	218.71399	78.60697	347.65	-26.400002	80.0	26 h 51 min 2 sec
25650	271.24499900229273	80.0	194.68799	99.32748	332.85	-24.1	80.0	26 h 52 min 23 sec
25700	287.7499981317669	80.0	199.44	82.86711	431.5	-23.750002	80.0	26 h 53 min 40 sec
25750	254.4049988128245	80.0	210.51398	95.649315	396.4	22.2	80.0	26 h 54 min 59 sec
25800	366.87999778054655	80.0	207.93597	101.15258	438.6	-45.25	80.0	26 h 56 min 17 sec
25850	321.32499765232205	80.0	217.80199	66.71327	358.95	69.5	80.0	26 h 57 min 35 sec
25900	311.90999864302574	80.0	179.185	92.31081	358.65	9.249999	80.0	26 h 58 min 53 sec
25950	305.9299983948469	80.0	207.835	97.21481	402.0	44.7	80.0	27 h 0 min 12 sec
26000	42.45999905392527	80.0	211.645	96.75276	392.75	-9.900002	80.0	27 h 1 min 32 sec
26050	313.5799980405718	80.0	186.42398	82.02361	369.05	15.4	80.0	27 h 2 min 49 sec
26100	217.49499873407186	80.0	178.52701	89.33453	395.55	12.15	80.0	27 h 4 min 8 sec
26150	256.31499900333586	80.0	186.88199	80.00914	363.5	-41.25	80.0	27 h 5 min 27 sec
26200	127.86499895602465	80.0	192.38301	85.84685	374.4	47.5	80.0	27 h 6 min 46 sec
26250	273.11499854549766	80.0	165.41101	85.74762	378.9	11.649999	80.0	27 h 8 min 5 sec
26300	266.57999872080984	80.0	207.75702	73.19941	346.8	-5.9000006	80.0	27 h 9 min 25 sec
26350	235.64999910183252	80.0	179.399	82.80884	354.05	-35.9	80.0	27 h 10 min 42 sec
26400	188.66999936811627	80.0	184.36	85.47317	382.9	11.3	80.0	27 h 12 min 0 sec
26450	40.10999812111258	80.0	212.94502	75.550964	379.25	67.3	80.0	27 h 13 min 21 sec
26500	208.8899989373982	80.0	195.922	92.5195	366.2	-20.0	80.0	27 h 14 min 42 sec
26550	250.1199988953769	80.0	192.61699	77.04987	383.45	0.2499988	80.0	27 h 16 min 0 sec
26600	305.76499835141004	80.0	218.562	71.07325	344.05	79.2	80.0	27 h 17 min 21 sec
26650	202.92499775514005	80.0	165.062	104.968	409.75	-22.5	80.0	27 h 18 min 40 sec
26700	135.14999808073043	80.0	182.84201	99.567924	386.55	-26.650002	80.0	27 h 20 min 1 sec
26750	74.00999846123159	80.0	164.06398	115.164024	369.55	-31.85	80.0	27 h 21 min 18 sec
26800	122.07999931015074	80.0	182.49701	88.2333	346.95	-19.95	80.0	27 h 22 min 36 sec
26850	199.8699981212616	80.0	150.423	92.12947	339.25	-63.0	80.0	27 h 23 min 55 sec
26900	279.31999882347884	80.0	159.70699	81.84032	326.7	-9.500001	80.0	27 h 25 min 14 sec
26950	82.49999767541885	80.0	182.36201	79.74199	394.35	34.449997	80.0	27 h 26 min 35 sec
27000	209.8649983584881	80.0	165.086	94.95636	386.45	-23.6	80.0	27 h 27 min 54 sec
27050	202.04999807476997	80.0	167.77798	84.66082	340.85	18.5	80.0	27 h 29 min 11 sec
27100	304.4449978835881	80.0	191.345	80.82936	348.9	-32.3	80.0	27 h 30 min 32 sec
27150	268.8399986200035	80.0	184.291	89.48245	373.4	2.199999	80.0	27 h 31 min 49 sec
27200	276.37999820262195	80.0	187.67601	77.20018	354.1	-2.2500007	80.0	27 h 33 min 9 sec
27250	244.55499863922597	80.0	183.83398	89.99626	368.3	-30.300001	80.0	27 h 34 min 30 sec
27300	205.2949983920902	80.0	160.10799	95.99436	343.7	-38.850002	80.0	27 h 35 min 48 sec
27350	332.0649984546006	80.0	170.129	111.85208	390.75	-55.45	80.0	27 h 37 min 8 sec
27400	228.92999866642057	80.0	175.48	94.54865	374.0	-47.3	80.0	27 h 38 min 28 sec
27450	270.2999974563718	80.0	175.67	88.7675	368.8	-15.05	80.0	27 h 39 min 49 sec
27500	270.0849987495691	80.0	181.411	81.61491	342.9	38.1	80.0	27 h 41 min 7 sec
27550	102.60499879196286	80.0	184.04097	87.91923	382.6	-53.2	80.0	27 h 42 min 25 sec
27600	245.7199983365834	80.0	174.627	75.451965	311.15	16.749998	80.0	27 h 43 min 46 sec
27650	189.70499846190214	80.0	174.48502	87.35021	344.2	-21.000002	80.0	27 h 45 min 4 sec
27700	279.07499799393116	80.0	183.82199	82.08497	323.0	-8.700001	80.0	27 h 46 min 22 sec
27750	177.13499898388983	80.0	192.82903	85.12113	341.2	48.899998	80.0	27 h 47 min 41 sec
27800	156.18999899290503	80.0	178.96399	75.1107	363.5	-43.9	80.0	27 h 49 min 4 sec
27850	173.99499839060007	80.0	172.48102	80.63535	396.85	-59.4	80.0	27 h 50 min 25 sec
27900	21.149998284876347	80.0	198.66302	77.30026	378.35	2.1499987	80.0	27 h 51 min 41 sec
27950	285.6299985773861	80.0	185.36801	79.241516	326.05	-15.2	80.0	27 h 53 min 3 sec
28000	-46.0500008687377	80.0	194.394	87.65089	335.5	-9.050001	80.0	27 h 54 min 24 sec
28050	169.954998704046	80.0	187.00998	68.39726	320.25	16.15	80.0	27 h 55 min 45 sec
28100	196.83999905698002	80.0	195.932	88.87641	357.0	-2.5000002	80.0	27 h 57 min 3 sec
28150	300.9049974694848	80.0	191.85199	84.542366	391.7	53.2	80.0	27 h 58 min 23 sec
28200	188.85999885648488	80.0	189.82597	76.29807	311.3	-1.1500009	80.0	27 h 59 min 41 sec
28250	185.49999870173633	80.0	201.51599	87.38846	364.3	14.199998	80.0	28 h 1 min 0 sec
28300	180.01999928690492	80.0	190.51598	76.673	346.85	1.8999989	80.0	28 h 2 min 19 sec
28350	196.1899989258498	80.0	200.22502	89.84824	342.3	-83.9	80.0	28 h 3 min 39 sec
28400	-17.45000111684203	80.0	196.91798	89.83226	399.3	-88.6	80.0	28 h 4 min 58 sec
28450	154.74999855048955	80.0	203.81898	85.09781	369.7	38.2	80.0	28 h 6 min 16 sec
28500	248.47499805130064	80.0	188.49199	83.20508	367.15	-23.2	80.0	28 h 7 min 35 sec
28550	222.61499880999327	80.0	174.836	62.72049	282.6	-18.6	80.0	28 h 8 min 53 sec
28600	323.78499790802596	80.0	192.79597	73.10824	331.25	-43.2	80.0	28 h 10 min 13 sec
28650	183.744998652488	80.0	181.89899	76.72734	313.7	-68.450005	80.0	28 h 11 min 31 sec
28700	247.55999854020774	80.0	190.95601	76.4819	342.25	12.099998	80.0	28 h 12 min 51 sec
28750	226.37499870099128	80.0	180.81499	73.94674	316.95	-9.150001	80.0	28 h 14 min 10 sec
28800	288.719998947531	80.0	210.06502	81.08358	376.1	-1.6500009	80.0	28 h 15 min 29 sec
28850	263.5499987348914	80.0	218.702	96.30731	388.4	-50.55	80.0	28 h 16 min 47 sec
28900	163.20499808117748	80.0	199.945	75.49913	357.95	23.699999	80.0	28 h 18 min 5 sec
28950	233.57999840006232	80.0	193.996	88.67771	349.0	-26.150002	80.0	28 h 19 min 22 sec
29000	253.89999528601766	80.0	206.642	82.060074	341.6	36.6	80.0	28 h 20 min 39 sec
29050	348.5149981364608	80.0	186.651	82.63459	370.1	1.6499989	80.0	28 h 21 min 57 sec
29100	330.24999816305933	80.0	204.75902	78.757996	380.4	19.4	80.0	28 h 23 min 14 sec
29150	194.14999856092035	80.0	206.54898	78.04352	385.7	34.3	80.0	28 h 24 min 31 sec
29200	136.65499891526997	80.0	170.83199	95.00668	330.6	-79.25	80.0	28 h 25 min 49 sec
29250	311.3899989016354	80.0	202.80798	73.51164	345.3	-23.5	80.0	28 h 27 min 4 sec
29300	286.83999865204095	80.0	200.966	79.911766	376.25	16.8	80.0	28 h 28 min 24 sec
29350	233.9049989324063	80.0	184.16	84.823814	314.55	-69.05	80.0	28 h 29 min 42 sec
29400	261.0799988090992	80.0	194.50699	77.73307	404.2	4.4999995	80.0	28 h 30 min 58 sec
29450	328.09999892115593	80.0	207.87701	75.56504	408.45	46.899998	80.0	28 h 32 min 14 sec
29500	206.6599986743182	80.0	204.591	84.04358	373.6	33.55	80.0	28 h 33 min 30 sec
29550	332.64999790489674	80.0	195.73003	99.89844	351.85	-17.050001	80.0	28 h 34 min 48 sec
29600	169.64499917067587	80.0	218.46	81.55125	383.3	47.55	80.0	28 h 36 min 5 sec
29650	275.2999986506999	80.0	213.551	85.14039	341.35	9.099999	80.0	28 h 37 min 22 sec
29700	186.85999878197907	80.0	182.04898	89.214485	380.05	-21.500002	80.0	28 h 38 min 44 sec
29750	189.48499901294707	80.0	184.708	82.626076	383.85	-0.45000142	80.0	28 h 40 min 4 sec
29800	175.02999857515096	80.0	189.075	65.82012	353.0	43.65	80.0	28 h 41 min 24 sec
29850	262.47999874837694	80.0	202.535	80.53535	383.0	37.149998	80.0	28 h 42 min 43 sec
29900	185.1199983984232	80.0	186.60602	79.28221	342.35	-40.4	80.0	28 h 43 min 59 sec
29950	191.98499737679958	80.0	183.92299	73.64602	363.2	20.25	80.0	28 h 45 min 18 sec
30000	333.1999985590577	80.0	177.476	90.97642	356.25	-51.050003	80.0	28 h 46 min 39 sec
30050	92.02999784201384	80.0	212.2	72.130356	348.15	9.65	80.0	28 h 47 min 58 sec
30100	228.4249986242503	80.0	194.77798	89.50958	357.3	-30.900002	80.0	28 h 49 min 18 sec
30150	315.0699978727847	80.0	203.60999	71.446884	361.1	20.249998	80.0	28 h 50 min 36 sec
30200	191.52499912008642	80.0	203.73502	87.72409	370.4	15.999999	80.0	28 h 51 min 53 sec
30250	287.8099973857403	80.0	216.42702	59.89924	328.3	91.5	80.0	28 h 53 min 8 sec
30300	126.34999922402203	80.0	194.965	84.67642	346.8	-19.25	80.0	28 h 54 min 27 sec
30350	109.56499858349562	80.0	188.52498	86.87877	364.15	-16.2	80.0	28 h 55 min 46 sec
30400	175.97499843761324	80.0	200.312	87.91296	347.45	-7.8500004	80.0	28 h 57 min 6 sec
30450	174.35499885603787	80.0	208.019	81.31869	375.65	50.699997	80.0	28 h 58 min 23 sec
30500	233.58999889642	80.0	207.54599	65.87316	359.15	37.2	80.0	28 h 59 min 43 sec
30550	165.5399981956929	80.0	193.18701	89.56624	374.6	-70.85	80.0	29 h 1 min 3 sec
30600	189.70999856069685	80.0	194.99199	82.46136	351.9	-35.05	80.0	29 h 2 min 20 sec
30650	158.8199982956052	80.0	216.92699	76.50303	367.8	27.599998	80.0	29 h 3 min 40 sec
30700	133.71999923996628	80.0	186.20099	79.180984	364.6	29.349998	80.0	29 h 4 min 57 sec
30750	234.2449979055673	80.0	193.58301	65.37509	350.9	-4.8	80.0	29 h 6 min 14 sec
30800	192.78499877601863	80.0	185.04901	89.79961	350.7	-4.400001	80.0	29 h 7 min 33 sec
30850	193.81499885469674	80.0	183.539	70.52377	334.5	13.049999	80.0	29 h 8 min 52 sec
30900	268.86999815665183	80.0	180.184	74.78187	348.95	33.649998	80.0	29 h 10 min 9 sec
30950	250.55499846711754	80.0	218.59502	77.401924	368.15	72.9	80.0	29 h 11 min 25 sec
31000	212.8799968164414	80.0	179.976	84.43689	312.1	-3.95	80.0	29 h 12 min 44 sec
31050	298.15499862320723	80.0	177.89299	89.83128	361.65	-21.800001	80.0	29 h 14 min 4 sec
31100	292.2299990240484	80.0	198.43599	88.93414	365.2	-47.5	80.0	29 h 15 min 23 sec
31150	379.7699983958155	80.0	196.68	66.23458	362.1	97.4	80.0	29 h 16 min 40 sec
31200	281.4699983641505	80.0	189.71199	86.51363	373.65	-6.450001	80.0	29 h 17 min 59 sec
31250	256.1149984404445	80.0	177.216	70.16789	367.6	23.8	80.0	29 h 19 min 16 sec
31300	289.35999886766075	80.0	201.664	71.246124	424.65	36.75	80.0	29 h 20 min 35 sec
31350	262.10499842315915	80.0	190.569	85.799614	371.25	-27.050001	80.0	29 h 21 min 52 sec
31400	270.8999981407076	80.0	181.8	73.61495	313.45	1.1999993	80.0	29 h 23 min 9 sec
31450	256.22999874539676	80.0	199.279	85.868004	352.4	-3.2500005	80.0	29 h 24 min 26 sec
31500	351.1999980919063	80.0	196.981	88.851456	378.15	-36.65	80.0	29 h 25 min 47 sec
31550	284.8799982894212	80.0	187.96999	89.43889	348.55	-12.950001	80.0	29 h 27 min 3 sec
31600	175.8749984458089	80.0	189.12898	78.007996	350.85	4.2999997	80.0	29 h 28 min 21 sec
31650	306.40499795675277	80.0	215.53998	72.07199	370.1	-5.550001	80.0	29 h 29 min 40 sec
31700	271.0349985938519	80.0	198.195	72.95856	348.7	25.699999	80.0	29 h 30 min 58 sec
31750	265.03499887250365	80.0	210.649	63.096123	351.4	37.2	80.0	29 h 32 min 16 sec
31800	297.3349987111986	80.0	219.14601	70.144684	336.9	78.1	80.0	29 h 33 min 34 sec
31850	181.70999773554504	80.0	206.17201	70.63793	351.65	88.4	80.0	29 h 34 min 52 sec
31900	184.12499856725336	80.0	218.15599	95.97667	374.75	-50.0	80.0	29 h 36 min 12 sec
31950	208.5049990080297	80.0	180.11699	88.65259	408.6	-21.250002	80.0	29 h 37 min 32 sec
32000	274.129997933656	80.0	178.30301	76.535645	361.4	-16.35	80.0	29 h 38 min 54 sec
32050	200.73499769084157	80.0	189.52402	89.501625	361.4	-51.100002	80.0	29 h 40 min 12 sec
32100	287.0899984251708	80.0	182.30798	78.05348	320.15	6.549999	80.0	29 h 41 min 31 sec
32150	219.4099976859987	80.0	196.25	70.43085	366.55	12.449999	80.0	29 h 42 min 50 sec
32200	251.25999884307384	80.0	195.915	80.73187	362.45	-66.25	80.0	29 h 44 min 10 sec
32250	261.62499808110294	80.0	203.13199	83.6331	386.95	-38.8	80.0	29 h 45 min 28 sec
32300	234.07499898076057	80.0	209.763	76.76636	340.4	-33.3	80.0	29 h 46 min 46 sec
32350	310.2599984101951	80.0	195.31	89.592094	375.6	-5.400001	80.0	29 h 48 min 3 sec
32400	330.88499825373293	80.0	208.976	86.98777	367.9	24.55	80.0	29 h 49 min 19 sec
32450	332.42999782189725	80.0	200.288	70.38173	426.45	63.2	80.0	29 h 50 min 37 sec
32500	254.9249988425523	80.0	211.13	87.08004	375.45	9.049999	80.0	29 h 51 min 55 sec
32550	251.99499831721187	80.0	199.45099	69.82862	332.95	36.649998	80.0	29 h 53 min 13 sec
32600	231.48499826341867	80.0	203.29204	90.509544	413.6	12.749998	80.0	29 h 54 min 31 sec
32650	253.94999759942294	80.0	181.17699	89.32275	398.35	-1.8000007	80.0	29 h 55 min 49 sec
32700	226.43999837115408	80.0	210.825	69.94474	331.05	38.35	80.0	29 h 57 min 8 sec
32750	239.7249986462295	80.0	202.67398	77.611336	337.7	15.45	80.0	29 h 58 min 27 sec
32800	300.04999885857103	80.0	202.9	91.05826	406.2	-16.25	80.0	29 h 59 min 48 sec
32850	223.93499875739218	80.0	221.01802	86.32233	387.9	49.9	80.0	30 h 1 min 6 sec
32900	304.7999984666705	80.0	203.959	81.081795	373.75	60.4	80.0	30 h 2 min 25 sec
32950	342.26999824121594	80.0	212.81499	86.58433	371.35	11.2	80.0	30 h 3 min 45 sec
33000	363.5199977464974	80.0	197.42299	82.82528	349.85	21.349998	80.0	30 h 5 min 4 sec
33050	350.06999837830665	80.0	223.011	77.48324	424.2	20.65	80.0	30 h 6 min 21 sec
33100	345.1449973348528	80.0	194.91699	80.3975	399.65	32.4	80.0	30 h 7 min 40 sec
33150	222.61499868109823	80.0	186.665	88.48713	301.9	-25.7	80.0	30 h 8 min 56 sec
33200	121.47999911308288	80.0	186.253	95.38962	365.85	15.849999	80.0	30 h 10 min 11 sec
33250	242.6049991980195	80.0	208.96498	99.93973	419.05	-19.6	80.0	30 h 11 min 26 sec
33300	260.04999888837335	80.0	196.62997	94.75757	366.25	-3.1000004	80.0	30 h 12 min 44 sec
33350	302.00999765843153	80.0	205.04701	91.90942	385.5	2.0999987	80.0	30 h 14 min 1 sec
33400	289.95499864555893	80.0	207.11201	81.43285	368.5	28.549997	80.0	30 h 15 min 19 sec
33450	168.29999849386513	80.0	213.97	85.910835	378.25	-44.65	80.0	30 h 16 min 37 sec
33500	291.22999834120276	80.0	179.38	94.1206	384.4	-35.5	80.0	30 h 17 min 57 sec
33550	182.8299981344491	80.0	182.99701	88.96295	365.1	-4.6000004	80.0	30 h 19 min 17 sec
33600	246.31999808773398	80.0	216.32501	88.94592	408.1	2.799999	80.0	30 h 20 min 35 sec
33650	244.75999843999745	80.0	200.79102	87.98317	373.15	-26.75	80.0	30 h 21 min 54 sec
33700	281.68499722741547	80.0	235.521	86.42349	384.7	63.749996	80.0	30 h 23 min 13 sec
33750	241.9199989039451	80.0	212.379	93.7405	383.1	-26.800001	80.0	30 h 24 min 31 sec
33800	361.0849980011582	80.0	205.91101	74.520424	358.75	53.25	80.0	30 h 25 min 49 sec
33850	334.83999803364276	80.0	223.599	79.74793	405.8	34.149998	80.0	30 h 27 min 9 sec
33900	244.68999889083207	80.0	193.05101	95.76816	396.5	10.299999	80.0	30 h 28 min 26 sec
33950	214.21499823369086	80.0	209.904	88.409485	363.65	-15.900001	80.0	30 h 29 min 46 sec
34000	330.8349984895438	80.0	207.628	71.485664	353.65	22.099998	80.0	30 h 31 min 3 sec
34050	257.7949989255518	80.0	217.85799	86.15033	379.3	20.5	80.0	30 h 32 min 20 sec
34100	219.89499825239182	80.0	233.00299	84.41699	386.8	-15.050001	80.0	30 h 33 min 38 sec
34150	321.3699969537556	80.0	217.97801	90.85217	368.3	3.9999993	80.0	30 h 34 min 57 sec
34200	272.0049983818084	80.0	234.83998	78.64435	398.15	63.1	80.0	30 h 36 min 15 sec
34250	353.724998883903	80.0	187.6	84.19358	358.6	31.499998	80.0	30 h 37 min 33 sec
34300	225.38999763652683	80.0	197.914	77.752365	390.1	52.8	80.0	30 h 38 min 49 sec
34350	304.2949979875237	80.0	213.11902	82.873314	385.45	17.8	80.0	30 h 40 min 9 sec
34400	240.65999850183726	80.0	225.69301	85.12854	399.95	36.1	80.0	30 h 41 min 30 sec
34450	176.22999817356467	80.0	208.138	87.603745	396.3	45.85	80.0	30 h 42 min 49 sec
34500	322.1899978820235	80.0	180.89899	95.00007	368.4	-51.05	80.0	30 h 44 min 6 sec
34550	267.4799984671175	80.0	183.971	81.25592	322.35	-0.15000087	80.0	30 h 45 min 23 sec
34600	267.8449982885271	80.0	208.84903	91.17021	369.6	5.5	80.0	30 h 46 min 44 sec
34650	326.3999983020127	80.0	227.123	75.34045	385.35	59.6	80.0	30 h 48 min 3 sec
34700	314.0699982792139	80.0	225.95801	80.83648	385.2	35.55	80.0	30 h 49 min 19 sec
34750	374.7999981455505	80.0	210.467	99.082726	419.3	-66.950005	80.0	30 h 50 min 40 sec
34800	253.86499840542675	80.0	202.384	67.23636	332.15	20.85	80.0	30 h 51 min 58 sec
34850	272.5749988295138	80.0	207.37402	72.79042	373.1	45.25	80.0	30 h 53 min 16 sec
34900	300.1049981325865	80.0	216.52802	80.35877	392.1	63.5	80.0	30 h 54 min 35 sec
34950	384.3299984373152	80.0	230.61497	77.043396	350.15	-27.300001	80.0	30 h 55 min 57 sec
35000	257.8499989684671	80.0	228.16	63.10462	340.5	58.399998	80.0	30 h 57 min 17 sec
35050	306.54499859176576	80.0	219.64201	79.23254	383.95	29.449999	80.0	30 h 58 min 38 sec
35100	346.85499883815646	80.0	215.00403	78.92497	331.95	26.699999	80.0	30 h 59 min 57 sec
35150	349.90999858789144	80.0	211.67299	84.09787	377.9	-10.150002	80.0	31 h 1 min 12 sec
35200	267.0499987781048	80.0	232.07901	82.10482	404.6	59.899998	80.0	31 h 2 min 29 sec
35250	324.9799982316792	80.0	214.09198	83.15376	378.6	26.449999	80.0	31 h 3 min 49 sec
35300	307.46499835960566	80.0	220.28099	69.52233	387.85	72.55	80.0	31 h 5 min 8 sec
35350	332.5649987060577	80.0	234.69403	87.56263	412.95	27.099998	80.0	31 h 6 min 25 sec
35400	306.4799987342209	80.0	211.17801	85.06244	379.4	29.95	80.0	31 h 7 min 44 sec
35450	272.9249990403652	80.0	221.66199	73.562	379.3	63.199997	80.0	31 h 9 min 3 sec
35500	250.77999842725694	80.0	191.24402	87.99506	356.5	-37.45	80.0	31 h 10 min 21 sec
35550	189.53999778218568	80.0	187.06699	94.79564	364.0	-60.0	80.0	31 h 11 min 41 sec
35600	277.73999881856145	80.0	222.161	76.53619	379.4	54.7	80.0	31 h 12 min 59 sec
35650	260.07999879829583	80.0	190.16602	85.908806	338.4	-0.75000095	80.0	31 h 14 min 19 sec
35700	290.24999888055027	80.0	211.86201	74.9694	388.7	29.099998	80.0	31 h 15 min 37 sec
35750	246.3099982727319	80.0	177.041	85.184044	374.0	-12.800001	80.0	31 h 16 min 57 sec
35800	164.8299989528954	80.0	211.96901	81.45211	339.5	-13.2	80.0	31 h 18 min 15 sec
35850	314.0499983090907	80.0	194.93599	81.51674	367.85	24.199999	80.0	31 h 19 min 32 sec
35900	305.0099983576685	80.0	186.12701	79.41365	387.35	7.2499995	80.0	31 h 20 min 51 sec
35950	314.42999797463415	80.0	213.497	68.34313	380.8	78.799995	80.0	31 h 22 min 9 sec
36000	172.67999830804766	80.0	208.15201	80.26173	384.6	-6.500001	80.0	31 h 23 min 25 sec
36050	367.3299986600876	80.0	228.091	70.03469	395.35	110.15	80.0	31 h 24 min 46 sec
36100	209.85499884299935	80.0	204.36398	96.873146	373.25	-99.6	80.0	31 h 26 min 5 sec
36150	315.5999982446432	80.0	205.93	79.02888	366.2	-21.150002	80.0	31 h 27 min 25 sec
36200	298.6849986754358	80.0	199.733	90.04871	401.45	-16.1	80.0	31 h 28 min 40 sec
36250	275.519998703897	80.0	185.63498	80.93886	343.95	-15.7	80.0	31 h 29 min 58 sec
36300	319.3299982115626	80.0	202.55602	73.07923	378.0	32.149998	80.0	31 h 31 min 15 sec
36350	191.12499870993196	80.0	213.364	80.54517	376.05	24.25	80.0	31 h 32 min 33 sec
36400	383.0649983044714	80.0	219.44	77.14313	394.95	57.05	80.0	31 h 33 min 50 sec
36450	333.8649982165545	80.0	204.65599	71.239655	350.05	56.9	80.0	31 h 35 min 8 sec
36500	115.34499836564063	80.0	224.143	85.76268	412.95	50.55	80.0	31 h 36 min 25 sec
36550	262.0699982974678	80.0	203.07903	71.87112	327.15	66.6	80.0	31 h 37 min 43 sec
36600	383.9949981797487	80.0	205.456	79.572365	376.95	24.599998	80.0	31 h 39 min 0 sec
36650	253.22499812170864	80.0	197.53102	94.74399	379.9	-32.350002	80.0	31 h 40 min 16 sec
36700	282.1299987010658	80.0	215.90997	79.05727	340.05	30.649998	80.0	31 h 41 min 32 sec
36750	271.5899974230677	80.0	228.24898	82.40987	379.55	46.35	80.0	31 h 42 min 48 sec
36800	374.50499801300464	80.0	205.02602	75.87165	366.25	29.349998	80.0	31 h 44 min 5 sec
36850	312.2999974705279	80.0	211.66801	84.87199	365.35	-13.050001	80.0	31 h 45 min 23 sec
36900	233.58499928750098	80.0	216.657	74.137505	340.65	41.6	80.0	31 h 46 min 39 sec
36950	306.6649977762252	80.0	213.68	86.92324	364.6	-2.8000014	80.0	31 h 47 min 58 sec
37000	226.4899988859892	80.0	230.58301	79.57911	389.9	23.6	80.0	31 h 49 min 14 sec
37050	194.85999901480972	80.0	230.06001	81.50675	381.65	34.3	80.0	31 h 50 min 34 sec
37100	315.71999831832943	80.0	236.72998	67.29165	374.45	59.55	80.0	31 h 51 min 52 sec
37150	271.57499856874347	80.0	225.679	85.21175	412.55	58.45	80.0	31 h 53 min 12 sec
37200	293.30999897569416	80.0	196.425	80.07632	371.0	14.249999	80.0	31 h 54 min 31 sec
37250	307.19499836526813	80.0	234.155	95.0761	422.9	13.299999	80.0	31 h 55 min 47 sec
37300	274.9499980185181	80.0	206.975	79.82727	369.35	18.7	80.0	31 h 57 min 5 sec
37350	269.6049987386912	80.0	208.49799	74.81052	340.3	46.7	80.0	31 h 58 min 22 sec
37400	352.8699982747436	80.0	178.49002	99.60634	376.85	-18.800001	80.0	31 h 59 min 42 sec
37450	325.1849975295365	80.0	210.35199	75.05411	360.6	64.049995	80.0	32 h 1 min 0 sec
37500	335.3199988082051	80.0	227.417	81.94277	392.95	87.85	80.0	32 h 2 min 17 sec
37550	330.21999874003234	80.0	215.116	73.67919	339.5	11.549999	80.0	32 h 3 min 33 sec
37600	276.23499853760006	80.0	230.56299	84.45643	382.35	68.8	80.0	32 h 4 min 51 sec
37650	372.31499771401286	80.0	203.90501	85.762764	365.6	-23.650002	80.0	32 h 6 min 8 sec
37700	363.56999846175313	80.0	229.801	81.440605	419.6	59.499996	80.0	32 h 7 min 28 sec
37750	292.21999874934556	80.0	207.739	89.91507	394.8	-1.8500007	80.0	32 h 8 min 44 sec
37800	240.864998787269	80.0	190.32501	77.11666	349.45	31.0	80.0	32 h 10 min 5 sec
37850	207.45499931275845	80.0	194.136	78.80897	318.4	-45.350002	80.0	32 h 11 min 24 sec
37900	243.4049988463521	80.0	185.32199	92.633766	325.55	-13.200001	80.0	32 h 12 min 44 sec
37950	298.0999986615032	80.0	197.84401	89.63006	364.05	-41.9	80.0	32 h 14 min 2 sec
38000	291.24999868124723	80.0	228.956	78.325935	379.7	99.2	80.0	32 h 15 min 22 sec
38050	348.9899984017014	80.0	224.717	93.68083	368.3	17.4	80.0	32 h 16 min 40 sec
38100	335.7299985460937	80.0	241.294	76.277725	386.4	23.949999	80.0	32 h 17 min 57 sec
38150	340.2849985208362	80.0	239.01198	78.035034	376.45	54.6	80.0	32 h 19 min 14 sec
38200	317.39499868750573	80.0	217.48898	73.233864	334.0	13.45	80.0	32 h 20 min 35 sec
38250	353.499998389557	80.0	211.71199	78.30531	372.75	20.9	80.0	32 h 21 min 55 sec
38300	192.48999710828065	80.0	221.371	87.71672	395.4	-15.900001	80.0	32 h 23 min 13 sec
38350	169.82499719001353	80.0	204.372	83.03247	351.35	14.549999	80.0	32 h 24 min 31 sec
38400	342.0949985422194	80.0	211.955	87.90748	357.4	-45.600002	80.0	32 h 25 min 48 sec
38450	300.4949983108789	80.0	198.77701	78.28867	340.65	11.299999	80.0	32 h 27 min 6 sec
38500	328.8549979534	80.0	227.47798	76.81514	425.3	40.0	80.0	32 h 28 min 24 sec
38550	283.924999223277	80.0	209.426	72.39729	349.5	26.5	80.0	32 h 29 min 45 sec
38600	276.2099983956665	80.0	215.014	81.207344	369.5	28.15	80.0	32 h 31 min 3 sec
38650	325.60999880582096	80.0	214.841	76.04491	360.15	4.3499985	80.0	32 h 32 min 18 sec
38700	290.7349986407906	80.0	231.44199	77.20502	368.25	37.25	80.0	32 h 33 min 36 sec
38750	229.85499905981123	80.0	210.85	69.59519	368.3	78.5	80.0	32 h 34 min 52 sec
38800	220.749999255687	80.0	234.32799	107.276115	395.6	-47.800003	80.0	32 h 36 min 11 sec
38850	186.10999855026603	80.0	218.16998	76.879166	365.3	43.35	80.0	32 h 37 min 28 sec
38900	260.9449983034283	80.0	206.50801	76.62588	351.8	42.899998	80.0	32 h 38 min 46 sec
38950	269.94499808587136	80.0	218.75899	93.40405	405.55	-21.300001	80.0	32 h 40 min 2 sec
39000	257.9499988593161	80.0	223.06	67.48216	338.55	0.2499984	80.0	32 h 41 min 18 sec
39050	262.5399990208447	80.0	228.37	76.416115	375.55	78.85	80.0	32 h 42 min 37 sec
39100	228.86499883905054	80.0	225.982	78.78369	361.2	6.699999	80.0	32 h 43 min 54 sec
39150	217.12999776937068	80.0	218.63399	87.0644	357.95	-2.0000007	80.0	32 h 45 min 10 sec
39200	247.24999844245613	80.0	218.28	81.96083	366.5	21.349998	80.0	32 h 46 min 32 sec
39250	293.7349983025342	80.0	191.947	87.2488	358.65	-9.500002	80.0	32 h 47 min 51 sec
39300	228.69499841667712	80.0	206.91199	82.39888	383.55	30.749998	80.0	32 h 49 min 13 sec
39350	237.52999866865576	80.0	207.675	85.11241	350.6	-31.400002	80.0	32 h 50 min 32 sec
39400	304.1349983524531	80.0	198.70099	86.377365	373.75	19.499998	80.0	32 h 51 min 49 sec
39450	182.52999759055675	80.0	204.58899	85.750404	345.6	23.15	80.0	32 h 53 min 7 sec
39500	364.0149984881282	80.0	218.56398	81.63283	396.2	34.149998	80.0	32 h 54 min 25 sec
39550	368.22999823354183	80.0	203.395	82.016205	372.5	41.25	80.0	32 h 55 min 43 sec
39600	317.5849988531321	80.0	197.578	73.27849	347.15	31.65	80.0	32 h 57 min 1 sec
39650	191.09499824792147	80.0	184.583	91.63939	386.75	16.8	80.0	32 h 58 min 19 sec
39700	49.819999346882106	80.0	187.89702	79.00862	335.65	7.5999994	80.0	32 h 59 min 37 sec
39750	107.06499898843467	80.0	210.51599	82.12135	375.55	53.6	80.0	33 h 0 min 57 sec
39800	264.0449990183115	80.0	229.04298	81.90963	365.55	15.599999	80.0	33 h 2 min 12 sec
39850	267.469998883456	80.0	224.72502	77.837456	399.9	30.199999	80.0	33 h 3 min 32 sec
39900	250.6449987784028	80.0	212.02602	74.89158	358.7	7.649999	80.0	33 h 4 min 52 sec
39950	202.43999891653658	80.0	204.34698	81.77452	373.25	15.1	80.0	33 h 6 min 10 sec
40000	286.6749984882772	80.0	225.599	84.99612	342.4	-29.45	80.0	33 h 7 min 29 sec
