Epoch	AverageEpRet	StdEpRet	MaxEpRet	MinEpRet	EpLen	TotalEnvInteracts	LossPi	LossV	DeltaLossPi	DeltaLossV	Entropy	KL	ClipFrac	StopIter	Time
0	-112.18825	6.634621	-96.75	-125.0	80.0	120000	4.924368e-08	2.8702512	-0.004527229	-2.029807	3.4881997	0.009602127	0.033608336	49.0	16.77959632873535
1	-115.93333	6.3611565	-98.25	-129.40001	80.0	240000	-3.958121e-09	0.8020191	-0.0047640447	-0.00982964	3.4802766	0.010185314	0.028591666	49.0	31.162493467330933
2	-111.35	8.055795	-92.200005	-128.75	80.0	360000	-8.381903e-09	0.9023665	-0.0043722624	-0.010319769	3.4691734	0.009278743	0.029883333	49.0	45.55010509490967
3	-110.85306	6.1537642	-98.8	-123.9	80.0	480000	-1.8626451e-09	0.86326075	-0.004622832	-0.007849902	3.4623618	0.010593482	0.026291667	49.0	59.958518981933594
4	-110.0449	7.479238	-91.1	-125.35	80.0	600000	0.0	0.8541706	-0.004778187	-0.005338274	3.4539447	0.009502091	0.026841667	49.0	74.43630623817444
5	-108.15284	6.199242	-93.85	-127.700005	80.0	720000	-2.0954758e-09	0.8117629	-0.0047005676	-0.0050797984	3.450325	0.009714947	0.023666667	49.0	88.90214991569519
6	-107.09795	7.2212343	-92.05	-122.05	80.0	840000	-1.7695129e-08	0.8785853	-0.004942068	-0.0034616664	3.431426	0.009225348	0.029941667	49.0	103.36175608634949
7	-104.35371	7.0274315	-85.200005	-121.4	80.0	960000	5.5879354e-09	0.8247888	-0.0045273555	-0.003083758	3.4196978	0.008806538	0.022783333	49.0	117.82832407951355
8	-101.39909	7.196827	-87.1	-115.950005	80.0	1080000	1.094304e-08	0.89135253	-0.0056407684	-0.00442943	3.4009972	0.009231186	0.040858332	49.0	132.30099153518677
9	-98.76415	10.071219	-66.700005	-116.15	80.0	1200000	0.0	1.0189095	-0.0061016427	-0.00424958	3.3787632	0.009298826	0.044875	49.0	146.75953245162964
10	-95.46273	8.7584715	-76.450005	-110.85	80.0	1320000	1.0244548e-08	1.1580825	-0.0051094275	-0.009280816	3.365643	0.0074254153	0.027425	49.0	161.27384281158447
11	-90.22363	14.233775	-49.100002	-118.05	80.0	1440000	4.1909516e-09	1.5188987	-0.006736734	-0.010060608	3.3363266	0.009132575	0.05598333	49.0	175.76707291603088
12	-85.07411	15.9963255	-37.3	-114.200005	80.0	1560000	6.2864274e-09	1.6616254	-0.0063780905	-0.0071882606	3.2977867	0.008633487	0.05381667	49.0	190.32082200050354
13	-75.26697	18.561747	-19.5	-107.0	80.0	1680000	1.8626451e-09	2.2782145	-0.0069802376	-0.024446681	3.2467961	0.008909509	0.057825	49.0	204.8260941505432
14	-68.95263	18.649755	-28.300001	-110.6	80.0	1800000	-3.4924597e-09	3.012106	-0.0064607193	-0.013178647	3.1805184	0.008334963	0.056708332	49.0	219.4315631389618
15	-58.372322	25.660658	5.1	-108.65	80.0	1920000	1.3038516e-08	4.728437	-0.0061131064	-0.06272879	3.105947	0.00839331	0.05651667	49.0	234.0235002040863
16	-50.394646	25.495512	-1.750001	-100.35	80.0	2040000	3.4924597e-09	5.3511286	-0.0054985117	-0.063797176	3.0117872	0.008802587	0.049841665	49.0	248.71545338630676
17	-42.10085	23.618523	8.699999	-87.05	80.0	2160000	1.3969839e-09	6.9999533	-0.0058658193	-0.070861936	2.9328036	0.008248543	0.057508335	49.0	263.45236897468567
18	-34.30702	33.459454	57.2	-91.6	80.0	2280000	3.7252903e-09	8.202999	-0.0054213502	-0.095523775	2.8382733	0.008208204	0.055625	49.0	278.19490242004395
19	-32.512283	34.52761	83.1	-91.85	80.0	2400000	4.656613e-09	8.405155	-0.005058537	-0.0653227	2.74572	0.008259249	0.052766666	49.0	292.8748514652252
20	-34.298244	35.60695	56.05	-97.3	80.0	2520000	-1.1641532e-09	9.414273	-0.003853282	-0.10438198	2.6420445	0.007631323	0.036225	49.0	307.56085681915283
21	-22.99825	42.250904	131.35	-91.55	80.0	2640000	9.313226e-09	10.059668	-0.0049682274	-0.06462115	2.5564888	0.0075179143	0.04575	49.0	322.2030839920044
22	-19.282457	44.591244	85.9	-101.25	80.0	2760000	3.7252903e-09	9.809013	-0.0044900645	-0.093856454	2.4795804	0.0064927954	0.041625	49.0	336.828804731369
23	5.095613	39.61407	109.0	-60.4	80.0	2880000	6.9849193e-10	11.883747	-0.0047571207	-0.16392249	2.404542	0.007855656	0.039025	49.0	351.49490332603455
24	-12.064287	41.559036	107.0	-97.85	80.0	3000000	0.0	10.148165	-0.004538879	-0.1070053	2.2914624	0.007902572	0.042608336	49.0	366.24003434181213
25	4.0736833	47.02427	115.65	-94.0	80.0	3120000	-2.7939677e-09	10.656437	-0.004507755	-0.08157587	2.189619	0.0061209523	0.034725	49.0	380.877952337265
26	18.964035	45.684605	114.75	-79.950005	80.0	3240000	3.7252903e-09	12.225627	-0.0048831822	-0.14257765	2.1276488	0.006213806	0.038225	49.0	395.5510845184326
27	15.68125	49.26746	142.7	-109.3	80.0	3360000	9.313226e-10	11.651332	-0.00435613	-0.0917027	2.0399706	0.0062123993	0.037366666	49.0	410.24673104286194
28	32.544643	56.05618	183.2	-84.5	80.0	3480000	3.259629e-09	13.189007	-0.004787447	-0.16290045	1.985665	0.005723862	0.034166664	49.0	424.80542182922363
29	52.60357	51.761127	171.0	-65.1	80.0	3600000	0.0	13.944418	-0.0045129675	-0.13657725	1.9242978	0.0049477923	0.029741667	49.0	439.3474192619324
30	45.777676	61.287575	236.5	-101.950005	80.0	3720000	-4.1909516e-09	13.887928	-0.0047528725	-0.14672965	1.8757167	0.005898746	0.03875	49.0	453.93475580215454
31	63.849102	53.358315	190.25	-42.0	80.0	3840000	4.656613e-09	14.126053	-0.0045332513	-0.18363214	1.8396299	0.0049310355	0.03385	49.0	468.5621109008789
32	59.33214	55.49235	213.4	-53.800003	80.0	3960000	8.381903e-09	13.646961	-0.0047301585	-0.1809392	1.7828052	0.0058369706	0.04016667	49.0	483.1840946674347
33	67.463394	56.091007	160.65	-57.75	80.0	4080000	9.313226e-10	12.699327	-0.0048540253	-0.17006755	1.7313092	0.005761983	0.035841666	49.0	497.7015173435211
34	78.76339	65.68577	233.95	-65.35	80.0	4200000	-1.1641532e-09	14.377682	-0.0046180296	-0.22270095	1.6798124	0.004958979	0.031283334	49.0	512.2709250450134
35	82.14018	69.32964	227.25	-69.1	80.0	4320000	9.313226e-10	12.527296	-0.004660664	-0.24876392	1.6258785	0.0049984693	0.040975	49.0	526.9079446792603
36	100.76607	58.791046	253.55	-7.2000012	80.0	4440000	-2.7939677e-09	15.391563	-0.004629338	-0.2707008	1.610798	0.0053462964	0.034041665	49.0	541.455828666687
37	123.19286	51.184902	248.65	-0.8500016	80.0	4560000	1.8626451e-09	13.572851	-0.005099331	-0.16993016	1.581357	0.0046939617	0.041033335	49.0	556.012312412262
38	133.86092	60.384083	306.5	-41.7	80.0	4680000	-9.546056e-09	14.73443	-0.004615178	-0.19834268	1.538379	0.0044540996	0.03153333	49.0	570.5739922523499
39	142.25713	65.85345	260.4	-62.7	80.0	4800000	1.8626451e-09	18.093307	-0.0046240874	-0.2496841	1.4951643	0.0041433824	0.034933336	49.0	585.2505612373352
40	165.93817	75.34925	340.0	14.549999	80.0	4920000	0.0	17.330448	-0.0044776574	-0.2528882	1.4749146	0.0045918208	0.027516667	49.0	599.918548822403
41	172.18571	74.03527	297.95	-0.8000009	80.0	5040000	5.5879354e-09	18.785725	-0.0043591433	-0.33504617	1.4387267	0.003783851	0.025291666	49.0	614.5288817882538
42	175.325	59.02885	312.15	30.699997	80.0	5160000	1.8626451e-09	16.09194	-0.0044652056	-0.31864655	1.4122568	0.0036657164	0.025883334	49.0	629.093013048172
43	174.03181	77.13847	324.5	-31.050001	80.0	5280000	0.0	14.9002495	-0.0041148327	-0.3239411	1.4101515	0.0038353996	0.026841667	49.0	643.7025735378265
44	189.15636	74.39539	347.55	7.699999	80.0	5400000	-3.7252903e-09	17.549965	-0.004226923	-0.3808285	1.3797004	0.0039730854	0.022100002	49.0	658.2954914569855
45	203.42546	66.2646	330.4	37.949997	80.0	5520000	1.0244548e-08	17.17619	-0.00446858	-0.24562848	1.3770764	0.0035310942	0.028633334	49.0	672.9468443393707
46	201.01875	74.6871	333.55	-11.950002	80.0	5640000	6.0535967e-09	14.77944	-0.004264875	-0.20495641	1.3476684	0.003891766	0.022883333	49.0	687.5766623020172
47	207.31544	74.481705	339.0	-17.450003	80.0	5760000	5.5879354e-09	19.201385	-0.0043349434	-0.37183547	1.3370473	0.003921298	0.027416667	49.0	702.2197914123535
48	228.92871	64.09764	350.1	57.85	80.0	5880000	-5.5879354e-09	19.29173	-0.003852272	-0.4196515	1.321458	0.0032073841	0.024375	49.0	716.8047826290131
49	238.66667	74.60689	380.15	67.6	80.0	6000000	1.8626451e-09	20.982922	-0.004682441	-0.30050874	1.3047466	0.0033287103	0.0268	49.0	731.3881313800812
50	206.57231	72.03859	369.35	38.149998	80.0	6120000	3.4924597e-09	15.851191	-0.0042378195	-0.9116459	1.2664626	0.0039126	0.028791666	49.0	746.0987520217896
51	267.38235	60.913044	363.55	68.799995	80.0	6240000	-1.8626451e-09	20.888884	-0.004042526	-1.0110495	1.3067877	0.0035046204	0.020458333	49.0	760.5917630195618
52	250.00847	72.1756	382.35	56.8	80.0	6360000	-1.6298145e-09	18.046677	-0.0040954463	-0.23825407	1.2801692	0.0034525315	0.022858333	49.0	775.0885016918182
53	248.44803	88.362854	386.3	39.55	80.0	6480000	-3.7252903e-09	17.80459	-0.0041182986	-0.24524665	1.2452726	0.0033075656	0.025666667	49.0	789.5832915306091
54	249.95589	85.93746	371.35	30.199999	80.0	6600000	5.5879354e-09	18.611618	-0.004054388	-0.21038318	1.2312169	0.0031014923	0.025175	49.0	804.0583846569061
55	251.92885	77.13145	380.8	19.4	80.0	6720000	2.561137e-09	18.685055	-0.00376692	-0.1983403	1.184174	0.0034908107	0.019291665	49.0	818.6442847251892
56	278.08426	76.55357	400.94998	-0.7000016	80.0	6840000	-1.21071935e-08	19.509188	-0.0042562047	-0.25870657	1.2252082	0.0032356447	0.026108334	49.0	833.2388935089111
57	275.384	66.60475	378.15	101.4	80.0	6960000	1.8626451e-09	20.017673	-0.0040096967	-0.28793883	1.1887274	0.0034272966	0.024025	49.0	847.839035987854
58	284.88776	82.770935	388.45	-30.600002	80.0	7080000	-1.8626451e-09	19.736578	-0.0037461384	-0.22233391	1.1818604	0.0037810365	0.025291668	49.0	862.4034218788147
59	293.2461	84.22357	390.2	53.949997	80.0	7200000	-3.7252903e-09	21.677135	-0.0039046635	-0.22637522	1.1775544	0.0031961664	0.022308335	49.0	877.003425359726
60	299.27884	73.7412	398.6	30.65	80.0	7320000	7.450581e-09	21.232878	-0.003853743	-0.24923563	1.1820827	0.0030015104	0.020925	49.0	891.4145579338074
61	292.81155	78.81384	398.95	75.45	80.0	7440000	5.5879354e-09	19.428349	-0.0041544884	-0.3172195	1.1413102	0.0034277346	0.025766667	49.0	907.033625125885
62	317.1745	81.36921	395.9	69.25	80.0	7560000	1.3969839e-09	18.434052	-0.004239889	-0.34460735	1.150312	0.0034357044	0.0219	49.0	923.8473701477051
63	321.54	59.941784	410.3	186.09999	80.0	7680000	-4.656613e-09	19.217922	-0.0039034141	-0.3062942	1.1306031	0.0037460173	0.025041666	49.0	940.8036987781525
64	336.198	65.128716	422.95	121.1	80.0	7800000	-5.122274e-09	20.969547	-0.0038837816	-0.3146416	1.1537147	0.0036239228	0.0252	49.0	957.7092943191528
65	306.0104	94.27732	412.5	-29.250004	80.0	7920000	-1.8626451e-09	20.057407	-0.0037154504	-0.33857632	1.1155753	0.002977775	0.023091666	49.0	974.5316159725189
66	333.29602	81.21478	412.35	77.1	80.0	8040000	-1.8626451e-09	18.297867	-0.0041596056	-0.31214547	1.1069535	0.003778831	0.025041666	49.0	991.4516341686249
67	342.29388	74.70486	428.25	46.05	80.0	8160000	4.1909516e-09	17.49425	-0.0038108646	-0.24359047	1.120924	0.0033023905	0.021966666	49.0	1008.328195810318
68	351.11	56.55664	413.8	161.7	80.0	8280000	4.656613e-10	18.350927	-0.004389144	-0.27881312	1.1394126	0.003907512	0.024899999	49.0	1025.121565580368
69	362.31534	57.405018	419.35	155.7	80.0	8400000	-1.8626451e-09	19.425343	-0.0039515826	-0.32968473	1.1412305	0.0029523312	0.018358335	49.0	1041.956464767456
70	357.13675	67.30253	423.65	43.5	80.0	8520000	-3.7252903e-09	18.899513	-0.0043096887	-0.4396187	1.1062038	0.003341596	0.025566667	49.0	1058.8421976566315
71	344.62042	78.947174	432.7	91.1	80.0	8640000	8.1490725e-09	16.853466	-0.0039487435	-0.29426467	1.1041183	0.0032346384	0.022	49.0	1075.6847367286682
72	355.49167	73.617455	425.3	86.85	80.0	8760000	5.122274e-09	18.299076	-0.0043659885	-0.32680368	1.0996886	0.0036144755	0.028483335	49.0	1092.5368039608002
73	340.75916	78.15872	423.95	90.65	80.0	8880000	-1.3969839e-09	18.047234	-0.0041880272	-0.3018148	1.072181	0.0031321761	0.020666666	49.0	1109.334888935089
74	365.95312	76.245865	430.85	97.399994	80.0	9000000	4.656613e-09	17.08957	-0.0037411614	-0.35212016	1.109769	0.0033657993	0.020175	49.0	1125.9825928211212
75	365.39285	69.23121	427.45	107.7	80.0	9120000	0.0	14.24881	-0.0042305114	-0.23282814	1.0773976	0.0033903592	0.023683334	49.0	1142.788515329361
76	366.63467	64.53635	436.9	155.4	80.0	9240000	2.7939677e-09	13.884166	-0.0041273283	-0.27383757	1.0405817	0.0031115934	0.022225	49.0	1158.6018829345703
77	384.48123	50.014038	431.9	225.59999	80.0	9360000	0.0	13.766758	-0.004124505	-0.27185	1.0675869	0.003412995	0.023474999	49.0	1173.086716413498
78	381.23877	50.29574	431.95	185.0	80.0	9480000	-1.1641532e-09	15.788996	-0.0044492446	-0.34311378	1.0592647	0.003430224	0.025783334	49.0	1187.7221140861511
79	373.14688	66.15014	435.95	142.2	80.0	9600000	-7.450581e-09	15.781168	-0.0038569823	-0.31556475	1.0351317	0.0035115513	0.022466667	49.0	1202.883675813675
80	377.84167	67.84607	430.35	33.55	80.0	9720000	3.7252903e-09	16.673084	-0.0038075917	-0.2741779	1.019428	0.0029553226	0.019558333	49.0	1217.9256448745728
81	392.4458	48.234024	440.4	195.35	80.0	9840000	-1.8626451e-09	13.649398	-0.0041663283	-0.23924732	1.0630691	0.0032672996	0.022716668	49.0	1232.2109253406525
82	375.8375	68.08109	432.85	98.5	80.0	9960000	-9.313226e-10	14.254501	-0.0040054666	-0.33022654	1.023589	0.003354577	0.018958334	49.0	1246.5888402462006
83	400.86044	31.877481	438.25	264.6	80.0	10080000	-9.313226e-10	12.623658	-0.0038597395	-0.29412436	1.037395	0.002842587	0.017866667	49.0	1260.9655871391296
84	405.4833	25.309696	438.2	323.8	80.0	10200000	-3.259629e-09	9.781055	-0.0044582943	-0.27515215	1.0513825	0.0030437973	0.0217	49.0	1275.3585395812988
85	385.3729	56.972435	429.55	163.75	80.0	10320000	-1.8626451e-09	13.513205	-0.0041968776	-0.27807748	1.011952	0.0031603551	0.020624999	49.0	1289.715835094452
86	402.52292	43.61342	426.05	145.9	80.0	10440000	1.8626451e-09	9.129789	-0.003997867	-0.21634603	1.02965	0.0037424988	0.025841668	49.0	1304.3741188049316
87	387.53857	59.70538	432.95	154.9	80.0	10560000	-4.656613e-10	12.132064	-0.003827395	-0.26039177	0.99840486	0.0020282522	0.019858334	49.0	1321.528374671936
88	398.05728	42.190125	434.6	245.0	80.0	10680000	5.355105e-09	7.4742107	-0.0036614207	-0.33569908	0.99106777	0.0036829947	0.019299999	49.0	1338.4490430355072
89	406.16733	27.228918	442.7	298.9	80.0	10800000	3.0267984e-09	8.481388	-0.004345479	-0.18415672	0.99528646	0.0030158947	0.020733334	49.0	1355.3490769863129
90	385.1	71.2134	433.1	56.35	80.0	10920000	-6.9849193e-09	10.79363	-0.0039629117	-0.39595926	0.96141374	0.0026417677	0.020475	49.0	1372.4419481754303
91	399.66458	54.8876	437.3	94.9	80.0	11040000	7.450581e-09	8.445963	-0.0037816335	-0.23425937	0.9675604	0.0032131656	0.020016667	49.0	1389.2183635234833
92	397.03125	43.850014	436.0	220.15	80.0	11160000	-4.656613e-09	7.895672	-0.0037698448	-0.17666972	0.9697246	0.0024742307	0.018083334	49.0	1406.0919020175934
93	410.3125	18.330833	432.0	335.9	80.0	11280000	4.656613e-10	6.9150286	-0.004027647	-0.14554024	0.9645328	0.003093348	0.021125	49.0	1422.8019828796387
94	408.77817	29.043798	439.3	266.5	80.0	11400000	1.9790605e-09	7.1997123	-0.0035450202	-0.10318184	0.95890987	0.0028211288	0.016908333	49.0	1438.1147985458374
95	405.83228	33.00939	435.7	272.7	80.0	11520000	-7.450581e-09	6.0733914	-0.0038988334	-0.13179994	1.0005875	0.0034136937	0.023033332	49.0	1452.6532032489777
96	415.36874	17.682327	435.1	350.55	80.0	11640000	5.5879354e-09	7.5916266	-0.004287699	-0.15578079	0.97880036	0.0039472464	0.023725001	49.0	1467.0183045864105
97	400.94064	43.144238	431.2	223.7	80.0	11760000	4.656613e-10	8.674835	-0.004074216	-0.16635603	0.9512515	0.0032092966	0.023366667	49.0	1481.3080914020538
98	410.41772	45.139942	437.95	116.95	80.0	11880000	7.450581e-09	7.3605156	-0.0038814333	-0.12552518	0.9494202	0.002737375	0.0178	49.0	1495.5726037025452
99	412.32498	16.361094	431.9	348.4	80.0	12000000	3.259629e-09	6.761672	-0.004095952	-0.12723643	0.9690605	0.0037714953	0.025400002	49.0	1509.7909767627716
100	405.58618	48.38435	437.05	149.35	80.0	12120000	3.259629e-09	7.0659122	-0.0035186792	-0.14284897	0.91884357	0.0028865922	0.020083334	49.0	1524.0704350471497
101	412.1096	27.302124	441.9	265.05	80.0	12240000	-6.519258e-09	5.422022	-0.0037365882	-0.12079644	0.9049097	0.0030353577	0.021983333	49.0	1538.3710024356842
102	418.99893	20.411825	440.75	298.05	80.0	12360000	6.519258e-09	5.583662	-0.0039108573	-0.113720775	0.92773914	0.0033897702	0.023833333	49.0	1552.6885001659393
103	418.4094	17.338015	446.55	332.05	80.0	12480000	1.3969839e-09	7.2139845	-0.0037253257	-0.16013825	0.90111196	0.0028572455	0.021025	49.0	1567.081345796585
104	409.94897	26.85127	444.25	306.5	80.0	12600000	0.0	7.0823255	-0.0038765036	-0.13162535	0.9248282	0.0029152422	0.021791667	49.0	1581.456978559494
105	414.54788	44.076485	468.8	134.45	79.40426	12720000	1.21071935e-08	5.692402	-0.003770681	-0.15463012	0.92872125	0.003446184	0.020791667	49.0	1595.8863286972046
106	415.47025	24.961422	436.75	284.05	80.0	12840000	5.5879354e-09	5.2822146	-0.003577718	-0.11216909	0.90178657	0.0028230445	0.0194	49.0	1610.2726049423218
107	413.31274	29.077065	446.7	293.7	80.0	12960000	2.7939677e-09	6.622913	-0.0038792258	-0.1578809	0.91989285	0.0029970552	0.020466667	49.0	1624.632686138153
108	422.3674	9.038665	438.95	388.75	80.0	13080000	8.381903e-09	4.769947	-0.0036432527	-0.12553471	0.90354145	0.0030425563	0.02095	49.0	1639.055417060852
109	414.49765	23.088156	440.85	314.15	79.976746	13200000	-2.7939677e-09	6.4437547	-0.0040453365	-0.13018408	0.936482	0.0025347308	0.02145	49.0	1653.4099397659302
110	418.0804	25.8616	440.9	302.15	80.0	13320000	1.1175871e-08	6.765463	-0.003705741	-0.13977718	0.91200024	0.002951243	0.022475	49.0	1667.7938511371613
111	418.3674	19.137178	492.65	351.95	79.17391	13440000	-9.313226e-10	6.0287285	-0.0039297836	-0.11352411	0.9187316	0.0031439888	0.022258334	49.0	1682.3126220703125
112	416.2941	25.646206	439.0	290.6	80.0	13560000	5.820766e-09	4.8408227	-0.0035675603	-0.11462799	0.9118541	0.0028899948	0.020508334	49.0	1696.8580832481384
113	420.90225	15.104954	438.2	340.8	80.0	13680000	9.313226e-10	5.656067	-0.0035297265	-0.10781062	0.8885623	0.0027984201	0.021391667	49.0	1711.1245486736298
114	418.80487	11.591819	438.6	375.25	80.0	13800000	1.8626451e-09	4.4718895	-0.003963958	-0.10501531	0.9282775	0.0034614424	0.024225	49.0	1725.512746810913
115	420.03607	11.706644	436.85	375.85	80.0	13920000	-3.0267984e-09	4.5143127	-0.0035752854	-0.076708466	0.9107665	0.0026955795	0.020433333	49.0	1739.9245555400848
116	416.90598	13.1531925	441.4	386.05	79.7619	14040000	4.656613e-10	6.143463	-0.003679242	-0.1044741	0.8878604	0.0028493206	0.022858333	49.0	1754.1975965499878
117	409.16098	46.802883	435.4	128.2	80.0	14160000	-5.122274e-09	4.9448853	-0.0035409848	-0.2011556	0.924947	0.0031814193	0.021275	49.0	1768.4782605171204
118	418.91876	12.228143	439.5	387.4	80.0	14280000	2.7939677e-09	4.8531027	-0.0034084495	-0.14384732	0.8969855	0.0025436985	0.016366668	49.0	1782.7207906246185
119	416.10736	12.511732	437.85	381.44998	80.0	14400000	1.3969839e-09	4.326642	-0.0036441446	-0.09002906	0.9176595	0.0032163686	0.023049999	49.0	1797.0118370056152
120	416.83624	11.869513	432.7	378.25	80.0	14520000	-1.7462298e-10	3.7644305	-0.0036842595	-0.078115284	0.9138997	0.0031405492	0.023816667	49.0	1811.258198261261
121	410.68903	21.610027	482.05	328.1	79.17073	14640000	-4.656613e-09	4.482047	-0.0035000637	-0.08418372	0.93711364	0.002901222	0.018808333	49.0	1825.4354031085968
122	416.14392	20.654448	506.65	355.15	78.80488	14760000	8.381903e-09	3.8633268	-0.0036185468	-0.07009348	0.93729496	0.0036183351	0.025874998	49.0	1839.7102649211884
123	409.69873	19.961018	434.9	304.5	79.875	14880000	-4.8894435e-09	3.8097324	-0.0035064016	-0.07995352	0.93274164	0.0036072633	0.025333334	49.0	1854.004281759262
124	414.15363	16.67259	436.7	329.95	79.756096	15000000	4.656613e-10	4.4805956	-0.0035892488	-0.09901261	0.9087966	0.0030141408	0.021949999	49.0	1868.2343270778656
125	416.09003	13.574407	445.3	389.5	79.525	15120000	9.313226e-09	4.2492976	-0.0036490574	-0.081530094	0.9496219	0.003338015	0.023075	49.0	1882.4841239452362
126	409.08746	18.729767	433.5	328.7	79.875	15240000	6.0535967e-09	3.6067991	-0.003396723	-0.09260869	0.9935652	0.003474029	0.022225	49.0	1896.6997401714325
127	411.84625	25.275492	495.25	303.9	78.375	15360000	3.7252903e-09	3.8448534	-0.0033897867	-0.07472631	0.9831984	0.0038096437	0.027166666	49.0	1910.9002785682678
128	406.66748	16.42434	470.7	389.85	78.725	15480000	-1.1175871e-08	3.4196725	-0.00395424	-0.10576424	1.0662172	0.003203222	0.025024999	49.0	1925.0716800689697
129	418.28174	23.614233	527.3	393.4	76.17073	15600000	9.313226e-09	3.7861419	-0.0039047883	-0.08085412	1.000872	0.0032694438	0.028241666	49.0	1939.3133149147034
130	422.96625	39.485397	532.5	289.15	72.0	15720000	3.7252903e-09	4.275549	-0.0039931973	-0.09016776	1.0247735	0.0033298642	0.025608335	49.0	1953.5349054336548
131	440.76355	39.098293	528.3	393.5	64.583336	15840000	-1.8626451e-09	4.206003	-0.004010012	-0.15113679	1.0195594	0.0035999152	0.0271	49.0	1967.7503409385681
132	454.35455	45.668583	528.25	313.75	57.454544	15960000	-2.7939677e-09	4.783782	-0.0040825587	-0.1127944	1.0052134	0.0033142464	0.031608336	49.0	1981.9675109386444
133	458.52768	42.779232	527.9	364.05	56.625	16080000	-1.8626451e-09	4.4875264	-0.0039814003	-0.09675413	0.97710395	0.0032916458	0.028458335	49.0	1996.2192151546478
134	480.79218	41.796192	534.7	400.2	45.96875	16200000	0.0	5.5091543	-0.003992562	-0.120872736	0.9627303	0.002859239	0.026233334	49.0	2010.4504609107971
135	492.69275	37.635586	534.5	403.85	40.039474	16320000	0.0	5.9592905	-0.0038731645	-0.1431356	0.9419391	0.003081942	0.025633333	49.0	2024.777664899826
136	497.7994	38.928127	534.9	401.9	38.120483	16440000	1.8626451e-09	7.2539787	-0.004009397	-0.14667428	0.8864498	0.0028832222	0.024933334	49.0	2039.0869643688202
137	496.7554	45.138824	537.4	348.0	38.108433	16560000	-2.7939677e-09	6.577079	-0.0037966976	-0.09455466	0.88081425	0.0035155714	0.026308334	49.0	2053.2856504917145
138	509.53577	36.110657	536.9	397.5	31.68421	16680000	3.7252903e-09	6.730087	-0.003737112	-0.13726306	0.84541655	0.0032516643	0.025891665	49.0	2067.5472283363342
139	508.89893	40.49855	537.8	378.65	32.073685	16800000	-1.8626451e-09	6.9370193	-0.0036985788	-0.096820414	0.8462268	0.0031050318	0.024925	49.0	2081.8720285892487
140	508.9719	43.626293	538.5	345.25	31.677084	16920000	1.3504177e-08	7.6558013	-0.0036843023	-0.122789025	0.8180743	0.0036052782	0.027174998	49.0	2096.1828904151917
141	509.55438	50.843365	541.3	252.5	30.5	17040000	-1.8626451e-09	8.17416	-0.003681859	-0.14850807	0.7853069	0.0031510917	0.026033334	49.0	2110.3936829566956
142	516.06757	36.244835	541.3	334.7	28.62963	17160000	-3.7252903e-09	8.341675	-0.0035101266	-0.16010684	0.7495173	0.002849606	0.0247	49.0	2124.7585623264313
143	511.35	43.350246	542.3	401.3	31.18	17280000	-5.122274e-09	6.912943	-0.003465735	-0.124699	0.79084927	0.0031239334	0.025733333	49.0	2139.0486495494843
144	513.3384	42.30436	538.7	399.8	30.126213	17400000	-2.7939677e-09	7.1275673	-0.0030349325	-0.08616173	0.7692051	0.002909741	0.020958334	49.0	2153.36101269722
145	517.34955	40.47384	541.6	327.25	28.315315	17520000	-4.1909516e-09	7.163063	-0.003325082	-0.11283791	0.70059466	0.0026113815	0.019241666	49.0	2167.74170422554
146	518.92725	39.52805	542.4	312.6	27.1875	17640000	-7.450581e-09	8.076185	-0.0031350267	-0.1423651	0.6960034	0.0024364488	0.016675	49.0	2182.1091854572296
147	509.59396	46.849667	542.7	397.4	32.637363	17760000	1.1641532e-09	6.6435957	-0.0028666432	-0.13254416	0.7588651	0.0025912574	0.015491668	49.0	2196.3108401298523
148	516.8965	42.643486	541.9	349.3	28.3	17880000	-3.7252903e-09	7.216146	-0.0033676622	-0.08615798	0.7273121	0.0027315232	0.022333333	49.0	2210.6050610542297
149	522.9425	36.02886	544.4	402.0	25.85	18000000	3.7252903e-09	7.685011	-0.0037380368	-0.14056456	0.65862966	0.019878555	0.03193333	47.0	2224.800937652588
150	518.88	42.87786	542.4	310.65	27.686956	18120000	-9.313226e-10	8.917857	-0.003273609	-0.14160496	0.67213124	0.0023883618	0.018416665	49.0	2239.2120418548584
151	521.10175	41.363537	544.4	401.1	26.293104	18240000	5.122274e-09	7.418416	-0.003018058	-0.11773735	0.7074322	0.0030810859	0.018508334	49.0	2253.5310180187225
152	521.5089	42.39608	542.6	289.85	25.601694	18360000	1.6763806e-08	7.635022	-0.0028830748	-0.108900785	0.6952815	0.0025361085	0.018483333	49.0	2267.9350204467773
153	524.59033	35.93358	544.6	398.5	24.685484	18480000	3.7252903e-09	7.463351	-0.0028856664	-0.089264095	0.66865855	0.0026884922	0.016975	49.0	2282.428074359894
154	520.4704	40.62022	543.9	401.3	26.791304	18600000	1.6763806e-08	7.4470253	-0.0029943353	-0.08673954	0.6699623	0.002779086	0.019575	49.0	2296.854737997055
155	524.3407	36.459793	542.3	401.3	24.788618	18720000	-3.7252903e-09	7.257438	-0.0030439035	-0.07437724	0.6601242	0.0025391066	0.021083333	49.0	2311.1926329135895
156	524.571	37.41377	544.1	399.6	25.040323	18840000	-1.8626451e-09	7.4142933	-0.0029463882	-0.06836027	0.61952573	0.0023940075	0.016575001	49.0	2325.6826860904694
157	520.0925	43.596565	542.9	336.6	26.672565	18960000	-5.5879354e-09	7.753403	-0.0029394403	-0.13551277	0.6590672	0.0020242236	0.014433334	49.0	2340.13463807106
158	523.0608	40.277573	544.3	397.6	25.466667	19080000	9.313226e-09	7.1759787	-0.0028744626	-0.102650166	0.64220834	0.002548959	0.017933331	49.0	2354.583966732025
159	525.62225	39.225723	543.9	329.8	24.13492	19200000	3.0267984e-09	7.5163164	-0.0031344807	-0.13350493	0.5970199	0.003091474	0.020791667	49.0	2369.1552312374115
160	527.1531	32.224888	545.0	396.4	23.848484	19320000	5.5879354e-09	7.8892784	-0.002991262	-0.104414105	0.57090575	0.0023206356	0.018725	49.0	2383.6458880901337
161	526.5182	35.61252	543.7	399.7	23.992249	19440000	-1.3969839e-08	7.630361	-0.0027960783	-0.08121312	0.5744111	0.0023061186	0.015075	49.0	2398.2059330940247
162	530.905	31.2054	544.6	400.2	21.928057	19560000	9.313226e-09	7.8085065	-0.002782354	-0.06927431	0.5343126	0.0023547814	0.016275	49.0	2412.640703201294
163	527.8691	37.631042	543.8	318.85	23.022388	19680000	-4.656613e-09	7.659574	-0.0028035308	-0.09597194	0.5385425	0.002283186	0.0132	49.0	2427.1768651008606
164	529.325	33.89273	544.2	400.5	22.916666	19800000	1.8626451e-09	7.502146	-0.0028215288	-0.09292179	0.5385615	0.0019332464	0.016841667	49.0	2441.762887239456
165	527.9204	36.18887	544.3	400.4	23.53077	19920000	-1.0244548e-08	7.2695036	-0.0029066508	-0.07672125	0.5439422	0.0042055417	0.014308333	49.0	2456.349258184433
166	531.21326	30.779593	544.6	402.1	21.919117	20040000	-9.313226e-09	7.5874376	-0.0027015996	-0.0655725	0.5270636	0.0019423068	0.014075	49.0	2470.936593055725
167	526.6019	37.86126	544.9	400.5	24.115385	20160000	3.4924597e-09	7.266096	-0.0026349789	-0.06905824	0.5550687	0.002175984	0.016466666	49.0	2485.4424777030945
168	529.6565	32.19568	544.4	404.3	22.611511	20280000	2.7939677e-09	7.635625	-0.0027739094	-0.08044106	0.5153735	0.00192128	0.015575	49.0	2499.944534778595
169	529.14923	34.954117	544.7	402.2	22.768656	20400000	8.381903e-09	7.3319855	-0.0028867917	-0.08990216	0.52958786	0.0024251956	0.01885	49.0	2514.4486997127533
170	526.57837	39.614735	545.0	403.2	23.976	20520000	-1.071021e-08	7.1944175	-0.003040748	-0.12520373	0.55244	0.002600457	0.0195	49.0	2528.897240638733
171	531.96326	31.281582	545.0	400.6	21.454546	20640000	1.0011718e-08	7.573694	-0.0029720063	-0.10571921	0.49200615	0.0021412224	0.015725	49.0	2543.401118993759
172	526.55426	41.21104	547.4	402.0	24.054688	20760000	-2.7939677e-09	8.043587	-0.003051111	-0.1180712	0.5341808	0.0024328784	0.017741667	49.0	2557.9440290927887
173	531.7211	31.660479	546.9	403.1	21.715328	20880000	-5.5879354e-09	7.4110003	-0.0029383907	-0.110557735	0.49982828	0.0022729766	0.01545	49.0	2572.57275724411
174	531.38586	32.25783	547.2	401.1	21.768116	21000000	5.5879354e-09	7.2994547	-0.0028763046	-0.07554257	0.49212354	0.0021282178	0.018033333	49.0	2587.18967461586
175	530.33606	35.19975	546.15	401.7	22.066177	21120000	4.656613e-09	7.363316	-0.0028343478	-0.074991405	0.5129757	0.002382545	0.01675	49.0	2601.717925310135
176	532.29895	29.032244	546.7	403.9	21.331034	21240000	-5.122274e-09	7.726805	-0.0025693679	-0.084141016	0.46886104	0.0017381287	0.012591667	49.0	2616.331583738327
177	526.5748	38.427086	546.0	396.6	24.102362	21360000	-8.381903e-09	6.957573	-0.0026188018	-0.09364253	0.5126353	0.0024109292	0.017383333	49.0	2630.7348623275757
178	533.9571	27.711916	545.7	403.6	20.587837	21480000	-1.8626451e-09	7.683714	-0.0027349775	-0.10173833	0.44386142	0.001901132	0.017991666	49.0	2645.1274280548096
179	530.7398	32.794037	546.8	402.7	21.970802	21600000	1.21071935e-08	7.2866974	-0.0026482074	-0.08005428	0.4837388	0.0019364061	0.0167	49.0	2659.6586384773254
180	531.2345	33.52025	546.6	404.0	21.936619	21720000	-1.8626451e-09	7.1686234	-0.0026043588	-0.07422668	0.43611163	0.0022752427	0.015775	49.0	2674.268129348755
181	531.69366	33.459457	546.0	366.3	21.380281	21840000	-6.519258e-09	7.5464973	-0.0026407167	-0.082218885	0.44506127	0.0022047218	0.015825	49.0	2688.87504029274
182	532.40656	32.226196	546.5	358.6	21.351725	21960000	-1.071021e-08	8.1114235	-0.0023492668	-0.106743515	0.39750612	0.0020465504	0.016016666	49.0	2703.409670829773
183	532.87366	30.309515	546.8	403.3	21.35135	22080000	-1.4202669e-08	7.7279077	-0.0026783259	-0.09322047	0.402254	0.0023040017	0.016391667	49.0	2717.9718129634857
184	536.1447	25.842901	546.9	403.6	19.53125	22200000	-4.656613e-09	8.147032	-0.0024552818	-0.14594918	0.37778693	0.0019649002	0.016816666	49.0	2732.6065225601196
185	538.4242	20.183784	546.9	402.7	18.45509	22320000	-3.7252903e-09	8.394677	-0.0022895392	-0.08731294	0.3512928	0.0017109418	0.016525	49.0	2747.177944421768
186	537.17194	25.729387	546.7	403.5	19.067074	22440000	-1.3504177e-08	7.8807335	-0.002291888	-0.079110384	0.35573328	0.0032326698	0.014966667	49.0	2761.7903304100037
187	534.75665	29.162329	547.0	401.8	20.258278	22560000	-6.519258e-09	7.9316845	-0.0022039926	-0.09361774	0.3787126	0.0019173806	0.014408333	49.0	2776.4358479976654
188	538.30084	22.679747	546.8	405.3	18.633137	22680000	-1.3969839e-09	8.110758	-0.0021859184	-0.106862485	0.3299617	0.0016319425	0.014966667	49.0	2790.9801936149597
189	541.2313	15.364001	546.9	403.7	17.19553	22800000	1.7462298e-09	8.431905	-0.001946517	-0.09052628	0.29429466	0.0015769056	0.014066666	49.0	2805.6009986400604
190	537.8256	25.654356	547.2	402.0	18.660494	22920000	-4.656613e-09	8.207192	-0.0023685007	-0.090464056	0.35434586	0.0033494108	0.0128833335	49.0	2820.1373159885406
191	537.5515	26.32458	547.1	403.2	18.789156	23040000	-4.656613e-09	8.170803	-0.00228586	-0.07457441	0.34591734	0.0015826174	0.013283333	49.0	2835.1726689338684
192	539.23975	21.53628	546.8	402.3	18.05848	23160000	-8.8475645e-09	8.119367	-0.0022617271	-0.08765614	0.32358328	0.0026002824	0.014341666	49.0	2850.0319917201996
193	540.1417	24.020119	546.9	269.1	17.318682	23280000	1.1175871e-08	9.196905	-0.0019705156	-0.14494467	0.26914963	0.0015647053	0.012283334	49.0	2864.902340888977
194	539.57764	19.933739	546.8	401.9	17.918604	23400000	1.1641532e-09	8.259541	-0.002337505	-0.08237195	0.30938444	0.002344904	0.0145499995	49.0	2879.3279507160187
195	539.66254	19.540644	546.8	405.0	17.877907	23520000	-4.656613e-09	9.167004	-0.002161713	-0.09006846	0.31974497	0.0017326201	0.013191666	49.0	2893.80584526062
196	540.04834	21.76033	546.7	392.6	17.519552	23640000	-2.7939677e-09	8.509082	-0.0020531758	-0.09581858	0.29940578	0.0017549498	0.0098916665	49.0	2908.3244535923004
197	541.29065	15.794467	546.9	402.5	17.027473	23760000	1.17579475e-08	8.39002	-0.0019118238	-0.092217684	0.2847161	0.0013680145	0.011741666	49.0	2922.880754470825
198	543.6137	9.71389	546.7	413.1	15.979382	23880000	1.4901161e-08	8.830852	-0.0020088155	-0.079384625	0.24085882	0.0016037865	0.013375	49.0	2937.466539144516
199	541.5595	14.4114275	546.9	400.8	16.891304	24000000	1.3504177e-08	8.431723	-0.0017466919	-0.1002242	0.277887	0.0015222174	0.0098749995	49.0	2952.2208898067474
200	539.129	22.450232	546.9	402.0	18.167665	24120000	-4.656613e-10	8.266102	-0.0018408424	-0.072850764	0.33001548	0.0057336553	0.014075	49.0	2966.6539599895477
201	541.1251	15.318883	546.9	416.5	17.231638	24240000	1.9790605e-09	8.423962	-0.0018099826	-0.08757794	0.2851703	0.0015365592	0.012925	49.0	2981.151675462723
202	540.0602	18.60826	546.9	400.0	17.745762	24360000	-1.0244548e-08	8.374808	-0.0017816202	-0.092047095	0.28764623	0.0013914893	0.013733333	49.0	2995.571546792984
203	538.6582	24.590412	546.9	402.9	18.482353	24480000	-9.313226e-09	8.266061	-0.001830049	-0.076895	0.29513165	0.0017455311	0.012141667	49.0	3010.119345664978
204	540.35944	19.906246	546.7	401.2	17.46857	24600000	-1.6763806e-08	8.141859	-0.0017947168	-0.0641309	0.30073166	0.0018788653	0.014599999	49.0	3024.5748131275177
205	543.72876	4.017038	546.8	513.8	15.906735	24720000	8.294592e-09	8.880922	-0.0017295737	-0.1194042	0.22702074	0.0010417467	0.011375	49.0	3039.070356607437
206	539.44763	22.405146	546.7	400.0	17.965319	24840000	3.259629e-09	8.335293	-0.0017312085	-0.10217756	0.2997983	0.0077346493	0.015866667	49.0	3053.588121175766
207	541.5671	16.983856	546.9	403.5	17.0	24960000	-4.1909516e-09	8.545985	-0.0016950705	-0.060646176	0.27271023	0.001305484	0.011241667	49.0	3068.0386114120483
208	542.7484	8.942804	547.5	461.8	16.44149	25080000	-4.947651e-09	8.328539	-0.0018077388	-0.07449001	0.25368422	0.001542889	0.01285	49.0	3082.49569439888
209	540.1931	22.188934	546.8	401.8	17.685715	25200000	1.8626451e-09	8.180776	-0.001760812	-0.11890358	0.29241866	0.006742676	0.014966667	49.0	3096.993033885956
210	541.2031	18.120346	547.0	401.8	17.101124	25320000	-1.1175871e-08	8.102583	-0.0016718972	-0.05145991	0.28890783	0.001426734	0.009191666	49.0	3111.636249780655
211	542.7188	12.599127	547.4	402.3	16.455027	25440000	-2.2351742e-08	8.694757	-0.0016890869	-0.05456686	0.25138164	0.0015333446	0.0112333335	49.0	3126.31231880188
212	539.915	21.503714	546.8	400.7	17.844828	25560000	0.0	8.043916	-0.0016799351	-0.074411094	0.28631997	0.0016710844	0.013041667	49.0	3140.841351032257
213	541.8476	15.925706	547.2	405.1	16.892473	25680000	-6.9849193e-10	8.485522	-0.0018260564	-0.0763284	0.2623303	0.0014638612	0.011425	49.0	3155.491640806198
214	542.0228	15.668722	546.9	401.4	16.741936	25800000	-4.8894435e-09	8.57239	-0.0017405582	-0.059817612	0.24736857	0.0012538596	0.01145	49.0	3170.1082899570465
215	541.5596	17.305346	546.8	402.9	16.93989	25920000	4.1909516e-09	8.414656	-0.0017619447	-0.056905627	0.26509652	0.0015759987	0.0123333335	49.0	3184.69611120224
216	542.6856	13.068595	547.2	403.7	16.508022	26040000	8.032657e-09	8.645451	-0.0019623998	-0.09251976	0.23675291	0.0066455435	0.017616667	49.0	3199.327089548111
217	538.0009	27.883429	547.0	403.2	18.616766	26160000	-1.5366822e-08	8.099371	-0.0019407363	-0.09435403	0.3423275	0.0019476386	0.014908333	49.0	3213.863202571869
218	543.2969	11.733152	546.7	435.85	16.231579	26280000	-6.4028427e-09	8.67342	-0.0017137495	-0.10744554	0.2284379	0.0011256589	0.011266666	49.0	3228.505578994751
219	543.29474	11.953141	546.9	402.8	16.104166	26400000	-4.4237822e-09	8.782807	-0.0016395664	-0.05865532	0.2266129	0.0015495317	0.010933333	49.0	3243.187330722809
220	541.47485	20.920794	546.7	401.1	16.93989	26520000	-3.259629e-09	8.461346	-0.0016664135	-0.09675294	0.26525655	0.0018383006	0.013008333	49.0	3257.846179962158
221	544.2881	3.2830772	546.9	520.2	15.691919	26640000	1.0477379e-09	8.943888	-0.0017773194	-0.09970701	0.20783576	0.0021716557	0.013416667	49.0	3272.4937674999237
222	542.93506	15.352726	546.8	402.3	16.3089	26760000	9.313226e-10	8.734145	-0.0019395927	-0.08366585	0.22617432	0.006009233	0.016208334	49.0	3287.083741903305
223	543.34454	11.137146	546.8	417.1	16.202072	26880000	9.313226e-10	8.65643	-0.0017054405	-0.070777595	0.22818784	0.0015144984	0.010925	49.0	3301.7082583904266
224	543.52356	11.487997	546.7	404.3	16.051813	27000000	-5.5879354e-09	8.962852	-0.0015934044	-0.08786571	0.23240925	0.0015577083	0.011133334	49.0	3316.338953733444
225	543.7026	13.985576	546.9	400.3	15.948718	27120000	7.450581e-09	8.796925	-0.0016676493	-0.08183253	0.22301462	0.0016169946	0.011708333	49.0	3330.8817024230957
226	542.98364	9.89712	546.8	460.0	16.301588	27240000	-5.820766e-09	8.524232	-0.0017531506	-0.087569356	0.24167447	0.0012665994	0.0115249995	49.0	3345.512843132019
227	543.49225	12.33342	546.7	410.2	16.030928	27360000	-1.6763806e-08	8.638607	-0.0014825995	-0.06836289	0.22560984	0.0017526112	0.009466667	49.0	3360.0464947223663
228	543.0089	11.603293	546.7	438.5	16.371727	27480000	5.122274e-09	8.827637	-0.0016801059	-0.074980736	0.22340317	0.002170639	0.009766666	49.0	3374.646420478821
229	543.1246	9.374566	546.9	462.1	16.20419	27600000	1.0360964e-08	8.610964	-0.0015816633	-0.057454824	0.2311131	0.001237697	0.0105	49.0	3389.675614595413
230	542.69653	14.754876	547.0	402.2	16.49468	27720000	-4.4237822e-09	8.520119	-0.0014701306	-0.06936157	0.22810268	0.0014137613	0.010241667	49.0	3404.3113374710083
231	542.9311	14.119167	546.9	414.8	16.336842	27840000	8.381903e-09	8.475426	-0.001523858	-0.07628858	0.2316996	0.0011684045	0.009333334	49.0	3418.9719429016113
232	543.04626	10.737094	546.7	446.0	16.326202	27960000	1.6298145e-08	8.84702	-0.0016297963	-0.06705952	0.23764479	0.0014719991	0.012366666	49.0	3433.660968542099
233	542.9412	12.053844	547.0	429.2	16.361702	28080000	-1.1641532e-09	8.76218	-0.001833095	-0.07484633	0.23377198	0.0015031642	0.011933334	49.0	3448.41060090065
234	543.17346	10.590031	547.0	441.2	16.24468	28200000	4.656613e-09	8.663645	-0.0017263519	-0.06385207	0.23296028	0.0014802266	0.011316666	49.0	3463.0234479904175
235	541.2698	17.184116	546.8	401.2	17.038462	28320000	-4.1909516e-09	8.491926	-0.0018158697	-0.085808694	0.26009843	0.001344779	0.013733333	49.0	3477.6474545001984
236	541.1061	16.622812	546.8	422.7	17.305555	28440000	-3.0267984e-09	8.776511	-0.0019937945	-0.10720366	0.24488151	0.0016955701	0.011916667	49.0	3492.178256034851
237	542.7553	10.5033045	547.1	465.35	16.560846	28560000	-8.614734e-09	8.94688	-0.0018138505	-0.08954251	0.22692984	0.0014364742	0.012666667	49.0	3506.784057378769
238	541.06555	16.341124	547.1	398.8	17.277779	28680000	1.0244548e-08	8.922813	-0.002039679	-0.07621992	0.25705165	0.002556715	0.014266667	49.0	3521.3847799301147
239	540.0274	20.12995	547.0	401.0	17.805714	28800000	-3.958121e-09	8.6701145	-0.0020268243	-0.08589953	0.26744142	0.0014900998	0.014575001	49.0	3536.0298936367035
240	542.9945	10.649461	546.8	429.6	16.282722	28920000	1.8626451e-09	8.856241	-0.0020704912	-0.09411162	0.22927156	0.001857754	0.014666666	49.0	3550.672441482544
241	542.24866	13.145847	547.1	401.4	16.623655	29040000	-3.958121e-09	9.026216	-0.0021696303	-0.10832095	0.24494983	0.0018035914	0.015866667	49.0	3565.3250670433044
242	540.61914	19.180662	547.0	400.6	17.370787	29160000	1.21071935e-08	8.747961	-0.0019572983	-0.081027985	0.2705622	0.0017065923	0.013741666	49.0	3579.9205508232117
243	541.9822	13.099737	547.2	428.1	16.827026	29280000	-2.3283064e-09	8.793709	-0.0020867158	-0.118866205	0.24096204	0.0011364834	0.015525	49.0	3594.558511018753
244	542.84576	8.900497	547.1	458.5	16.48936	29400000	1.0419171e-08	8.852083	-0.0018829975	-0.077450395	0.21474077	0.0012671663	0.0128	49.0	3609.2205715179443
245	542.8574	10.877087	546.9	439.0	16.47619	29520000	-6.9849193e-09	8.800527	-0.0019765191	-0.11079466	0.20907563	0.0029612333	0.011833333	49.0	3623.8945326805115
246	542.24725	14.975493	547.1	402.4	16.748634	29640000	-6.519258e-09	8.461372	-0.0019466993	-0.07725674	0.23243536	0.0013959198	0.011291667	49.0	3638.418485403061
247	542.9363	9.4990635	546.8	431.45	16.455027	29760000	-2.0954758e-09	8.701364	-0.0017728934	-0.08372605	0.20588472	0.0014314612	0.0127	49.0	3652.931668996811
248	542.7939	8.216523	546.9	470.4	16.463158	29880000	-1.6589183e-09	8.754017	-0.0016394468	-0.07467353	0.21383065	0.0011548104	0.0101666665	49.0	3667.455461025238
249	541.261	19.099619	547.0	401.5	17.191011	30000000	5.122274e-09	8.310614	-0.0016779238	-0.09004384	0.24915525	0.0017455206	0.012158333	49.0	3682.045211791992
250	541.61926	16.371716	547.6	398.3	17.043957	30120000	-8.8475645e-09	8.451586	-0.0016439634	-0.06669539	0.23393726	0.0011356614	0.010558333	49.0	3696.6441044807434
251	542.3207	16.075315	547.6	398.7	16.876345	30240000	1.1175871e-08	8.650274	-0.0016935866	-0.084997594	0.20596552	0.0013642067	0.0103916675	49.0	3711.2244708538055
252	542.2312	15.935147	547.3	399.9	16.81768	30360000	-3.7252903e-09	8.262966	-0.0017890702	-0.07750857	0.23230818	0.0013338565	0.011358334	49.0	3725.7070264816284
253	543.33813	9.715017	547.4	436.4	16.389473	30480000	-1.2572855e-08	8.540009	-0.0015672161	-0.09478128	0.18794075	0.0010503491	0.00905	49.0	3740.2774131298065
254	543.10077	12.644439	547.5	402.2	16.415789	30600000	1.1175871e-08	8.348479	-0.0016029174	-0.07730508	0.19665445	0.0013082273	0.011316666	49.0	3754.9240453243256
255	543.7591	10.972416	547.5	400.7	16.170984	30720000	1.3737008e-08	8.375629	-0.0015986371	-0.055333793	0.184654	0.0015282035	0.0112333335	49.0	3769.5352926254272
256	544.19244	5.800961	547.4	499.1	16.005209	30840000	-6.170012e-09	8.321272	-0.0014752513	-0.076613426	0.18018326	0.0012376027	0.010516667	49.0	3784.1548879146576
257	542.10516	18.344486	547.5	404.0	16.956284	30960000	-2.561137e-09	8.168389	-0.0015414357	-0.090148926	0.21640073	0.0020023258	0.011241667	49.0	3798.826029062271
258	543.4545	12.007597	547.4	400.3	16.326202	31080000	-9.313226e-10	8.194292	-0.0016213355	-0.048078954	0.20517218	0.0012324351	0.009741667	49.0	3813.649437904358
259	543.20825	14.038437	547.3	404.7	16.481482	31200000	5.122274e-09	8.383867	-0.0014373331	-0.05848241	0.18722299	0.0010519946	0.009933334	49.0	3828.374323606491
260	542.6844	17.655432	547.4	401.1	16.709497	31320000	9.313226e-10	8.270509	-0.0015100123	-0.11842263	0.21931067	0.0014592963	0.010608333	49.0	3843.1859180927277
261	539.8064	26.038013	547.4	402.8	18.11628	31440000	-1.6298145e-09	7.8064427	-0.001798617	-0.06844103	0.24614647	0.0015838804	0.011091666	49.0	3857.94837474823
262	544.22327	11.063698	547.8	401.0	16.03627	31560000	-2.7939677e-09	8.251747	-0.001486035	-0.07587606	0.16822645	0.00110398	0.009608334	49.0	3872.507900953293
263	544.48663	6.4110975	547.5	481.2	15.94359	31680000	-3.0267984e-09	8.294174	-0.0015704917	-0.06691599	0.16106676	0.00094376475	0.0074666664	49.0	3887.311901330948
264	544.20856	11.36242	547.6	400.8	16.067709	31800000	1.3969839e-09	8.093992	-0.001447679	-0.049487293	0.17087471	0.0022733784	0.010908334	49.0	3902.102400302887
265	541.352	22.750706	547.7	396.8	17.369318	31920000	4.1909516e-09	7.814994	-0.0017041322	-0.07098591	0.2334643	0.0020199264	0.012741666	49.0	3916.790615797043
266	543.3457	15.9800625	547.7	404.3	16.55914	32040000	1.2340024e-08	8.069164	-0.0015673804	-0.06863099	0.18851534	0.001363544	0.0107	49.0	3931.515650033951
267	542.2296	16.939705	547.4	402.2	17.022346	32160000	-6.519258e-09	7.849742	-0.0015931712	-0.06626487	0.21331689	0.0014485961	0.008416667	49.0	3946.2043197155
268	542.82886	14.714316	547.4	400.1	16.684492	32280000	-3.7252903e-09	7.9459925	-0.0014809526	-0.09977198	0.19592997	0.0010076127	0.010433333	49.0	3960.8862824440002
269	542.16296	19.70145	549.9	400.8	16.98895	32400000	-9.313226e-10	7.8696737	-0.001549107	-0.08262551	0.21009481	0.001401592	0.010116667	49.0	3975.5910065174103
270	543.7333	12.720424	547.4	403.5	16.275133	32520000	8.8475645e-09	8.16699	-0.0014525265	-0.075525165	0.17507625	0.0010606131	0.008358333	49.0	3990.253157377243
271	543.7953	14.037094	547.7	405.5	16.240837	32640000	3.7252903e-09	8.14957	-0.0015568468	-0.0700658	0.17015716	0.0017309157	0.011583334	49.0	4004.960388660431
272	542.7881	18.8628	547.5	400.6	16.740541	32760000	2.7939677e-09	8.0710335	-0.0016907179	-0.084022045	0.19356021	0.0012783553	0.011091666	49.0	4019.6361322402954
273	545.1727	5.1904984	547.4	504.3	15.626263	32880000	1.5133992e-09	8.397364	-0.0015288782	-0.07933593	0.1447506	0.0011878093	0.010208333	49.0	4034.4297502040863
274	544.22095	12.759856	547.6	396.4	16.088083	33000000	6.9849193e-09	8.084366	-0.0017870892	-0.08864123	0.15740862	0.0013174284	0.013641667	49.0	4048.980555295944
275	543.8696	15.940132	547.4	398.6	16.172775	33120000	-6.519258e-09	8.03323	-0.0015333868	-0.07356012	0.16351236	0.0013114426	0.010475	49.0	4063.618419408798
276	544.8005	11.653901	547.5	399.7	15.811225	33240000	9.313226e-09	8.012537	-0.0014842306	-0.083667934	0.14913692	0.001045218	0.010833333	49.0	4078.3239240646362
277	545.01324	7.589595	547.6	453.2	15.683674	33360000	3.259629e-09	8.192974	-0.0014393632	-0.06449282	0.14281824	0.001134493	0.010191667	49.0	4092.983715057373
278	543.6921	13.9386015	547.4	397.6	16.247368	33480000	8.381903e-09	7.965142	-0.0014848709	-0.07409161	0.16984256	0.0015237102	0.010816666	49.0	4107.62260222435
279	543.63947	11.4102745	547.4	446.6	16.321053	33600000	-2.561137e-09	7.7067986	-0.0015906957	-0.0730831	0.1736722	0.0013409865	0.012366666	49.0	4122.219589710236
280	544.79694	9.025373	547.5	446.4	15.765306	33720000	-2.3283064e-09	8.029144	-0.001453433	-0.08893561	0.15365721	0.00091531087	0.009658333	49.0	4136.820581674576
281	542.5375	15.756808	547.5	426.3	16.77174	33840000	-1.8626451e-09	7.740434	-0.0015386052	-0.069532454	0.19211534	0.001810797	0.011025	49.0	4151.375575304031
282	543.38513	16.593616	547.3	398.3	16.398935	33960000	1.6530976e-08	8.012198	-0.0015454277	-0.06891668	0.18333831	0.0013660721	0.009158334	49.0	4166.090440988541
283	544.494	9.004053	547.3	437.55	15.943299	34080000	2.2118911e-08	8.092291	-0.0014614966	-0.061872244	0.15416743	0.0010187532	0.010283333	49.0	4180.683562278748
284	545.2515	6.2531013	547.6	493.0	15.532663	34200000	-3.0267984e-09	8.192646	-0.001314281	-0.05827242	0.1451412	0.0011823985	0.009983333	49.0	4195.301677703857
285	545.43854	4.9767838	547.4	492.4	15.455	34320000	-1.0826625e-08	8.065096	-0.0011742774	-0.047752023	0.13705555	0.0012858966	0.0109916665	49.0	4209.872197389603
286	544.56604	9.756369	547.4	465.9	15.857868	34440000	7.3341653e-09	7.98637	-0.0012909367	-0.06404197	0.15667513	0.0010622926	0.00875	49.0	4224.560100078583
287	545.40497	4.685101	547.4	495.2	15.450495	34560000	-4.831236e-09	8.211476	-0.0013189054	-0.061157703	0.13927479	0.0011281485	0.010708334	49.0	4239.269691705704
288	544.2118	12.8064375	547.6	397.4	15.958974	34680000	-1.2572855e-08	8.033686	-0.0014415719	-0.06806946	0.16348806	0.0026768567	0.012683334	49.0	4254.0331065654755
289	543.5516	10.403758	547.4	453.1	16.268421	34800000	-6.519258e-09	8.004773	-0.0014946578	-0.06597847	0.17835316	0.0012686613	0.011875	49.0	4268.71669459343
290	544.8204	9.20387	547.2	431.9	15.688775	34920000	0.0	7.9842234	-0.001219522	-0.068415105	0.15731277	0.0011484104	0.010858333	49.0	4283.302258014679
291	545.5793	5.8407993	547.4	489.0	15.389163	35040000	5.5879354e-09	8.081949	-0.0011403896	-0.08519584	0.13820232	0.0009242657	0.008908333	49.0	4298.046107769012
292	545.3515	4.9066043	547.3	511.5	15.465346	35160000	-6.9849193e-10	7.937766	-0.0011023062	-0.06463343	0.14087877	0.0009676961	0.0066416664	49.0	4312.705451965332
293	544.64667	11.098981	547.1	405.0	15.786802	35280000	-1.0244548e-08	8.261353	-0.0012242293	-0.07679033	0.15388891	0.0012882035	0.0089	49.0	4327.289490699768
294	545.7924	3.6166832	547.4	505.1	15.30303	35400000	-3.958121e-09	8.1091795	-0.0012754152	-0.06870556	0.15034169	0.0012341283	0.009691667	49.0	4341.92396903038
295	545.5625	5.9967113	547.5	465.9	15.385	35520000	5.355105e-09	7.944536	-0.0010940449	-0.028100371	0.14784169	0.0008608574	0.008166667	49.0	4356.632893562317
296	546.08093	1.8115287	547.6	532.1	15.17561	35640000	8.96398e-09	8.047134	-0.0010552946	-0.09231931	0.12668723	0.00089965365	0.008716667	49.0	4371.330583572388
297	545.9726	3.4198284	547.4	502.2	15.230392	35760000	-2.8521754e-09	7.955348	-0.0011137482	-0.072499156	0.12904723	0.0011004707	0.007983333	49.0	4385.972094774246
298	546.0582	2.6406102	547.4	514.3	15.189321	35880000	1.0826625e-08	7.8431263	-0.0011337898	-0.04308802	0.12715712	0.0013784041	0.009216666	49.0	4400.655257940292
299	545.8546	6.7801633	547.5	452.3	15.323529	36000000	3.3760443e-09	7.8759727	-0.0009894293	-0.059578657	0.13836202	0.0011086108	0.007375	49.0	4415.269077539444
300	545.94684	4.502527	547.5	498.6	15.275862	36120000	-8.20728e-09	7.9109554	-0.0009260882	-0.05792409	0.1363126	0.0009646036	0.00715	49.0	4429.978452205658
301	545.9739	4.140651	547.5	500.8	15.300492	36240000	-2.6775524e-09	7.775626	-0.00092156517	-0.020846725	0.1345937	0.0007399196	0.007	49.0	4444.7644135952
302	544.8638	12.539938	547.5	398.5	15.785714	36360000	5.122274e-09	7.5658045	-0.0010610354	-0.060866237	0.157054	0.001563974	0.009216666	49.0	4459.317087888718
303	545.5364	10.26331	547.5	401.5	15.465346	36480000	-5.820766e-09	7.725813	-0.0010708361	-0.060099304	0.14588468	0.00090422516	0.007241667	49.0	4473.90687584877
304	545.9966	4.351971	547.4	498.8	15.302439	36600000	-1.4319085e-08	7.680592	-0.00087166094	-0.07062191	0.13765486	0.00096243044	0.007991666	49.0	4488.582675457001
305	545.3925	10.9605875	547.5	398.0	15.565	36720000	-4.656613e-09	7.713394	-0.00102082	-0.07845104	0.14841759	0.0020073967	0.010458333	49.0	4503.138920783997
306	545.8445	5.9683633	547.4	466.2	15.37	36840000	-5.5879354e-09	7.6849203	-0.0009258369	-0.07068163	0.14250499	0.0008049523	0.007125	49.0	4517.848607778549
307	545.94464	6.361281	547.6	460.2	15.328431	36960000	-5.820766e-09	7.6760483	-0.0008289501	-0.076508045	0.13497396	0.0008219677	0.006325	49.0	4532.5845828056335
308	546.0961	3.5835657	547.6	505.8	15.239024	37080000	-2.5320332e-09	7.838849	-0.0009471474	-0.0484432	0.13076635	0.00095181	0.007850001	49.0	4547.2356967926025
309	545.96796	5.834101	547.4	467.0	15.310345	37200000	3.4924597e-09	7.697663	-0.0008335969	-0.06300497	0.13479011	0.0018941101	0.007583333	49.0	4561.907262563705
310	544.38556	11.743674	547.5	426.95	16.082474	37320000	1.0477379e-08	7.495809	-0.0010468414	-0.07935083	0.16137512	0.0010240683	0.008508334	49.0	4576.567189455032
311	544.724	14.220438	547.6	403.1	15.897959	37440000	7.21775e-09	7.5346594	-0.0011411541	-0.066767514	0.1666029	0.0016116822	0.010508333	49.0	4591.069556713104
312	545.74976	5.7468204	547.6	494.0	15.403941	37560000	4.0745363e-09	7.7018657	-0.0010057274	-0.06681639	0.14397806	0.0007580449	0.007516667	49.0	4605.617567062378
313	546.16534	2.428996	547.5	524.7	15.229268	37680000	5.8789738e-09	7.794466	-0.00093579513	-0.05394143	0.13416444	0.0010705625	0.007858334	49.0	4620.206675767899
314	546.27704	1.4287302	547.7	534.7	15.151219	37800000	-7.2759576e-10	7.9134207	-0.000756901	-0.049435675	0.1279279	0.0010300388	0.007283333	49.0	4634.807056427002
315	545.9946	3.835798	547.5	504.0	15.294118	37920000	3.608875e-09	7.926528	-0.00092861615	-0.074459136	0.13768823	0.0011962652	0.007983333	49.0	4649.5149891376495
316	545.3505	8.714104	547.5	452.8	15.57	38040000	4.4237822e-09	7.8369675	-0.0011253017	-0.1083917	0.14857826	0.0036931653	0.010575	49.0	4664.176055192947
317	543.57947	17.103178	547.5	399.9	16.378948	38160000	-4.4237822e-09	7.4114256	-0.0011812592	-0.08381498	0.18684106	0.0024573456	0.010883333	49.0	4678.784206628799
318	545.1298	7.8632607	547.5	458.6	15.636364	38280000	-5.7043508e-09	7.5366483	-0.00085839385	-0.07724643	0.15452218	0.00078826735	0.007516667	49.0	4693.339018821716
319	545.2375	11.042211	547.6	403.2	15.575	38400000	9.313226e-09	7.53399	-0.0009843156	-0.048150003	0.15050896	0.0012318441	0.008658333	49.0	4707.903513908386
320	545.395	11.48721	547.6	401.4	15.537313	38520000	-1.641456e-08	7.64497	-0.00089817564	-0.059693754	0.1483864	0.0009823786	0.00925	49.0	4722.650869131088
321	544.1568	15.521519	547.5	401.4	16.083334	38640000	-1.0244548e-08	7.3356524	-0.0010041723	-0.08788347	0.17122939	0.0010592364	0.0084833335	49.0	4737.434171199799
322	543.9912	15.458179	547.3	402.7	16.150259	38760000	9.313226e-10	7.3955355	-0.0010975219	-0.045316815	0.1725781	0.0011004643	0.008608333	49.0	4752.0980224609375
323	545.0405	11.028922	547.4	402.0	15.625	38880000	5.122274e-09	7.537417	-0.0009212429	-0.06589323	0.14693424	0.0008948026	0.0076916665	49.0	4766.777463674545
324	546.31946	0.84353775	547.4	541.1	15.057693	39000000	1.207809e-09	7.6555347	-0.0007146021	-0.08720958	0.12009634	0.00071461924	0.0052166665	49.0	4781.558433771133
325	544.70636	13.263177	547.4	398.3	15.802031	39120000	4.4237822e-09	7.465122	-0.00084139383	-0.059152007	0.1561028	0.0011092377	0.007525	49.0	4796.129677534103
326	545.78455	4.8940206	547.3	482.2	15.29902	39240000	-1.5133992e-09	7.473858	-0.0007498899	-0.06124723	0.13180059	0.0009819926	0.007825	49.0	4810.8844475746155
327	546.184	2.1794891	547.5	518.4	15.145631	39360000	-6.6502253e-09	7.6753235	-0.0006987088	-0.05625516	0.12413322	0.0008067081	0.0063833334	49.0	4825.461765050888
328	546.0468	2.7800095	547.4	516.4	15.20098	39480000	3.4924597e-09	7.539034	-0.0007933971	-0.063529074	0.12772682	0.0009895755	0.007841667	49.0	4840.147993326187
329	545.187	10.158633	547.3	411.0	15.595	39600000	-6.9849193e-10	7.6627045	-0.0009076329	-0.06708342	0.1451771	0.0036607068	0.008450001	49.0	4854.866893768311
330	546.3348	1.0175624	547.5	537.1	15.096619	39720000	3.263267e-09	7.615493	-0.00064528815	-0.07420045	0.12560771	0.00086366653	0.010508333	49.0	4869.5913145542145
331	545.0283	11.493305	547.5	400.6	15.681818	39840000	-2.7939677e-09	7.4250417	-0.00088400085	-0.06683731	0.15359303	0.0015068146	0.008875	49.0	4884.2542362213135
332	546.1178	2.3011813	547.6	519.6	15.207921	39960000	-2.0954758e-09	7.7116666	-0.0008415763	-0.05225289	0.1463125	0.0011324161	0.00985	49.0	4898.901318311691
333	544.87775	12.919663	547.5	413.4	15.757576	40080000	6.519258e-09	7.3981915	-0.0009651027	-0.041717887	0.16018012	0.0014313823	0.0093	49.0	4913.517515420914
334	546.22186	1.5345722	547.4	530.3	15.131068	40200000	-4.2491592e-09	7.705693	-0.0007246311	-0.063501835	0.13078728	0.0006945067	0.0060083335	49.0	4928.139172554016
335	545.4835	10.071884	547.4	406.2	15.495	40320000	-9.313226e-10	7.6791506	-0.00092159363	-0.057702124	0.14665157	0.001873215	0.009358333	49.0	4942.740181207657
336	545.9418	4.0624776	547.4	495.3	15.293532	40440000	5.5879354e-09	7.675692	-0.00090132013	-0.052583873	0.14704214	0.0008859376	0.008441666	49.0	4957.419673442841
337	545.5458	7.488272	547.3	473.0	15.472637	40560000	-4.656613e-09	7.7347317	-0.00082131557	-0.06519759	0.14951119	0.0010245151	0.0084999995	49.0	4971.985587835312
338	545.84064	3.9372392	547.2	503.2	15.310345	40680000	-5.296897e-09	7.752741	-0.0008077794	-0.087053	0.13712892	0.00084864185	0.008683333	49.0	4986.479553937912
339	545.6458	10.113972	547.5	402.5	15.399014	40800000	-1.094304e-08	7.597653	-0.00071982783	-0.050460875	0.14304121	0.00088581094	0.0063333334	49.0	5001.175581216812
340	546.23444	1.24535	547.5	537.3	15.126214	40920000	-5.4133125e-09	7.7321215	-0.0007168484	-0.07494533	0.13042137	0.0007788385	0.006966667	49.0	5015.8856637477875
341	546.1379	2.0878346	547.3	523.3	15.184466	41040000	1.51922e-08	7.666269	-0.00083013874	-0.07735604	0.13365446	0.00086892257	0.006858333	49.0	5030.6740889549255
342	545.94147	3.6764238	547.2	507.8	15.282927	41160000	1.44355e-08	7.6071267	-0.0007487794	-0.06856483	0.13798787	0.0008939081	0.0060416665	49.0	5045.3082592487335
343	546.0869	2.8197417	547.3	510.9	15.199029	41280000	-4.0745363e-09	7.688936	-0.00078487466	-0.024715781	0.1331889	0.00094156776	0.0077416664	49.0	5059.904366493225
344	545.6887	6.8492937	547.4	474.2	15.423645	41400000	-1.8626451e-09	7.523699	-0.00074863894	-0.038644373	0.14099312	0.0010235568	0.0069666663	49.0	5074.493578910828
345	546.1356	1.8208941	547.5	533.7	15.209756	41520000	2.386514e-09	7.7132106	-0.000749983	-0.051622212	0.13151988	0.0010273044	0.0077583333	49.0	5088.993345499039
346	546.0079	2.4183598	547.4	521.7	15.254902	41640000	-1.6545528e-08	7.668816	-0.0008075924	-0.01366806	0.13045281	0.0010041716	0.0077083334	49.0	5103.454947471619
347	546.06195	3.2645195	547.4	504.2	15.214634	41760000	3.8417056e-09	7.83729	-0.000725502	-0.08326173	0.12708357	0.0010187151	0.0065833335	49.0	5117.93895816803
348	544.61566	14.856746	547.4	400.5	15.869792	41880000	-4.656613e-10	7.774943	-0.0008836241	-0.10359281	0.16347894	0.0012241781	0.007583333	49.0	5132.496042251587
349	546.3808	0.95862347	547.3	540.3	15.100962	42000000	2.6193447e-10	7.9145393	-0.0006473466	-0.06818545	0.12332123	0.0005185606	0.005025	49.0	5147.130725860596
350	545.56415	10.24192	547.3	402.9	15.467662	42120000	-7.450581e-09	7.551695	-0.0007535668	-0.03815019	0.13951768	0.0012281217	0.008125	49.0	5161.801738977432
351	546.28455	2.5658212	547.6	512.6	15.149758	42240000	5.529728e-09	7.8313932	-0.0005160231	-0.073951185	0.120573446	0.00097213336	0.00845	49.0	5176.378939151764
352	546.0417	3.139833	547.4	515.2	15.252427	42360000	-3.259629e-09	7.6404343	-0.00076212094	-0.0602929	0.12677921	0.0007821926	0.00545	49.0	5190.989310741425
353	546.4077	2.5460093	547.6	511.4	15.144928	42480000	1.8626451e-09	7.7684555	-0.00073406415	-0.042149246	0.1205993	0.001058184	0.008125	49.0	5205.61452794075
354	545.9212	5.8897667	547.4	470.4	15.35468	42600000	-1.8626451e-09	7.6218843	-0.00066585024	-0.05086583	0.12901945	0.0010322797	0.008683333	49.0	5220.207848548889
355	546.5647	1.3075647	547.7	532.1	15.096619	42720000	1.6269041e-08	7.8468904	-0.0007681332	-0.0486207	0.11835791	0.00093092216	0.0065249996	49.0	5234.809570550919
356	546.19855	2.5644321	547.5	525.4	15.230392	42840000	1.4901161e-08	7.819731	-0.0007286527	-0.05752635	0.122080624	0.0009785048	0.00685	49.0	5249.361064195633
357	545.3939	11.856122	547.6	403.0	15.616161	42960000	-3.259629e-09	7.6764345	-0.0009372642	-0.08370155	0.14016554	0.0012736232	0.0088	49.0	5263.957912445068
358	546.12744	5.400938	547.5	471.8	15.279411	43080000	6.0535967e-09	7.728221	-0.0009004431	-0.059087515	0.12298515	0.00085882755	0.0079333335	49.0	5278.533497333527
359	545.7579	7.4964337	547.5	447.3	15.425742	43200000	1.618173e-08	7.9829884	-0.001107275	-0.07969868	0.1312542	0.0009940483	0.007358333	49.0	5293.3258497715
360	545.705	10.149157	547.5	403.9	15.44	43320000	-1.1175871e-08	7.8691144	-0.0010954366	-0.049815714	0.13661061	0.0010689321	0.010008333	49.0	5308.065366983414
361	546.1892	2.77543	547.5	520.9	15.235294	43440000	1.0477379e-09	7.9846687	-0.00096118706	-0.053845763	0.12200071	0.0007924478	0.0073	49.0	5322.837911367416
362	546.1404	2.4070406	547.4	525.8	15.226601	43560000	-8.381903e-09	7.760144	-0.0008665002	-0.060708404	0.120140605	0.0010637959	0.007708333	49.0	5337.658381462097
363	546.3498	1.5249976	547.5	528.4	15.131707	43680000	8.4983185e-09	7.780765	-0.0007928172	-0.027011931	0.121008284	0.0011809254	0.008708334	49.0	5352.49233341217
364	544.25775	15.046229	547.5	403.6	16.103092	43800000	-6.9849193e-09	7.8324103	-0.0010034274	-0.12418717	0.15879932	0.0011091628	0.008233333	49.0	5367.344602584839
365	545.8059	10.151822	547.6	402.8	15.39604	43920000	-2.0721927e-08	7.683997	-0.0007244797	-0.06170273	0.1277914	0.0009010003	0.0069583333	49.0	5382.1217675209045
366	546.3442	1.5714812	547.4	535.6	15.126214	44040000	9.618816e-09	7.9752197	-0.00067082397	-0.035032153	0.1141306	0.00072578946	0.0064083333	49.0	5396.965172290802
367	546.11676	4.475407	547.4	489.5	15.261084	44160000	2.561137e-09	7.7663107	-0.0006860122	-0.04617226	0.12309423	0.0008664648	0.0064749997	49.0	5411.737255811691
368	545.27795	11.926249	547.4	405.5	15.64	44280000	4.656613e-09	7.5464926	-0.00068618613	-0.04970789	0.13623582	0.0010252614	0.008016666	49.0	5426.507986068726
369	546.24927	2.5287156	547.6	514.45	15.183575	44400000	4.0745363e-10	7.7390766	-0.00070548	-0.06725174	0.11544572	0.0006725546	0.0064916667	49.0	5441.318232059479
370	545.8138	9.890021	547.4	406.4	15.399014	44520000	1.2340024e-08	7.6798177	-0.0006587616	-0.080385804	0.12315533	0.0011030734	0.008366667	49.0	5456.074806690216
371	545.661	7.4467697	547.5	450.2	15.48	44640000	-9.313226e-10	7.79752	-0.0007342942	-0.069858015	0.12786454	0.0008483179	0.007558333	49.0	5470.760475158691
372	545.70154	9.940371	547.3	405.2	15.389163	44760000	-1.3969839e-08	7.688449	-0.0007442836	-0.036720872	0.12313458	0.0010198422	0.007716667	49.0	5485.365570306778
373	546.146	3.3021934	547.3	503.6	15.205	44880000	-8.381903e-09	7.8021097	-0.0006421994	-0.037233174	0.12699468	0.00087951473	0.0064583337	49.0	5499.914718389511
374	545.6233	10.236825	547.3	403.1	15.440594	45000000	4.1909516e-09	7.866789	-0.0007529871	-0.045888543	0.12388854	0.0007370872	0.006275	49.0	5514.525330066681
375	545.65466	10.13627	547.3	403.9	15.453202	45120000	4.1909516e-09	7.8365097	-0.0006711717	-0.08053708	0.12548357	0.00086946314	0.006875	49.0	5529.109836816788
376	546.2882	2.197716	547.4	524.0	15.171569	45240000	5.529728e-09	7.777368	-0.00061897386	-0.051331103	0.11025144	0.0007170731	0.006025	49.0	5543.695020198822
377	545.711	10.073459	547.9	404.4	15.42	45360000	6.2864274e-09	7.7096224	-0.0007054017	-0.06051427	0.1256487	0.0012924868	0.008266667	49.0	5558.337195158005
378	545.87646	6.6053843	547.3	462.2	15.343137	45480000	1.868466e-08	7.560056	-0.00068869477	-0.061190784	0.1202018	0.00091411633	0.007083333	49.0	5572.959318399429
379	545.18646	12.527828	547.5	403.2	15.638191	45600000	-8.614734e-09	7.760764	-0.0009045366	-0.06085974	0.13347295	0.0012829453	0.008925	49.0	5587.618881940842
380	546.19714	3.702438	547.3	495.1	15.189321	45720000	4.4237822e-09	7.7961264	-0.0006969705	-0.051588237	0.11274443	0.0007403048	0.007308333	49.0	5602.190588474274
381	545.72516	7.7358494	547.4	442.4	15.408867	45840000	7.683411e-09	7.7527027	-0.0006628308	-0.052249193	0.12357739	0.00097529707	0.006516667	49.0	5616.770015239716
382	545.2	11.596314	547.3	406.0	15.691919	45960000	7.21775e-09	7.6448793	-0.00077446434	-0.06464678	0.13343816	0.0010166335	0.006575	49.0	5631.3091197013855
383	544.0255	17.737587	547.6	402.8	16.177084	46080000	1.8626451e-09	7.6299224	-0.0009190121	-0.06563181	0.15469393	0.00095527456	0.0077250004	49.0	5645.93524980545
384	545.596	10.043174	547.2	405.2	15.457711	46200000	7.450581e-09	7.7065077	-0.00074495224	-0.053147316	0.12391855	0.00046988396	0.005775	49.0	5660.669206857681
385	545.7497	9.833717	547.7	406.6	15.399014	46320000	-5.820766e-09	7.813806	-0.00060476584	-0.045000434	0.122830495	0.00067425333	0.004416667	49.0	5675.196062088013
386	544.9606	14.254291	547.4	404.1	15.752525	46440000	-1.0244548e-08	7.544512	-0.0007713069	-0.03500533	0.13798982	0.0010835691	0.007133333	49.0	5689.870978116989
387	546.4266	1.9880834	547.4	520.4	15.111111	46560000	2.1827873e-09	7.780677	-0.00057175395	-0.046726108	0.10908195	0.0005531772	0.005866667	49.0	5704.634453058243
388	544.4406	15.37521	547.3	403.7	16.005209	46680000	2.3283064e-09	7.5611124	-0.00087061524	-0.05832982	0.15704587	0.0012204109	0.0077916663	49.0	5719.411301851273
389	546.1151	6.3109746	547.3	456.6	15.258536	46800000	-6.6356733e-09	7.8806434	-0.00066331367	-0.0754717	0.117244735	0.0005393489	0.0058	49.0	5734.163981437683
390	546.3322	2.8565598	547.3	510.7	15.1658535	46920000	4.656613e-09	7.607829	-0.0006222777	-0.044033885	0.11056986	0.0007294551	0.008166667	49.0	5748.843619346619
391	546.348	2.54156	547.3	511.5	15.118812	47040000	-3.7252903e-09	7.8101683	-0.00071323226	-0.040608227	0.1231829	0.000958531	0.0074916664	49.0	5763.549429178238
392	546.2859	3.0068445	547.3	516.5	15.185366	47160000	-1.3213139e-08	7.691773	-0.000632865	-0.056281984	0.111494124	0.00071982143	0.0075083333	49.0	5778.295989513397
393	546.2966	3.5660515	547.4	496.9	15.170732	47280000	-3.8417056e-09	7.787428	-0.0006307171	-0.0481261	0.11233616	0.0009474951	0.007716667	49.0	5793.032469511032
394	545.49255	10.808477	547.3	403.8	15.512438	47400000	-1.3969839e-09	7.67111	-0.0007255415	-0.05613053	0.1277631	0.0012208493	0.008966667	49.0	5807.932570934296
395	545.9936	4.093382	547.4	496.6	15.295567	47520000	-2.0954758e-09	7.7987313	-0.00066634896	-0.05708933	0.11782235	0.0008852836	0.008425	49.0	5822.650971412659
396	546.40485	1.2615752	547.3	536.6	15.10628	47640000	2.73576e-09	8.000473	-0.0007028983	-0.08065468	0.10948426	0.0010889883	0.00805	49.0	5837.474540233612
397	546.1966	2.3669777	547.4	517.8	15.17561	47760000	6.2864274e-09	7.8547196	-0.0006753806	-0.050486922	0.113887236	0.0006586022	0.0059749996	49.0	5852.318692684174
398	546.41785	1.152658	547.3	535.5	15.077294	47880000	7.385097e-09	8.0499325	-0.0006249215	-0.06381333	0.107520506	0.0009843962	0.0062833335	49.0	5867.181102514267
399	545.4933	11.164753	547.3	401.6	15.522388	48000000	-1.094304e-08	7.7040157	-0.0007474547	-0.058939993	0.12881911	0.0012100699	0.007833334	49.0	5881.93955373764
400	546.4203	1.3537482	547.2	529.8	15.082126	48120000	1.5344995e-08	8.164167	-0.0007318984	-0.05671072	0.1109809	0.0006792287	0.00595	49.0	5899.15164399147
401	546.04926	4.718254	547.2	496.8	15.280788	48240000	1.6763806e-08	7.7595673	-0.00068031996	-0.046290338	0.12267594	0.0009883398	0.007775	49.0	5916.445650100708
402	545.6224	10.27401	547.2	404.1	15.472637	48360000	7.683411e-09	7.7475386	-0.00089532125	-0.037019372	0.13108602	0.004956336	0.012250001	49.0	5933.772550106049
403	546.1849	4.0720596	547.3	491.7	15.22439	48480000	-1.094304e-08	7.78466	-0.00088404445	-0.06708163	0.12762542	0.00081724266	0.009	49.0	5951.099692583084
404	544.96185	13.482607	547.1	401.7	15.762627	48600000	-4.1909516e-09	7.8938675	-0.0010085759	-0.10805279	0.14144886	0.0013642533	0.010691667	49.0	5968.4545958042145
405	546.38153	1.4660723	547.3	529.5	15.0873785	48720000	-1.1525117e-08	8.110968	-0.0008348972	-0.084928215	0.121567175	0.000755221	0.0070916666	49.0	5985.711419582367
406	546.2451	1.6635889	547.1	526.3	15.131068	48840000	-1.0535587e-08	8.055756	-0.0010049136	-0.038407743	0.122308336	0.0012233106	0.0076583335	49.0	6002.960149765015
407	546.3976	1.2781893	547.4	530.6	15.072464	48960000	-6.315531e-09	8.02141	-0.0007546609	-0.08795893	0.118856855	0.0013809727	0.008083333	49.0	6020.186969041824
408	546.07513	2.7899153	547.4	513.0	15.209756	49080000	-8.731149e-09	8.041842	-0.0008342308	-0.07749909	0.12784326	0.001215542	0.0086	49.0	6037.532152414322
409	546.2564	2.208932	547.2	524.0	15.143564	49200000	6.9849193e-09	7.973091	-0.00076431944	-0.07993382	0.13481766	0.00084337755	0.008983334	49.0	6054.818228960037
410	545.80396	8.467793	547.2	426.1	15.364532	49320000	-5.820766e-09	8.021889	-0.0006727312	-0.0393638	0.13216114	0.0010863801	0.007308333	49.0	6072.176653623581
411	546.32184	1.3287197	547.2	533.5	15.11165	49440000	3.3032848e-09	7.959073	-0.0006906765	-0.07736653	0.11883757	0.0007464769	0.006	49.0	6089.411437511444
412	546.2883	2.0091157	547.3	526.0	15.141463	49560000	-2.7939677e-09	7.940895	-0.0006759903	-0.05492276	0.11787163	0.00091376936	0.008266667	49.0	6106.656933307648
413	546.1602	2.0084705	547.1	523.3	15.165049	49680000	-2.3574103e-09	8.001362	-0.000708368	-0.06907731	0.118689045	0.0010864479	0.009533334	49.0	6123.968222379684
414	546.3169	1.5610464	547.1	527.3	15.096619	49800000	-7.1668182e-09	8.100819	-0.0005188987	-0.030819118	0.11583729	0.0010060889	0.007566667	49.0	6141.191910028458
415	546.3899	0.70815647	547.1	541.6	15.052885	49920000	2.2555469e-10	7.917864	-0.0005545032	-0.07268655	0.11301942	0.0011448243	0.009541667	49.0	6158.5074808597565
416	546.0678	3.5559824	547.2	498.2	15.2	50040000	-8.381903e-09	8.103783	-0.00066921726	-0.05830407	0.11908306	0.0009170064	0.006966667	49.0	6175.744037389755
417	546.2947	1.1987196	547.1	533.5	15.072464	50160000	3.958121e-09	8.075888	-0.0005996915	-0.074625134	0.11132035	0.0010362121	0.007991666	49.0	6193.024127960205
418	546.1961	2.0308208	547.1	519.5	15.125604	50280000	-1.3591489e-08	8.181688	-0.00062749506	-0.073985875	0.114420004	0.00084080175	0.008416667	49.0	6210.337293386459
419	546.2228	3.3023686	547.0	499.7	15.135922	50400000	-1.3096724e-08	8.047192	-0.00057221233	-0.040551543	0.11543934	0.0008343022	0.004866667	49.0	6227.60954117775
420	545.9951	2.944624	547.2	520.1	15.239024	50520000	4.0163286e-09	7.9807506	-0.00064029405	-0.055876434	0.119468965	0.000850329	0.006325	49.0	6244.853736400604
421	545.49445	10.334533	547.1	403.5	15.464646	50640000	1.5366822e-08	8.030455	-0.00075287523	-0.07592499	0.1378905	0.0012988864	0.0087	49.0	6262.015921592712
422	546.46686	0.57546526	547.1	539.8	15.028846	50760000	-7.174094e-09	8.127977	-0.00047995118	-0.05462569	0.106892735	0.00043071975	0.0052000005	49.0	6279.356108665466
423	545.7463	9.809225	547.1	406.5	15.339902	50880000	1.792796e-08	8.15857	-0.0006334838	-0.062246144	0.119126886	0.0023813494	0.009908333	49.0	6296.6336624622345
424	546.2578	2.1073885	547.2	521.6	15.121359	51000000	-4.8894435e-09	8.115491	-0.00060827326	-0.052645385	0.11246992	0.0008496682	0.0064083333	49.0	6313.962175607681
425	546.449	0.90303975	547.1	535.6	15.043269	51120000	6.4319465e-09	8.165747	-0.00047206145	-0.044297397	0.10656274	0.000684937	0.0042916667	49.0	6331.417250871658
426	546.1517	2.6478481	547.1	511.4	15.144928	51240000	-1.3795216e-08	8.186565	-0.00062979583	-0.059218645	0.11189049	0.0012328009	0.008091667	49.0	6348.714761257172
427	546.2199	1.9906193	547.0	523.2	15.131068	51360000	-1.7898856e-09	8.245925	-0.0006100513	-0.047747016	0.11106299	0.00073443155	0.005858333	49.0	6366.134827136993
428	545.8868	3.844244	547.0	499.9	15.269608	51480000	8.6729415e-09	8.201068	-0.0006667377	0.0037721395	0.11718887	0.00095859147	0.0072833337	49.0	6383.515209674835
429	546.1005	2.4840178	546.9	512.6	15.160194	51600000	-4.4237822e-09	8.199381	-0.0006356833	-0.09332198	0.11171068	0.00049322343	0.004658333	49.0	6400.967831850052
430	545.6299	10.210355	547.0	401.6	15.378109	51720000	2.3283064e-09	8.171442	-0.0007594579	-0.06561625	0.12499588	0.0012488164	0.008375	49.0	6418.389338493347
431	546.3625	0.8223083	547.2	539.3	15.0625	51840000	-4.947651e-09	8.325127	-0.0005675508	-0.07765502	0.10572232	0.0006538356	0.0045166668	49.0	6435.858277320862
432	545.6187	7.549074	547.0	446.4	15.413794	51960000	6.2864274e-09	8.144201	-0.00071493245	-0.063272595	0.12443999	0.0012413184	0.008083333	49.0	6453.110031843185
433	546.13367	3.487368	547.3	498.6	15.170732	52080000	-3.259629e-09	8.200138	-0.0005826964	-0.049059212	0.11508492	0.0008816273	0.007841667	49.0	6470.480491161346
434	546.19806	2.4141777	547.0	516.6	15.150485	52200000	-7.072231e-09	8.2574005	-0.0006768153	-0.045486152	0.112059355	0.0014272556	0.009041667	49.0	6487.751238584518
435	546.44666	0.8188243	547.0	539.0	15.057693	52320000	-7.4651325e-09	8.282152	-0.00050939235	-0.039741993	0.10640733	0.0007371135	0.006391667	49.0	6505.147174119949
436	546.2349	3.8248098	547.2	491.9	15.150485	52440000	-4.307367e-09	8.126462	-0.000540507	-0.04695791	0.11102422	0.0010583547	0.0074666664	49.0	6522.540360689163
437	545.63715	10.305168	547.1	403.1	15.420792	52560000	-1.1641532e-09	8.038588	-0.0006063205	-0.08492184	0.12283367	0.0011427692	0.0072333333	49.0	6539.790972471237
438	545.65076	9.959752	547.1	405.6	15.433497	52680000	-6.7520887e-09	8.116765	-0.0007678035	-0.06915444	0.123103745	0.0009907008	0.008575	49.0	6557.135612249374
439	545.7312	9.993238	547.1	404.5	15.391089	52800000	-6.519258e-09	8.130264	-0.00076944876	-0.055095613	0.11917645	0.0009244242	0.0077833333	49.0	6574.44557762146
440	545.24	11.381551	547.0	402.9	15.6	52920000	-3.0267984e-09	8.002784	-0.00064550014	-0.09894782	0.12714997	0.0010950342	0.0064666667	49.0	6591.729121208191
441	546.45844	0.8411623	547.1	540.3	15.072464	53040000	-2.7066562e-09	8.054404	-0.0004498158	-0.048384845	0.099378735	0.0006311131	0.0037416667	49.0	6609.060341835022
442	546.5639	0.615974	547.0	539.3	15.019231	53160000	-4.10364e-09	8.153494	-0.00043149432	-0.054014385	0.09507468	0.0009687998	0.007775	49.0	6626.400758266449
443	546.41547	1.6134872	547.1	525.3	15.086957	53280000	3.2014214e-10	8.213238	-0.0005197883	-0.05800879	0.101119086	0.00073496107	0.006258333	49.0	6643.796435594559
444	546.32184	3.6691535	547.0	494.3	15.150485	53400000	2.3283064e-10	8.133116	-0.0005682657	-0.07333076	0.10265259	0.0008237169	0.0067499997	49.0	6661.145392894745
445	545.5807	10.76431	547.1	403.7	15.485148	53520000	-3.259629e-09	8.025476	-0.00063582096	-0.08416891	0.11745335	0.0011083294	0.0068750004	49.0	6678.366362094879
446	546.43256	1.4811643	547.1	532.7	15.092233	53640000	4.5329216e-09	8.111603	-0.00050031557	-0.055235684	0.099704556	0.0007129058	0.0048749996	49.0	6695.74970126152
447	546.29126	3.3616803	547.1	500.2	15.1658535	53760000	-3.608875e-09	8.126707	-0.0005145561	-0.101557136	0.101927854	0.0007697949	0.0052500004	49.0	6713.123773097992
448	546.31165	2.3261821	547.0	520.0	15.140777	53880000	-2.4811015e-09	8.156229	-0.00042641495	-0.07021499	0.09919103	0.0007397507	0.0061083334	49.0	6730.3749079704285
449	546.4309	2.3703904	547.1	513.4	15.10628	54000000	1.0360964e-08	8.073125	-0.00049931183	-0.050693274	0.097442806	0.0009014009	0.0067083333	49.0	6747.699689388275
450	546.442	1.9608284	547.2	520.7	15.101449	54120000	3.1432137e-09	8.04793	-0.0005478771	-0.058237612	0.09856987	0.0010348633	0.0065083336	49.0	6765.044503211975
451	544.39026	16.162024	547.1	402.9	16.03077	54240000	-1.6298145e-09	7.9435825	-0.00083237793	-0.0758239	0.13685748	0.0012712844	0.008383334	49.0	6782.265559196472
452	546.499	1.3670034	547.2	529.3	15.072464	54360000	1.2514647e-08	8.046376	-0.00048564846	-0.07825595	0.0936114	0.00043642282	0.0044750003	49.0	6799.648419141769
453	546.5058	1.4128374	547.1	529.3	15.077294	54480000	1.002627e-08	8.05364	-0.0004893746	-0.054282963	0.09394956	0.00061285164	0.006025	49.0	6817.071944475174
454	545.8198	10.078949	547.1	405.7	15.39604	54600000	-5.355105e-09	7.8440933	-0.0005504681	-0.05979681	0.110147685	0.0010514131	0.0075583337	49.0	6834.406187295914
455	546.66156	0.5366936	547.3	542.4	15.028846	54720000	-8.003553e-09	8.006077	-0.0004423383	-0.05180651	0.09293375	0.0004724533	0.0052666664	49.0	6851.759212970734
456	545.91974	10.057353	547.1	403.3	15.349753	54840000	6.2864274e-09	7.9145403	-0.00057519437	-0.0367406	0.106123716	0.0014308087	0.007408333	49.0	6869.181309223175
457	546.5141	1.1016527	547.1	534.6	15.082524	54960000	-1.2980308e-08	8.075846	-0.00042874378	-0.048957765	0.09871804	0.0006521455	0.0043916665	49.0	6886.620713710785
458	546.2254	3.1640258	547.3	508.2	15.219512	55080000	5.4133125e-09	8.081652	-0.00059683213	-0.062824726	0.103747495	0.0008341778	0.0062666666	49.0	6903.891170501709
459	546.62787	0.47504482	547.1	543.8	15.028846	55200000	-6.031769e-09	7.8945	-0.00036342494	-0.042050302	0.09402866	0.0007214753	0.0062916665	49.0	6921.238492488861
460	546.3599	3.041372	547.1	503.4	15.125604	55320000	5.646143e-09	8.124725	-0.0005598677	-0.05377084	0.09766379	0.00093710097	0.006875	49.0	6938.702151298523
461	546.5005	0.65914583	547.1	543.3	15.0625	55440000	6.8102963e-09	8.154405	-0.0005231769	-0.038992107	0.09335346	0.0009191192	0.0064916667	49.0	6956.12263417244
462	545.8233	7.6762185	547.0	440.65	15.460784	55560000	2.7939677e-09	8.096212	-0.0005596968	-0.04516262	0.101971924	0.000829907	0.0076416666	49.0	6973.630517244339
463	545.93085	10.036745	547.1	403.1	15.343137	55680000	2.3283064e-09	7.8966274	-0.00053006393	-0.048894405	0.10354083	0.0008760077	0.0059	49.0	6991.085952758789
464	546.3735	2.298399	547.0	516.6	15.140097	55800000	-1.6152626e-08	8.077423	-0.0004550811	-0.056913137	0.09459721	0.00053228263	0.005258334	49.0	7008.468223571777
465	545.799	10.258761	547.0	401.4	15.389163	55920000	-9.313226e-10	7.9482923	-0.00056497985	-0.050575733	0.10303521	0.00095157267	0.007325	49.0	7025.83726978302
466	546.4898	1.2301426	547.1	534.0	15.0873785	56040000	-4.78758e-09	8.204647	-0.00059761596	-0.05468291	0.09226021	0.0007372168	0.0054666665	49.0	7043.3383111953735
467	546.49713	1.4814153	547.1	527.1	15.082126	56160000	9.895302e-09	8.068313	-0.00054647727	-0.06327808	0.089713804	0.00053927756	0.0057416665	49.0	7058.261853933334
468	545.23553	14.42122	547.1	400.9	15.665	56280000	4.4237822e-09	7.7431946	-0.0007433287	-0.07933748	0.11541995	0.0049641705	0.010258333	49.0	7073.217875957489
469	546.09906	4.809607	547.3	482.5	15.280788	56400000	-2.0954758e-09	8.088028	-0.0005983146	-0.065901935	0.105171636	0.00049157307	0.0053749997	49.0	7088.079704999924
470	546.00885	6.256245	547.1	473.2	15.320197	56520000	-5.646143e-09	7.8787994	-0.00039898144	-0.07344818	0.10577503	0.0010771521	0.007325	49.0	7102.8908598423
471	546.3888	1.8816748	547.1	530.9	15.126829	56640000	-9.95351e-09	7.98604	-0.0005098964	-0.067350805	0.09388535	0.00088670244	0.005841667	49.0	7117.802448272705
472	546.0334	8.975969	547.3	418.3	15.308824	56760000	-4.656613e-10	8.081041	-0.000533282	-0.059068322	0.10362841	0.0010327538	0.0061583333	49.0	7132.785615444183
473	546.50244	2.2993083	547.2	514.6	15.10628	56880000	-8.731149e-10	7.970709	-0.0003656773	-0.054025233	0.09309614	0.0003915402	0.0045083333	49.0	7147.642381906509
474	546.6366	0.7576457	547.2	537.9	15.039024	57000000	-2.2118911e-09	8.115836	-0.00048516653	-0.036023796	0.09941618	0.0006419766	0.0056666667	49.0	7162.553970575333
475	545.8094	10.119071	547.2	404.6	15.440594	57120000	-3.0267984e-09	7.8430033	-0.0006054306	-0.042339504	0.10947661	0.0012405952	0.0061666667	49.0	7177.449460506439
476	546.6633	1.0449811	547.3	532.7	15.048309	57240000	2.1900632e-09	8.147732	-0.0003944657	-0.056615174	0.08942467	0.0005508905	0.0053166663	49.0	7192.373104333878
477	546.4456	4.3114057	547.2	484.9	15.15534	57360000	-1.1641532e-10	7.825588	-0.0003970235	-0.042252004	0.095003136	0.00083027023	0.0051499996	49.0	7207.276271104813
478	546.55975	1.1882044	547.1	537.1	15.101942	57480000	-9.080395e-09	7.8630524	-0.0005002033	-0.048553646	0.09354262	0.0008415857	0.004675	49.0	7222.228650569916
479	546.62164	0.6885515	547.4	541.5	15.057693	57600000	-8.338247e-09	8.114485	-0.00056100485	-0.08266902	0.09377807	0.0009255883	0.0075749997	49.0	7237.240022659302
480	546.6072	0.6217995	547.1	543.1	15.048077	57720000	-9.924406e-09	8.14377	-0.0004194458	-0.054160118	0.0923512	0.00075683556	0.0066750003	49.0	7252.202724933624
481	546.5889	0.6647199	547.1	542.5	15.043269	57840000	6.897608e-09	8.170973	-0.0004174367	-0.06440878	0.09102459	0.0008785716	0.005408333	49.0	7267.249648094177
482	546.25586	3.5799124	547.1	503.0	15.194175	57960000	4.132744e-09	8.199838	-0.00053340633	-0.063028455	0.09696843	0.0009355766	0.0069916667	49.0	7282.1622705459595
483	544.9406	13.605525	547.1	402.6	15.812182	58080000	6.6356733e-09	7.716897	-0.00065251184	-0.07783902	0.12447979	0.0012935862	0.008991666	49.0	7296.962337970734
484	546.56635	0.72438365	547.3	541.9	15.057693	58200000	4.307367e-09	8.109049	-0.000425175	-0.054549813	0.0883155	0.0007025158	0.0061416663	49.0	7311.972735881805
485	546.11804	4.477404	547.3	488.9	15.253658	58320000	2.561137e-09	7.9340177	-0.00055535906	-0.053581536	0.098324224	0.00082737906	0.0056583337	49.0	7326.822673559189
486	546.3048	3.5782752	547.1	496.7	15.174757	58440000	-2.3283064e-10	7.848116	-0.0004999864	-0.0451594	0.09479603	0.0005912149	0.00565	49.0	7341.707946062088
487	546.1309	3.4576983	547.2	510.6	15.269608	58560000	-1.3271347e-08	7.929057	-0.000581072	-0.046354413	0.09883505	0.0010741159	0.006958334	49.0	7356.488212347031
488	546.4841	1.226634	547.3	532.1	15.096619	58680000	-3.2014214e-10	7.9802446	-0.000397901	-0.055075407	0.089407444	0.0005756592	0.00465	49.0	7371.383742809296
489	546.18494	3.3281374	547.1	501.7	15.219512	58800000	1.1641532e-09	7.981965	-0.0004858845	-0.046860874	0.09423917	0.0008053655	0.0077083334	49.0	7386.280111551285
490	546.4087	0.91721296	547.1	542.0	15.10628	58920000	6.51562e-09	8.064113	-0.00046317867	-0.06315619	0.089655094	0.0007407076	0.0056000003	49.0	7401.253564596176
491	546.5875	0.64572585	547.1	541.0	15.043269	59040000	-9.1895345e-09	8.037451	-0.00040201057	-0.0503456	0.08597213	0.0008408616	0.0057833334	49.0	7416.181662559509
492	546.4696	1.0748739	547.4	535.4	15.091787	59160000	7.3341653e-09	7.899554	-0.00037305793	-0.050762594	0.08764027	0.0007598683	0.005075	49.0	7431.183709383011
493	546.4256	1.1898024	547.1	533.8	15.10628	59280000	-9.19681e-09	8.173876	-0.00042871668	-0.061944067	0.08888868	0.0006746205	0.0069083334	49.0	7446.1356155872345
494	545.63367	6.170873	547.0	471.0	15.480198	59400000	-1.7462298e-09	7.9216776	-0.0005770951	-0.05384749	0.10533755	0.0021223607	0.007216667	49.0	7461.132122039795
495	546.2845	1.2726619	547.0	538.1	15.169903	59520000	-1.4959369e-08	7.8406053	-0.00041674048	-0.043985307	0.09192126	0.00060562603	0.0066	49.0	7476.077561616898
496	545.9324	6.22933	547.2	460.5	15.343137	59640000	-7.683411e-09	7.9819756	-0.00049691607	-0.042787373	0.09860587	0.0010178713	0.008	49.0	7491.041076660156
497	546.26117	1.4782077	547.0	531.5	15.179611	59760000	-1.1641532e-08	8.04879	-0.00039384642	-0.051479995	0.09128896	0.00081694557	0.0068333335	49.0	7506.045880556107
498	545.78564	5.7426195	547.2	487.0	15.391089	59880000	-8.032657e-09	8.019124	-0.00058844406	-0.04584098	0.101604216	0.0009481617	0.008166667	49.0	7521.070238113403
499	546.271	0.98345447	547.1	543.3	15.15459	60000000	1.22818165e-08	8.134762	-0.0005044564	-0.039713264	0.09015612	0.0008652952	0.005966667	49.0	7536.030909776688
