Epoch	AverageEpRet	StdEpRet	MaxEpRet	MinEpRet	EpLen	TotalEnvInteracts	LossPi	LossV	DeltaLossPi	DeltaLossV	Entropy	KL	ClipFrac	StopIter	Time
0	-459.775	21.145689	-427.5	-487.4	120.0	120000	9.313226e-08	4.92303	-0.014258788	-3.549477	3.4836223	0.006419574	0.051299997	49.0	31.117701292037964
1	-450.6125	12.365549	-433.15	-470.95	120.0	240000	3.0267984e-08	1.6457661	-0.014681525	-0.35061264	3.4748416	0.0073693437	0.06905833	49.0	61.94892859458923
2	-463.0625	9.91144	-451.35	-480.65	120.0	360000	3.4924597e-09	1.3171837	-0.015256086	-0.075058505	3.466425	0.005702841	0.062575	49.0	94.27290415763855
3	-452.73752	13.051429	-432.80002	-480.35	120.0	480000	-9.313226e-09	1.3089795	-0.015872765	-0.04218319	3.4558704	0.0060208477	0.06801666	49.0	123.58015823364258
4	-458.5	11.1804495	-438.5	-479.15	120.0	600000	4.656613e-09	1.213084	-0.016751096	-0.040516198	3.4466116	0.0067927744	0.07155	49.0	153.3198742866516
5	-454.85623	20.256195	-418.15	-485.85	120.0	720000	-5.355105e-09	1.2282991	-0.01709171	-0.030074373	3.4329715	0.006681538	0.07331667	49.0	186.36515641212463
6	-451.825	13.013742	-431.55002	-473.25	120.0	840000	-6.9849193e-09	1.2553455	-0.017910931	-0.027608782	3.4239717	0.0067120465	0.0757	49.0	220.10173892974854
7	-451.875	14.876682	-434.5	-486.7	120.0	960000	-1.0244548e-08	1.2018838	-0.01817284	-0.024790734	3.4154553	0.006905076	0.07985	49.0	253.8226180076599
8	-452.36252	17.244993	-432.35	-488.65	120.0	1080000	-2.0954758e-09	1.2091248	-0.017903201	-0.023432955	3.402515	0.006845232	0.07720833	49.0	286.55059480667114
9	-444.925	17.916246	-412.55002	-470.7	120.0	1200000	1.3038516e-08	1.1976836	-0.018666672	-0.029463172	3.3899717	0.006845139	0.08686667	49.0	324.60166692733765
10	-455.2625	22.154366	-415.05002	-490.4	120.0	1320000	-6.2864274e-09	1.1581895	-0.019033615	-0.02830495	3.3814688	0.006763892	0.0891	49.0	365.1098701953888
11	-449.9	14.4649105	-428.05002	-471.4	120.0	1440000	5.005859e-09	1.1298124	-0.019165168	-0.026948676	3.3712168	0.0072129807	0.09215833	49.0	403.76261281967163
12	-448.775	15.198749	-419.6	-472.05002	120.0	1560000	7.450581e-09	1.1918596	-0.019185308	-0.022187263	3.3634443	0.0070882086	0.08946667	49.0	444.03040528297424
13	-448.46252	17.25141	-431.95	-479.6	120.0	1680000	-7.450581e-09	1.2444351	-0.019898709	-0.029412106	3.3489306	0.006656559	0.09320833	49.0	481.9290030002594
14	-445.50626	16.889763	-418.95	-477.2	120.0	1800000	6.9849193e-09	1.2858026	-0.020213917	-0.029746503	3.3351912	0.0070903683	0.093166664	49.0	518.7498512268066
15	-430.1875	14.780277	-406.30002	-455.9	120.0	1920000	2.7939677e-09	1.328857	-0.020857234	-0.035502896	3.3225281	0.0076200278	0.09833333	49.0	557.1390783786774
16	-419.91876	22.240532	-392.45	-452.05002	120.0	2040000	5.5879354e-09	1.5538616	-0.020922229	-0.03514187	3.3064046	0.007326142	0.099825	49.0	595.2124674320221
17	-408.65625	27.239016	-371.30002	-441.0	120.0	2160000	1.6530976e-08	1.630172	-0.021172917	-0.04231973	3.286693	0.007974036	0.10041666	49.0	632.249401807785
18	-400.6875	28.932892	-368.2	-461.25	120.0	2280000	-1.8626451e-09	1.9145572	-0.021041099	-0.06991334	3.272236	0.007825464	0.1014	49.0	672.4133408069611
19	-405.45	34.701363	-323.1	-451.05002	120.0	2400000	3.7252903e-09	1.9912711	-0.021473017	-0.06633398	3.2483897	0.008299872	0.10610834	49.0	710.2011046409607
20	-391.71875	37.0324	-343.0	-445.80002	120.0	2520000	1.8626451e-09	2.1927052	-0.021641962	-0.080563605	3.2288587	0.008278184	0.09983333	49.0	748.5720193386078
21	-358.56876	42.558887	-282.75	-399.4	120.0	2640000	6.0535967e-09	3.1697135	-0.021839477	-0.17677379	3.2023866	0.0076130973	0.09878334	49.0	786.4170541763306
22	-307.225	76.604935	-142.8	-397.1	120.0	2760000	1.1175871e-08	3.9869113	-0.022410806	-0.12938601	3.1713722	0.009223623	0.11321667	49.0	824.0148501396179
23	-326.125	47.439632	-248.05	-385.55002	120.0	2880000	9.313226e-09	4.8043528	-0.021334268	-0.19926137	3.1285763	0.007706977	0.10275	49.0	860.3276035785675
24	-259.6375	79.40926	-126.3	-336.6	120.0	3000000	5.122274e-09	4.594512	-0.021666925	-0.1724037	3.1059377	0.007926239	0.105233334	49.0	900.4690046310425
25	-249.30626	75.485016	-131.55	-332.2	120.0	3120000	9.313226e-10	6.439419	-0.02195433	-0.35816696	3.0696583	0.008703812	0.10845833	49.0	940.9846746921539
26	-201.98125	96.5751	-19.000004	-330.85	120.0	3240000	-1.21071935e-08	6.819151	-0.021204181	-0.2767528	3.0277677	0.007796943	0.10821667	49.0	978.7522220611572
27	-173.7875	106.73483	4.4499946	-383.4	120.0	3360000	3.7252903e-09	6.8963046	-0.020855822	-0.33992043	2.9915879	0.007575028	0.10733333	49.0	1017.6085076332092
28	-89.70001	135.37085	202.2	-216.15001	120.0	3480000	9.313226e-09	11.121791	-0.020490292	-0.71719265	2.9463856	0.008002546	0.10683334	49.0	1055.400625705719
29	-147.64375	139.79454	117.899994	-372.7	120.0	3600000	-1.3038516e-08	9.114688	-0.020123452	-0.5155794	2.8988547	0.0072999354	0.10079166	49.0	1095.922120332718
30	-135.23126	62.24877	-74.600006	-257.25	120.0	3720000	6.0535967e-09	8.052175	-0.020984782	-0.44063526	2.856833	0.00854019	0.110808335	49.0	1134.3454401493073
31	-83.26875	155.95126	105.549995	-342.65	120.0	3840000	0.0	10.437237	-0.019913439	-0.55096865	2.8040955	0.00836462	0.1016	49.0	1175.6213219165802
32	-43.56876	202.146	316.5	-391.05002	120.0	3960000	-1.3969839e-09	12.000647	-0.020534717	-0.7264922	2.7667356	0.008595455	0.10611667	49.0	1210.4011301994324
33	8.999994	194.48582	329.4	-342.4	120.0	4080000	-6.519258e-09	12.020453	-0.019754484	-0.62415695	2.7227867	0.007962885	0.09445	49.0	1243.2360224723816
34	-12.431255	162.29027	290.0	-251.25	120.0	4200000	-9.313226e-10	11.017235	-0.01972954	-0.66669077	2.6759791	0.007904148	0.101283334	49.0	1275.9206552505493
35	88.225	128.50977	326.95	-92.200005	120.0	4320000	-5.5879354e-09	11.578895	-0.020269733	-0.7681868	2.6553857	0.008175207	0.09813333	49.0	1310.1774966716766
36	117.15624	139.91266	437.44998	-40.450005	120.0	4440000	-3.7252903e-09	13.7436075	-0.019966763	-0.9318749	2.5926027	0.008066601	0.10159167	49.0	1342.5181131362915
37	246.10623	181.08519	487.6	-23.450005	120.0	4560000	2.7939677e-09	14.727848	-0.020509623	-1.0254625	2.5505817	0.008520679	0.11011667	49.0	1374.8288049697876
38	185.10623	179.06287	414.44998	-194.90001	120.0	4680000	7.450581e-09	19.016068	-0.018946573	-1.5263411	2.4958363	0.0075832633	0.10000834	49.0	1410.1655943393707
39	217.81876	191.99432	487.4	-94.450005	120.0	4800000	3.7252903e-09	16.510092	-0.01923892	-1.3868953	2.4648502	0.007148425	0.10123333	49.0	1444.7252268791199
40	204.275	169.85513	545.55	-27.300007	120.0	4920000	-7.450581e-09	14.817513	-0.019429147	-1.1407094	2.4428542	0.008088627	0.10000834	49.0	1480.0997259616852
41	253.86874	154.99818	566.05	93.049995	120.0	5040000	9.313226e-10	17.399582	-0.019544024	-1.2525592	2.3902686	0.0079130065	0.102025	49.0	1512.8562712669373
42	443.20624	122.24961	638.3	311.85	120.0	5160000	3.7252903e-09	18.758734	-0.019856922	-1.4500966	2.3437479	0.008307024	0.10389166	49.0	1545.2534530162811
43	371.6375	166.70045	526.7	-4.150007	120.0	5280000	-5.5879354e-09	14.540965	-0.019457307	-1.3318869	2.2915354	0.008707852	0.101225	49.0	1575.924613237381
44	298.85626	153.05783	570.7	133.65	120.0	5400000	-7.450581e-09	13.876522	-0.01931457	-1.0505078	2.2534175	0.0073142676	0.09944999	49.0	1607.4596991539001
45	341.8125	179.37433	622.25	38.149994	120.0	5520000	1.8626451e-09	20.571766	-0.01873272	-2.1055756	2.2166367	0.00774254	0.0944	49.0	1644.1640598773956
46	430.89374	158.70488	574.35	162.65	120.0	5640000	1.1175871e-08	15.422443	-0.018605947	-1.6510962	2.1929433	0.007741739	0.089991674	49.0	1682.6022810935974
47	547.8125	124.81635	756.15	310.15	120.0	5760000	-8.8475645e-09	19.259497	-0.019109955	-1.7716339	2.1433344	0.008426892	0.09454167	49.0	1723.0045902729034
48	618.9313	215.40956	1057.85	371.1	120.0	5880000	-7.450581e-09	20.722744	-0.018597508	-1.5572748	2.0896425	0.006907693	0.08746667	49.0	1761.4130051136017
49	570.23126	182.71614	867.7	257.94998	120.0	6000000	-1.3969839e-09	13.397726	-0.018520612	-1.684674	2.0905828	0.00720952	0.092083335	49.0	1798.9877862930298
50	665.3	231.63316	999.35	185.54999	120.0	6120000	-9.313226e-09	21.274818	-0.01867018	-2.1254354	2.0572715	0.008194884	0.09186667	49.0	1842.5956468582153
51	628.9938	266.23615	967.8	132.09999	120.0	6240000	1.1175871e-08	21.116547	-0.018733125	-1.495954	2.0166607	0.0077638486	0.09255834	49.0	1880.6324393749237
52	667.2063	234.41562	1060.2	346.0	120.0	6360000	-9.313226e-10	16.787401	-0.018686213	-1.4572338	2.004943	0.007305574	0.09126666	49.0	1919.9144749641418
53	665.975	184.67415	1032.2	385.3	120.0	6480000	-9.080395e-09	21.254633	-0.01873685	-1.6770334	1.9670756	0.0070858165	0.08973333	49.0	1960.3387548923492
54	558.20624	279.97314	1078.95	73.899994	120.0	6600000	7.450581e-09	20.817888	-0.018341847	-1.6198943	1.9025075	0.008664817	0.095183335	49.0	2001.5663754940033
55	711.69995	176.38364	952.64996	383.9	120.0	6720000	-2.7939677e-09	17.393448	-0.017762274	-1.6067882	1.8951122	0.007850451	0.09024167	49.0	2042.6768667697906
56	804.2375	156.70114	1025.1	574.35	120.0	6840000	9.313226e-09	17.978558	-0.01803792	-1.4600528	1.8701309	0.008160245	0.09325	49.0	2080.569924354553
57	712.58124	175.80515	1048.05	507.1	120.0	6960000	-3.7252903e-09	19.177029	-0.018376237	-1.5177698	1.8227197	0.0081682205	0.08945833	49.0	2118.040053129196
58	731.7562	240.41472	1027.35	188.4	120.0	7080000	-1.3038516e-08	16.973743	-0.017847592	-1.4461386	1.8078449	0.0078505175	0.0902	49.0	2157.041480064392
59	838.57495	277.2	1409.7	395.8	120.0	7200000	-3.7252903e-09	19.476778	-0.017927775	-1.5137175	1.791085	0.0079854	0.08883333	49.0	2195.9059522151947
60	705.9938	188.53078	1025.7	443.0	120.0	7320000	4.656613e-10	18.102133	-0.0177274	-1.524744	1.7686043	0.007835027	0.08640833	49.0	2233.4322147369385
61	929.4778	185.70119	1163.8	685.7	120.0	7440000	7.450581e-09	24.970356	-0.018068092	-2.6729097	1.7523854	0.008260624	0.08991666	49.0	2271.8399040699005
62	887.8187	174.60477	1123.75	570.5	120.0	7560000	-2.7939677e-09	23.902222	-0.017923944	-2.1339512	1.7200236	0.0076517654	0.08684167	49.0	2312.410265684128
63	1187.3625	186.53413	1441.55	966.6	120.0	7680000	4.656613e-09	29.739729	-0.018481826	-2.6475787	1.696204	0.008891987	0.089324996	49.0	2352.136465549469
64	906.0375	280.7192	1225.8	307.5	120.0	7800000	-4.656613e-09	21.602348	-0.018353105	-2.5165472	1.6698018	0.007935087	0.090875	49.0	2396.018224954605
65	1057.8812	231.2536	1412.2	659.25	120.0	7920000	2.7939677e-09	21.234716	-0.01786761	-1.9481686	1.6384434	0.008209106	0.0881	49.0	2439.2857813835144
66	1138.2555	383.87564	1647.75	535.0	120.0	8040000	1.3969839e-08	31.919811	-0.018658116	-2.9955823	1.6232579	0.0084909815	0.08998333	49.0	2478.260856151581
67	994.65	204.3785	1344.1	610.85	120.0	8160000	1.1175871e-08	23.90202	-0.017478406	-2.5698314	1.6040934	0.0070187543	0.083733335	49.0	2516.6337893009186
68	1226.2188	125.640526	1404.4	1057.15	120.0	8280000	0.0	22.155079	-0.017868534	-1.6379999	1.5903121	0.008279584	0.08781667	49.0	2554.679266691208
69	1174.0875	291.22986	1721.15	734.0	120.0	8400000	1.1175871e-08	26.470314	-0.017869042	-2.041921	1.5782613	0.007795746	0.085925	49.0	2597.1861946582794
70	1074.775	200.71405	1319.1	755.0	120.0	8520000	1.8626451e-09	21.084326	-0.01786774	-1.7138021	1.5529138	0.008182257	0.087125	49.0	2635.8167839050293
71	1263.1624	193.23822	1583.4	881.89996	120.0	8640000	3.7252903e-09	22.343151	-0.017331745	-1.7294905	1.541678	0.0072438084	0.08241667	49.0	2676.2781071662903
72	1179.2625	424.37903	1627.9	218.75	120.0	8760000	3.7252903e-09	27.041054	-0.018220402	-2.4227357	1.5125905	0.00811181	0.090391666	49.0	2715.934669494629
73	1463.6687	338.72922	1843.55	838.05	120.0	8880000	-1.3038516e-08	24.08688	-0.017976934	-2.5435715	1.5012307	0.009341544	0.08923334	49.0	2759.174392938614
74	1276.8688	191.11584	1591.65	987.25	120.0	9000000	9.313226e-10	26.061565	-0.017537609	-2.481478	1.4929054	0.00820547	0.08565833	49.0	2798.936152935028
75	1250.1937	322.46774	1646.5	697.95	120.0	9120000	-1.6763806e-08	28.910128	-0.017244112	-2.573917	1.4688985	0.00825673	0.082783334	49.0	2838.8003385066986
76	1505.3938	270.8452	1867.2	1126.85	120.0	9240000	0.0	32.784157	-0.01803894	-3.034486	1.4643323	0.00857705	0.08669166	49.0	2877.4561207294464
77	1504.5625	170.50545	1777.6	1293.65	120.0	9360000	-1.4901161e-08	23.972906	-0.018081594	-2.5502577	1.4494076	0.008254745	0.09053333	49.0	2916.7694466114044
78	1435.1937	307.92926	1868.2	1017.35	120.0	9480000	5.5879354e-09	26.07265	-0.018116478	-2.0540605	1.4244487	0.009237202	0.09510833	49.0	2959.165232181549
79	1662.5625	237.74738	1965.6	1165.95	116.375	9600000	1.1175871e-08	27.3834	-0.018201914	-2.2837887	1.4052191	0.008516188	0.08935834	49.0	2999.0008811950684
80	1529.05	292.97952	1869.35	1085.75	120.0	9720000	3.7252903e-09	27.443146	-0.017839834	-2.1381435	1.4072375	0.008111484	0.08924167	49.0	3036.9528379440308
81	1690.5874	181.60371	1888.55	1333.45	120.0	9840000	9.313226e-10	29.219666	-0.01833186	-2.7286713	1.3969822	0.009346799	0.09094167	49.0	3071.41965675354
82	1575.6556	340.33786	2107.7	1041.75	112.0	9960000	-1.5832484e-08	27.241646	-0.017892975	-2.277032	1.3713204	0.008559145	0.08798333	49.0	3102.3924729824066
83	1677.561	304.29077	2162.6	1212.55	111.333336	10080000	-9.313226e-09	33.340126	-0.017933423	-2.604053	1.3582882	0.009608384	0.090325	49.0	3137.1904485225677
84	1741.3	139.9356	1897.05	1465.4	120.0	10200000	6.519258e-09	25.820614	-0.018119974	-1.8348094	1.3603755	0.009123484	0.090124995	49.0	3170.5687234401703
85	1747.8833	295.59125	2182.7	1040.9	111.111115	10320000	3.7252903e-09	28.103811	-0.017278988	-2.2177658	1.3547606	0.0075537367	0.086616665	49.0	3205.569999933243
86	1772.4222	239.96677	2151.35	1178.95	111.44444	10440000	-1.8626451e-09	24.703457	-0.017947588	-1.9057992	1.3273907	0.0090172645	0.09161666	49.0	3238.8098344802856
87	1896.254	235.90907	2182.0	1408.35	89.0	10560000	3.259629e-09	22.535002	-0.018182715	-1.9677649	1.2423177	0.009253627	0.09526667	49.0	3275.297604084015
88	1785.35	270.1013	2192.5	1125.8	106.0	10680000	2.7939677e-09	20.48622	-0.01776918	-1.3388505	1.2949479	0.00914612	0.09256667	49.0	3312.0569014549255
89	1834.3	267.53192	2171.5	1333.85	99.90909	10800000	-1.8626451e-09	29.967138	-0.017971303	-2.0595567	1.2707903	0.008820782	0.09155	49.0	3349.4829971790314
90	1783.3055	237.11073	2188.2	1229.2	111.0	10920000	-1.4901161e-08	23.136269	-0.01770718	-1.7167606	1.2888111	0.008244691	0.08924167	49.0	3386.5850780010223
91	1820.8398	233.12305	2197.65	1384.95	104.2	11040000	3.7252903e-09	21.391018	-0.017605325	-1.34203	1.257678	0.009453059	0.090675	49.0	3420.237218618393
92	1726.8864	349.3344	2153.6	950.8	100.818184	11160000	2.7939677e-09	24.693035	-0.017828077	-2.2057536	1.2523158	0.007987827	0.09251666	49.0	3453.474203824997
93	1865.146	275.61816	2164.15	1268.85	91.0	11280000	1.1175871e-08	26.776937	-0.018028252	-2.5767255	1.2015965	0.0100931525	0.09358333	49.0	3485.742104291916
94	1947.2037	211.89795	2185.9	1519.65	80.69231	11400000	7.450581e-09	19.067719	-0.018163808	-1.5795689	1.1720532	0.00992015	0.09726667	49.0	3520.165363073349
95	1956.1583	219.37505	2211.05	1536.1	81.916664	11520000	9.778887e-09	16.80331	-0.018340997	-1.0359434	1.2223401	0.008915808	0.09698333	49.0	3556.6128299236298
96	2017.6964	218.7612	2220.4	1541.35	73.64286	11640000	2.2351742e-08	20.617702	-0.017808162	-1.2141919	1.1439469	0.008722595	0.09211667	49.0	3592.818432569504
97	2008.497	227.25278	2211.75	1603.85	70.5625	11760000	-1.4901161e-08	21.534637	-0.017693795	-1.2559911	1.0977261	0.008916855	0.092966676	49.0	3628.8891541957855
98	2010.5957	195.46368	2201.8	1547.0	75.416664	11880000	0.0	21.266869	-0.017767321	-1.2261398	1.146945	0.009085434	0.09605	49.0	3663.2576308250427
99	1991.0817	266.6401	2219.6	1558.7	69.27273	12000000	-5.5879354e-09	20.159964	-0.018284243	-1.3236895	1.1606232	0.009701136	0.09921667	49.0	3699.2623612880707
100	2084.18	188.57976	2218.8	1751.2999	61.2	12120000	-4.4237822e-09	19.740612	-0.01794495	-1.3593429	1.1103876	0.009291047	0.095416665	49.0	3735.1898562908173
101	1793.2056	240.35216	2193.45	1567.2999	96.22222	12240000	2.7939677e-09	16.841816	-0.018570494	-1.6559078	1.2212589	0.008297898	0.09925833	49.0	3770.781350135803
102	2017.4352	216.62259	2222.4	1693.75	72.2	12360000	4.656613e-09	18.917122	-0.0178345	-1.3280236	1.1833203	0.008828988	0.098825	49.0	3806.2293186187744
103	2048.4963	237.61372	2220.4	1601.0	61.357143	12480000	1.8626451e-09	18.972733	-0.017824829	-1.1082356	1.1300308	0.009010721	0.10029167	49.0	3843.410816192627
104	2061.104	217.54575	2229.05	1676.25	63.583332	12600000	-3.7252903e-09	18.53499	-0.0173482	-1.3086866	1.1639142	0.008971522	0.095416665	49.0	3879.317987680435
105	2016.47	243.04611	2218.05	1626.95	70.4	12720000	1.3969839e-08	15.892495	-0.01825082	-0.8780191	1.2449446	0.008978976	0.10316666	49.0	3916.1843450069427
106	2105.2708	202.40686	2229.65	1632.5	56.82353	12840000	6.519258e-09	23.20151	-0.017135467	-1.9161192	1.0073581	0.008389555	0.0906	49.0	3950.604591846466
107	2187.6282	51.252216	2237.1	2050.7	40.9375	12960000	-7.450581e-09	20.358912	-0.017534781	-1.0575284	1.0042763	0.009005542	0.094025	49.0	3983.8256635665894
108	2121.5881	206.1476	2236.8	1648.6	51.52941	13080000	-3.7252903e-09	20.882778	-0.017067354	-1.1024452	0.99176943	0.008815356	0.08891667	49.0	4019.2354986667633
109	2154.55	166.8223	2237.0	1653.2999	46.142857	13200000	3.259629e-09	20.817749	-0.016682597	-1.1956755	0.90979755	0.007994582	0.08760833	49.0	4056.115786075592
110	2100.2234	221.6832	2235.6	1665.1	55.941177	13320000	-6.519258e-09	24.513771	-0.016773004	-2.052862	0.9632578	0.009184878	0.089441665	49.0	4092.1560690402985
111	2060.8142	233.94882	2236.7	1666.0	61.642857	13440000	5.5879354e-09	17.417109	-0.017100718	-1.1205487	1.0744244	0.009563034	0.09553333	49.0	4127.98330616951
112	2153.0562	180.229	2238.3	1672.2999	46.75	13560000	-1.8626451e-09	19.722898	-0.016814582	-1.2712263	0.97967565	0.009520766	0.09273334	49.0	4162.2057893276215
113	2091.9644	216.02406	2244.05	1679.2999	56.42857	13680000	-1.8626451e-09	17.19984	-0.017095884	-0.9795698	1.0594357	0.008812584	0.09525833	49.0	4196.382036685944
114	2012.5232	241.87445	2239.3	1692.9	70.92308	13800000	7.450581e-09	16.099203	-0.016741011	-1.0079501	1.1161847	0.009138394	0.09933333	49.0	4233.220063447952
115	2193.348	109.40058	2241.05	1699.6	40.782608	13920000	-5.5879354e-09	21.96279	-0.016165897	-1.9052638	0.8245092	0.0083060935	0.083225	49.0	4269.92743730545
116	2167.3223	167.1805	2239.7	1694.1	45.11111	14040000	-5.5879354e-09	19.233192	-0.016364548	-0.9857695	0.94678545	0.008928694	0.09205833	49.0	4307.094636440277
117	2168.0	162.04321	2239.6	1710.7	45.333332	14160000	-7.450581e-09	20.795332	-0.016550701	-1.2933744	0.9385618	0.008577988	0.09165	49.0	4342.021692276001
118	2139.5305	189.53017	2245.25	1708.2999	50.11111	14280000	5.5879354e-09	18.510782	-0.016466953	-0.8842635	0.9555607	0.009112412	0.09089166	49.0	4379.9083042144775
119	2126.4133	204.08965	2238.3	1707.7999	52.266666	14400000	-1.6763806e-08	17.066847	-0.016830696	-0.9200287	1.020844	0.009425579	0.096141666	49.0	4413.844642162323
120	2088.2856	229.71484	2243.45	1718.9	59.0	14520000	3.7252903e-09	16.908194	-0.016866524	-0.9025979	1.0524898	0.009341091	0.09571667	49.0	4450.573397397995
121	2155.95	166.36641	2244.55	1735.0	47.933334	14640000	1.8626451e-09	16.809822	-0.016422791	-0.9943155	1.032032	0.00893523	0.09295833	49.0	4487.557074308395
122	2177.8176	148.5638	2245.95	1734.2	44.15	14760000	-3.259629e-09	19.130703	-0.016361345	-1.0644383	0.9073991	0.008968568	0.08765833	49.0	4523.84969496727
123	2187.4705	140.24223	2245.05	1744.2	42.772728	14880000	2.6077032e-08	20.24123	-0.015838102	-1.050546	0.79680604	0.007497159	0.08370833	49.0	4560.679919719696
124	2143.1606	158.24329	2242.65	1751.0	51.642857	15000000	1.8626451e-08	18.378582	-0.016819663	-2.210815	1.0213976	0.008024849	0.096125	49.0	4596.535994052887
125	2127.2332	203.58563	2244.65	1619.6	52.0	15120000	-1.1175871e-08	19.257086	-0.016319767	-1.2096677	0.9866289	0.0094047515	0.092575	49.0	4632.449262619019
126	2126.6821	195.44958	2245.95	1753.0	53.92857	15240000	-1.8626451e-09	15.741331	-0.016787242	-0.92575717	1.0689158	0.0100898035	0.098575	49.0	4670.469236135483
127	2119.4001	209.49019	2246.15	1751.9	55.333332	15360000	1.0244548e-08	14.974102	-0.016329516	-0.83954453	1.0920436	0.009078309	0.09746666	49.0	4706.748046875
128	2088.8577	217.99678	2246.25	1759.9	61.0	15480000	1.4901161e-08	15.575121	-0.016540617	-0.8098258	1.0577892	0.008739222	0.093875	49.0	4742.650692462921
129	2146.1719	184.387	2248.95	1758.7	50.8125	15600000	1.6763806e-08	17.614582	-0.01588402	-0.99778175	0.93393326	0.009186667	0.089825004	49.0	4777.159367322922
130	2065.3865	226.60226	2246.25	1761.7	65.545456	15720000	-5.122274e-09	15.10121	-0.01661397	-1.0510447	1.0971863	0.009741704	0.10021667	49.0	4812.95304107666
131	2001.0352	232.3213	2244.05	1765.0	77.5	15840000	-1.8626451e-09	14.146435	-0.016564762	-0.9207227	1.1292945	0.009454319	0.097775	49.0	4848.901818990707
132	2147.5593	180.41069	2252.8	1769.4	50.9375	15960000	7.450581e-09	17.563564	-0.01612725	-1.1605076	0.9907198	0.009437056	0.094775	49.0	4881.159301996231
133	2185.3289	142.20326	2246.45	1771.6	43.842106	16080000	0.0	18.70667	-0.015813064	-1.1071135	0.87845373	0.00910241	0.088075	49.0	4915.909222841263
134	2139.7856	189.57944	2251.6	1774.0	52.57143	16200000	1.2572855e-08	15.977923	-0.0161254	-0.8514123	1.0007466	0.009388666	0.092716664	49.0	4951.440154314041
135	2111.3088	205.1781	2245.75	1774.5	57.81818	16320000	-1.1175871e-08	14.820478	-0.016226523	-0.87400925	1.0760239	0.009671627	0.09748334	49.0	4985.821931838989
136	1844.4875	152.60251	2245.35	1776.6	109.125	16440000	-5.5879354e-09	13.476553	-0.016851146	-1.6760197	1.1662416	0.007906075	0.10062499	49.0	5019.710425376892
137	2141.7002	185.62932	2247.55	1786.0	52.714287	16560000	-7.450581e-09	16.774727	-0.015858456	-1.6320168	0.99405867	0.009967068	0.09154166	49.0	5053.578881263733
138	2192.9148	121.33783	2246.85	1784.8	42.882355	16680000	-5.5879354e-09	17.989391	-0.015129776	-1.016445	0.90508777	0.008527027	0.08725	49.0	5089.760821819305
139	2167.453	158.07945	2251.5	1782.4	47.72222	16800000	7.450581e-09	17.22085	-0.015377986	-0.91448617	0.90192556	0.008768834	0.087475	49.0	5126.0322206020355
140	2180.7422	138.41321	2247.25	1786.4	45.157894	16920000	-7.450581e-09	17.849989	-0.015567361	-0.8584182	0.8614405	0.008539543	0.08585833	49.0	5161.719131946564
141	2198.9087	127.24128	2253.0	1785.6	41.739132	17040000	0.0	19.77016	-0.014975976	-1.0670853	0.7280184	0.007938234	0.0784	49.0	5197.562217473984
142	2113.3374	190.41373	2251.0	1786.2	58.083332	17160000	5.5879354e-09	15.5026455	-0.016219616	-1.1778682	1.0173446	0.008827524	0.09650834	49.0	5233.130900144577
143	2148.7566	179.09245	2246.95	1791.0	51.4	17280000	0.0	16.61399	-0.015102727	-0.9458513	0.91965866	0.009287126	0.0877	49.0	5270.435049057007
144	2143.887	184.59166	2252.7	1785.8	52.263157	17400000	-3.7252903e-09	16.947672	-0.015447233	-0.90695167	0.90052056	0.00943428	0.08833334	49.0	5305.29106593132
145	2191.9028	142.04634	2251.1	1790.5	43.27778	17520000	-3.7252903e-09	17.913868	-0.015099289	-0.98052216	0.83369297	0.008802574	0.08668333	49.0	5341.952079296112
146	2203.9949	96.58137	2247.15	1792.6	40.9	17640000	-4.656613e-09	18.965721	-0.015025204	-0.972875	0.7770509	0.007814253	0.0803	49.0	5377.107716083527
147	2198.0771	103.42326	2250.0	1790.7	42.041668	17760000	3.7252903e-09	19.1872	-0.014646171	-1.1141713	0.6994192	0.00780744	0.078833334	49.0	5412.491544246674
148	2153.8367	160.12573	2252.6	1794.0	50.63158	17880000	3.7252903e-09	17.076138	-0.015193535	-0.8977674	0.822311	0.009275902	0.08655833	49.0	5447.058295249939
149	2219.974	82.26564	2252.5	1793.1	37.827587	18000000	5.5879354e-09	21.805162	-0.013949628	-1.397002	0.5762942	0.007691349	0.071108334	49.0	5481.768357038498
150	2204.0842	94.77092	2252.3	1794.4	40.954544	18120000	1.4901161e-08	18.558657	-0.014754913	-1.1893992	0.7413229	0.00881738	0.08186667	49.0	5518.561822891235
151	2227.092	33.21398	2252.9	2103.15	36.64	18240000	-3.7252903e-09	20.576393	-0.014369963	-1.0061091	0.66124636	0.00839949	0.07623333	49.0	5555.346623182297
152	2183.813	114.40952	2251.8	1801.5	45.130436	18360000	9.313226e-09	18.656116	-0.014913415	-1.051765	0.7427378	0.00818627	0.081125	49.0	5590.558725357056
153	2215.1292	90.59987	2252.7	1795.6	38.916668	18480000	7.450581e-09	20.588087	-0.014667613	-1.1219147	0.66457915	0.008920308	0.07885	49.0	5625.900688171387
154	2231.9724	35.844383	2252.4	2052.55	35.70968	18600000	-1.3038516e-08	20.491894	-0.013180923	-1.2109516	0.5033432	0.007208568	0.06440833	49.0	5661.948431253433
155	2237.448	14.481637	2253.0	2178.0	34.666668	18720000	5.5879354e-09	20.316303	-0.014068162	-1.0711619	0.5909897	0.008986456	0.074475005	49.0	5695.378932714462
156	2232.2983	29.60784	2253.5	2095.7	35.62069	18840000	3.4924597e-09	21.794247	-0.013615233	-1.0474002	0.5141897	0.0077020004	0.06925833	49.0	5732.294645547867
157	2227.6414	41.122726	2253.5	2047.7	36.517242	18960000	-9.778887e-09	21.085152	-0.013606973	-0.9845916	0.5247599	0.007878417	0.069	49.0	5768.051478385925
158	2230.445	30.927996	2253.4	2106.6	35.966667	19080000	9.313226e-10	21.306726	-0.013488307	-1.1367352	0.51077753	0.007849436	0.06814167	49.0	5803.199585676193
159	2207.0815	104.6254	2253.2	1798.9	40.592594	19200000	-5.5879354e-09	19.660397	-0.014072444	-1.1775695	0.6104021	0.008666584	0.07491667	49.0	5841.426029205322
160	2231.581	35.26171	2252.9	2077.1	35.827587	19320000	8.614734e-09	21.377983	-0.013228161	-1.1685433	0.4910419	0.007449664	0.064216666	49.0	5877.116406679153
161	2231.9744	28.769918	2259.15	2129.0	35.80645	19440000	-8.614734e-09	20.978344	-0.013139905	-1.0066504	0.48546633	0.007870081	0.068875	49.0	5912.000552177429
162	2233.3533	35.59639	2253.8	2051.95	35.466667	19560000	-6.0535967e-09	21.09837	-0.012923098	-1.0662749	0.48213568	0.008178808	0.065575	49.0	5951.168837785721
163	2231.0862	25.46522	2254.2	2137.5	35.86207	19680000	5.122274e-09	21.514736	-0.013047356	-1.049428	0.4936773	0.0070059877	0.06589167	49.0	5986.103880167007
164	2234.2568	25.60833	2253.6	2141.75	35.266666	19800000	-1.9790605e-09	21.79039	-0.012611691	-1.1408935	0.4544179	0.0073839445	0.063700005	49.0	6022.69056391716
165	2230.9897	55.268105	2252.7	1947.2	35.86207	19920000	-6.0535967e-09	21.261898	-0.013288913	-1.0602614	0.47827524	0.007896343	0.06894167	49.0	6058.105190515518
166	2238.13	22.463684	2253.8	2143.35	34.6	20040000	4.4237822e-09	21.870289	-0.012653345	-1.2773266	0.44360098	0.007157079	0.062124997	49.0	6089.906734466553
167	2237.8323	22.760252	2253.2	2163.65	34.64516	20160000	1.5133992e-08	22.017193	-0.0125072	-1.0490079	0.43912864	0.007929491	0.062233333	49.0	6126.934870481491
168	2235.214	34.36693	2257.25	2065.6	35.129032	20280000	-1.21071935e-08	21.284933	-0.012620673	-1.0104136	0.4422409	0.007449829	0.063625	49.0	6162.856889486313
169	2227.835	47.304043	2253.7	2015.6	36.5	20400000	1.2572855e-08	20.44611	-0.013376186	-1.0712757	0.47607416	0.0077432506	0.06578334	49.0	6197.5163633823395
170	2240.4097	21.032879	2258.35	2142.85	34.129032	20520000	-1.4202669e-08	21.74368	-0.012746191	-1.0787551	0.41646278	0.007916157	0.062175002	49.0	6233.109157562256
171	2239.324	22.886858	2253.6	2137.0	34.29032	20640000	-2.3283064e-09	21.714474	-0.01299491	-1.1289432	0.42144966	0.0073008183	0.061550003	49.0	6270.080574274063
172	2241.3079	15.133663	2255.75	2179.6	33.90625	20760000	1.9790605e-09	21.21983	-0.012264871	-1.0390747	0.40731916	0.007113118	0.0585	49.0	6306.064799547195
173	2240.283	19.216684	2252.4	2153.65	34.09375	20880000	1.1641532e-09	21.931301	-0.012562824	-1.1976061	0.40928435	0.0074822474	0.061675	49.0	6342.0555419921875
174	2245.4717	7.8123155	2257.95	2224.05	33.125	21000000	-9.778887e-09	21.534426	-0.012175423	-1.1265383	0.38096818	0.0067063523	0.05745	49.0	6376.988066911697
175	2244.3467	13.599714	2257.05	2192.85	33.3125	21120000	-8.381903e-09	21.429363	-0.012464264	-1.1243732	0.38390148	0.007190408	0.059908334	49.0	6413.295557022095
176	2245.3313	11.382262	2252.9	2204.15	33.125	21240000	-3.5506673e-09	22.810013	-0.01249278	-1.0832503	0.3784137	0.0071651256	0.059350003	49.0	6451.749025583267
177	2244.839	12.167199	2255.65	2199.6	33.28125	21360000	6.519258e-09	21.610632	-0.012194182	-0.9837105	0.3796751	0.0070456676	0.05855	49.0	6484.891956567764
178	2231.612	69.01032	2256.95	1877.4	35.896553	21480000	9.313226e-09	21.10825	-0.013295857	-1.1790575	0.46007198	0.0084732715	0.06779166	49.0	6519.660586833954
179	2245.6484	8.252669	2254.85	2223.85	33.03125	21600000	-7.1013346e-09	22.344822	-0.011890318	-1.1898613	0.36838603	0.0067462097	0.056575	49.0	6554.195523262024
180	2245.631	7.952789	2252.6	2219.0	33.0625	21720000	-6.693881e-09	22.002903	-0.012010229	-1.2508905	0.36454287	0.0067878887	0.05690833	49.0	6589.2610404491425
181	2244.4688	11.674911	2254.0	2195.85	33.3125	21840000	1.0826625e-08	21.894491	-0.011759264	-1.130471	0.36741078	0.00754753	0.05765833	49.0	6624.672255039215
182	2241.7434	28.335241	2257.15	2092.85	33.83871	21960000	1.3504177e-08	21.425392	-0.012195284	-1.0888324	0.3783692	0.0071201543	0.060475	49.0	6661.814106225967
183	2241.0408	12.928021	2252.8	2200.0	33.9375	22080000	1.094304e-08	20.964375	-0.012168337	-1.0542576	0.3819934	0.0075437594	0.05975	49.0	6696.502356767654
184	2242.0227	23.7208	2253.3	2122.95	33.80645	22200000	-2.3283064e-10	21.420788	-0.012143426	-1.0776258	0.37260234	0.007470496	0.059074998	49.0	6731.888334512711
185	2244.5422	8.504174	2253.0	2218.3	33.28125	22320000	-8.614734e-09	22.063885	-0.012324895	-1.1634862	0.35720503	0.0070141642	0.058758333	49.0	6767.129618644714
186	2235.255	44.45423	2253.1	2003.0	35.096775	22440000	-8.381903e-09	20.707443	-0.012391908	-1.0673571	0.39967352	0.008097192	0.061766665	49.0	6801.818807601929
187	2246.717	6.9597073	2253.4	2227.0	32.90625	22560000	-5.355105e-09	21.746803	-0.011829793	-1.1422215	0.34095514	0.00640592	0.0542	49.0	6839.481995105743
188	2245.1514	14.437627	2253.9	2198.6	33.21875	22680000	6.0535967e-09	21.124617	-0.011974205	-1.120367	0.3490716	0.007034337	0.057266667	49.0	6872.666170358658
189	2246.925	8.608161	2254.1	2217.15	32.875	22800000	3.958121e-09	22.11885	-0.011716071	-1.2045405	0.34034675	0.007712048	0.057158332	49.0	6908.824864149094
190	2213.118	114.42491	2253.5	1794.4	39.42857	22920000	-1.8626451e-09	20.222954	-0.013351509	-1.8341005	0.48276863	0.009079637	0.072283335	49.0	6943.722216129303
191	2240.878	15.833482	2254.3	2194.45	34.0625	23040000	3.7252903e-09	20.892925	-0.011745172	-1.1811543	0.36177534	0.0069376035	0.05815	49.0	6978.676069259644
192	2235.134	45.580906	2253.6	2000.15	35.19355	23160000	-6.7520887e-09	20.94042	-0.012146595	-1.0269834	0.39260516	0.008066337	0.062491667	49.0	7014.409441947937
193	2246.739	10.054713	2256.95	2212.85	32.90625	23280000	2.7939677e-09	21.391758	-0.0115946885	-1.0443954	0.33328223	0.0067614894	0.056191668	49.0	7048.710698604584
194	2240.442	44.5048	2257.85	2002.85	34.258064	23400000	4.656613e-09	20.273415	-0.0115020415	-1.0572228	0.36467868	0.0073086536	0.056241665	49.0	7084.536206483841
195	2237.8662	32.865685	2258.55	2108.8	34.677418	23520000	-3.4924597e-09	21.246984	-0.011886198	-1.1109028	0.37757084	0.007431733	0.0603	49.0	7123.156482934952
196	2242.7827	14.0156555	2253.5	2197.3	33.65625	23640000	-1.2805685e-08	20.572906	-0.011407198	-1.0161045	0.34749082	0.007289464	0.056975	49.0	7158.643187522888
197	2243.7095	14.777663	2256.95	2186.45	33.4375	23760000	-2.9685907e-09	21.61377	-0.011683385	-1.0648053	0.3421654	0.007642957	0.058291666	49.0	7194.405122041702
198	2243.7485	14.303222	2253.4	2187.9	33.46875	23880000	1.7229468e-08	21.036108	-0.011405304	-1.0342886	0.34262186	0.007091388	0.057291664	49.0	7230.485223293304
199	2246.1687	12.39056	2257.35	2202.95	33.0	24000000	7.3341653e-09	21.628513	-0.01122779	-0.99879956	0.32952335	0.007382298	0.056308333	49.0	7263.367274522781
200	2246.25	11.517914	2256.65	2198.4	32.9375	24120000	7.916242e-09	22.0159	-0.01137942	-1.178328	0.32875007	0.006951372	0.055299997	49.0	7299.95741724968
201	2244.8877	12.402449	2258.75	2191.0	33.3125	24240000	-1.6996637e-08	21.365515	-0.01165775	-1.0617733	0.33435655	0.0069712703	0.056058332	49.0	7335.101168632507
202	2248.2063	7.723934	2256.35	2218.6	32.625	24360000	2.3574103e-09	22.086775	-0.011567601	-1.0847654	0.32006902	0.0071739824	0.055741668	49.0	7370.1490750312805
203	2243.2031	40.815613	2258.35	2020.95	33.677418	24480000	1.3969839e-09	21.099281	-0.011960304	-1.0881288	0.34705234	0.008220788	0.060741667	49.0	7405.042412519455
204	2250.9578	4.154551	2259.05	2236.75	32.15625	24600000	-4.656613e-10	21.995855	-0.0114884	-1.136164	0.30812326	0.006588934	0.053516667	49.0	7439.8074514865875
205	2241.4307	36.013184	2256.65	2051.95	33.967743	24720000	1.816079e-08	21.23199	-0.011753229	-1.0394037	0.3506421	0.007871915	0.057816666	49.0	7474.486136674881
206	2247.3655	12.323677	2258.05	2195.05	32.827587	24840000	-4.1909516e-09	20.820555	-0.012087436	-1.0341208	0.37483624	0.008439077	0.061674997	49.0	7510.178118467331
207	2243.3296	16.866636	2256.45	2181.5	33.59375	24960000	-5.675247e-09	21.439526	-0.011630348	-1.0370018	0.34237474	0.007565593	0.058841668	49.0	7545.733468055725
208	2227.4985	82.16635	2256.65	1798.5	36.566666	25080000	-3.7252903e-09	21.352825	-0.012808561	-1.5465045	0.41167015	0.008684162	0.06956667	49.0	7581.968464612961
209	2246.0796	13.9875965	2256.35	2177.1	32.96875	25200000	-3.958121e-09	22.226313	-0.0119260885	-1.2913532	0.32577837	0.007204457	0.057958335	49.0	7625.708951950073
210	2244.6501	35.003178	2257.85	2053.85	33.322582	25320000	-6.519258e-09	21.478695	-0.011563447	-1.1486702	0.33414266	0.00730177	0.057958335	49.0	7664.663321733475
211	2242.747	20.753803	2258.45	2178.1	33.6875	25440000	8.090865e-09	21.223667	-0.012169862	-1.1178608	0.34388828	0.007275624	0.058925003	49.0	7704.028270483017
212	2244.9453	16.853329	2258.55	2189.0	33.28125	25560000	4.8894435e-09	21.682453	-0.011408303	-1.0136919	0.3310542	0.007536708	0.056608334	49.0	7744.1333084106445
213	2243.7188	20.555729	2258.35	2143.15	33.5	25680000	-2.3283064e-09	21.48628	-0.011879818	-1.0066967	0.33706313	0.007562506	0.058333337	49.0	7787.746655225754
214	2246.497	11.067761	2258.75	2205.35	33.0	25800000	-1.3387762e-08	21.769602	-0.011689987	-1.2216392	0.32396206	0.0071118996	0.056266665	49.0	7830.188765764236
215	2238.555	24.259388	2257.55	2161.85	34.51613	25920000	-6.0535967e-09	20.546251	-0.011987234	-1.0178344	0.35873267	0.007954436	0.061049998	49.0	7872.095654010773
216	2243.763	36.49618	2258.05	2046.0	33.51613	26040000	1.8626451e-09	21.797247	-0.01231358	-1.1361666	0.33528626	0.00860368	0.060258336	49.0	7914.553006887436
217	2246.2766	12.464144	2258.05	2191.1	33.03125	26160000	-1.071021e-08	21.507738	-0.011729067	-1.1063595	0.32095617	0.0071958476	0.0568	49.0	7958.221220731735
218	2235.3035	34.92172	2257.55	2113.95	35.096775	26280000	-4.656613e-10	20.960247	-0.012456754	-1.1632588	0.37321594	0.008845149	0.06375833	49.0	8004.954079151154
219	2246.4563	14.036678	2258.25	2191.75	32.875	26400000	7.1013346e-09	21.59495	-0.011586387	-1.0731926	0.31856072	0.007246751	0.057158336	49.0	8047.710737228394
220	2242.961	20.294382	2257.75	2152.65	33.59375	26520000	9.313226e-10	21.102474	-0.0121195875	-1.1356783	0.3346587	0.0077639716	0.059816666	49.0	8091.308033943176
221	2251.4453	6.1807184	2258.15	2228.9	31.96875	26640000	7.21775e-09	22.112457	-0.011396014	-1.1775272	0.29553333	0.0072146216	0.055666666	49.0	8136.24893951416
222	2242.4248	24.432838	2257.85	2160.75	33.625	26760000	2.0954758e-09	20.723349	-0.011978466	-1.0519078	0.33357775	0.00770748	0.05945	49.0	8178.371647119522
223	2247.8062	9.438217	2258.35	2220.4	32.625	26880000	3.259629e-09	21.652122	-0.011634559	-1.127887	0.31059092	0.006643726	0.055733334	49.0	8220.785180330276
224	2242.5344	22.07714	2257.95	2169.8	33.6875	27000000	7.392373e-09	20.199053	-0.011552711	-1.0142689	0.33485064	0.007325071	0.056441665	49.0	8261.430883169174
225	2248.522	17.33782	2258.35	2155.55	32.5625	27120000	5.122274e-09	21.70504	-0.011945904	-1.202502	0.31171906	0.007840181	0.057341665	49.0	8307.018079042435
226	2245.8625	14.600375	2257.35	2179.85	32.9375	27240000	3.0267984e-09	21.545824	-0.011751836	-1.1258273	0.31864095	0.007856514	0.058725	49.0	8350.672639846802
227	2245.2192	26.076168	2257.95	2108.4	33.16129	27360000	-6.519258e-09	21.520887	-0.01206692	-1.1051443	0.32184693	0.007647096	0.060900003	49.0	8390.802916288376
228	2249.1904	11.546242	2258.35	2202.25	32.387096	27480000	-4.773028e-09	21.224379	-0.011633914	-1.0167983	0.32255363	0.0067815837	0.057800002	49.0	8429.769939661026
229	2249.189	10.467481	2258.35	2207.8	32.34375	27600000	6.6356733e-09	21.88673	-0.011283944	-1.1344764	0.29785305	0.0075758966	0.053724997	49.0	8466.681870698929
230	2247.3828	12.464712	2258.15	2204.35	32.65625	27720000	-8.556526e-09	21.98582	-0.011543684	-1.2009792	0.30525455	0.0077265627	0.057291664	49.0	8502.59088587761
231	2248.2546	8.8436165	2259.15	2209.2	32.53125	27840000	5.16593e-09	22.423634	-0.011544475	-1.1654191	0.30307382	0.00751736	0.05600833	49.0	8539.326802015305
232	2250.9048	4.681169	2258.05	2235.35	32.03125	27960000	-1.2398232e-08	22.576405	-0.011549851	-1.1719744	0.28758645	0.007280886	0.054375	49.0	8575.551204919815
233	2243.8608	20.486645	2257.45	2167.2	33.34375	28080000	-8.381903e-09	22.09208	-0.011472508	-1.211663	0.31741774	0.007399606	0.057633333	49.0	8610.560017585754
234	2248.097	10.118007	2257.45	2204.85	32.5625	28200000	-7.3050614e-09	21.88359	-0.011064132	-1.0210102	0.29369342	0.006880927	0.05534167	49.0	8645.480221271515
235	2248.153	9.878054	2258.05	2210.1	32.5	28320000	1.094304e-08	21.678722	-0.01113834	-1.0860088	0.29201365	0.00724878	0.05556667	49.0	8678.214121103287
236	2247.3015	10.192998	2257.35	2203.25	32.65625	28440000	5.7043508e-09	21.47333	-0.01137577	-1.1491525	0.293821	0.0074444	0.054425	49.0	8714.406662225723
237	2250.5063	9.326084	2258.55	2213.15	32.0625	28560000	-5.820766e-09	22.476074	-0.011241791	-1.0899024	0.28405082	0.007336856	0.05485	49.0	8750.292500019073
238	2231.557	61.716904	2259.45	1962.35	35.75862	28680000	5.355105e-09	21.68352	-0.012576108	-1.5795625	0.35891402	0.009483591	0.06536666	49.0	8785.517365932465
239	2246.8062	11.405856	2258.55	2212.15	32.75	28800000	-2.3283064e-10	21.629707	-0.011150932	-1.1445475	0.29811487	0.006490033	0.053116664	49.0	8820.972000837326
240	2245.022	19.623373	2257.55	2159.8	33.0625	28920000	8.381903e-09	22.048922	-0.011286138	-1.1632016	0.30693954	0.007369401	0.05623333	49.0	8857.514350175858
241	2246.289	13.237195	2257.95	2196.9	32.84375	29040000	-1.4551915e-09	21.599829	-0.011077722	-1.12187	0.2966996	0.007591134	0.055825	49.0	8892.277776956558
242	2241.8257	28.51472	2257.05	2101.45	33.677418	29160000	-1.1874363e-08	21.359238	-0.011562197	-1.2289	0.31409717	0.0070674936	0.055658333	49.0	8928.481499671936
243	2244.8828	10.203437	2257.55	2211.95	33.03125	29280000	7.1013346e-09	21.242043	-0.011679085	-1.12784	0.29476887	0.007288958	0.056358334	49.0	8963.546731472015
244	2246.003	13.525158	2257.55	2204.05	32.9375	29400000	-7.450581e-09	21.463604	-0.011603909	-1.0770957	0.29698277	0.0074844128	0.058791667	49.0	8999.25859427452
245	2247.45	9.709172	2258.15	2213.55	32.625	29520000	1.0826625e-08	21.405338	-0.011547504	-1.0859609	0.2879979	0.007501345	0.056591667	49.0	9033.74752998352
246	2249.3875	7.977187	2257.35	2212.55	32.25	29640000	-3.608875e-09	21.94099	-0.011102524	-1.2117894	0.27915013	0.007250146	0.054141667	49.0	9067.57007408142
247	2244.9656	11.23578	2256.35	2208.9	33.0	29760000	3.4924597e-09	21.611298	-0.011671336	-1.178446	0.2970633	0.0077111335	0.05731667	49.0	9103.271011829376
248	2243.825	12.586737	2256.35	2192.95	33.25	29880000	-1.0477379e-09	21.54077	-0.01198349	-1.1958447	0.30081257	0.00783423	0.0592	49.0	9138.53695988655
249	2243.5562	12.98772	2257.95	2194.35	33.3125	30000000	1.3969839e-09	21.07485	-0.011344421	-1.0379813	0.3034022	0.007561541	0.05513333	49.0	9173.90594625473
250	2246.7405	8.6647	2256.55	2217.9	32.6875	30120000	-7.1595423e-09	21.775213	-0.01167853	-1.153544	0.2923271	0.0067131934	0.055875	49.0	9211.606889009476
251	2245.3545	15.40969	2257.85	2169.2	33.03125	30240000	-4.656613e-10	21.862476	-0.0116219185	-1.2012992	0.2970789	0.0071684974	0.057525	49.0	9247.87869310379
252	2246.2686	7.1064186	2257.35	2224.85	32.75	30360000	7.945346e-09	21.633503	-0.011807093	-1.2887962	0.2857103	0.006876924	0.05584167	49.0	9284.612775564194
253	2247.9468	10.097157	2257.05	2195.15	32.5	30480000	5.820766e-10	21.866093	-0.011793444	-1.136343	0.28049102	0.0075191706	0.056874998	49.0	9319.814747333527
254	2248.586	5.076915	2256.75	2233.85	32.34375	30600000	3.4051482e-09	21.912636	-0.0113754	-1.0979455	0.27558246	0.0073915115	0.055325	49.0	9356.704128980637
255	2247.642	7.5862517	2257.45	2217.2	32.53125	30720000	-7.712515e-09	21.80369	-0.011143491	-1.154834	0.27660635	0.006943228	0.054325	49.0	9393.030596256256
256	2248.0654	8.703264	2256.95	2219.5	32.4375	30840000	-1.5133992e-09	22.044239	-0.011476137	-1.32834	0.27934667	0.007998388	0.055575002	49.0	9427.946164369583
257	2247.586	8.288602	2257.95	2213.75	32.53125	30960000	-1.1641532e-09	21.447935	-0.0111281425	-1.1741219	0.28107923	0.007341755	0.054808334	49.0	9463.80740070343
258	2242.8296	18.56568	2256.95	2163.65	33.53125	31080000	4.656613e-09	20.445864	-0.011417711	-1.1210313	0.29865178	0.0076397453	0.05731667	49.0	9498.78543806076
259	2246.7	7.637962	2258.35	2219.5	32.75	31200000	1.17579475e-08	20.58424	-0.011352077	-1.1039879	0.27971655	0.0076198736	0.054808334	49.0	9532.324399709702
260	2247.392	10.29261	2257.25	2199.3	32.65625	31320000	1.5366822e-08	21.426378	-0.010914542	-1.1045899	0.27703553	0.0074879844	0.052991666	49.0	9568.223295211792
261	2248.686	8.36111	2256.75	2213.75	32.40625	31440000	-3.929017e-09	21.577797	-0.010978766	-1.1400545	0.27200404	0.0069683185	0.053375	49.0	9604.382435798645
262	2244.039	14.458275	2256.55	2193.15	33.21875	31560000	3.259629e-09	21.03349	-0.011360633	-1.0430238	0.28687122	0.0068702977	0.05556667	49.0	9643.003174066544
263	2245.669	11.696039	2258.05	2190.1	33.0	31680000	-1.4377292e-08	21.397099	-0.011588557	-1.1472602	0.28003222	0.007235131	0.0564	49.0	9678.737462043762
264	2244.9282	12.521773	2257.35	2190.6	33.125	31800000	-1.0477379e-09	20.72205	-0.010924133	-1.1203878	0.28135926	0.0068377564	0.054566666	49.0	9714.847296476364
265	2247.5422	8.318055	2257.55	2215.75	32.59375	31920000	1.0477379e-09	21.535625	-0.01078891	-1.1397827	0.27089804	0.0072051017	0.055766664	49.0	9751.008801460266
266	2248.0718	11.153293	2257.45	2193.85	32.5625	32040000	1.0360964e-08	21.09895	-0.011085903	-1.0969503	0.27172458	0.0075290166	0.05424167	49.0	9786.86724948883
267	2249.7266	5.632786	2257.25	2230.2	32.21875	32160000	2.1827873e-10	21.967419	-0.011078015	-1.0524733	0.2621969	0.0075919568	0.05435	49.0	9822.308231830597
268	2246.4407	12.155642	2257.35	2204.95	32.8125	32280000	2.910383e-10	20.821873	-0.010782624	-1.1312897	0.27360284	0.007462005	0.053716667	49.0	9855.978721857071
269	2247.3047	10.896564	2257.85	2210.0	32.71875	32400000	-7.566996e-10	20.640167	-0.011083784	-1.0721679	0.27174613	0.0076660886	0.05561667	49.0	9889.91285943985
270	2249.5405	10.638925	2258.45	2195.25	32.25	32520000	-1.1001248e-08	21.554806	-0.010628349	-1.1115768	0.26214147	0.0075759785	0.050891668	49.0	9926.67895412445
271	2247.37	8.616441	2257.35	2226.05	32.65625	32640000	-1.0477379e-09	20.422241	-0.010754168	-1.0722902	0.26616073	0.006861697	0.051958334	49.0	9962.039379835129
272	2247.7188	9.70829	2256.75	2205.65	32.625	32760000	7.683411e-09	21.888466	-0.010855228	-1.128573	0.26903465	0.007708165	0.052950002	49.0	9999.600549936295
273	2249.8516	4.2842484	2256.65	2236.55	32.15625	32880000	5.005859e-09	21.963537	-0.0109364	-1.3146193	0.260929	0.007322311	0.052858334	49.0	10034.899731874466
274	2246.6985	10.541548	2256.65	2213.65	32.78125	33000000	1.5250407e-08	21.621471	-0.011365501	-1.4254608	0.27057815	0.007938812	0.056225	49.0	10070.32246041298
275	2249.3452	7.219448	2257.05	2223.35	32.28125	33120000	-1.5948899e-08	22.506165	-0.010755258	-1.1872361	0.25966805	0.007531574	0.05294167	49.0	10106.733931303024
276	2246.783	8.531408	2257.25	2213.85	32.71875	33240000	2.2118911e-09	21.838379	-0.011015965	-1.30267	0.26814172	0.0070603667	0.05316667	49.0	10141.692276000977
277	2246.0625	6.65121	2255.35	2220.2	32.8125	33360000	7.4214768e-09	22.038162	-0.01127325	-1.1248043	0.27062953	0.0072416384	0.054241665	49.0	10182.149984121323
278	2249.7031	3.874557	2258.35	2240.0	32.125	33480000	7.043127e-09	22.322956	-0.011097891	-1.177182	0.25516117	0.00755726	0.055	49.0	10215.93859577179
279	2247.103	13.024348	2257.35	2186.4	32.64516	33600000	3.7252903e-09	22.351229	-0.0119147375	-1.2853372	0.2854564	0.008004194	0.060258336	49.0	10249.664794445038
280	2244.7046	13.79966	2256.05	2182.85	33.09375	33720000	-1.094304e-08	22.3004	-0.0115999	-1.2384167	0.27245402	0.007818691	0.0568	49.0	10285.356217384338
281	2246.8345	7.8136983	2256.45	2218.1	32.6875	33840000	1.0477379e-09	22.24263	-0.011234754	-1.1530035	0.26735532	0.007229967	0.05455	49.0	10321.050835371017
282	2240.164	19.645754	2255.75	2154.85	34.09375	33960000	3.7252903e-09	22.651577	-0.011878323	-1.1920412	0.29552895	0.0080505125	0.058166668	49.0	10356.036397218704
283	2244.339	8.458052	2252.6	2209.3	33.21875	34080000	1.1059456e-08	21.868494	-0.011788743	-1.0329819	0.27458835	0.008068439	0.057791665	49.0	10390.778337955475
284	2244.8594	8.832856	2256.55	2213.45	33.125	34200000	-6.7520887e-09	21.871723	-0.01131334	-1.1148629	0.27279872	0.007348978	0.056375	49.0	10425.747999429703
285	2243.211	10.312619	2252.6	2210.9	33.46875	34320000	6.519258e-09	21.662697	-0.011796984	-1.105084	0.28088492	0.008416285	0.060075	49.0	10461.70517206192
286	2244.439	6.7234206	2256.65	2220.0	33.09375	34440000	-1.8626451e-09	22.87376	-0.011636543	-1.2355428	0.27314788	0.0073907515	0.05655	49.0	10497.112511873245
287	2241.4438	13.178411	2255.65	2199.3	33.75	34560000	-1.3969839e-09	21.849483	-0.011789383	-1.3042524	0.2869982	0.008843188	0.060558334	49.0	10533.19782423973
288	2244.975	7.525873	2257.05	2220.6	33.125	34680000	-9.313226e-10	22.377388	-0.011597371	-1.3343737	0.27196229	0.0075179837	0.056308337	49.0	10566.144545316696
289	2239.3408	14.689928	2252.5	2182.45	34.125	34800000	5.5879354e-09	21.577293	-0.011803827	-1.2313507	0.2947583	0.008055819	0.060041666	49.0	10598.64448261261
290	2239.9204	11.154126	2252.2	2203.95	34.03125	34920000	-4.656613e-09	22.626698	-0.011870647	-1.2692635	0.29227078	0.007772084	0.0605	49.0	10635.423483610153
291	2243.642	8.466051	2252.0	2218.6	33.28125	35040000	-7.1013346e-09	22.797901	-0.011453732	-1.3113253	0.27515143	0.0077431835	0.057808332	49.0	10673.668271541595
292	2238.3328	13.813293	2256.35	2198.9	34.34375	35160000	-5.9371814e-09	21.534891	-0.0115404455	-1.1355817	0.29580292	0.00802787	0.057766665	49.0	10711.42164850235
293	2239.4814	9.667405	2251.7	2216.9	34.0625	35280000	-9.19681e-09	21.297108	-0.011657849	-1.1364429	0.28867748	0.007496867	0.058016665	49.0	10749.236570358276
294	2243.3079	9.230112	2256.85	2204.15	33.40625	35400000	8.789357e-09	22.16008	-0.01165244	-1.0168519	0.27759236	0.00745764	0.057491668	49.0	10784.743508338928
295	2242.8452	8.181758	2252.6	2216.8	33.53125	35520000	-1.7462298e-08	21.860441	-0.011196782	-1.1918659	0.27449554	0.0065596798	0.054358333	49.0	10821.751510381699
296	2240.7358	12.672628	2252.5	2194.75	33.96875	35640000	-4.8894435e-09	21.47132	-0.011272609	-1.1459293	0.28653926	0.0079059545	0.056616664	49.0	10858.714094161987
297	2241.8547	7.6454735	2253.0	2219.2	33.65625	35760000	5.820766e-10	21.968832	-0.011451701	-1.1956327	0.27481517	0.0070715835	0.058174998	49.0	10892.8241147995
298	2241.2454	17.112398	2252.5	2158.1	33.84375	35880000	1.1059456e-08	21.741463	-0.011398518	-1.1630638	0.28182998	0.007305711	0.054975	49.0	10926.289826869965
299	2242.4282	7.318423	2256.15	2223.35	33.5	36000000	-4.48199e-09	22.353966	-0.011212429	-1.0828624	0.27056444	0.006872627	0.05625	49.0	10961.714499950409
300	2242.2234	9.134004	2252.6	2204.45	33.53125	36120000	2.6193447e-09	22.139133	-0.011147855	-1.1981761	0.27186263	0.007603972	0.055225	49.0	10998.91917848587
301	2243.1235	8.411922	2252.9	2213.75	33.46875	36240000	9.720679e-09	21.426119	-0.011142276	-1.1398637	0.26958144	0.0073015844	0.055766664	49.0	11035.133282661438
302	2238.9453	11.968696	2252.2	2198.0	34.21875	36360000	1.6298145e-09	21.22204	-0.011377701	-1.0749698	0.28066888	0.0079047745	0.056375	49.0	11071.681540489197
303	2242.1733	9.574013	2251.1	2210.3	33.59375	36480000	1.00408215e-08	22.401089	-0.011623548	-1.1644995	0.27230597	0.008199595	0.058775	49.0	11109.017822027206
304	2240.014	10.770734	2252.5	2198.2	33.96875	36600000	-5.820766e-09	22.429548	-0.011860386	-1.2143371	0.28370935	0.007658258	0.058233336	49.0	11144.298404932022
305	2242.2454	10.874286	2252.6	2192.95	33.65625	36720000	9.313226e-10	21.37981	-0.0113178305	-1.0653629	0.2751283	0.0076210564	0.056158334	49.0	11182.049790859222
306	2240.142	10.564757	2252.3	2198.1	33.96875	36840000	5.122274e-09	22.155083	-0.0115842	-1.0965369	0.27818942	0.007919465	0.058258332	49.0	11216.734079360962
307	2243.3967	6.908606	2253.3	2224.95	33.5	36960000	6.7811925e-09	22.093983	-0.011329059	-1.2889555	0.26914448	0.007530363	0.05589167	49.0	11249.689055681229
308	2244.211	5.091581	2253.5	2226.05	33.28125	37080000	1.1641532e-10	22.178871	-0.011328772	-1.3844979	0.26364407	0.007922767	0.056450002	49.0	11289.324794769287
309	2241.9688	8.704568	2252.1	2205.45	33.6875	37200000	1.0593794e-08	23.095295	-0.011676139	-1.1986167	0.2723038	0.0077996226	0.057383336	49.0	11324.830697774887
310	2243.597	7.5581594	2252.8	2214.45	33.375	37320000	-6.4028427e-10	21.816114	-0.0113056805	-1.1798763	0.2648055	0.0075711356	0.056483336	49.0	11360.884276628494
311	2246.5203	3.5569468	2253.1	2239.0	32.84375	37440000	-5.5879354e-09	21.89555	-0.010907922	-1.1182799	0.2549079	0.007929705	0.05485	49.0	11399.286679983139
312	2244.7156	6.712355	2253.0	2225.55	33.125	37560000	-9.95351e-09	22.301826	-0.011121444	-1.1267178	0.2600456	0.007645159	0.054425	49.0	11436.706335783005
313	2243.8984	6.8544235	2251.8	2213.75	33.258064	37680000	1.7462298e-09	22.836746	-0.011611207	-1.1162066	0.27677044	0.0072089992	0.055958334	49.0	11471.148400306702
314	2240.8718	13.129802	2251.7	2184.95	33.875	37800000	-1.21071935e-08	22.028748	-0.011342486	-1.0741143	0.2741255	0.007645802	0.05625	49.0	11508.718344926834
315	2243.653	6.275081	2251.3	2217.0	33.25	37920000	4.307367e-09	22.37164	-0.01096433	-1.1901381	0.26022628	0.007001696	0.05584167	49.0	11543.498360872269
316	2245.8188	3.8327615	2252.0	2238.5	32.9375	38040000	-6.213668e-09	23.192245	-0.010790485	-1.1908011	0.25293896	0.007935623	0.053441666	49.0	11578.819140195847
317	2245.2095	5.083885	2252.4	2233.55	32.9375	38160000	8.731149e-09	23.275816	-0.011075081	-1.2748132	0.25131103	0.0077146282	0.056150004	49.0	11613.990253925323
318	2240.4358	20.268879	2252.4	2137.6	33.90625	38280000	4.1909516e-09	21.73357	-0.011480417	-1.1715302	0.27380848	0.008352799	0.057125002	49.0	11651.590131044388
319	2245.2002	4.7584786	2252.3	2233.35	32.9375	38400000	-8.1490725e-10	22.846634	-0.011106174	-1.1480105	0.25200093	0.0071582836	0.05356667	49.0	11689.3570291996
320	2245.267	5.7788444	2251.8	2219.5	32.96875	38520000	-5.9371814e-09	22.832672	-0.011259532	-1.1015303	0.25154933	0.0073173176	0.055716667	49.0	11726.24563741684
321	2244.65	6.760118	2251.9	2229.4	33.0625	38640000	4.8894435e-09	22.569695	-0.010932431	-1.1102571	0.2538676	0.007147189	0.053349998	49.0	11763.481479406357
322	2244.7393	7.650957	2252.2	2208.6	33.03125	38760000	-2.4738256e-09	22.487638	-0.011508011	-1.1829393	0.25346613	0.0073902323	0.056275	49.0	11801.659944057465
323	2242.8938	11.245068	2252.7	2191.2	33.5	38880000	5.820766e-09	21.969612	-0.011074601	-1.2145023	0.26250774	0.007436988	0.0554	49.0	11838.716807365417
