Epoch	AverageEpRet	StdEpRet	MaxEpRet	MinEpRet	EpLen	TotalEnvInteracts	LossPi	LossV	DeltaLossPi	DeltaLossV	Entropy	KL	ClipFrac	StopIter	Time
0	-90.60556	5.823711	-81.26	-99.310005	120.0	120000	-1.0244548e-08	0.40989298	-0.0112561	-0.13733184	3.4951663	0.007314018	0.064108334	49.0	153.62789821624756
1	-86.728134	10.544736	-69.770004	-97.69	120.0	240000	3.7252903e-09	0.26105005	-0.014261306	-0.008036831	3.487617	0.006859813	0.07033333	49.0	307.12739419937134
2	-81.02875	12.369923	-57.785004	-95.845	120.0	360000	-3.7252903e-09	0.24915828	-0.01619412	-0.0061647706	3.478033	0.007421893	0.08146666	49.0	461.1083154678345
3	-69.240005	10.865954	-53.320004	-82.325005	120.0	480000	-3.7252903e-09	0.33399758	-0.01846609	-0.010867303	3.463341	0.0073414277	0.09268333	49.0	615.6376130580902
4	-72.34938	5.9749937	-64.075005	-81.66	120.0	600000	-1.3969839e-09	0.28342718	-0.019547574	-0.006236542	3.4491656	0.009040875	0.0961	49.0	769.9744386672974
5	-70.476875	14.626256	-43.9	-92.79	120.0	720000	-4.656613e-10	0.29470944	-0.020382904	-0.007297162	3.4303832	0.0077902623	0.10334166	49.0	924.51225066185
6	-58.334373	12.092175	-40.74	-81.515	120.0	840000	-1.8626451e-09	0.4035861	-0.021162853	-0.011606064	3.405992	0.008342324	0.12060834	49.0	1078.9231128692627
7	-53.248753	15.86653	-29.690002	-73.89	120.0	960000	5.5879354e-09	0.45260793	-0.021468405	-0.020602489	3.3825955	0.008247849	0.10155833	49.0	1233.1067910194397
8	-38.181877	20.014364	-5.135003	-66.795006	120.0	1080000	-2.7939677e-09	0.62484	-0.021706622	-0.027580146	3.3568847	0.008655557	0.12131667	49.0	1386.5895869731903
9	-13.856878	27.625278	31.549995	-57.710003	120.0	1200000	9.313226e-10	0.99539614	-0.02129483	-0.058966473	3.327006	0.008059866	0.11326667	49.0	1540.176072359085
10	11.098746	36.40072	54.649994	-72.87	120.0	1320000	1.8626451e-09	1.4750851	-0.021363705	-0.086883895	3.2908149	0.008576484	0.11275833	49.0	1693.4702770709991
11	15.143121	89.91783	238.28499	-68.185005	120.0	1440000	-1.1175871e-08	1.9835188	-0.021112153	-0.16366956	3.2601116	0.008826637	0.120458335	49.0	1846.8524556159973
12	19.711246	33.858063	79.354996	-32.250004	120.0	1560000	1.1175871e-08	1.804161	-0.021598319	-0.20486993	3.217418	0.0099135395	0.11266667	49.0	2000.2539324760437
13	43.05687	49.048145	150.81499	-37.370003	120.0	1680000	0.0	2.4469469	-0.022068882	-0.2860722	3.1831002	0.009358948	0.13056666	49.0	2151.2002396583557
14	54.64437	37.734566	124.34	16.539995	120.0	1800000	-4.656613e-09	3.5305233	-0.02137687	-0.31643468	3.1355538	0.008877409	0.1252	49.0	2302.0218875408173
15	90.27437	54.346176	171.22499	22.184996	120.0	1920000	-1.3969839e-09	3.2165294	-0.021633077	-0.31618983	3.1003866	0.009023223	0.12908334	49.0	2453.66832280159
16	152.87436	107.7694	332.87	18.289995	120.0	2040000	-3.7252903e-09	5.461978	-0.021706972	-0.97729933	3.0613704	0.009693111	0.13275	49.0	2605.371706724167
17	122.91875	94.64554	258.03	-3.280004	120.0	2160000	-1.1641532e-09	5.4236126	-0.02222593	-0.81126666	3.0139315	0.009356578	0.13761666	49.0	2756.589792728424
18	216.94998	92.16114	401.365	64.85999	120.0	2280000	7.916242e-09	8.260179	-0.022682693	-1.5812824	2.9718919	0.010222904	0.152275	49.0	2908.051382780075
19	206.34	130.83186	444.09998	53.054996	120.0	2400000	6.0535967e-09	7.900778	-0.021637745	-1.7198495	2.9107704	0.010291459	0.15233333	49.0	3059.3437621593475
20	255.1225	99.2799	410.50998	94.715	120.0	2520000	-2.7939677e-09	9.058882	-0.02148005	-1.9271691	2.866241	0.010337351	0.13714167	49.0	3210.0930314064026
21	303.89813	93.62947	434.94	124.634995	120.0	2640000	0.0	11.176081	-0.021388613	-2.1510482	2.8123116	0.010059436	0.13841668	49.0	3361.1002190113068
22	356.85626	140.55434	600.265	200.51	120.0	2760000	1.8626451e-09	13.184831	-0.021776684	-2.2706406	2.7784166	0.010407183	0.14561667	49.0	3511.7815930843353
23	296.47687	99.36929	452.09	164.73999	120.0	2880000	-9.313226e-10	11.32771	-0.021111118	-2.1585445	2.7165244	0.010222221	0.13798334	49.0	3664.8742592334747
24	238.53311	117.28745	353.41	16.469995	120.0	3000000	-2.3283064e-09	10.867144	-0.020153705	-2.1807628	2.656188	0.00993444	0.140775	49.0	3818.4436230659485
25	397.26312	119.998634	685.385	245.385	120.0	3120000	9.313226e-09	12.035224	-0.022061752	-1.9929912	2.63366	0.011402883	0.15215	49.0	3972.4306938648224
26	401.21497	111.040405	565.17	202.57999	120.0	3240000	1.2805685e-09	14.767014	-0.021741878	-2.8960917	2.5620708	0.010405637	0.13421667	49.0	4125.579457759857
27	434.23123	131.14722	603.575	206.2	120.0	3360000	1.3969839e-09	13.25411	-0.020630382	-2.7063398	2.5172381	0.010058679	0.14024167	49.0	4278.375931739807
28	474.52875	200.88411	788.755	137.89	120.0	3480000	1.8626451e-09	14.248096	-0.020499445	-2.9438157	2.4665391	0.011226784	0.140175	49.0	4428.533095121384
29	449.27625	162.6357	844.36	308.46	120.0	3600000	2.7939677e-09	15.545602	-0.020145066	-3.4828656	2.4341016	0.010282772	0.14936666	49.0	4579.52254152298
30	446.145	171.02359	747.86	248.305	120.0	3720000	-6.9849193e-10	13.828478	-0.019751295	-2.938674	2.3804698	0.010842955	0.14506666	49.0	4730.816457986832
31	514.83813	166.97844	852.66	309.905	120.0	3840000	-3.7252903e-09	17.47866	-0.02018301	-3.8442621	2.3480847	0.009340335	0.130925	49.0	4881.798102140427
32	444.20563	115.62841	571.86	250.45	120.0	3960000	1.8626451e-09	18.76873	-0.019514527	-4.3120394	2.2975686	0.010522384	0.14261666	49.0	5032.458974599838
33	434.8356	147.57397	573.17	77.954994	120.0	4080000	3.7252903e-09	16.274693	-0.019273506	-3.381239	2.2574277	0.0106855985	0.14879167	49.0	5182.680433750153
34	442.4881	114.95797	670.40497	250.04	120.0	4200000	4.656613e-10	13.448141	-0.018879628	-2.5914042	2.2147484	0.011670985	0.15846667	49.0	5331.930730104446
35	599.1725	119.787735	813.45	398.24	120.0	4320000	7.450581e-09	16.647707	-0.019068457	-3.4496307	2.1858397	0.010330522	0.13852501	49.0	5482.337831735611
36	537.58563	160.8422	828.73	327.53998	120.0	4440000	0.0	17.861103	-0.01839905	-3.832302	2.1372721	0.011494934	0.14844999	49.0	5632.33762550354
37	554.5513	190.61902	774.445	187.415	120.0	4560000	5.5879354e-09	16.729708	-0.018828372	-3.8559508	2.0980234	0.010793089	0.14716667	49.0	5782.907109260559
38	558.3762	108.27413	722.82	396.485	120.0	4680000	9.313226e-10	16.950356	-0.017214648	-3.5513275	2.070127	0.010922151	0.136125	49.0	5933.028925895691
39	673.82495	137.13744	832.72	371.275	120.0	4800000	2.3283064e-09	20.210312	-0.018065002	-4.4102664	2.037963	0.010476369	0.13255833	49.0	6083.358132839203
40	653.16125	186.40378	891.555	395.04498	120.0	4920000	3.7252903e-09	19.714638	-0.018031456	-4.993804	2.0046768	0.009889044	0.13374166	49.0	6234.061109781265
41	712.38	130.92703	886.20496	442.375	120.0	5040000	-4.656613e-09	18.401623	-0.01833743	-4.1898756	1.9802125	0.009436413	0.13874999	49.0	6385.60210776329
42	675.00934	181.84428	936.90497	393.76498	120.0	5160000	2.6775524e-09	17.696255	-0.017644873	-3.1317267	1.9540993	0.0113920905	0.1461	49.0	6538.337280511856
43	797.35	168.71852	1012.49	477.845	120.0	5280000	-1.8626451e-09	20.855896	-0.0186544	-3.4488502	1.9171319	0.010702259	0.12935834	49.0	6692.639263629913
44	673.65625	156.29524	927.51996	449.31	120.0	5400000	1.3387762e-09	20.234818	-0.018121202	-4.189581	1.8977637	0.010791766	0.1481	49.0	6846.442584514618
45	720.6081	193.54684	1052.215	481.465	120.0	5520000	9.313226e-10	19.364124	-0.018100563	-3.7723994	1.8522539	0.009444463	0.13513333	49.0	7000.499196529388
46	782.0131	187.87668	1186.27	501.71	120.0	5640000	4.656613e-09	23.435144	-0.018144593	-5.263585	1.8323872	0.010052178	0.12851667	49.0	7154.923353910446
47	791.3856	179.59837	1072.295	527.43	120.0	5760000	9.313226e-10	25.693333	-0.018146902	-5.2959204	1.8029864	0.009685986	0.12225	49.0	7309.62987446785
48	764.08246	177.81458	1024.19	470.44498	120.0	5880000	-6.519258e-09	20.392475	-0.016570907	-5.00921	1.7741187	0.010244315	0.13033333	49.0	7460.045887708664
49	812.4437	183.52179	1063.53	520.95	120.0	6000000	-2.7939677e-09	20.591208	-0.017899383	-4.488416	1.7200453	0.010701552	0.12560833	49.0	7610.6661422252655
50	800.1112	227.06017	1273.3099	551.41	120.0	6120000	6.519258e-09	19.878475	-0.017673083	-4.7845407	1.7100627	0.009777788	0.12293333	49.0	7761.101352453232
51	710.0687	196.77666	874.815	230.23999	120.0	6240000	4.656613e-09	18.255974	-0.016365003	-5.2709293	1.6922171	0.010245718	0.132375	49.0	7911.673677921295
52	707.2575	163.74484	1010.16	458.60498	120.0	6360000	-7.450581e-09	19.338036	-0.016099576	-5.2377243	1.6616664	0.009281987	0.118891664	49.0	8062.235822439194
53	837.06	116.036674	1028.94	710.8	120.0	6480000	-6.519258e-09	17.697926	-0.015821185	-4.327318	1.6287112	0.013232253	0.14444166	49.0	8213.280535936356
54	705.32434	287.37424	1312.955	207.125	120.0	6600000	7.450581e-09	23.685429	-0.015791303	-5.8234835	1.6136644	0.010308659	0.13123333	49.0	8364.367037534714
55	824.8062	309.8314	1406.955	456.095	120.0	6720000	-5.5879354e-09	22.615746	-0.016807534	-5.667444	1.5890017	0.011113273	0.12996668	49.0	8517.419372320175
56	873.40247	255.1731	1169.69	316.94	120.0	6840000	7.450581e-09	38.488457	-0.016587129	-10.075556	1.5503113	0.010404668	0.12974167	49.0	8671.32897734642
57	695.09125	225.88922	1008.005	271.715	120.0	6960000	-5.5879354e-09	19.767498	-0.016474117	-6.603525	1.5366803	0.009761942	0.11895834	49.0	8826.6814827919
58	820.50934	125.70215	976.14496	647.425	120.0	7080000	-1.8626451e-09	17.210941	-0.014969522	-3.7170024	1.5255361	0.010778804	0.118375	49.0	8980.726624011993
59	914.08374	184.2932	1323.51	653.855	120.0	7200000	6.9849193e-09	25.549902	-0.015878003	-6.3519044	1.5142676	0.009083922	0.10863334	49.0	9135.062861680984
60	953.69995	206.08301	1309.715	721.975	120.0	7320000	9.313226e-10	32.449707	-0.015445721	-8.260221	1.4849029	0.0105478205	0.126275	49.0	9286.304982423782
61	917.9306	135.4714	1093.45	702.205	120.0	7440000	-3.7252903e-09	23.006147	-0.015567901	-5.699057	1.4607196	0.00923689	0.12326667	49.0	9438.270997047424
62	827.7911	214.83041	1230.1849	446.35498	120.0	7560000	9.313226e-10	17.598269	-0.014073418	-4.5324507	1.4240668	0.010600919	0.1264	49.0	9592.075250387192
63	1008.6745	214.30353	1517.395	692.475	120.0	7680000	5.5879354e-09	27.506594	-0.014374048	-6.155038	1.4013053	0.011450951	0.11813334	49.0	9744.733207702637
64	908.3872	179.50526	1195.67	621.555	120.0	7800000	6.519258e-09	29.811089	-0.015773889	-8.2295685	1.3994172	0.008143791	0.116375	49.0	9894.791585445404
65	938.0005	173.69148	1252.845	688.71497	120.0	7920000	-7.450581e-09	26.396145	-0.016065031	-7.374365	1.3874847	0.010151358	0.122991666	49.0	10045.387648820877
66	683.63495	246.05496	1031.7999	231.47499	120.0	8040000	-7.450581e-09	17.840199	-0.014940219	-4.160528	1.3589759	0.008567816	0.10464166	49.0	10197.790764093399
67	1003.6133	311.17673	1434.745	568.02496	120.0	8160000	1.1175871e-08	22.421883	-0.01398936	-5.5639343	1.3395418	0.012816621	0.137175	49.0	10353.561938047409
68	961.85254	180.90245	1319.41	744.565	120.0	8280000	-9.313226e-10	31.396149	-0.014162958	-7.550558	1.3258541	0.011537429	0.12748334	49.0	10527.780799865723
69	969.2444	162.31343	1149.98	691.26	120.0	8400000	6.519258e-09	26.080072	-0.015103064	-8.633447	1.3535674	0.008943567	0.11423333	49.0	10680.575628519058
70	967.19946	199.87065	1332.6	647.64	120.0	8520000	-2.7939677e-09	28.633026	-0.01424938	-8.8993635	1.2961875	0.009649985	0.1117	49.0	10839.923535823822
71	919.842	170.59546	1174.385	627.415	120.0	8640000	-5.122274e-09	23.796856	-0.014204935	-8.134751	1.2955923	0.008694025	0.110466674	49.0	11015.562042951584
72	939.4583	146.78116	1141.89	608.95	120.0	8760000	1.3969839e-09	18.052792	-0.013831079	-5.600556	1.264185	0.008793907	0.111775	49.0	11254.46356511116
73	891.35144	185.55998	1222.885	599.975	120.0	8880000	-5.5879354e-09	19.711868	-0.013822022	-5.296557	1.2266581	0.010009715	0.11135	49.0	11484.676156282425
74	979.2433	245.01271	1618.235	704.265	120.0	9000000	-8.381903e-09	35.578945	-0.014200661	-11.646166	1.2323444	0.008429736	0.09920833	49.0	11706.913388967514
75	1029.065	164.04396	1371.0599	821.81	120.0	9120000	-1.8626451e-09	36.435455	-0.014035648	-12.815466	1.1906885	0.009651504	0.109508336	49.0	11935.585231304169
76	837.9944	120.548294	1025.91	652.83997	120.0	9240000	2.7939677e-09	27.991344	-0.014122354	-8.926444	1.1922969	0.00953668	0.11050834	49.0	12167.94915509224
77	1098.656	220.81969	1619.5549	744.14	120.0	9360000	5.5879354e-09	31.409796	-0.014209809	-10.689458	1.1721511	0.009233447	0.107125	49.0	12395.984655857086
78	1038.124	212.11194	1315.44	660.52496	120.0	9480000	0.0	35.95414	-0.013322443	-10.670351	1.146672	0.0108383	0.11818333	49.0	12622.873767137527
79	1004.09247	238.26389	1426.3099	666.375	120.0	9600000	-8.8475645e-09	41.9942	-0.014038097	-13.25701	1.1449502	0.009191055	0.11051667	49.0	12852.778387069702
80	1077.6781	239.49226	1363.87	630.015	120.0	9720000	-1.8626451e-09	39.687798	-0.0139584	-13.157692	1.1461432	0.008961562	0.1162	49.0	13081.703828573227
81	994.63	186.16963	1317.125	776.62	120.0	9840000	3.259629e-09	36.724632	-0.014124487	-14.553315	1.1065806	0.01081041	0.11765833	49.0	13306.274797916412
82	1010.1971	276.93872	1304.915	538.01996	120.0	9960000	-1.8626451e-09	41.149406	-0.013773298	-12.119696	1.0947964	0.009306388	0.11004166	49.0	13528.034915447235
83	1164.4255	136.03613	1452.705	1013.625	120.0	10080000	-9.313226e-10	39.655663	-0.014118047	-13.077118	1.0791754	0.01060996	0.11401667	49.0	13754.758028507233
84	1016.3654	303.2306	1763.5599	575.68	120.0	10200000	-5.5879354e-09	44.17627	-0.013296402	-14.780226	1.0832872	0.009321985	0.113741666	49.0	13990.434339046478
85	1143.5785	310.23587	1474.655	462.735	120.0	10320000	9.313226e-10	50.23288	-0.013126958	-16.866951	1.0687214	0.010342065	0.11198334	49.0	14220.369287729263
86	942.29346	184.73653	1212.9349	597.475	120.0	10440000	9.313226e-10	32.438087	-0.013937961	-12.216627	1.0680095	0.0090403315	0.10533333	49.0	14451.290717601776
87	975.0875	284.45035	1467.275	456.11	120.0	10560000	6.519258e-09	40.611588	-0.012401521	-10.723227	1.057472	0.010377698	0.1035	49.0	14688.554541110992
88	1198.5338	450.9051	2080.575	685.08496	120.0	10680000	-9.313226e-10	48.939995	-0.013024073	-13.211259	1.0458512	0.010315448	0.109625004	49.0	14918.722101449966
89	1430.55	430.147	2184.24	769.43	120.0	10800000	-3.7252903e-09	49.26113	-0.013565257	-13.018489	1.0451845	0.010908522	0.11288333	49.0	15152.432776927948
90	1080.9932	267.50348	1475.765	602.19	120.0	10920000	9.313226e-10	38.410805	-0.013760941	-11.917585	1.047756	0.008286291	0.10379167	49.0	15389.727709770203
91	1011.8161	291.30298	1621.0	619.77496	120.0	11040000	1.8626451e-09	32.88829	-0.013266118	-9.265089	1.0232297	0.009728078	0.10851666	49.0	15611.622667074203
92	1311.0834	319.4442	1730.0399	758.485	120.0	11160000	-1.8626451e-09	39.555878	-0.012448286	-9.1654	1.0268646	0.012056956	0.11829166	49.0	15847.070514917374
93	1112.3206	273.50336	1652.895	728.17	120.0	11280000	-7.450581e-09	27.931248	-0.012928978	-9.628502	0.9931299	0.010182057	0.11268333	49.0	16081.896642446518
94	1143.7156	353.44272	1713.95	493.24	120.0	11400000	3.7252903e-09	34.452705	-0.013122137	-9.901934	1.0104129	0.009308189	0.10560833	49.0	16313.123042583466
95	1101.262	228.2841	1338.09	699.12	120.0	11520000	-1.8626451e-09	39.166252	-0.012797861	-12.934032	0.9883843	0.009586697	0.10826667	49.0	16543.090195178986
96	1167.7849	247.07779	1640.705	815.98	120.0	11640000	3.7252903e-09	37.918686	-0.013409685	-10.77215	0.98818684	0.010138545	0.11263333	49.0	16760.036387443542
97	1214.8116	210.22409	1651.475	833.35	120.0	11760000	-3.7252903e-09	45.074436	-0.013605209	-15.955078	0.9553951	0.009884307	0.10185833	49.0	16909.76686191559
98	1058.3724	277.17007	1536.13	705.62	120.0	11880000	-6.519258e-09	36.84193	-0.012901008	-14.493909	0.96706927	0.008811368	0.105616674	49.0	17063.977077007294
99	1108.4186	145.6062	1352.36	859.535	120.0	12000000	-4.1909516e-09	30.240927	-0.012112161	-7.956571	0.938692	0.01088829	0.108174995	49.0	17217.510235071182
100	1327.8054	367.0398	2256.8699	913.94	120.0	12120000	7.450581e-09	46.333084	-0.013139638	-14.020898	0.94464815	0.012232479	0.11338334	49.0	17370.96615576744
101	1200.3464	264.71326	1789.02	786.315	120.0	12240000	5.5879354e-09	35.08595	-0.012896716	-11.7885065	0.9346632	0.008518286	0.100891665	49.0	17523.98410654068
102	1172.9667	217.85356	1485.915	745.135	120.0	12360000	5.5879354e-09	41.635117	-0.012905957	-10.231419	0.9025909	0.011481173	0.11003333	49.0	17677.57839369774
103	1171.1571	198.3682	1473.465	854.005	120.0	12480000	-1.1641532e-09	33.570435	-0.013611846	-9.616732	0.9141259	0.010214817	0.10955833	49.0	17830.902545452118
