Episode	TestRet	TestSteps	AverageEpRet	StdEpRet	MaxEpRet	MinEpRet	EpLen	Time
50	-279.8000046238303	100.0	-274.439	10.196181	-249.85	-304.5	100.0	4 min 26 sec
100	-375.65001129731536	100.0	-261.548	31.899288	-198.5	-327.40002	100.0	9 min 46 sec
150	-267.0500090047717	100.0	-207.646	68.11028	-13.900005	-330.80002	100.0	15 min 5 sec
200	-353.80001197755337	100.0	-120.30601	96.860985	137.95	-297.95	100.0	20 min 38 sec
250	-301.4000134244561	100.0	35.704994	177.40291	498.4	-252.55	100.0	26 min 13 sec
300	584.2999849803746	100.0	503.98	300.42047	1159.55	-82.450005	100.0	31 min 55 sec
350	1424.699992518872	100.0	831.346	370.2678	1540.35	-4.650005	100.0	37 min 27 sec
400	1542.299994725734	100.0	941.03	383.6113	1568.65	-51.000004	100.0	42 min 53 sec
450	1379.4499902129173	100.0	926.945	465.3593	1589.55	99.45	100.0	48 min 15 sec
500	1544.7999943718314	100.0	1107.606	393.08698	1545.0	78.799995	100.0	53 min 45 sec
550	1429.199995920062	100.0	957.56396	478.27914	1584.0	-51.100006	100.0	59 min 8 sec
600	1451.3999957740307	100.0	831.142	463.053	1578.95	-109.8	100.0	1 h 4 min
650	1437.7999968379736	100.0	764.29706	482.68848	1453.6	-201.75002	100.0	1 h 9 min
700	1513.9349949188531	100.0	863.7899	393.98938	1449.55	-185.75	100.0	1 h 14 min
750	1448.7999952733517	100.0	766.59406	449.2214	1444.15	-80.450005	100.0	1 h 20 min
800	1290.9999962672591	100.0	931.26404	396.43506	1469.45	-183.05	100.0	1 h 25 min
850	1186.3999906480312	100.0	767.335	419.09564	1318.2	-230.7	100.0	1 h 30 min
900	1301.9999926127493	100.0	852.177	363.53693	1353.3	-31.650003	100.0	1 h 35 min
950	1369.3999954536557	100.0	772.30804	378.9332	1258.9	-125.55	100.0	1 h 41 min
1000	1253.1999954804778	100.0	647.937	407.63538	1402.95	-130.7	100.0	1 h 46 min
1050	1363.2999941520393	100.0	730.452	403.4265	1377.7	-71.25001	100.0	1 h 51 min
1100	1221.8999888338149	100.0	814.656	341.58334	1381.2	204.9	100.0	1 h 57 min
1150	1365.2249916289002	100.0	815.6499	354.41278	1428.15	162.7	100.0	2 h 2 min
1200	466.13999529108406	100.0	774.63104	352.47253	1321.1	94.74999	100.0	2 h 7 min
1250	1066.8999910317361	100.0	616.13794	353.10745	1284.55	11.799994	100.0	2 h 12 min
1300	562.5749973170459	100.0	720.767	414.79404	1341.15	-228.0	100.0	2 h 17 min
1350	831.1999967731535	100.0	525.916	354.30316	1225.3	-183.6	100.0	2 h 22 min
1400	610.0999967716634	100.0	457.50198	325.45923	900.9	-256.2	100.0	2 h 28 min
1450	996.899996176362	100.0	578.832	322.63412	1132.3	-218.25	100.0	2 h 34 min
1500	1340.5999913439155	100.0	666.2559	362.20322	1366.55	-269.4	100.0	2 h 39 min
1550	1227.2999952845275	100.0	890.11206	361.52002	1513.85	-192.8	100.0	2 h 43 min
1600	1280.1999956071377	100.0	814.21594	385.15894	1303.1	77.84999	100.0	2 h 48 min
1650	1184.7499937824905	100.0	792.846	365.35492	1373.7	-113.80001	100.0	2 h 52 min
1700	1133.5999944657087	100.0	734.556	365.7549	1270.2	-65.05	100.0	2 h 56 min
1750	1114.5799951385707	100.0	763.205	364.1761	1357.8	-80.25001	100.0	3 h 0 min
1800	1264.9999902248383	100.0	690.55194	335.50424	1424.65	11.799996	100.0	3 h 5 min
1850	1213.1999943330884	100.0	638.19104	343.7713	1084.8	-81.950005	100.0	3 h 9 min
1900	979.4999959655106	100.0	585.62	283.16748	1145.15	-124.25001	100.0	3 h 14 min
1950	858.7349962510168	100.0	511.293	315.51297	967.95	-76.450005	100.0	3 h 19 min
2000	1310.7999958842993	100.0	424.50702	274.49493	1042.8	-233.95001	100.0	3 h 23 min
2050	999.7999908104539	100.0	558.088	355.66425	1171.75	-174.90001	100.0	3 h 28 min
2100	1083.5999906510115	100.0	628.942	342.595	1133.0	-406.75003	100.0	3 h 33 min
2150	1301.2999931909144	100.0	688.596	277.17426	1246.75	-249.7	100.0	3 h 38 min
2200	1185.9499914940448	100.0	631.4509	401.9017	1284.75	-253.25	100.0	3 h 43 min
2250	1040.384993906319	100.0	645.01697	373.3159	1158.7	-97.15	100.0	3 h 48 min
2300	978.2999945394695	100.0	750.42194	316.25577	1290.6	140.84999	100.0	3 h 54 min
2350	1029.8999955616891	100.0	629.737	380.57904	1272.4	-69.50001	100.0	3 h 59 min
2400	1251.6999917291105	100.0	769.50397	306.81903	1351.9	-33.95001	100.0	4 h 4 min
2450	1356.0999934785068	100.0	625.209	381.52478	1237.3	-194.45	100.0	4 h 9 min
2500	1163.2999956198037	100.0	659.265	381.82492	1234.4	-160.90001	100.0	4 h 13 min
2550	468.2849953275174	100.0	686.144	352.5238	1251.55	-109.4	100.0	4 h 18 min
2600	1108.999992594123	100.0	697.37396	349.0975	1231.55	-119.3	100.0	4 h 23 min
2650	1315.099994879216	100.0	630.333	415.29602	1214.75	-223.35	100.0	4 h 27 min
2700	1083.4249945085496	100.0	756.827	356.47156	1271.65	-227.35	100.0	4 h 32 min
2750	627.0699962269515	100.0	614.9941	354.47714	1137.55	-156.40001	100.0	4 h 37 min
2800	1153.5999957323074	100.0	671.835	301.2651	1297.0	96.5	100.0	4 h 41 min
2850	1155.0999921150506	100.0	782.62604	314.76306	1230.9	124.5	100.0	4 h 46 min
2900	1143.4999938867986	100.0	687.45703	359.09378	1383.0	-52.7	100.0	4 h 51 min
2950	1153.5999943464994	100.0	726.758	375.5376	1263.65	22.299997	100.0	4 h 56 min
3000	1219.599995173514	100.0	694.964	389.8599	1251.6	-198.35	100.0	5 h 1 min
3050	1212.5999950692058	100.0	707.605	371.01416	1201.2	-244.3	100.0	5 h 5 min
3100	1183.8999925218523	100.0	789.31506	283.7799	1196.35	41.999996	100.0	5 h 10 min
3150	1196.6999956853688	100.0	783.293	364.76053	1310.75	69.45	100.0	5 h 15 min
3200	1051.9399902813136	100.0	611.335	361.26074	1161.65	-78.850006	100.0	5 h 20 min
3250	857.359996464476	100.0	735.739	311.874	1236.3	-22.600004	100.0	5 h 24 min
3300	1201.0099953942001	100.0	738.878	382.35925	1336.7	-93.15	100.0	5 h 29 min
3350	1200.799995355308	100.0	773.03906	313.16574	1186.85	82.35	100.0	5 h 34 min
3400	1188.2999952547252	100.0	782.239	386.18445	1264.65	-10.350004	100.0	5 h 39 min
3450	1257.4999958761036	100.0	806.4391	342.25568	1234.3	-14.850004	100.0	5 h 44 min
3500	1123.0999939627945	100.0	661.95197	443.61865	1279.25	-152.40001	100.0	5 h 49 min
3550	1064.9999949112535	100.0	858.43	327.1051	1263.2	151.7	100.0	5 h 53 min
3600	1207.39999358356	100.0	835.40094	362.64905	1270.15	-16.550007	100.0	5 h 58 min
3650	1120.4999959804118	100.0	748.37213	447.86707	1238.8	-252.65001	100.0	6 h 3 min
3700	1102.599994674325	100.0	749.81805	398.83148	1282.25	-43.850006	100.0	6 h 8 min
3750	981.5649960581213	100.0	748.784	316.83084	1241.45	-6.5500035	100.0	6 h 12 min
3800	1107.0999944582582	100.0	808.82904	372.16324	1268.55	-3.800005	100.0	6 h 17 min
3850	1125.9999922290444	100.0	773.185	391.64175	1320.45	-151.65001	100.0	6 h 22 min
3900	1083.6449959542601	100.0	729.834	340.6197	1289.7	82.9	100.0	6 h 27 min
3950	782.2149953629821	100.0	612.47	415.7156	1275.4	-216.90001	100.0	6 h 31 min
4000	254.16499528810382	100.0	711.91205	405.42184	1260.3	-143.40001	100.0	6 h 36 min
4050	1120.2999936901033	100.0	698.783	408.37695	1284.0	-82.700005	100.0	6 h 41 min
4100	1165.0499934777617	100.0	856.62604	371.26602	1314.85	59.749996	100.0	6 h 46 min
4150	1325.6999938301742	100.0	815.35406	424.70105	1333.65	-165.1	100.0	6 h 51 min
4200	1136.099995173514	100.0	802.99603	414.76147	1253.3	-137.15001	100.0	6 h 55 min
4250	1236.399992927909	100.0	819.24097	362.8085	1381.3	-8.600004	100.0	7 h 0 min
4300	1065.6399948041885	100.0	772.22296	405.74515	1373.95	-109.90001	100.0	7 h 5 min
4350	1251.1999941393733	100.0	845.5059	381.32855	1335.35	-136.75	100.0	7 h 10 min
4400	1146.1499955169857	100.0	861.4341	399.8057	1307.15	-175.15001	100.0	7 h 15 min
4450	1347.9499949924648	100.0	882.671	317.18402	1338.65	103.7	100.0	7 h 19 min
4500	1138.6799950890243	100.0	787.93604	406.91147	1372.6	-265.7	100.0	7 h 24 min
4550	1084.6999938748777	100.0	792.88794	403.45126	1388.3	-134.6	100.0	7 h 29 min
4600	1332.4999944232404	100.0	881.459	392.46155	1346.05	-166.75	100.0	7 h 34 min
4650	1305.8999928198755	100.0	933.96796	387.78738	1407.3	-192.5	100.0	7 h 39 min
4700	1293.04999345541	100.0	838.724	409.4117	1355.95	26.349993	100.0	7 h 44 min
4750	1330.7499955557287	100.0	911.509	348.3464	1366.6	-80.950005	100.0	7 h 48 min
4800	1389.1499953866005	100.0	873.20593	355.27655	1351.25	-9.400003	100.0	7 h 53 min
4850	1376.1499950960279	100.0	940.931	340.9545	1429.3	192.65	100.0	7 h 58 min
4900	1329.5499952062964	100.0	783.906	428.6346	1405.6	-195.55	100.0	8 h 3 min
4950	1110.6699950017035	100.0	892.264	407.63275	1371.45	-27.400005	100.0	8 h 7 min
5000	1356.799993943423	100.0	825.678	423.985	1332.4	-180.05	100.0	8 h 12 min
5050	1326.9999947994947	100.0	808.145	421.83722	1389.7	-135.2	100.0	8 h 17 min
5100	1464.5999936014414	100.0	851.134	455.56537	1409.4	-36.250004	100.0	8 h 22 min
5150	1332.3999949917197	100.0	734.92303	445.42386	1473.45	0.6999975	100.0	8 h 27 min
5200	1149.7299957185983	100.0	829.51697	398.15063	1451.55	64.6	100.0	8 h 32 min
5250	1347.2999931313097	100.0	716.0851	475.8787	1447.1	-131.55	100.0	8 h 37 min
5300	1336.4999944157898	100.0	873.25604	388.68246	1465.2	51.549995	100.0	8 h 42 min
5350	1225.6499919593334	100.0	914.3499	388.4788	1425.25	-5.550003	100.0	8 h 47 min
5400	127.6449956074357	100.0	875.373	426.16556	1445.75	-41.600002	100.0	8 h 51 min
5450	1243.1999958492815	100.0	921.497	375.13315	1445.15	40.299995	100.0	8 h 56 min
5500	1298.3999948315322	100.0	930.428	415.08514	1415.3	85.99999	100.0	9 h 1 min
5550	1391.3999931886792	100.0	912.31604	450.29855	1432.75	-124.450005	100.0	9 h 6 min
5600	1318.5499955229461	100.0	927.9529	410.20483	1403.3	45.499996	100.0	9 h 11 min
5650	1490.5999955795705	100.0	997.2601	314.13953	1457.55	132.4	100.0	9 h 15 min
5700	1415.4999953731894	100.0	934.81104	400.88577	1410.65	-21.450003	100.0	9 h 20 min
5750	1333.499994698912	100.0	848.2269	428.02325	1374.0	-15.000003	100.0	9 h 25 min
5800	1440.2999941781163	100.0	972.894	393.77094	1492.6	-52.400005	100.0	9 h 30 min
5850	1358.4999953843653	100.0	832.247	438.38397	1414.2	-258.35	100.0	9 h 35 min
5900	1325.8499948009849	100.0	836.445	400.693	1406.15	-57.850002	100.0	9 h 40 min
5950	1380.3999952077866	100.0	804.676	455.59576	1440.05	-186.45001	100.0	9 h 45 min
6000	1249.3999946191907	100.0	914.834	400.7749	1406.25	-60.700005	100.0	9 h 49 min
6050	1391.0999950654805	100.0	910.221	428.95227	1438.5	-87.700005	100.0	9 h 54 min
6100	1304.3499957732856	100.0	839.74695	451.90384	1434.1	-308.55002	100.0	9 h 59 min
6150	1373.1799949347974	100.0	956.71	361.35257	1418.5	54.199997	100.0	10 h 4 min
6200	1345.799995340407	100.0	907.906	349.8198	1410.75	-26.600002	100.0	10 h 9 min
6250	1371.7399951800703	100.0	994.145	346.8899	1411.2	27.999996	100.0	10 h 14 min
6300	1298.284993552789	100.0	807.06604	412.96616	1340.5	-112.3	100.0	10 h 18 min
6350	1180.1549929991365	100.0	873.495	380.34964	1383.15	-52.850006	100.0	10 h 23 min
6400	1401.349995404482	100.0	770.85406	432.8268	1376.25	-73.00001	100.0	10 h 28 min
6450	1327.6499948613346	100.0	904.05896	360.3703	1356.4	-131.95001	100.0	10 h 33 min
6500	1330.3499950766563	100.0	922.43805	416.6888	1458.2	109.0	100.0	10 h 38 min
6550	1338.1499954611063	100.0	945.345	365.7906	1407.25	-62.800007	100.0	10 h 42 min
6600	1460.3499957174063	100.0	942.94	449.7275	1469.05	-27.000006	100.0	10 h 47 min
6650	1333.4499935172498	100.0	862.38196	424.12726	1395.25	-36.000004	100.0	10 h 52 min
6700	1304.7899949971586	100.0	966.25195	403.70807	1463.45	68.549995	100.0	10 h 57 min
6750	1319.149995651096	100.0	860.635	422.17255	1440.4	-71.8	100.0	11 h 2 min
6800	928.3999961584807	100.0	896.692	426.13495	1422.7	-42.100002	100.0	11 h 6 min
6850	1320.1499948836863	100.0	923.2659	413.7668	1374.35	-4.650003	100.0	11 h 11 min
6900	1381.699995111674	100.0	892.86	421.1848	1431.15	31.849998	100.0	11 h 16 min
6950	1361.9999956190586	100.0	920.59796	433.7612	1443.75	-43.100002	100.0	11 h 21 min
7000	1330.2499959096313	100.0	967.6261	362.09387	1383.4	67.6	100.0	11 h 26 min
7050	673.4449949573725	100.0	923.959	403.08078	1451.35	84.0	100.0	11 h 30 min
7100	1386.2499949857593	100.0	835.01	455.2953	1412.9	-161.25	100.0	11 h 35 min
7150	1379.149995841086	100.0	877.344	447.50528	1433.1	59.299995	100.0	11 h 40 min
7200	1412.5999948568642	100.0	839.34595	444.61996	1414.35	-120.700005	100.0	11 h 45 min
7250	1323.8999953083694	100.0	872.96	461.1749	1461.2	-3.050003	100.0	11 h 50 min
7300	1443.8999946527183	100.0	898.15405	408.94968	1470.7	1.0499984	100.0	11 h 55 min
7350	1410.7999943345785	100.0	888.27594	393.71906	1437.3	126.95	100.0	11 h 59 min
7400	1389.899995289743	100.0	932.74194	429.98834	1451.55	-65.450005	100.0	12 h 4 min
7450	1522.9499948434532	100.0	917.584	418.05008	1492.0	96.049995	100.0	12 h 9 min
7500	1412.199995175004	100.0	979.346	435.666	1513.2	87.45	100.0	12 h 14 min
7550	1444.2999946400523	100.0	945.28	421.64612	1485.95	15.299996	100.0	12 h 19 min
7600	1370.5999953337014	100.0	939.652	402.00668	1465.25	-99.450005	100.0	12 h 24 min
7650	1374.5999946445227	100.0	800.43195	445.6025	1499.75	-63.550007	100.0	12 h 29 min
7700	1353.6499959938228	100.0	1029.779	363.75873	1527.85	188.9	100.0	12 h 33 min
7750	1522.5999943166971	100.0	878.853	474.244	1563.15	-268.2	100.0	12 h 38 min
7800	1436.7499948255718	100.0	999.39	420.4783	1530.7	58.849995	100.0	12 h 43 min
7850	1351.8999934270978	100.0	906.136	398.9973	1492.85	64.399994	100.0	12 h 48 min
7900	1397.2999930344522	100.0	919.428	430.47208	1475.9	-37.4	100.0	12 h 53 min
7950	1352.749993506819	100.0	887.41595	453.1077	1420.35	-140.7	100.0	12 h 58 min
8000	1520.2999955825508	100.0	857.66205	470.2257	1470.05	-194.45	100.0	13 h 3 min
8050	1389.2499959021807	100.0	974.19696	436.39832	1506.35	-46.850002	100.0	13 h 8 min
8100	1334.9799966186285	100.0	942.781	444.7732	1529.3	24.199997	100.0	13 h 12 min
8150	1125.7699959728866	100.0	921.038	412.54758	1513.45	-229.40001	100.0	13 h 17 min
8200	935.5149967182427	100.0	953.28595	424.69034	1490.45	-6.9000025	100.0	13 h 22 min
8250	1426.199995137751	100.0	965.8191	387.97076	1519.9	-135.95001	100.0	13 h 27 min
8300	703.4849959224463	100.0	809.484	457.95026	1441.55	-196.95001	100.0	13 h 31 min
8350	1460.6999960280955	100.0	927.0411	446.30124	1515.85	1.8999983	100.0	13 h 36 min
8400	1442.59999557212	100.0	834.90204	455.46985	1514.55	-79.8	100.0	13 h 41 min
8450	1417.4999966938049	100.0	793.74194	456.19162	1463.25	-18.950005	100.0	13 h 46 min
8500	897.5099961932749	100.0	866.06	496.9942	1542.2	-1.5000046	100.0	13 h 50 min
8550	1467.399995021522	100.0	938.68304	406.5256	1530.15	67.6	100.0	13 h 55 min
8600	1289.129994982481	100.0	946.34595	454.0722	1551.5	-130.85	100.0	14 h 0 min
8650	1346.7399958260357	100.0	898.695	459.6342	1450.45	-193.95001	100.0	14 h 5 min
8700	1086.314995643869	100.0	971.3	460.95795	1446.1	16.299997	100.0	14 h 10 min
8750	1426.8999954611063	100.0	923.819	395.59363	1446.15	100.25	100.0	14 h 15 min
8800	630.1349960368127	100.0	1000.913	412.34955	1495.9	-13.200003	100.0	14 h 19 min
8850	1417.9999955035746	100.0	997.782	441.73297	1501.7	124.35	100.0	14 h 24 min
8900	1304.5999950319529	100.0	915.636	468.98282	1476.1	-61.9	100.0	14 h 29 min
8950	1499.8999954648316	100.0	852.59106	455.72406	1494.65	39.399998	100.0	14 h 34 min
9000	1160.1999950185418	100.0	947.319	470.56836	1520.05	-103.600006	100.0	14 h 39 min
9050	1371.2499961555004	100.0	1023.832	400.35123	1532.1	-179.3	100.0	14 h 44 min
9100	1468.5399945005774	100.0	886.88495	460.61868	1551.1	76.799995	100.0	14 h 49 min
9150	1363.2999948225915	100.0	856.032	476.62064	1450.15	-58.2	100.0	14 h 54 min
9200	1422.2499951198697	100.0	927.794	453.25726	1472.1	-148.25	100.0	14 h 59 min
9250	1542.2499951086938	100.0	1027.087	369.08115	1524.5	175.45	100.0	15 h 3 min
9300	1496.5499955154955	100.0	924.6311	481.30627	1498.0	-99.950005	100.0	15 h 8 min
9350	530.8849965922534	100.0	880.92194	399.8763	1522.05	68.399994	100.0	15 h 13 min
9400	1441.6999955065548	100.0	816.549	403.14703	1524.05	-10.300003	100.0	15 h 18 min
9450	1548.8999954164028	100.0	868.306	453.91553	1495.75	7.199997	100.0	15 h 22 min
9500	1254.0999956171959	100.0	801.90295	467.6464	1499.75	-17.950005	100.0	15 h 27 min
9550	1429.7999949380755	100.0	913.35406	436.33725	1461.05	113.799995	100.0	15 h 32 min
9600	1447.4999952800572	100.0	1017.81104	399.63318	1471.05	73.2	100.0	15 h 37 min
9650	1426.199994675815	100.0	899.52203	474.1173	1467.5	-14.150003	100.0	15 h 42 min
9700	1520.0999955423176	100.0	894.07806	492.28726	1526.7	-167.35	100.0	15 h 47 min
9750	581.4199961364269	100.0	1093.8289	323.08157	1535.7	93.75	100.0	15 h 52 min
9800	1502.0999960191548	100.0	976.44	432.36722	1504.2	-149.65001	100.0	15 h 57 min
9850	1494.7499955780804	100.0	799.761	513.1278	1536.45	-71.15	100.0	16 h 2 min
9900	588.7899966772645	100.0	878.74805	437.78467	1504.2	36.399998	100.0	16 h 6 min
9950	1330.0899949572981	100.0	859.296	405.59592	1452.2	100.299995	100.0	16 h 11 min
10000	-71.40000268183648	100.0	831.00806	481.3955	1474.05	-81.450005	100.0	16 h 16 min
10050	1417.0999961532652	100.0	772.53796	417.6215	1415.7	-63.950005	100.0	16 h 21 min
10100	1407.3999956212938	100.0	1019.7249	426.65918	1464.2	-217.75	100.0	16 h 26 min
10150	1430.7499956414104	100.0	1014.67596	422.07507	1495.6	5.799996	100.0	16 h 31 min
10200	1180.1999938599765	100.0	888.80396	457.12454	1441.95	-49.15	100.0	16 h 35 min
10250	1509.6999946571887	100.0	883.176	408.19775	1450.65	1.0999959	100.0	16 h 40 min
10300	1198.9449950199573	100.0	822.33905	504.77597	1512.45	38.05	100.0	16 h 45 min
10350	1418.6999951861799	100.0	976.76794	481.4214	1548.6	-79.100006	100.0	16 h 50 min
10400	1431.8999951593578	100.0	893.904	444.4414	1464.35	-69.75001	100.0	16 h 55 min
10450	1381.2999954335392	100.0	970.64197	461.8728	1488.65	56.999996	100.0	17 h 0 min
10500	1389.499994546175	100.0	954.8311	433.83762	1509.3	137.25	100.0	17 h 5 min
10550	1497.0999948345125	100.0	855.02094	507.4154	1466.9	-227.25	100.0	17 h 10 min
10600	1384.4999931007624	100.0	829.264	535.9262	1559.25	-249.8	100.0	17 h 15 min
10650	1447.099994469434	100.0	934.84106	467.6998	1476.25	-102.65	100.0	17 h 19 min
10700	1389.7999914586544	100.0	912.4199	472.1478	1457.5	-100.5	100.0	17 h 24 min
10750	216.14499638006092	100.0	830.895	464.81158	1519.9	-9.600003	100.0	17 h 29 min
10800	1420.999994777143	100.0	778.669	456.62283	1512.3	-46.550003	100.0	17 h 34 min
10850	1371.6999948248267	100.0	801.7569	485.984	1517.65	-123.450005	100.0	17 h 39 min
10900	1411.749995375052	100.0	768.877	464.14108	1425.0	-5.250003	100.0	17 h 44 min
10950	1381.24999595806	100.0	996.085	403.88348	1422.95	-118.3	100.0	17 h 48 min
11000	1453.5599959887563	100.0	961.38104	416.7374	1465.5	76.1	100.0	17 h 53 min
11050	1323.7499945610762	100.0	751.2219	484.2003	1441.15	-257.75	100.0	17 h 58 min
11100	1356.249995201826	100.0	788.807	422.338	1461.9	-27.550003	100.0	18 h 3 min
11150	403.95999615192414	100.0	806.62	423.0276	1460.05	-24.950005	100.0	18 h 8 min
11200	1584.9999950677156	100.0	892.60205	430.31543	1490.3	42.899998	100.0	18 h 13 min
11250	1471.7999955788255	100.0	927.473	409.51956	1506.95	142.4	100.0	18 h 18 min
11300	1420.1099949918687	100.0	895.60596	383.3322	1518.4	-159.7	100.0	18 h 22 min
11350	1445.799996085465	100.0	945.6641	436.91312	1442.9	-25.400005	100.0	18 h 27 min
11400	1446.799994893372	100.0	848.6651	395.73706	1480.2	97.2	100.0	18 h 32 min
11450	1383.1499962210655	100.0	889.3451	425.0472	1472.15	-20.100004	100.0	18 h 37 min
11500	1402.8499950617552	100.0	782.6291	444.9577	1463.7	-58.500004	100.0	18 h 42 min
11550	1352.849995907396	100.0	1009.2131	373.74725	1494.45	40.249996	100.0	18 h 47 min
11600	1389.1499951817095	100.0	845.1241	445.13596	1436.2	82.049995	100.0	18 h 52 min
11650	1421.8999935723841	100.0	781.986	502.45996	1431.8	-284.15	100.0	18 h 57 min
11700	1396.5799961395562	100.0	879.99097	426.72037	1456.7	-89.05	100.0	19 h 2 min
11750	1376.39999490045	100.0	830.863	481.53812	1452.1	-131.25	100.0	19 h 6 min
11800	1398.2999956570566	100.0	866.12915	526.1655	1459.9	-261.05002	100.0	19 h 11 min
11850	1391.584995201975	100.0	904.841	430.7932	1453.6	-29.700003	100.0	19 h 16 min
11900	1490.4999953694642	100.0	978.8981	485.1668	1448.35	-163.05	100.0	19 h 21 min
11950	1437.8299956053495	100.0	797.61597	444.07285	1450.0	67.649994	100.0	19 h 26 min
12000	1404.8999948501587	100.0	806.166	437.6962	1436.7	31.049997	100.0	19 h 31 min
12050	792.074995694682	100.0	992.073	446.394	1522.65	43.649994	100.0	19 h 36 min
12100	1400.799995481968	100.0	799.041	475.53174	1466.25	-93.05	100.0	19 h 41 min
12150	183.76999668218195	100.0	973.6049	396.6251	1464.6	-38.100006	100.0	19 h 46 min
12200	1274.199995111674	100.0	918.045	372.81955	1461.0	-72.700005	100.0	19 h 51 min
12250	1353.6499950923026	100.0	927.675	363.29837	1445.15	-51.600006	100.0	19 h 55 min
12300	1356.4999954499303	100.0	833.55005	476.2515	1489.45	-41.800007	100.0	20 h 0 min
12350	182.72999665290118	100.0	885.07306	413.1045	1471.15	49.949997	100.0	20 h 5 min
12400	1444.6499956920743	100.0	879.82794	432.21616	1537.95	-282.6	100.0	20 h 10 min
12450	1437.0499955937266	100.0	939.40204	420.36234	1468.6	26.549995	100.0	20 h 15 min
12500	1347.1499956808984	100.0	880.89594	411.78568	1463.8	105.6	100.0	20 h 20 min
12550	1537.7999949529767	100.0	880.642	436.4805	1478.9	29.699997	100.0	20 h 24 min
12600	1504.8999956808984	100.0	959.673	478.71646	1475.45	-233.45001	100.0	20 h 30 min
12650	1474.7999956905842	100.0	894.53204	482.39435	1528.95	-33.550003	100.0	20 h 34 min
12700	1249.1399949792772	100.0	990.11694	439.48618	1458.6	37.499996	100.0	20 h 39 min
12750	82.00499671399594	100.0	917.07306	441.25064	1533.9	-55.000004	100.0	20 h 44 min
12800	1421.499995496124	100.0	878.647	474.76404	1503.3	-127.55	100.0	20 h 49 min
12850	699.91499504745	100.0	695.865	463.4971	1483.85	-118.65	100.0	20 h 53 min
12900	1468.5999955236912	100.0	911.83295	404.10876	1447.1	-87.350006	100.0	20 h 58 min
12950	1473.199996046722	100.0	886.7749	450.46164	1434.95	-29.100004	100.0	21 h 3 min
13000	1554.3999961093068	100.0	868.75104	483.1522	1482.9	5.4999976	100.0	21 h 8 min
13050	1420.849996007979	100.0	1074.629	350.91315	1470.1	-40.750004	100.0	21 h 13 min
13100	1452.149994995445	100.0	912.111	436.98105	1460.95	22.049997	100.0	21 h 18 min
13150	978.5249965231866	100.0	752.54694	501.00842	1477.55	-251.25	100.0	21 h 23 min
13200	1484.8499954752624	100.0	922.18604	486.56888	1546.35	-119.8	100.0	21 h 28 min
13250	1287.2249954976141	100.0	858.45	507.3652	1484.8	-86.15	100.0	21 h 33 min
13300	1443.8999951146543	100.0	946.59	507.95544	1524.65	-66.5	100.0	21 h 38 min
13350	1481.5999957621098	100.0	903.7011	460.68143	1446.15	-91.850006	100.0	21 h 43 min
13400	1459.4499954469502	100.0	1046.7739	404.47235	1509.6	-26.550003	100.0	21 h 48 min
13450	1421.2999958992004	100.0	956.242	452.5035	1477.1	88.95	100.0	21 h 53 min
13500	1419.749995201826	100.0	942.771	393.6462	1483.75	153.59999	100.0	21 h 58 min
13550	-41.02500321865082	100.0	791.37103	515.369	1468.95	-137.8	100.0	22 h 2 min
13600	626.8999955635518	100.0	872.77594	427.7002	1476.2	-127.350006	100.0	22 h 7 min
13650	1159.924994893372	100.0	896.735	481.70404	1439.75	-127.05	100.0	22 h 12 min
13700	1391.9999939091504	100.0	866.90393	442.28162	1417.5	26.449997	100.0	22 h 16 min
13750	1414.9299946263432	100.0	1010.5609	427.1083	1469.05	-1.250004	100.0	22 h 21 min
13800	1412.4999947957695	100.0	966.851	417.45496	1417.65	-32.700005	100.0	22 h 26 min
13850	1452.384994351864	100.0	864.623	483.85638	1489.1	16.349998	100.0	22 h 31 min
13900	1438.849994637072	100.0	1002.18604	360.76184	1430.3	137.2	100.0	22 h 36 min
13950	564.6549960773439	100.0	922.68	474.48074	1457.4	16.299997	100.0	22 h 41 min
14000	751.1049973793328	100.0	797.06195	478.643	1471.1	5.449998	100.0	22 h 46 min
14050	279.15999748073517	100.0	956.98193	413.00162	1486.55	83.5	100.0	22 h 50 min
14100	1389.7499956600368	100.0	918.33594	451.42664	1467.5	-21.750004	100.0	22 h 55 min
14150	636.7749957188964	100.0	945.74493	485.6014	1498.35	-126.850006	100.0	23 h 0 min
14200	1433.09999505803	100.0	830.345	461.62952	1412.55	-239.75	100.0	23 h 5 min
14250	24.669997894763945	100.0	754.575	480.6725	1463.5	-51.4	100.0	23 h 10 min
14300	1406.949993815273	100.0	926.104	472.74625	1465.5	-116.65	100.0	23 h 15 min
14350	1497.6999943815172	100.0	870.165	434.99112	1486.15	-97.0	100.0	23 h 20 min
14400	1461.7999952845275	100.0	856.30304	459.93893	1469.95	-161.15001	100.0	23 h 24 min
14450	1143.5199955891817	100.0	761.85706	470.24026	1463.45	-174.65001	100.0	23 h 29 min
14500	1472.0499947667122	100.0	933.819	437.6738	1442.35	-246.55	100.0	23 h 34 min
14550	1445.399995971471	100.0	973.95294	474.81583	1460.85	-249.55	100.0	23 h 39 min
14600	1005.1899970021099	100.0	895.2561	474.5644	1448.65	-100.3	100.0	23 h 44 min
14650	199.9999956931919	100.0	850.67194	473.90796	1443.55	-55.050003	100.0	23 h 49 min
14700	1405.2499947883189	100.0	984.932	385.45578	1489.4	37.999996	100.0	23 h 53 min
14750	1253.6499955952168	100.0	867.42804	448.0445	1486.55	-122.200005	100.0	23 h 58 min
14800	1248.4099956586956	100.0	841.47	413.7906	1455.1	-32.750004	100.0	24 h 3 min
14850	1294.0749961957335	100.0	938.905	430.3863	1474.2	75.0	100.0	24 h 8 min
14900	1036.0799952588975	100.0	1044.278	431.70975	1471.45	0.3999971	100.0	24 h 13 min
14950	889.1849952243268	100.0	796.78705	469.76666	1457.1	-114.9	100.0	24 h 17 min
15000	1492.699995022267	100.0	950.40204	425.66925	1453.55	-45.300003	100.0	24 h 23 min
15050	156.22999627962707	100.0	962.511	458.69412	1470.35	-113.850006	100.0	24 h 27 min
15100	1284.3199956268072	100.0	961.45306	428.7616	1473.85	-57.250004	100.0	24 h 32 min
15150	1472.0999953113496	100.0	882.829	488.17014	1501.0	-56.550007	100.0	24 h 37 min
15200	1387.2499955669045	100.0	702.1859	476.7927	1437.9	-16.150003	100.0	24 h 42 min
15250	1459.1999955289066	100.0	859.057	428.65552	1467.7	-36.400005	100.0	24 h 48 min
15300	1481.6749958157538	100.0	901.4309	398.02676	1421.4	40.899998	100.0	24 h 53 min
15350	1446.8499952629209	100.0	993.823	485.4205	1465.6	-77.55	100.0	24 h 58 min
15400	1415.2499951273203	100.0	901.29596	432.72922	1452.1	-10.700004	100.0	25 h 3 min
15450	1487.3999958746135	100.0	972.86	436.54407	1480.15	148.75	100.0	25 h 8 min
15500	1014.6049968972802	100.0	954.345	400.74796	1497.2	61.699997	100.0	25 h 13 min
15550	1498.9999956414104	100.0	945.58405	447.27756	1521.55	-44.45	100.0	25 h 19 min
15600	1173.4499948769808	100.0	874.24603	465.09946	1534.5	-273.75	100.0	25 h 24 min
15650	1442.6999949403107	100.0	1051.3059	421.1065	1481.15	29.949997	100.0	25 h 29 min
15700	787.3449967261404	100.0	892.42206	488.29248	1482.55	-35.050003	100.0	25 h 34 min
15750	1351.3799958691002	100.0	1008.00305	404.00546	1505.75	110.35	100.0	25 h 39 min
15800	1472.4999957717955	100.0	890.52893	489.94427	1476.75	-293.55002	100.0	25 h 45 min
15850	1520.319995522499	100.0	805.27795	490.47284	1502.2	-10.050004	100.0	25 h 50 min
15900	1418.7999959029257	100.0	926.56104	473.56076	1454.8	2.8999977	100.0	25 h 55 min
15950	1519.3999952450395	100.0	791.916	524.6507	1480.25	-81.700005	100.0	26 h 0 min
16000	1462.6999948434532	100.0	889.0889	546.25604	1522.6	-145.95	100.0	26 h 6 min
16050	1447.4999957233667	100.0	944.1	478.19574	1460.65	135.85	100.0	26 h 11 min
16100	1309.749995417893	100.0	957.3169	484.2753	1492.95	-40.95	100.0	26 h 16 min
16150	1140.6899967025965	100.0	1026.929	431.96472	1502.65	-264.7	100.0	26 h 21 min
16200	1493.0999951660633	100.0	955.1839	377.36108	1460.2	-132.8	100.0	26 h 26 min
16250	1495.1999956592917	100.0	877.55304	534.9919	1509.65	-65.700005	100.0	26 h 32 min
16300	1514.9999946124851	100.0	919.195	448.52997	1503.6	140.8	100.0	26 h 37 min
16350	1432.199995867908	100.0	917.3	487.15118	1474.05	-33.750004	100.0	26 h 42 min
16400	1429.0499957464635	100.0	918.133	470.5397	1494.3	-26.800003	100.0	26 h 47 min
16450	1337.649994365871	100.0	944.62805	454.721	1510.95	-217.20001	100.0	26 h 52 min
16500	1332.9499962106347	100.0	992.72296	378.67267	1507.4	-27.100002	100.0	26 h 58 min
16550	1477.739995226264	100.0	965.157	427.98224	1492.05	40.699997	100.0	27 h 3 min
16600	1425.9499952226877	100.0	875.364	443.88843	1464.9	-27.400003	100.0	27 h 8 min
16650	857.1049960143864	100.0	1002.6911	410.2177	1449.45	110.2	100.0	27 h 13 min
16700	1475.699994828552	100.0	1004.65393	381.1757	1450.1	-155.25	100.0	27 h 18 min
16750	1426.4499950483441	100.0	997.55896	374.602	1452.3	75.299995	100.0	27 h 24 min
16800	1420.2499955408275	100.0	819.64813	453.19232	1464.55	-35.750004	100.0	27 h 29 min
16850	271.7149966701865	100.0	782.992	415.46637	1480.25	42.05	100.0	27 h 33 min
16900	1479.8999953009188	100.0	867.9199	439.96622	1418.45	-82.75	100.0	27 h 38 min
16950	1399.7999955192208	100.0	928.70306	407.42538	1470.95	-156.0	100.0	27 h 43 min
17000	1492.2999959252775	100.0	901.081	487.65152	1458.1	4.799996	100.0	27 h 48 min
17050	1452.09999505952	100.0	898.007	454.4378	1487.25	-101.950005	100.0	27 h 53 min
17100	1475.3999955058098	100.0	1029.236	462.91544	1497.4	-78.100006	100.0	27 h 59 min
17150	1406.5999953001738	100.0	986.44305	479.98004	1468.9	-181.40001	100.0	28 h 3 min
17200	760.4749964557589	100.0	930.91205	430.53323	1491.05	23.449997	100.0	28 h 8 min
17250	1056.189995410666	100.0	853.4171	485.83072	1474.1	-79.600006	100.0	28 h 13 min
17300	1330.794994718209	100.0	894.682	454.90295	1521.6	-91.55	100.0	28 h 18 min
17350	1428.4249952882528	100.0	1032.7831	415.22647	1480.35	20.749998	100.0	28 h 23 min
17400	1341.0499946437776	100.0	1024.448	464.39682	1494.85	-80.850006	100.0	28 h 28 min
17450	1429.1999950259924	100.0	922.633	477.94043	1490.75	-264.95	100.0	28 h 33 min
17500	1414.8999959230423	100.0	899.1191	449.16464	1467.65	-156.05	100.0	28 h 38 min
17550	1451.1499949656427	100.0	907.136	446.39148	1524.3	-3.650002	100.0	28 h 43 min
17600	1211.1149964306503	100.0	866.627	447.7672	1496.1	75.799995	100.0	28 h 47 min
17650	1469.499995637685	100.0	1080.21	352.44666	1490.8	320.2	100.0	28 h 52 min
17700	1479.6999956183136	100.0	901.39594	455.13284	1492.2	-164.40001	100.0	28 h 57 min
17750	181.7399972602725	100.0	909.6549	474.22522	1478.55	2.6499958	100.0	29 h 2 min
17800	137.62499709837138	100.0	942.0591	493.33823	1449.2	-112.75001	100.0	29 h 7 min
17850	1412.7999952882528	100.0	1006.54	369.68216	1488.5	265.9	100.0	29 h 12 min
17900	1146.699996593222	100.0	900.77	431.80057	1461.95	-9.050004	100.0	29 h 17 min
17950	1455.1499956846237	100.0	840.784	429.0497	1456.0	69.2	100.0	29 h 22 min
18000	1373.2999954745173	100.0	927.8709	500.63452	1464.2	-160.6	100.0	29 h 27 min
18050	1423.6399951584638	100.0	939.354	480.10153	1494.7	-36.950005	100.0	29 h 31 min
18100	1060.9799961347132	100.0	959.658	432.73566	1462.9	-210.5	100.0	29 h 36 min
18150	1508.0999954156578	100.0	971.45	441.89987	1455.7	72.95	100.0	29 h 41 min
18200	1386.599995225668	100.0	933.49396	430.90268	1497.5	10.799996	100.0	29 h 46 min
18250	1299.3499948978424	100.0	812.59094	531.88165	1533.85	-176.3	100.0	29 h 51 min
18300	1486.4999956451356	100.0	829.10297	538.80835	1448.3	-87.700005	100.0	29 h 56 min
18350	1461.0499958842993	100.0	937.45703	460.68546	1481.1	22.099998	100.0	30 h 1 min
18400	1426.999994624406	100.0	959.294	443.96893	1484.95	33.349995	100.0	30 h 6 min
18450	1401.7499961145222	100.0	924.65796	447.91516	1491.25	57.6	100.0	30 h 11 min
18500	1415.5999960973859	100.0	846.85596	454.73865	1455.3	-92.25	100.0	30 h 16 min
18550	1449.4999956563115	100.0	892.01807	520.90295	1506.3	-146.3	100.0	30 h 21 min
18600	1345.2899956014007	100.0	896.53	403.02988	1520.15	71.549995	100.0	30 h 26 min
18650	1372.1999949589372	100.0	980.082	420.18356	1457.4	91.299995	100.0	30 h 31 min
18700	1213.6649959914387	100.0	879.2379	458.58728	1504.75	38.499996	100.0	30 h 36 min
18750	1407.3999954089522	100.0	1027.202	427.90433	1480.95	-26.850002	100.0	30 h 41 min
18800	1395.7999952211976	100.0	1028.764	395.12778	1484.25	-62.650005	100.0	30 h 46 min
18850	1423.2999958656728	100.0	966.243	426.4424	1462.65	48.699997	100.0	30 h 51 min
18900	1398.3999954462051	100.0	1030.162	433.5467	1467.85	3.6499987	100.0	30 h 56 min
18950	1425.2399947050958	100.0	978.64594	442.4962	1480.55	18.199997	100.0	31 h 1 min
19000	1499.3999953754246	100.0	874.13196	462.56583	1465.65	-11.350001	100.0	31 h 5 min
19050	1469.6999959982932	100.0	1045.214	390.31882	1514.4	196.45	100.0	31 h 10 min
19100	1484.799995906651	100.0	951.74506	471.0359	1517.45	101.549995	100.0	31 h 15 min
19150	1189.099994711578	100.0	984.8091	507.0894	1473.1	-61.650005	100.0	31 h 20 min
19200	1412.2499953657389	100.0	1011.217	522.3031	1509.95	-82.75	100.0	31 h 25 min
19250	1498.3499953523278	100.0	983.005	447.75464	1459.15	-71.9	100.0	31 h 30 min
19300	262.9099969226867	100.0	1047.9049	449.1012	1512.75	-124.8	100.0	31 h 35 min
19350	1433.6499956399202	100.0	972.337	433.65826	1508.9	110.74999	100.0	31 h 40 min
19400	1452.2999959923327	100.0	912.897	488.18124	1526.85	-130.40001	100.0	31 h 45 min
19450	1384.8999940305948	100.0	907.19806	454.97946	1466.35	-75.5	100.0	31 h 50 min
19500	495.704996041581	100.0	827.85406	466.65533	1449.75	-136.65001	100.0	31 h 54 min
19550	1431.1999958381057	100.0	1019.125	477.2076	1480.1	-90.850006	100.0	31 h 59 min
19600	1465.9999949932098	100.0	763.7219	458.0513	1461.8	2.6999943	100.0	32 h 4 min
19650	1417.9499958977103	100.0	983.084	426.7849	1486.2	115.35	100.0	32 h 9 min
19700	1269.5549967460333	100.0	980.7869	473.56256	1514.45	-56.700005	100.0	32 h 14 min
19750	1159.824995497614	100.0	930.91296	421.6644	1488.4	-26.900002	100.0	32 h 19 min
19800	1264.94999531582	100.0	862.76	421.9282	1428.85	-90.05	100.0	32 h 23 min
19850	1341.6899953752757	100.0	829.135	441.47336	1460.65	30.199997	100.0	32 h 28 min
19900	1477.0499955527484	100.0	1000.3501	367.78348	1480.85	152.59999	100.0	32 h 33 min
19950	480.03499735072256	100.0	823.151	470.7133	1469.0	-71.350006	100.0	32 h 37 min
20000	-33.3400025356561	100.0	882.391	483.9709	1504.25	-51.950005	100.0	32 h 42 min
20050	1462.5499960146844	100.0	850.0201	480.51022	1497.0	-44.100002	100.0	32 h 47 min
20100	1433.6999950893223	100.0	992.03296	443.30585	1474.05	-122.3	100.0	32 h 52 min
20150	1284.4499936848879	100.0	930.406	431.78067	1470.25	-39.300003	100.0	32 h 57 min
20200	1471.5999956578016	100.0	873.447	478.67957	1493.3	-114.100006	100.0	33 h 1 min
20250	1496.5999956205487	100.0	1024.087	427.29315	1517.2	-126.15	100.0	33 h 6 min
20300	1439.0999956540763	100.0	839.62195	500.32657	1477.8	-97.65	100.0	33 h 11 min
20350	1418.5499957874417	100.0	854.06604	444.7583	1490.25	-14.600002	100.0	33 h 16 min
20400	1318.9399948637933	100.0	917.815	447.13748	1452.2	4.299997	100.0	33 h 21 min
20450	849.5049967616796	100.0	1008.57	417.15567	1442.85	92.299995	100.0	33 h 26 min
20500	1397.8499943241477	100.0	1001.082	441.65524	1475.65	114.0	100.0	33 h 31 min
20550	1455.6999953575432	100.0	907.62103	471.67273	1461.1	-42.95	100.0	33 h 36 min
20600	1323.5999951250851	100.0	903.733	456.44675	1476.0	-92.700005	100.0	33 h 41 min
20650	1321.6999948397279	100.0	857.969	459.5927	1484.65	-47.100002	100.0	33 h 45 min
20700	1439.899994943291	100.0	931.49005	456.72842	1457.45	42.149994	100.0	33 h 50 min
20750	1409.749995354563	100.0	800.419	512.9727	1498.5	-266.15	100.0	33 h 55 min
20800	1339.1499958597124	100.0	946.7901	447.66306	1444.85	-55.2	100.0	34 h 0 min
20850	973.269996477291	100.0	876.331	451.0699	1471.05	36.35	100.0	34 h 5 min
20900	1462.499995648861	100.0	886.69604	454.7832	1472.15	-36.2	100.0	34 h 10 min
20950	1441.7999960407615	100.0	928.81396	467.6927	1541.65	-59.65	100.0	34 h 15 min
21000	1521.2999956347048	100.0	994.218	411.8538	1509.85	185.4	100.0	34 h 20 min
21050	1407.9449964445084	100.0	894.07007	467.94238	1485.8	-65.4	100.0	34 h 24 min
21100	311.3299969688058	100.0	951.6069	459.1006	1452.9	-48.4	100.0	34 h 29 min
21150	863.9949964035302	100.0	863.22	466.66348	1479.4	-41.800003	100.0	34 h 34 min
21200	1273.39999595657	100.0	915.517	453.2966	1488.2	113.399994	100.0	34 h 39 min
21250	1506.5199957847594	100.0	941.55896	479.93723	1482.45	-38.750004	100.0	34 h 44 min
21300	1378.6199954770505	100.0	942.72797	420.5768	1478.85	80.49999	100.0	34 h 48 min
21350	1495.5499947424978	100.0	1066.1318	415.38272	1454.25	-8.1500025	100.0	34 h 53 min
21400	1414.4999955110252	100.0	957.661	430.44647	1469.0	93.649994	100.0	34 h 58 min
21450	1471.3999956473708	100.0	869.555	445.2683	1477.25	-87.15	100.0	35 h 3 min
21500	1434.0499947592616	100.0	931.3519	484.9657	1498.75	-215.15001	100.0	35 h 8 min
21550	1526.599995933473	100.0	1007.67596	378.9689	1475.15	133.84999	100.0	35 h 13 min
21600	1468.199996009469	100.0	1015.22095	448.005	1516.65	-74.0	100.0	35 h 18 min
21650	1288.8549956846982	100.0	963.594	404.18042	1456.65	47.249996	100.0	35 h 23 min
21700	1455.5999953523278	100.0	1055.705	401.62122	1468.85	-169.20001	100.0	35 h 28 min
21750	396.96499719806013	100.0	843.3641	508.20642	1471.85	-143.90001	100.0	35 h 33 min
21800	1154.4999958738686	100.0	1020.573	424.01276	1486.65	88.4	100.0	35 h 38 min
21850	1455.5999957472086	100.0	914.726	517.29297	1511.55	-118.4	100.0	35 h 43 min
21900	1286.4849955487996	100.0	936.198	418.16595	1505.25	-108.65	100.0	35 h 47 min
21950	1248.2999962493777	100.0	861.94904	447.11728	1481.95	-11.550002	100.0	35 h 52 min
22000	1482.1999953985214	100.0	926.697	419.63666	1465.45	-78.350006	100.0	35 h 57 min
22050	1390.1999958977103	100.0	894.49	458.48578	1454.65	-51.300003	100.0	36 h 2 min
22100	1258.9599963076412	100.0	969.49805	397.60715	1439.05	30.649998	100.0	36 h 7 min
22150	1363.5699956417084	100.0	953.41797	436.45425	1460.65	-0.20000371	100.0	36 h 12 min
22200	1487.099995676428	100.0	857.009	448.45862	1461.7	-85.100006	100.0	36 h 17 min
22250	1459.2999953515828	100.0	923.976	434.3347	1457.05	-44.800003	100.0	36 h 21 min
22300	1392.7749950960279	100.0	916.58295	429.95267	1443.6	83.149994	100.0	36 h 26 min
22350	1192.9699963536114	100.0	905.01294	469.1487	1481.25	61.899998	100.0	36 h 31 min
22400	1379.049995880574	100.0	861.6141	469.37967	1486.85	-111.8	100.0	36 h 36 min
22450	1419.1499949160964	100.0	996.47	430.64572	1474.75	-42.4	100.0	36 h 41 min
22500	1442.699995830655	100.0	991.23694	419.6933	1474.55	21.199997	100.0	36 h 46 min
22550	1388.6999954171479	100.0	976.544	448.06607	1465.45	-139.8	100.0	36 h 50 min
22600	1455.999995701015	100.0	935.63007	463.4729	1439.7	-205.95	100.0	36 h 55 min
22650	1417.0999949239194	100.0	960.983	394.25964	1466.9	65.25	100.0	37 h 0 min
22700	1466.7999954298139	100.0	1017.81195	465.4988	1477.75	-63.000004	100.0	37 h 5 min
22750	499.679995950684	100.0	999.262	396.3125	1479.95	34.649998	100.0	37 h 10 min
22800	1289.1399951871485	100.0	985.73694	456.35785	1493.0	-142.65001	100.0	37 h 15 min
22850	1475.5999954529107	100.0	812.31805	463.32413	1509.6	4.749997	100.0	37 h 20 min
22900	336.13999710567293	100.0	944.0619	436.86642	1489.85	15.349997	100.0	37 h 25 min
22950	1238.874995591864	100.0	1042.02	380.09518	1521.8	98.95	100.0	37 h 29 min
23000	-105.845003695786	100.0	866.99	440.42752	1477.4	27.049997	100.0	37 h 34 min
23050	1438.1999945528805	100.0	1031.0	362.00726	1483.35	187.25	100.0	37 h 39 min
23100	1275.7499931715429	100.0	935.198	439.16266	1459.3	-268.9	100.0	37 h 44 min
23150	1458.239994983375	100.0	983.2949	404.18225	1470.65	65.45	100.0	37 h 48 min
23200	1441.9499949924648	100.0	955.673	445.30048	1477.3	18.899998	100.0	37 h 53 min
23250	789.3449963741004	100.0	710.4359	513.84503	1457.95	-100.00001	100.0	37 h 58 min
23300	1450.3499954119325	100.0	977.865	435.07443	1469.85	137.5	100.0	38 h 3 min
23350	1123.2799965504557	100.0	951.424	490.13138	1474.7	-97.200005	100.0	38 h 8 min
23400	1415.3499940373003	100.0	789.475	451.3657	1469.55	-95.25	100.0	38 h 13 min
23450	1415.6249951310456	100.0	890.284	467.3602	1476.15	-114.8	100.0	38 h 17 min
23500	1402.6999948099256	100.0	841.91296	505.24554	1484.6	-16.150002	100.0	38 h 22 min
23550	1294.4999950826168	100.0	905.46796	421.74197	1467.4	80.5	100.0	38 h 27 min
23600	1439.1499949544668	100.0	895.08295	414.7266	1471.15	-78.8	100.0	38 h 32 min
23650	1406.6499954462051	100.0	942.387	407.9898	1437.7	-119.950005	100.0	38 h 37 min
23700	1451.7999957203865	100.0	874.62695	424.98294	1472.8	35.549995	100.0	38 h 42 min
