Epoch	AverageEpRet	StdEpRet	MaxEpRet	MinEpRet	EpLen	TotalEnvInteracts	LossPi	LossV	DeltaLossPi	DeltaLossV	Entropy	KL	ClipFrac	StopIter	Time
0	-447.8556	21.06591	-412.1	-473.80002	120.0	120000	-1.4808029e-07	4.8924255	-0.010252066	-3.746416	3.4951663	0.0074604587	0.060591668	49.0	176.72196650505066
1	-471.45624	15.672019	-449.45	-499.55002	120.0	240000	-6.519258e-09	1.2394552	-0.013553306	-0.1440032	3.488088	0.006494769	0.072275	49.0	354.7022078037262
2	-468.66876	18.582548	-427.30002	-490.6	120.0	360000	-7.450581e-09	1.2055666	-0.016071318	-0.029891655	3.4787617	0.0070644254	0.084808335	49.0	532.585381269455
3	-459.10626	26.885143	-417.7	-512.7	120.0	480000	1.071021e-08	1.1872607	-0.01781452	-0.022778213	3.468094	0.008339323	0.09199166	49.0	712.8789882659912
4	-474.425	12.173307	-450.1	-493.30002	120.0	600000	-4.307367e-09	1.138552	-0.019401262	-0.035470277	3.4552784	0.008131771	0.10216667	49.0	890.5226647853851
5	-464.76874	15.075886	-447.35	-492.25	120.0	720000	3.7252903e-09	1.1001623	-0.021313122	-0.024191454	3.4409833	0.008312436	0.11341667	49.0	1070.4678421020508
6	-456.86252	19.147188	-427.30002	-487.85	120.0	840000	2.0954758e-09	1.1567817	-0.021449424	-0.026075162	3.4270957	0.0077781803	0.108875	49.0	1245.6434512138367
7	-447.40625	22.898056	-417.6	-495.35	120.0	960000	7.3341653e-09	1.2027829	-0.022364764	-0.026669517	3.4125931	0.008443534	0.11196667	49.0	1426.393637895584
8	-458.04376	24.71693	-422.4	-501.4	120.0	1080000	-5.355105e-09	1.1783563	-0.02406712	-0.03513159	3.3985634	0.008232071	0.12003333	49.0	1604.0905380249023
9	-445.8375	18.554073	-409.6	-480.35	120.0	1200000	-9.313226e-10	1.2876878	-0.02485742	-0.025234476	3.3820581	0.008454379	0.12805	49.0	1784.3525278568268
10	-450.24377	22.280462	-397.5	-475.25	120.0	1320000	-1.1874363e-08	1.2626342	-0.025475958	-0.029483221	3.3623786	0.00910808	0.13358334	49.0	1958.9971148967743
11	-435.09375	14.734517	-404.4	-454.4	120.0	1440000	-8.381903e-09	1.3010384	-0.025902957	-0.031655386	3.3423233	0.008976709	0.12713334	49.0	2138.013198375702
12	-435.56876	16.827688	-417.7	-468.1	120.0	1560000	-1.5366822e-08	1.5649351	-0.025823023	-0.02286978	3.3224516	0.008980088	0.12654167	49.0	2316.706088066101
13	-409.775	29.526724	-357.15	-452.9	120.0	1680000	1.1641532e-10	1.6022618	-0.026254594	-0.021127805	3.3045342	0.009476431	0.12711667	49.0	2495.0651807785034
14	-417.95	24.247223	-380.80002	-461.15	120.0	1800000	-4.656613e-09	1.8525258	-0.02700634	-0.041114673	3.2781796	0.008830823	0.12759167	49.0	2673.3785758018494
15	-401.5875	38.498085	-325.0	-458.45	120.0	1920000	1.8626451e-09	2.4412076	-0.02695904	-0.076501325	3.2531059	0.010189315	0.14148334	49.0	2853.445967435837
16	-384.49377	34.62438	-342.55002	-440.35	120.0	2040000	9.313226e-09	2.5641718	-0.02723757	-0.07979262	3.231318	0.00953527	0.13852501	49.0	3032.2955169677734
17	-374.08124	73.462585	-224.3	-462.65	120.0	2160000	-1.816079e-08	3.1032577	-0.02668637	-0.084197134	3.20679	0.009093792	0.13238333	49.0	3210.870327949524
18	-358.10626	29.889675	-316.55002	-414.1	120.0	2280000	-1.5832484e-08	4.1536818	-0.026691807	-0.12515733	3.1780097	0.009562698	0.13570833	49.0	3392.988567352295
19	-300.86877	63.76754	-193.45	-402.15	120.0	2400000	-4.656613e-10	6.0866575	-0.025622606	-0.35202354	3.1479912	0.010069121	0.13714167	49.0	3568.880691766739
20	-327.35	93.1617	-136.85	-429.1	120.0	2520000	-1.8626451e-09	6.4867315	-0.025359951	-0.25959277	3.1180844	0.010208822	0.128225	49.0	3751.0377740859985
21	-268.71252	59.072235	-190.05	-354.30002	120.0	2640000	-3.7252903e-09	8.235146	-0.02630179	-0.4886655	3.0856133	0.010119363	0.13810834	49.0	3928.66938328743
22	-234.375	65.715195	-162.95001	-343.30002	120.0	2760000	-8.381903e-09	8.260711	-0.02594124	-0.4172883	3.0510612	0.009921735	0.13724999	49.0	4107.94385933876
23	-272.65002	49.865906	-218.3	-389.7	120.0	2880000	9.313226e-10	9.289871	-0.02543762	-0.47594172	3.0162532	0.009938334	0.13515833	49.0	4284.860409498215
24	-223.31111	115.179596	-59.650005	-400.15	120.0	3000000	-2.7939677e-09	10.135489	-0.026440857	-0.6933663	2.979948	0.0103316335	0.13746667	49.0	4465.79972076416
25	-244.79999	66.304054	-116.3	-356.65	120.0	3120000	3.7252903e-09	11.2193165	-0.025690094	-0.9210492	2.9301143	0.0114214495	0.149525	49.0	4644.874207019806
26	-232.88126	49.978214	-139.6	-294.2	120.0	3240000	-3.7252903e-09	10.563255	-0.02504774	-0.9678034	2.9024587	0.010033717	0.14426666	49.0	4826.1899971961975
27	-202.36874	65.50922	-57.900005	-285.75	120.0	3360000	0.0	12.068163	-0.025043983	-1.1992856	2.8643312	0.009796325	0.13852501	49.0	5002.183167219162
28	-233.13751	71.94034	-120.350006	-333.65	120.0	3480000	0.0	10.0467205	-0.0258025	-0.9598413	2.8193126	0.010401568	0.15675	49.0	5183.299684047699
29	-219.535	102.06366	-81.9	-380.7	120.0	3600000	-2.7939677e-09	8.457382	-0.024410253	-0.86433494	2.7822456	0.009229287	0.14184168	49.0	5359.854181051254
30	-82.262505	86.676506	70.59999	-226.25	120.0	3720000	-6.0535967e-09	12.884857	-0.024751842	-1.344908	2.7532754	0.010903373	0.14506668	49.0	5540.689983129501
31	-228.35558	112.84318	-28.250004	-411.2	120.0	3840000	5.5879354e-09	12.345976	-0.024067773	-1.2458134	2.7071798	0.0103932405	0.13755834	49.0	5717.030668497086
32	-159.35	91.62686	-18.050005	-277.9	120.0	3960000	-6.519258e-09	13.058098	-0.024358384	-1.5410395	2.6670978	0.010526776	0.14149168	49.0	5896.715974330902
33	-104.45626	109.45312	148.0	-241.35	120.0	4080000	-1.8626451e-09	15.670148	-0.024259368	-2.0993361	2.6274118	0.010335652	0.1405	49.0	6073.2092072963715
34	-131.70001	110.63839	65.2	-345.6	120.0	4200000	1.8626451e-09	12.583664	-0.024505585	-1.784488	2.5888586	0.010086716	0.14699167	49.0	6253.550602912903
35	-58.113644	89.662254	99.899994	-202.70001	120.0	4320000	-5.820766e-10	15.176058	-0.023721568	-2.0279222	2.5566163	0.011742437	0.15098333	49.0	6431.852873086929
36	-50.172226	112.18846	94.95	-269.5	120.0	4440000	2.7939677e-09	15.35374	-0.024094999	-2.1658003	2.5073333	0.010155474	0.13853332	49.0	6613.511008024216
37	-196.63126	106.80523	-3.0500052	-333.05002	120.0	4560000	6.0535967e-09	13.086217	-0.021897893	-2.279226	2.4599504	0.01117797	0.15388334	49.0	6791.71754026413
38	33.42222	132.51291	362.25	-59.500004	120.0	4680000	3.0267984e-09	18.82876	-0.022984473	-2.338314	2.421415	0.011082562	0.14236668	49.0	6972.012783050537
39	-108.887505	117.74145	32.099995	-295.95	120.0	4800000	-1.8626451e-09	18.515434	-0.023593705	-2.434109	2.3874884	0.011705361	0.14599167	49.0	7149.628089427948
40	-64.13334	103.16733	74.84999	-261.05002	120.0	4920000	-4.1909516e-09	18.060658	-0.023088226	-2.5318441	2.352735	0.010556119	0.13864167	49.0	7328.9711372852325
41	9.956245	99.08663	145.9	-172.5	120.0	5040000	0.0	17.017307	-0.022900831	-2.3943315	2.322126	0.010516316	0.14413333	49.0	7508.540592670441
42	-55.05626	88.128914	106.1	-171.55	120.0	5160000	-4.656613e-10	14.331888	-0.023237513	-1.848706	2.2936077	0.010423514	0.14065835	49.0	7688.478847503662
43	84.53749	95.82119	207.15	-71.100006	120.0	5280000	-4.8894435e-09	25.196068	-0.023217484	-4.4585977	2.2510412	0.012874721	0.14340833	49.0	7868.070784330368
44	-30.150003	166.5925	207.2	-289.6	120.0	5400000	3.259629e-09	15.327591	-0.022450399	-3.2126892	2.2086473	0.010256553	0.144725	49.0	8046.343457937241
45	-21.656256	86.49043	179.2	-108.25001	120.0	5520000	-9.313226e-10	17.812515	-0.022258386	-2.5574288	2.2055373	0.011835767	0.13690001	49.0	8223.470113992691
46	76.118744	158.97203	381.05	-154.8	120.0	5640000	-9.313226e-09	20.408033	-0.022735588	-3.1660619	2.1434872	0.011767965	0.13538334	49.0	8403.29382443428
47	-6.1687527	143.8908	180.5	-235.95001	120.0	5760000	-6.2864274e-09	17.257166	-0.021787435	-3.1529698	2.1134462	0.009936504	0.13650835	49.0	8583.823422431946
48	42.89444	106.01142	212.0	-183.55	120.0	5880000	-6.0535967e-09	17.415627	-0.021238532	-2.7827058	2.0820549	0.011533788	0.1471	49.0	8761.78024315834
49	38.862495	126.367134	173.84999	-192.35	120.0	6000000	7.450581e-09	22.021946	-0.02199544	-3.7100751	2.053725	0.010795042	0.13457501	49.0	8941.9915869236
50	38.03749	146.74356	219.75	-176.0	120.0	6120000	4.307367e-09	20.540731	-0.0211832	-3.4988198	2.0288627	0.011022845	0.14660834	49.0	9118.99734711647
51	76.9625	210.46161	506.5	-125.00001	120.0	6240000	2.7939677e-09	18.472067	-0.022110201	-2.6682649	1.997339	0.010686815	0.13129166	49.0	9300.271967887878
52	120.7	126.7343	294.3	-62.250008	120.0	6360000	4.656613e-10	26.979795	-0.02153849	-4.885275	1.9772475	0.010953866	0.13393334	49.0	9479.118382453918
53	183.76874	165.7867	454.8	-81.200005	120.0	6480000	-9.313226e-10	32.812492	-0.02092709	-6.2934513	1.9436367	0.010930603	0.127775	49.0	9661.165224075317
54	91.06874	103.98746	312.44998	-27.800005	120.0	6600000	-3.7252903e-09	24.329716	-0.02058316	-6.3398504	1.9384397	0.01003009	0.13520834	49.0	9838.525471925735
55	168.3222	148.962	368.9	-85.90001	120.0	6720000	-1.8626451e-09	28.389536	-0.020434078	-4.8927517	1.8891238	0.011272355	0.12976667	49.0	10019.939473867416
56	111.97499	131.0391	340.55	-54.95001	120.0	6840000	1.8626451e-09	21.084171	-0.02099102	-4.6962795	1.8795174	0.010485074	0.13195834	49.0	10195.113138914108
57	116.31665	146.6489	298.44998	-188.0	120.0	6960000	7.450581e-09	26.734438	-0.02004282	-5.270732	1.8578901	0.011186724	0.12929168	49.0	10375.626908540726
58	190.78888	146.21097	536.1	33.84999	120.0	7080000	-2.3283064e-09	29.604076	-0.020594196	-6.9593606	1.8606911	0.011965234	0.13027501	49.0	10552.783757686615
59	115.19375	194.82874	390.85	-203.75	120.0	7200000	-2.7939677e-09	34.906322	-0.019854289	-7.88587	1.797414	0.010276737	0.13191667	49.0	10731.50362610817
60	138.18332	170.58144	443.75	-73.00001	120.0	7320000	3.7252903e-09	32.18657	-0.018373702	-7.0676537	1.7801695	0.010739428	0.14023334	49.0	10909.540626049042
61	179.91667	127.47987	429.75	6.899994	120.0	7440000	3.7252903e-09	27.9273	-0.020079743	-5.86154	1.7700067	0.012033921	0.1377	49.0	11087.808185338974
62	249.58125	142.50053	414.35	85.34999	120.0	7560000	-2.7939677e-09	28.66394	-0.019892193	-5.677696	1.7443306	0.010867057	0.13003334	49.0	11265.455682992935
63	235.67998	228.58136	584.05	-23.750006	120.0	7680000	0.0	24.258547	-0.020169973	-5.135704	1.7272997	0.010511962	0.13215001	49.0	11446.005969524384
64	209.0722	97.06004	358.35	71.74999	120.0	7800000	-2.3283064e-09	30.27662	-0.01834511	-6.131463	1.7002242	0.010811778	0.125925	49.0	11624.126324653625
65	194.46666	204.46101	443.3	-121.55001	120.0	7920000	-1.3969839e-09	28.695309	-0.019159328	-6.5153723	1.6878157	0.010509347	0.13011666	49.0	11803.191588163376
66	119.54445	150.636	305.25	-214.55	120.0	8040000	4.656613e-10	28.250153	-0.018901397	-6.6449375	1.6473625	0.010845447	0.124241665	49.0	11979.855396986008
67	266.00998	186.97145	575.6	-40.300007	120.0	8160000	7.450581e-09	32.0748	-0.019889083	-7.4296246	1.6276588	0.011993038	0.12650833	49.0	12160.572553873062
68	110.454544	165.57292	457.44998	-126.50001	120.0	8280000	-1.3969839e-09	21.573956	-0.019218931	-4.888466	1.6217463	0.010645138	0.14054166	49.0	12337.296069860458
69	168.43332	170.72826	437.19998	-85.55001	120.0	8400000	-5.355105e-09	25.283318	-0.01826473	-5.6704493	1.600349	0.012375962	0.12691666	49.0	12516.663808107376
70	213.92778	145.57997	483.25	36.349995	120.0	8520000	-1.8626451e-09	21.546677	-0.019395925	-4.2560143	1.5770776	0.011306318	0.12686667	49.0	12691.03948712349
71	208.93332	232.95297	776.1	-32.000008	120.0	8640000	-7.450581e-09	23.116638	-0.018845767	-4.481196	1.5548557	0.011328165	0.11974166	49.0	12871.609735965729
72	210.30624	221.94716	622.45	-104.90001	120.0	8760000	-3.7252903e-09	31.619171	-0.018803261	-6.197773	1.53601	0.010982163	0.11816667	49.0	13048.067646980286
73	292.425	170.59885	604.55	79.799995	120.0	8880000	7.450581e-09	30.353468	-0.0188976	-6.186334	1.5210025	0.011909382	0.11925833	49.0	13225.518574476242
74	259.61874	189.30849	585.0	-52.550007	120.0	9000000	1.8626451e-09	26.658756	-0.018426968	-5.549794	1.5213209	0.009669287	0.11846667	49.0	13399.502461194992
75	189.4625	120.908936	366.65	55.099995	120.0	9120000	7.450581e-09	30.713686	-0.017427884	-6.2335863	1.4896545	0.012009554	0.124583334	49.0	13573.59090924263
76	227.33124	117.8841	468.85	62.749992	120.0	9240000	-4.1909516e-09	33.99513	-0.017036535	-7.716839	1.4869223	0.011356518	0.12280834	49.0	13753.816106796265
77	165.88333	202.12338	386.6	-173.45001	120.0	9360000	-3.4924597e-09	31.349155	-0.017241497	-8.713422	1.4551308	0.009878068	0.12144166	49.0	13927.874843358994
78	237.75	212.56587	593.8	-95.200005	120.0	9480000	-2.7939677e-09	28.672562	-0.017491186	-8.092527	1.4256604	0.010703813	0.1184	49.0	14105.662771224976
79	357.4611	125.3052	619.2	202.65	120.0	9600000	3.259629e-09	34.959938	-0.017775081	-8.140276	1.4264559	0.011740267	0.122925	49.0	14281.097983121872
80	306.2389	217.30325	680.95	-18.450008	120.0	9720000	2.7939677e-09	37.471283	-0.017468438	-7.862163	1.4154079	0.010628866	0.120566666	49.0	14461.496697425842
81	216.81876	130.93437	437.85	-9.9500065	120.0	9840000	-9.080395e-09	27.463507	-0.018414788	-9.065958	1.4087703	0.010980779	0.12657501	49.0	14638.79116511345
82	186.91875	156.22665	495.94998	10.899993	120.0	9960000	3.7252903e-09	26.053133	-0.017125156	-5.66379	1.3925664	0.010969467	0.120741665	49.0	14818.737679243088
83	305.91876	195.50702	593.15	20.049994	120.0	10080000	9.313226e-10	25.147743	-0.017735831	-3.6444254	1.3656361	0.012189496	0.1234	49.0	14994.81405210495
84	170.8375	106.067726	324.69998	29.149994	120.0	10200000	1.8626451e-09	22.863308	-0.017877452	-3.8104558	1.3902829	0.011855798	0.12026666	49.0	15173.999888896942
85	335.89374	212.09622	744.65	107.149994	120.0	10320000	-2.7939677e-09	40.56681	-0.017105017	-7.6804395	1.3672718	0.013062395	0.12556666	49.0	15349.882955551147
86	256.11816	128.82394	521.1	98.34999	120.0	10440000	-1.3969839e-09	31.545187	-0.017982326	-7.0783777	1.3586656	0.010658534	0.118725	49.0	15523.779232263565
87	220.51498	178.42838	491.9	-132.85	120.0	10560000	4.8894435e-09	23.35841	-0.017702948	-4.3005786	1.3472117	0.012234703	0.12249167	49.0	15702.63559103012
88	355.71252	154.95206	740.9	185.54999	120.0	10680000	-9.313226e-10	39.62504	-0.01678539	-8.225958	1.3408346	0.01182519	0.122258335	49.0	15878.176842451096
89	346.035	254.6387	956.35	10.649994	120.0	10800000	0.0	35.965572	-0.016702097	-7.4509764	1.3360626	0.010159545	0.12394167	49.0	16058.115622997284
90	285.24	122.01984	494.94998	107.299995	120.0	10920000	-1.8626451e-09	31.793694	-0.016688682	-9.2131815	1.3300517	0.012060983	0.121366665	49.0	16234.133162975311
91	271.95624	107.583145	397.0	60.449993	120.0	11040000	4.656613e-09	39.25834	-0.016087834	-8.098528	1.3344122	0.0129950475	0.125325	49.0	16414.51744914055
92	340.98	222.50851	798.15	85.149994	120.0	11160000	3.7252903e-09	30.71492	-0.016775481	-7.2627716	1.3175998	0.010475095	0.1132	49.0	16590.18810725212
93	313.29544	107.33254	466.25	139.75	120.0	11280000	2.7939677e-09	29.532413	-0.016364984	-6.1257734	1.296919	0.011283435	0.12165	49.0	16770.072702646255
94	317.63123	147.13219	518.1	94.299995	120.0	11400000	3.7252903e-09	31.713448	-0.017030295	-7.485634	1.2961469	0.011736272	0.11695	49.0	16944.70595431328
95	374.36996	209.60329	782.15	62.799995	120.0	11520000	7.450581e-09	34.504326	-0.017875118	-6.00764	1.279714	0.01208939	0.12133333	49.0	17122.862505197525
96	271.8625	214.49712	650.7	-1.3500079	120.0	11640000	9.313226e-09	29.407906	-0.017051928	-5.713771	1.2574307	0.010734543	0.11789167	49.0	17298.30342388153
97	289.00552	158.86475	590.3	101.149994	120.0	11760000	0.0	37.097538	-0.016961362	-7.8299847	1.2608498	0.010524506	0.11070833	49.0	17474.105083703995
98	394.635	141.00386	577.0	196.09999	120.0	11880000	2.7939677e-09	40.491554	-0.016710136	-9.934187	1.2622017	0.0109773055	0.12039167	49.0	17655.20868062973
99	310.91998	112.196785	455.0	135.54999	120.0	12000000	-1.8626451e-09	33.144333	-0.016748887	-9.485449	1.2416122	0.010476563	0.12393333	49.0	17830.43563437462
100	295.55624	138.32642	578.75	97.049995	120.0	12120000	9.313226e-10	29.799055	-0.016560381	-5.7426796	1.2226431	0.010812143	0.11670834	49.0	18010.244156837463
101	393.0792	216.76924	676.2	54.449993	120.0	12240000	-9.313226e-10	40.145767	-0.016475111	-8.586733	1.2261826	0.011411542	0.1145	49.0	18186.657539844513
102	338.23	208.24297	695.2	83.24999	120.0	12360000	1.21071935e-08	42.104485	-0.01728415	-7.455329	1.224279	0.01142163	0.11448334	49.0	18367.198108434677
103	347.06665	158.79362	631.15	49.749992	120.0	12480000	-1.3969839e-09	28.926384	-0.016806161	-8.039251	1.2161827	0.011084689	0.12070834	49.0	18541.463539361954
104	355.56668	207.00497	632.25	62.199993	120.0	12600000	-2.3283064e-09	32.016434	-0.015796129	-6.374297	1.19266	0.01192768	0.11746667	49.0	18715.316854715347
105	372.10452	168.71782	725.2	130.75	120.0	12720000	2.561137e-09	42.473595	-0.01716811	-9.412837	1.1811972	0.011688583	0.114266664	49.0	18895.568621635437
106	352.575	157.50763	776.65	209.5	120.0	12840000	-6.0535967e-09	29.814716	-0.016334169	-8.119562	1.1733814	0.011306066	0.122316666	49.0	19072.848188638687
107	434.33	197.99318	902.45	241.2	120.0	12960000	-8.381903e-09	35.376343	-0.0156087745	-7.4221735	1.1543684	0.012006679	0.11595	49.0	19250.958367347717
108	344.09998	121.22939	637.89996	167.45	120.0	13080000	6.519258e-09	20.7324	-0.017251452	-4.6677523	1.1477454	0.012043972	0.12239167	49.0	19426.205122470856
109	536.16876	244.72647	949.9	107.549995	120.0	13200000	1.21071935e-08	42.453476	-0.016346991	-7.0637417	1.1524425	0.012912074	0.12296666	49.0	19605.498597860336
110	412.31152	220.84921	760.7	75.24999	120.0	13320000	1.8626451e-09	30.244322	-0.017491724	-6.3554316	1.1427811	0.011558197	0.12771666	49.0	19782.993602752686
111	382.645	153.32712	691.05	181.9	120.0	13440000	7.450581e-09	31.43312	-0.0159713	-5.5385976	1.1366606	0.012539646	0.119625	49.0	19963.97224855423
112	554.035	209.76472	762.1	132.0	120.0	13560000	-3.958121e-09	37.642593	-0.0155737065	-8.405898	1.1339931	0.014164609	0.1277	49.0	20141.21328687668
113	488.215	163.45726	666.75	186.45	120.0	13680000	1.8626451e-09	37.261208	-0.016236879	-8.187761	1.146213	0.011849467	0.12409167	49.0	20320.382833480835
114	440.74582	175.05626	799.5	134.45	120.0	13800000	0.0	38.367294	-0.015611265	-8.214816	1.1161264	0.010875374	0.11345	49.0	20495.832422971725
115	579.2083	240.23367	938.55	217.29999	120.0	13920000	9.313226e-10	55.017914	-0.016306877	-10.621328	1.110894	0.012635575	0.11399166	49.0	20676.761720895767
116	420.1615	122.33737	749.8	257.55	120.0	14040000	9.313226e-09	47.144627	-0.016812062	-12.913056	1.1010838	0.010987941	0.11564167	49.0	20854.169180870056
117	386.81152	238.15694	657.0	-345.9	120.0	14160000	-2.7939677e-09	32.178486	-0.015911786	-6.861706	1.1057795	0.010319119	0.11490833	49.0	21033.85765504837
118	412.7591	260.48444	889.8	2.7999933	120.0	14280000	-3.7252903e-09	34.20537	-0.01610091	-6.5060396	1.0855498	0.01064272	0.10875833	49.0	21208.810643434525
119	445.4909	335.55948	779.39996	-245.35	120.0	14400000	-3.259629e-09	44.66949	-0.01562937	-9.790241	1.069206	0.0120794475	0.112108335	49.0	21389.021050453186
120	627.5455	187.1609	1046.2	323.55	120.0	14520000	-3.0267984e-09	54.569153	-0.01632543	-14.259792	1.0567896	0.012803857	0.12143333	49.0	21567.273639917374
121	518.3417	127.80399	775.3	285.5	120.0	14640000	-2.7939677e-09	40.040848	-0.016791487	-15.831169	1.0874534	0.010423344	0.12106667	49.0	21742.870505332947
122	430.63074	190.9771	691.45	-27.050007	120.0	14760000	-4.1909516e-09	26.981022	-0.01577154	-5.525097	1.0750386	0.011325818	0.11641666	49.0	21923.38591337204
123	559.74585	256.2258	1147.7	237.0	120.0	14880000	-5.5879354e-09	39.597443	-0.015624624	-6.0582976	1.0727237	0.011672961	0.10764167	49.0	22099.38183236122
124	440.71002	179.70563	873.95	186.9	120.0	15000000	8.381903e-09	40.28948	-0.016047336	-5.95117	1.061477	0.011907335	0.12536666	49.0	22279.16565966606
125	447.77084	166.12488	747.05	56.54999	120.0	15120000	3.7252903e-09	30.886986	-0.016002174	-7.8430557	1.0565035	0.011837454	0.123166665	49.0	22455.389429569244
126	451.2222	195.47894	766.89996	250.99998	120.0	15240000	-4.656613e-10	34.421585	-0.015853338	-6.395473	1.0544376	0.010805505	0.108158335	49.0	22633.418434381485
127	420.68182	328.71176	930.25	-361.7	120.0	15360000	-1.8626451e-09	43.03385	-0.015482895	-10.081152	1.037471	0.0110253785	0.10456666	49.0	22810.490942955017
128	448.23636	204.6666	766.4	83.049995	120.0	15480000	-4.656613e-09	36.4961	-0.01650818	-7.446353	1.0343578	0.012111843	0.11159167	49.0	22987.928522109985
129	406.65768	167.82518	724.75	39.249992	120.0	15600000	2.7939677e-09	34.63052	-0.014966359	-6.2834125	1.0336825	0.012077672	0.122999996	49.0	23164.62258028984
130	352.6346	321.3458	759.6	-366.2	120.0	15720000	-5.5879354e-09	35.98787	-0.015170454	-7.8834057	1.0039603	0.010751532	0.11049166	49.0	23339.771862506866
131	406.00552	257.21677	957.0	6.7999935	120.0	15840000	-1.8626451e-09	34.42228	-0.016403258	-8.507799	1.0086441	0.0113729	0.10971667	49.0	23516.4012901783
132	387.8818	318.22897	810.6	-323.9	120.0	15960000	-3.7252903e-09	35.19142	-0.016212244	-6.82886	1.0060554	0.010998022	0.10609166	49.0	23691.56785941124
133	486.0154	154.57503	813.4	319.85	120.0	16080000	5.5879354e-09	29.860342	-0.016383734	-6.5763664	1.0102546	0.012270732	0.112525	49.0	23870.52521586418
134	388.90833	302.3752	831.5	-380.80002	120.0	16200000	0.0	25.977587	-0.014849401	-4.3274035	0.9937114	0.01095359	0.116683334	49.0	24047.09511590004
135	383.1111	274.0717	683.45	-338.95	120.0	16320000	-2.7939677e-09	20.352715	-0.016506093	-3.7168946	1.0029423	0.012727624	0.114775	49.0	24224.998885393143
136	421.51498	171.23729	624.2	89.549995	120.0	16440000	-1.0244548e-08	27.676092	-0.015272263	-4.7506013	1.0056455	0.012218284	0.11118333	49.0	24400.6411755085
137	609.6227	143.28873	847.64996	391.85	120.0	16560000	-4.656613e-09	38.99005	-0.016165836	-8.105135	0.99245995	0.012063701	0.112124994	49.0	24575.732686281204
138	566.73	132.67891	744.1	301.9	120.0	16680000	-2.3283064e-09	54.841896	-0.016097683	-12.122739	0.9800871	0.012000103	0.112516664	49.0	24753.569335222244
139	480.675	192.92572	804.3	221.0	120.0	16800000	0.0	36.190918	-0.017100548	-9.2253685	0.97193706	0.0100808665	0.117425	49.0	24930.01459145546
140	457.7318	178.05836	848.3	198.04999	120.0	16920000	9.313226e-09	31.359219	-0.0157814	-6.656993	0.98694605	0.011433949	0.11518333	49.0	25109.73094725609
141	487.675	232.67366	799.7	-16.450008	120.0	17040000	-9.313226e-09	35.259933	-0.0162808	-6.1728907	0.98596245	0.011291972	0.11061667	49.0	25284.736503362656
142	503.3917	269.61954	736.7	-319.30002	120.0	17160000	4.656613e-09	37.946552	-0.01568552	-6.154764	0.9504955	0.012735597	0.113925	49.0	25464.85515642166
143	445.65457	188.78145	763.5	129.4	120.0	17280000	-3.7252903e-09	29.773567	-0.016245008	-7.5468802	0.96595144	0.01041835	0.11395833	49.0	25640.750937223434
144	456.14502	193.26938	827.8	201.29999	120.0	17400000	3.7252903e-09	25.40778	-0.0151666	-5.8523173	0.94544023	0.013052845	0.114816666	49.0	25817.51271533966
145	448.93	243.00278	926.75	76.149994	120.0	17520000	1.8626451e-09	31.15224	-0.015624222	-6.4401674	0.9357502	0.01141854	0.10668333	49.0	25994.31185913086
146	568.58563	239.46771	989.45	3.2999938	120.0	17640000	0.0	38.74138	-0.015690876	-9.1878605	0.95146376	0.011455884	0.110408336	49.0	26170.87358880043
147	605.9	302.0423	1375.75	252.45	120.0	17760000	-9.313226e-10	47.431526	-0.0152290985	-12.4250345	0.9476995	0.012694278	0.11671667	49.0	26350.51810026169
148	496.73	199.72684	783.6	35.199993	120.0	17880000	-7.450581e-09	36.331837	-0.014928336	-10.643849	0.9509614	0.008973397	0.107141666	49.0	26527.106914520264
149	622.3611	196.37062	895.7	341.19998	120.0	18000000	-1.8626451e-09	37.776375	-0.01452071	-6.3959694	0.9407873	0.013909323	0.1219	49.0	26705.728526353836
150	686.60004	320.86	1486.85	401.0	120.0	18120000	-2.7939677e-09	44.911385	-0.015044871	-9.999493	0.9413636	0.014568364	0.1395	49.0	26879.508105754852
151	435.875	386.61426	940.45	-353.9	120.0	18240000	-3.7252903e-09	42.620667	-0.014914274	-10.245082	0.9312385	0.011627384	0.11845	49.0	27058.887377262115
152	480.4125	199.9285	737.2	68.94999	120.0	18360000	4.656613e-10	28.885677	-0.015208328	-6.748128	0.91659075	0.011791199	0.11705	49.0	27234.606919765472
153	544.86536	295.89703	895.45	-335.2	120.0	18480000	0.0	34.16271	-0.015245434	-7.498575	0.9138462	0.010783294	0.105175	49.0	27410.28053355217
154	627.15717	287.57965	1328.25	16.249992	120.0	18600000	7.450581e-09	36.704643	-0.014309056	-6.692434	0.9083185	0.012293204	0.10536667	49.0	27585.08765888214
155	650.37915	207.74399	999.95	275.19998	120.0	18720000	8.8475645e-09	46.018593	-0.015198458	-11.549295	0.8899959	0.01244179	0.115425006	49.0	27760.096311807632
156	531.76105	182.9603	808.45	149.84999	120.0	18840000	6.519258e-09	39.520344	-0.016046843	-12.74603	0.89531946	0.012177596	0.11674167	49.0	27939.204489707947
157	535.225	157.81224	729.5	279.1	120.0	18960000	-6.0535967e-09	32.570972	-0.014986246	-7.210454	0.90035045	0.011000859	0.10881667	49.0	28113.420922279358
158	599.85	230.4978	1123.75	248.84999	120.0	19080000	4.656613e-09	38.077766	-0.014075453	-10.09432	0.8737283	0.012209463	0.10351667	49.0	28289.86867904663
159	580.75555	201.31673	1005.75	182.7	120.0	19200000	9.313226e-09	38.07184	-0.016087975	-8.086177	0.86392236	0.012143821	0.113475	49.0	28465.834195137024
160	626.6042	166.0251	854.65	335.6	120.0	19320000	6.9849193e-09	36.051697	-0.014950512	-6.7933025	0.8786814	0.01153132	0.10811667	49.0	28644.92619395256
161	593.61816	167.267	888.2	342.3	120.0	19440000	-5.5879354e-09	29.272316	-0.0155102145	-6.0317464	0.8865385	0.011801175	0.11083333	49.0	28821.140857458115
162	537.20355	180.70099	994.25	296.65	120.0	19560000	-6.519258e-09	32.067764	-0.015130209	-6.746481	0.8642168	0.010724898	0.10265833	49.0	28996.920899152756
163	634.08563	158.24092	925.0	386.44998	120.0	19680000	2.3283064e-10	29.714878	-0.013739264	-8.600235	0.8697914	0.011785461	0.099649996	49.0	29176.4556787014
164	553.8667	361.778	970.64996	-247.70001	120.0	19800000	2.7939677e-09	38.409805	-0.014381016	-8.328661	0.8636307	0.012767667	0.111375004	49.0	29351.637491226196
165	648.12695	222.78328	1131.5	405.25	120.0	19920000	0.0	39.960083	-0.0154661	-8.064387	0.8524868	0.011580011	0.102725	49.0	29530.039680719376
166	635.0154	221.2606	1065.5	266.3	120.0	20040000	8.8475645e-09	38.13643	-0.014006826	-7.2567854	0.865286	0.012172617	0.11349167	49.0	29703.669796943665
167	530.54095	239.4263	911.95	162.49998	120.0	20160000	-2.3283064e-09	29.008652	-0.014588233	-8.017252	0.86140233	0.010785986	0.11235	49.0	29881.95374441147
168	623.9682	205.11606	1056.3	239.7	120.0	20280000	1.8626451e-09	45.83681	-0.014652834	-9.689127	0.8675616	0.010806158	0.10118334	49.0	30056.85484433174
169	437.275	293.99835	837.2	-339.7	120.0	20400000	0.0	28.313828	-0.014800005	-7.7795296	0.85668516	0.0094141215	0.10319166	49.0	30232.206957101822
170	651.0625	247.43674	1239.05	370.1	120.0	20520000	-3.7252903e-09	36.677395	-0.0134704355	-9.656619	0.84303343	0.012446031	0.10324167	49.0	30409.436915397644
171	584.09546	260.24963	985.25	-19.300007	120.0	20640000	-2.3283064e-09	31.169855	-0.0146791	-7.442965	0.8583384	0.011027271	0.108899996	49.0	30584.2797396183
172	770.3385	297.614	1348.3	388.05	120.0	20760000	-9.313226e-10	53.16437	-0.013111412	-12.605501	0.84243125	0.013810668	0.114091665	49.0	30763.360749959946
173	585.23926	248.33545	1134.95	238.7	120.0	20880000	0.0	42.704758	-0.015498629	-13.572926	0.8490976	0.010156429	0.10423333	49.0	30936.463186740875
174	770.89496	359.09427	1147.35	-243.55	120.0	21000000	7.916242e-09	60.628326	-0.014832338	-18.348045	0.83517385	0.011942129	0.10760833	49.0	31110.691992759705
175	787.9792	301.0953	1305.45	259.55	120.0	21120000	-6.9849193e-10	46.29541	-0.0144726755	-13.428374	0.8287113	0.0127483085	0.11006667	49.0	31289.000383377075
176	667.52496	226.05951	1162.0	278.3	120.0	21240000	5.5879354e-09	30.014555	-0.014621798	-6.7330713	0.83724946	0.0121174045	0.1084	49.0	31463.17874097824
177	744.7679	251.98346	1440.7	478.5	120.0	21360000	-9.313226e-09	37.25663	-0.0142625505	-6.8782234	0.84320486	0.012154298	0.104875	49.0	31642.474803209305
178	671.88074	160.13887	898.3	363.5	120.0	21480000	-1.3969839e-09	36.57862	-0.0144747235	-8.558936	0.8366591	0.012161789	0.11034167	49.0	31815.963555574417
179	735.1541	161.32318	1111.1	473.69998	120.0	21600000	-1.8626451e-09	26.434816	-0.015041038	-6.173545	0.827014	0.011953823	0.1112	49.0	31992.699380159378
180	802.2346	201.00098	1280.5	436.55	120.0	21720000	5.5879354e-09	41.844765	-0.014348351	-8.804144	0.8274204	0.011930761	0.103941664	49.0	32167.390943288803
181	685.2714	216.15564	1145.85	314.9	120.0	21840000	1.3969839e-09	29.555653	-0.014924251	-6.1306725	0.8292717	0.011445768	0.104216665	49.0	32341.347677230835
182	771.28217	189.35971	1111.6	402.65	120.0	21960000	-6.519258e-09	32.137554	-0.013808074	-8.285272	0.8115118	0.012347217	0.103625	49.0	32519.970737934113
183	753.06665	292.97586	1173.65	142.2	120.0	22080000	9.313226e-10	43.82789	-0.0141714215	-12.055329	0.8269915	0.011833051	0.11125	49.0	32692.139711618423
184	912.2375	328.07687	1511.7	416.65	120.0	22200000	-3.7252903e-09	50.521374	-0.014014756	-11.438625	0.80890065	0.01342072	0.10578333	49.0	32867.92302799225
185	702.9039	235.46013	1213.25	364.55	120.0	22320000	-6.519258e-09	39.84086	-0.014762398	-12.171585	0.81699693	0.010910697	0.111499995	49.0	33043.13392043114
186	825.1792	214.9625	1313.1	479.0	120.0	22440000	-1.8626451e-09	42.446934	-0.013911952	-9.465501	0.811826	0.012357127	0.106975	49.0	33216.75077819824
187	759.5959	225.21457	1115.0	269.25	120.0	22560000	-6.9849193e-10	35.07965	-0.0136908535	-8.322993	0.813998	0.011564747	0.10735834	49.0	33394.72801947594
188	841.44995	261.9023	1390.0	297.5	120.0	22680000	3.4924597e-09	41.212505	-0.014001089	-9.241755	0.7849903	0.01263836	0.10260832	49.0	33566.55692863464
189	872.2428	268.34845	1410.6	491.94998	120.0	22800000	2.7939677e-09	42.446854	-0.014658279	-11.2057	0.79226327	0.013047262	0.11035	49.0	33739.46628475189
190	852.2	206.38188	1256.15	467.44998	120.0	22920000	6.0535967e-09	35.091427	-0.013471973	-8.252329	0.7809335	0.012505454	0.106800005	49.0	33916.98652458191
191	872.50415	370.7034	1604.45	212.95	120.0	23040000	1.8626451e-09	43.41349	-0.013445094	-9.016832	0.7875638	0.011915874	0.10611667	49.0	34091.005798339844
192	958.6667	168.04338	1262.25	659.6	120.0	23160000	2.3283064e-09	29.524624	-0.013528229	-6.669244	0.7901348	0.015364604	0.119391665	49.0	34267.77763795853
193	953.1731	321.75046	1898.6	503.3	120.0	23280000	2.4214387e-08	41.074318	-0.012850241	-8.504269	0.79533577	0.013994417	0.120175004	49.0	34441.728779792786
194	881.65454	202.94719	1168.2	335.85	120.0	23400000	3.7252903e-09	42.119812	-0.014538432	-9.001547	0.78628063	0.011129944	0.102850005	49.0	34613.76635169983
195	950.9722	321.15573	1681.15	439.25	120.0	23520000	-9.313226e-09	41.772095	-0.014244538	-10.490555	0.79149	0.013982238	0.11914167	49.0	34791.09444856644
196	1076.22	233.64098	1635.25	794.35	120.0	23640000	1.8626451e-09	52.10958	-0.014646568	-10.6630125	0.77293575	0.012895554	0.103925	49.0	34964.90380692482
197	1036.0183	216.42088	1430.85	551.95	120.0	23760000	4.656613e-10	56.061466	-0.013953643	-13.638449	0.7767842	0.012780305	0.11708333	49.0	35140.20200061798
198	1027.825	281.1405	1497.85	548.3	120.0	23880000	-1.8626451e-09	51.779408	-0.014485727	-11.771547	0.7853447	0.012127301	0.111933336	49.0	35313.597725868225
199	923.605	154.09337	1191.85	682.64996	120.0	24000000	7.450581e-09	38.93492	-0.014456424	-7.8354926	0.7797785	0.013513716	0.12643333	49.0	35486.60079360008
200	873.56537	383.62717	1299.1	-148.90001	120.0	24120000	1.8626451e-08	38.64792	-0.013661992	-9.168281	0.78224766	0.011049859	0.10135833	49.0	35661.486745119095
201	1000.68335	379.43604	1711.6	228.84999	120.0	24240000	-3.7252903e-09	46.170464	-0.01389402	-8.441905	0.7647559	0.012853956	0.10639167	49.0	35834.134135484695
202	1057.8999	203.48926	1536.15	841.05	120.0	24360000	4.1909516e-09	46.825325	-0.014745635	-9.797485	0.771147	0.012199035	0.104158334	49.0	36006.709136247635
203	972.37695	183.67355	1275.35	601.05	120.0	24480000	-3.7252903e-09	45.682144	-0.014555853	-10.032407	0.7695095	0.010829758	0.10614167	49.0	36184.292251348495
204	748.6375	441.44592	1244.2	-388.65	120.0	24600000	-1.8626451e-09	33.638443	-0.014529282	-8.323629	0.77006185	0.008971119	0.09945	49.0	36356.28320765495
205	932.5916	254.13591	1614.9	558.64996	120.0	24720000	0.0	42.751854	-0.014425606	-9.293104	0.77740854	0.01366473	0.10685	49.0	36528.216504096985
206	1009.29645	290.34	1567.3	451.1	120.0	24840000	7.450581e-09	52.875587	-0.014358163	-13.383482	0.7754041	0.01135067	0.10064167	49.0	36704.02574682236
207	887.41925	210.30006	1339.95	597.85	120.0	24960000	-1.0244548e-08	31.460934	-0.015300174	-9.240786	0.7681649	0.012417969	0.11553334	49.0	36877.18141102791
208	1076.6611	282.33157	1732.45	703.7	120.0	25080000	1.8626451e-09	54.336784	-0.013763971	-10.155662	0.75276005	0.014413275	0.11065833	49.0	37052.17582821846
209	1105.75	192.13766	1405.6	823.6	120.0	25200000	-2.3283064e-09	47.038925	-0.014649809	-10.153963	0.75004727	0.011091215	0.10429166	49.0	37225.73574399948
210	941.11816	292.8064	1475.1	464.1	120.0	25320000	2.7939677e-09	40.056244	-0.014958769	-9.950915	0.75278145	0.01157289	0.108725004	49.0	37398.4897711277
211	1132.575	281.67883	1556.25	759.85	120.0	25440000	4.656613e-09	53.45666	-0.013987325	-11.678168	0.73974967	0.014205962	0.106125	49.0	37575.11269235611
212	1068.2999	241.67757	1371.1	458.6	120.0	25560000	2.561137e-09	45.58943	-0.0151111735	-10.867514	0.74337804	0.012121848	0.112391666	49.0	37741.316036462784
213	898.83075	318.839	1464.55	446.8	120.0	25680000	1.3038516e-08	36.826317	-0.015195651	-8.286409	0.7623036	0.009441018	0.10391667	49.0	37907.59854221344
214	940.14453	421.37515	1785.5	270.19998	120.0	25800000	-1.0244548e-08	44.921562	-0.014325364	-9.613537	0.74747455	0.013108197	0.10496667	49.0	38076.49940562248
215	966.4333	420.246	1287.4	-337.1	120.0	25920000	-1.3969839e-08	50.37036	-0.013528045	-13.318964	0.75396085	0.013334249	0.11565834	49.0	38240.861001968384
216	1158.6449	282.1858	1932.8	862.95	120.0	26040000	5.122274e-09	49.453617	-0.014499343	-9.490113	0.7504902	0.013096787	0.10389166	49.0	38406.64012956619
217	1027.7279	139.30139	1247.3	706.55	120.0	26160000	-3.7252903e-09	38.560715	-0.014929397	-9.513558	0.7396927	0.011782489	0.108475	49.0	38574.771179676056
218	1044.3046	188.85602	1363.8	757.5	120.0	26280000	3.259629e-09	35.9962	-0.014295873	-8.286765	0.7449615	0.011862652	0.099808335	49.0	38740.130209207535
219	955.3833	220.23152	1543.9	597.7	120.0	26400000	1.8626451e-09	34.702415	-0.01303949	-8.243509	0.73857605	0.013515385	0.12076667	49.0	38908.72726917267
220	945.1545	131.5679	1224.6	810.64996	120.0	26520000	-5.5879354e-09	28.470531	-0.014036939	-7.2727	0.74229676	0.014342396	0.114199996	49.0	39078.59783291817
221	963.81494	255.70314	1338.45	478.0	120.0	26640000	-2.7939677e-09	40.61267	-0.01325766	-8.812906	0.73139524	0.011434217	0.09795	49.0	39244.46680736542
222	1104.2445	214.18721	1461.0	832.25	120.0	26760000	-3.7252903e-09	38.78105	-0.014586457	-7.9811225	0.74248445	0.014218009	0.10781667	49.0	39412.65246939659
223	1051.155	397.02536	1579.05	5.699993	120.0	26880000	-1.8626451e-09	58.22562	-0.014256981	-13.032708	0.73828745	0.011015398	0.1014	49.0	39580.39408349991
224	930.5944	190.773	1182.55	565.8	120.0	27000000	3.7252903e-09	36.974796	-0.014650721	-7.5485945	0.7350647	0.012095133	0.1153	49.0	39749.229662418365
225	1334.9166	262.92645	1766.35	946.7	120.0	27120000	5.5879354e-09	67.901825	-0.014208919	-14.46976	0.72973984	0.013361782	0.10243333	49.0	39919.03468298912
226	1071.575	193.77579	1410.3	714.5	120.0	27240000	-9.313226e-10	46.538773	-0.015611034	-10.521509	0.7384249	0.011500351	0.10721667	49.0	40084.9042403698
227	1015.375	213.8466	1268.0	442.5	120.0	27360000	3.7252903e-09	39.88025	-0.014370574	-10.19722	0.72325826	0.012446756	0.10464166	49.0	40256.07972431183
228	1046.3364	275.90775	1631.8	629.8	120.0	27480000	-1.8626451e-09	37.05311	-0.014022792	-8.0748625	0.7397803	0.014218196	0.120016664	49.0	40420.38154006004
229	1110.4333	189.26498	1458.15	899.7	120.0	27600000	-9.313226e-10	42.81901	-0.014334178	-8.3913555	0.72489893	0.011659002	0.10149166	49.0	40588.29874253273
230	1171.775	248.75761	1510.25	757.15	120.0	27720000	-5.5879354e-09	56.66468	-0.013851307	-12.447447	0.70919096	0.0124136275	0.098908335	49.0	40758.145077228546
231	1075.6136	195.01308	1396.55	720.89996	120.0	27840000	-9.313226e-09	50.089645	-0.015170137	-15.452317	0.7098659	0.011576084	0.10475	49.0	40921.96212410927
232	1144.755	374.90323	1916.15	749.6	120.0	27960000	-4.656613e-09	55.729507	-0.014811904	-12.089031	0.71622795	0.012978032	0.102775	49.0	41091.11152887344
233	1141.475	369.02466	1745.65	478.6	120.0	28080000	-5.5879354e-09	68.59527	-0.014563588	-12.662183	0.7097142	0.01408539	0.116166666	49.0	41257.75384926796
234	1306.8611	275.44574	1665.85	834.15	120.0	28200000	9.313226e-10	62.20933	-0.015576184	-13.078102	0.7163342	0.013162455	0.112283334	49.0	41424.74497914314
235	1098.7166	410.18356	1943.85	535.7	120.0	28320000	-1.4901161e-08	60.49535	-0.015057117	-12.929807	0.69800526	0.010943241	0.103599995	49.0	41596.109863996506
236	1031.6364	151.07542	1287.35	841.35	120.0	28440000	9.313226e-10	48.35018	-0.014720943	-14.737192	0.7109414	0.012062836	0.11205	49.0	41761.096954107285
237	1006.9583	260.04074	1429.2	523.6	120.0	28560000	5.5879354e-09	42.198414	-0.014441874	-7.90553	0.69457155	0.011481902	0.10078333	49.0	41929.19843792915
238	1127.0	272.22266	1563.3	615.15	120.0	28680000	-8.8475645e-09	46.97112	-0.01513326	-10.365269	0.7036952	0.012373715	0.10762499	49.0	42098.13283109665
239	976.2791	261.76425	1344.6	520.25	120.0	28800000	5.820766e-09	39.622272	-0.014781669	-8.4683075	0.6938274	0.012795113	0.11258334	49.0	42264.8631374836
240	1230.125	189.36356	1503.35	957.6	120.0	28920000	-4.656613e-10	54.88311	-0.014715875	-12.189542	0.68415296	0.01410806	0.10513333	49.0	42436.5020172596
241	1136.2625	355.46713	1699.45	611.3	120.0	29040000	9.313226e-09	46.08757	-0.015210782	-8.376885	0.68897045	0.01285699	0.117908336	49.0	42604.767008543015
242	1162.159	182.69077	1524.45	914.7	120.0	29160000	0.0	43.654236	-0.014958622	-8.103224	0.68841916	0.013076406	0.11119167	49.0	42769.99512434006
243	1037.3438	633.32355	1593.1	-387.15	120.0	29280000	2.0023435e-08	62.10231	-0.014575709	-13.1162	0.6945024	0.011857	0.10928333	49.0	42940.273782491684
244	1108.26	262.07312	1507.65	561.95	120.0	29400000	-5.5879354e-09	57.205063	-0.01575735	-14.368657	0.6895775	0.012783915	0.106075	49.0	43105.7516515255
245	1078.5181	151.55695	1408.6	885.05	120.0	29520000	7.916242e-09	35.72577	-0.014792434	-6.8294806	0.6788615	0.01255374	0.10593333	49.0	43272.18740963936
246	1091.4889	223.90701	1585.0	838.45	120.0	29640000	-9.313226e-10	50.333603	-0.01438732	-8.5829315	0.6802169	0.014132515	0.107883334	49.0	43438.87230873108
247	1122.21	339.01065	1891.4	580.45	120.0	29760000	9.313226e-10	62.28943	-0.014203419	-10.653508	0.66749823	0.01270796	0.106875	49.0	43606.07066655159
248	963.8277	223.51534	1459.35	677.25	120.0	29880000	-2.7939677e-09	47.61615	-0.015095753	-10.92289	0.66565675	0.01130547	0.105675	49.0	43773.97647404671
249	973.7625	273.4679	1265.6	358.85	120.0	30000000	5.5879354e-09	48.11357	-0.014987796	-9.6654415	0.6573714	0.01173499	0.10639167	49.0	43940.2618162632
250	1022.61816	253.4266	1302.25	379.65	120.0	30120000	8.381903e-09	47.193733	-0.014795292	-10.9654875	0.6560706	0.011196692	0.101966664	49.0	44105.958500146866
251	1059.9591	378.04666	1655.25	308.15	120.0	30240000	-3.7252903e-09	61.521954	-0.0149506265	-11.573523	0.66332614	0.012403579	0.10213333	49.0	44277.17968916893
252	983.975	235.78064	1314.6	581.85	120.0	30360000	-4.656613e-10	47.384163	-0.015381068	-15.869545	0.6745747	0.013195926	0.10706667	49.0	44443.14799332619
253	1171.585	318.6858	1787.35	697.75	120.0	30480000	-7.450581e-09	74.3272	-0.014278993	-16.795872	0.63414204	0.013111945	0.10146666	49.0	44611.07849907875
254	1015.4167	229.34789	1407.65	498.15	120.0	30600000	6.0535967e-09	39.676674	-0.015753707	-7.966528	0.67068934	0.010847957	0.106675	49.0	44779.52506732941
255	1243.53	162.7183	1536.75	988.75	120.0	30720000	-9.313226e-10	63.50402	-0.014245115	-13.064896	0.6507613	0.01315807	0.10655834	49.0	44947.40560889244
256	1407.4625	224.58298	1775.1	1046.85	120.0	30840000	9.313226e-09	69.5109	-0.013977505	-12.92298	0.64885426	0.015228134	0.11384167	42.0	45103.82485580444
257	1195.1312	295.41348	1901.0	930.25	120.0	30960000	-3.7252903e-09	46.915596	-0.015337245	-11.187467	0.65910184	0.010499401	0.10450833	49.0	45272.59265804291
258	1265.8938	304.3243	1822.1	731.3	120.0	31080000	-4.656613e-09	48.55149	-0.014214845	-10.755368	0.6633676	0.013129784	0.10451667	49.0	45440.550028562546
259	1263.28	428.7104	2058.0	757.4	116.2	31200000	-1.7695129e-08	55.187874	-0.015122557	-10.324213	0.6404189	0.011576577	0.09806667	49.0	45610.271728515625
260	1051.115	301.06357	1612.5	501.8	120.0	31320000	-1.8626451e-09	45.86027	-0.015083589	-12.021202	0.67634684	0.012590723	0.10433334	49.0	45776.55528616905
261	1235.4833	145.51968	1429.3	901.8	120.0	31440000	0.0	50.871307	-0.014995196	-12.706068	0.6603566	0.0139302295	0.10670833	49.0	45946.99335694313
262	1163.0612	219.02834	1416.8	758.3	120.0	31560000	-4.656613e-09	48.862526	-0.015709601	-9.375893	0.6630422	0.0137434695	0.11646667	49.0	46115.01993441582
263	1165.7	283.13828	1575.0	664.95	120.0	31680000	1.2572855e-08	52.642723	-0.014141343	-9.964295	0.6582963	0.013136454	0.10648334	49.0	46284.90598630905
264	1123.6277	244.2394	1383.4	545.7	120.0	31800000	-1.3969839e-08	44.844467	-0.014849226	-9.508366	0.66096616	0.013186677	0.10621667	49.0	46453.13628697395
265	1000.28125	391.92758	1426.65	175.09999	120.0	31920000	-7.21775e-09	39.4329	-0.014693849	-8.514358	0.6697724	0.01203003	0.10671666	49.0	46620.090084314346
266	1059.1849	319.20175	1649.5	592.45	120.0	32040000	1.3038516e-08	46.82023	-0.014871521	-9.145746	0.66445315	0.012222682	0.104875006	49.0	46792.774421453476
267	1335.0667	282.1511	1954.3	941.0	120.0	32160000	-1.8626451e-09	60.676563	-0.014850668	-11.5327215	0.6406026	0.014479453	0.10789167	49.0	46960.76409983635
268	1042.42	252.68639	1512.35	665.35	120.0	32280000	4.1909516e-09	39.38661	-0.015613824	-8.664135	0.6501543	0.013639503	0.11333333	49.0	47133.19559621811
269	989.66113	289.8072	1382.65	473.9	120.0	32400000	-7.916242e-09	60.802746	-0.014100787	-12.836632	0.6527476	0.012138462	0.10322501	49.0	47301.16552114487
270	1079.8636	234.3209	1591.85	752.7	120.0	32520000	7.916242e-09	48.32198	-0.01650521	-12.261436	0.64203024	0.012899486	0.10853334	49.0	47471.71486878395
271	1206.6125	277.39832	1731.5	828.5	120.0	32640000	-3.7252903e-09	54.307083	-0.014936438	-10.743132	0.65963644	0.012067062	0.10463333	49.0	47638.17289018631
272	1087.735	267.21344	1484.4	543.1	120.0	32760000	6.519258e-09	48.807228	-0.015421761	-10.329985	0.6501647	0.012832633	0.106408335	49.0	47805.07716226578
273	1106.325	385.6379	1811.7	316.6	120.0	32880000	-2.3283064e-09	52.763405	-0.015521039	-11.219088	0.62720764	0.012362141	0.10211667	49.0	47973.48250389099
274	1118.35	461.31714	1750.0	399.8	120.0	33000000	1.8626451e-09	51.221397	-0.014746712	-9.09351	0.6242273	0.013779357	0.10733333	49.0	48140.11807966232
275	1066.35	159.50146	1358.85	837.45	120.0	33120000	-6.519258e-09	46.209698	-0.01444512	-10.204324	0.6453473	0.01228253	0.100083336	49.0	48310.77121782303
276	1220.5625	321.18518	1904.6	763.8	120.0	33240000	-3.7252903e-09	57.384285	-0.014490888	-11.417658	0.62451553	0.014027145	0.10194166	49.0	48479.00819706917
277	1204.2166	308.0869	1847.35	816.65	120.0	33360000	-5.5879354e-09	48.720284	-0.015196718	-9.010185	0.62981164	0.01368135	0.114549994	49.0	48646.22083377838
278	951.59	283.33658	1343.35	528.45	120.0	33480000	1.3969839e-09	43.72074	-0.015880343	-8.67629	0.6386025	0.01267668	0.110975	49.0	48815.32328724861
279	1021.925	316.64923	1554.2	593.25	120.0	33600000	8.381903e-09	35.96991	-0.014753885	-11.364851	0.6211728	0.013803361	0.106191665	49.0	48983.4733376503
280	1149.645	467.94214	2034.3	407.94998	116.5	33720000	-1.1175871e-08	60.37124	-0.013901842	-14.46447	0.6202058	0.014898658	0.104391664	49.0	49155.665184020996
281	1096.9349	254.77965	1506.3	593.0	120.0	33840000	1.8626451e-09	42.236748	-0.015349661	-11.442383	0.62756515	0.012615358	0.10745834	49.0	49323.81434011459
282	1136.845	336.76685	1829.25	640.55	120.0	33960000	1.1175871e-08	43.20905	-0.014422236	-8.908518	0.63299096	0.0121366205	0.095325	49.0	49491.69248819351
283	982.9601	389.80624	1417.25	-31.400007	120.0	34080000	-3.7252903e-09	64.24424	-0.014976363	-15.917916	0.6224991	0.011312006	0.09951666	49.0	49660.50951910019
284	1013.05005	404.55078	1865.05	423.0	120.0	34200000	5.5879354e-09	39.804638	-0.015106668	-8.844129	0.6220425	0.012485014	0.10820833	49.0	49828.82271170616
285	933.61676	521.19745	1439.7	-238.20001	120.0	34320000	0.0	40.022644	-0.0141368285	-9.233789	0.616741	0.012424574	0.099533334	49.0	50001.20057940483
286	1005.05835	225.5539	1317.2	361.85	120.0	34440000	2.7939677e-09	25.687138	-0.014915405	-7.8675575	0.6261636	0.0137475375	0.113275	49.0	50167.22782278061
287	1183.3727	323.4517	1843.9	607.6	120.0	34560000	-1.1175871e-08	55.755962	-0.014340829	-9.726891	0.6037027	0.015019687	0.099525	48.0	50333.03528237343
288	1176.4556	202.11707	1454.65	899.0	120.0	34680000	5.122274e-09	45.445793	-0.014833124	-9.441177	0.6201925	0.012268293	0.10505	49.0	50504.066724061966
289	1103.05	283.55185	1748.9	580.35	120.0	34800000	6.519258e-09	40.263115	-0.015956648	-9.405903	0.6168407	0.013498532	0.108500004	49.0	50671.70054459572
290	1094.5278	221.72202	1523.75	754.1	120.0	34920000	-2.7939677e-09	53.63377	-0.014069937	-9.396437	0.61916757	0.013996325	0.100083336	49.0	50841.619720220566
291	1132.2125	274.7865	1535.2	644.7	120.0	35040000	1.0244548e-08	45.812088	-0.015750133	-11.064521	0.6276842	0.013315273	0.12195	49.0	51006.340735673904
292	1257.2888	467.11395	1937.95	283.19998	120.0	35160000	-4.656613e-09	56.616272	-0.014740376	-13.066385	0.6118505	0.013184476	0.098175	49.0	51176.26363992691
293	1194.3444	255.41357	1817.1	845.0	120.0	35280000	-6.0535967e-09	59.320183	-0.014802854	-14.972647	0.6083418	0.012866509	0.1087	49.0	51348.514925956726
294	1086.6409	257.98328	1523.75	600.45	120.0	35400000	-8.381903e-09	43.10463	-0.015390422	-10.914507	0.6100421	0.011229785	0.109958336	49.0	51514.50965499878
295	1042.5111	169.47124	1328.3	810.6	120.0	35520000	6.0535967e-09	49.900482	-0.015407652	-9.815956	0.60326225	0.014509907	0.09904167	49.0	51666.691668987274
296	1131.8541	451.6132	2089.95	3.2999926	116.083336	35640000	0.0	42.250725	-0.016303085	-7.9654894	0.5992124	0.011848373	0.10796667	49.0	51822.174057006836
297	997.67773	240.69138	1333.2	637.85	120.0	35760000	-9.313226e-10	45.678413	-0.015128077	-9.381186	0.60251045	0.012930929	0.0999	49.0	51977.89267015457
298	859.7	414.00833	1365.5	-49.550007	120.0	35880000	-7.450581e-09	37.482742	-0.015273396	-7.5501223	0.6036274	0.012490252	0.11253333	49.0	52133.26831960678
299	1238.98	307.0008	1732.85	741.3	120.0	36000000	9.313226e-10	60.027332	-0.015198352	-11.951574	0.61086524	0.013477122	0.09955	49.0	52288.49611330032
300	1066.4208	397.70874	1941.15	381.5	120.0	36120000	1.4901161e-08	41.962128	-0.015101255	-7.771863	0.6104282	0.014712401	0.112975	49.0	52443.863624334335
301	1214.0375	332.78867	1672.9	646.7	120.0	36240000	-9.313226e-09	48.13909	-0.01474933	-10.174999	0.5942314	0.014329489	0.101275	49.0	52596.2366604805
302	1251.2727	250.3221	1814.95	946.85	120.0	36360000	-3.7252903e-09	54.380314	-0.015238401	-10.704244	0.61089313	0.013671802	0.113000005	49.0	52751.92373204231
303	955.735	348.97202	1424.15	401.44998	120.0	36480000	-4.656613e-09	42.93166	-0.016500149	-12.197763	0.6162386	0.011967767	0.109375	49.0	52904.605231285095
304	1077.7562	510.1577	1528.6	-154.70001	120.0	36600000	0.0	48.212944	-0.014389578	-9.073544	0.5841136	0.014892045	0.10400833	49.0	53060.243522167206
305	1233.3438	254.58084	1588.5	818.35	120.0	36720000	-9.313226e-10	40.67922	-0.0144980345	-7.848974	0.5954603	0.015325762	0.10625	43.0	53206.26305603981
306	1106.9375	299.324	1617.55	507.44998	120.0	36840000	7.450581e-09	48.332336	-0.015564341	-11.740109	0.59732056	0.012507563	0.110700004	49.0	53361.849858760834
307	1091.8099	185.77986	1328.0	797.05	120.0	36960000	1.8626451e-09	37.0486	-0.014983643	-8.930426	0.59416705	0.015492402	0.106758334	44.0	53509.691319942474
308	1233.8444	124.82736	1399.1	1029.5	120.0	37080000	-3.7252903e-09	33.06054	-0.014485739	-6.51064	0.6022516	0.0130159035	0.11313333	49.0	53665.03761792183
309	1263.6909	267.71967	1684.7	664.15	120.0	37200000	-3.259629e-09	59.41505	-0.013373945	-14.470361	0.5965421	0.014844089	0.102516666	49.0	53820.37964916229
310	1203.411	319.2059	1666.9	611.5	120.0	37320000	-1.0244548e-08	54.89903	-0.014924215	-15.472992	0.5952948	0.012470169	0.10502499	49.0	53976.604922533035
311	1105.675	518.7938	1937.05	113.24999	119.5	37440000	7.916242e-09	60.184475	-0.015198156	-14.314567	0.58249754	0.014838568	0.101375	49.0	54132.0190615654
312	1133.5688	320.6508	1535.1	577.0	120.0	37560000	-3.259629e-09	43.278297	-0.01625875	-10.89577	0.5893321	0.013478365	0.10869167	49.0	54283.62073683739
313	1331.0938	342.96112	1907.55	608.3	120.0	37680000	0.0	62.030197	-0.014558895	-13.454201	0.58110005	0.0155847715	0.10445833	47.0	54431.56609082222
314	1048.825	192.17355	1324.5	739.0	120.0	37800000	6.519258e-09	43.446976	-0.015371421	-15.955942	0.5954894	0.0103895515	0.10383333	49.0	54587.16953611374
315	1231.1111	348.10327	1844.85	725.55	120.0	37920000	-1.8626451e-09	62.914	-0.014565998	-12.954349	0.58494186	0.015210735	0.10756667	47.0	54735.96893286705
316	1179.6101	214.0983	1574.3	827.0	120.0	38040000	-8.381903e-09	53.308258	-0.014721742	-12.908359	0.59096074	0.015100161	0.10965833	47.0	54883.607102394104
317	1267.6182	276.08148	1676.85	803.35	120.0	38160000	1.8626451e-09	45.335667	-0.015010202	-10.249731	0.5817737	0.013603547	0.11200833	49.0	55038.60308408737
318	1279.1833	426.3245	1914.35	682.0	120.0	38280000	6.9849193e-09	54.004856	-0.016209768	-11.808586	0.5848992	0.013210265	0.105275	49.0	55194.238521814346
319	1249.0944	154.54411	1544.0	1005.45	120.0	38400000	5.5879354e-09	53.633156	-0.015322358	-16.677893	0.5962354	0.013994647	0.10774167	49.0	55350.1032845974
320	1480.7063	201.86282	1942.25	1227.85	120.0	38520000	-2.561137e-09	61.51851	-0.014425682	-13.988148	0.5771848	0.0144685265	0.101325	49.0	55505.82262277603
321	1343.8062	343.69778	1833.7	606.6	120.0	38640000	2.7939677e-09	56.94589	-0.015021223	-10.72612	0.5739735	0.01282037	0.107225	49.0	55661.70050215721
322	1258.6833	250.27966	1629.25	896.2	120.0	38760000	-9.313226e-09	48.7676	-0.014652258	-9.882692	0.57630837	0.015038471	0.11308333	47.0	55810.10765004158
323	1458.63	325.21463	2046.2	1015.95	116.2	38880000	4.656613e-09	68.05877	-0.015343051	-14.225266	0.5758798	0.013602998	0.10228333	49.0	55962.90939974785
324	1260.1666	325.03293	1854.25	826.7	120.0	39000000	5.122274e-09	64.438995	-0.016082209	-14.282307	0.57939065	0.014188835	0.11330833	49.0	56114.90231013298
325	1268.4312	70.200966	1356.5	1144.4	120.0	39120000	-5.122274e-09	44.343426	-0.015726928	-7.8871317	0.58205485	0.013242014	0.102275	49.0	56270.625557899475
326	1327.925	279.31354	1770.95	862.05	120.0	39240000	-3.7252903e-09	63.205353	-0.014915362	-12.95842	0.5832479	0.014428703	0.10465833	49.0	56426.276364564896
327	1270.675	383.63605	1961.15	720.6	120.0	39360000	5.5879354e-09	59.295723	-0.015252832	-12.908775	0.57710314	0.014327085	0.10716666	49.0	56581.75077009201
328	1359.8999	264.8207	1932.25	968.05	120.0	39480000	7.450581e-09	46.553806	-0.015452265	-10.874804	0.58574355	0.013962541	0.10653333	49.0	56737.567813158035
329	1534.4563	292.98434	1917.7	1200.45	120.0	39600000	-9.313226e-09	65.00325	-0.013736449	-12.138363	0.5662896	0.015543934	0.10839167	40.0	56879.42436718941
330	1176.3875	167.11798	1396.75	792.55	120.0	39720000	-4.656613e-10	50.637806	-0.016195618	-12.0218525	0.60362965	0.012322685	0.110075	49.0	57034.40777182579
331	1483.5062	351.1477	1923.25	1046.3	120.0	39840000	-2.7939677e-09	62.719376	-0.015186137	-12.580678	0.5702577	0.014467683	0.10463333	49.0	57190.04853081703
332	1181.6001	277.405	1752.3	746.2	120.0	39960000	-3.7252903e-09	52.109745	-0.01606397	-12.623066	0.5865715	0.013768639	0.113975	49.0	57345.649827480316
333	1195.7817	354.6811	1949.15	671.7	120.0	40080000	-4.656613e-10	54.82727	-0.0150761735	-11.415602	0.5811352	0.01220782	0.10356666	49.0	57497.65094804764
334	1402.77	308.59998	1843.65	955.0	120.0	40200000	2.7939677e-09	58.991085	-0.015168324	-10.667113	0.58137846	0.01504039	0.10634166	44.0	57641.76673769951
335	1112.5723	253.2679	1380.65	576.95	120.0	40320000	-3.0267984e-09	56.344803	-0.016290236	-13.576289	0.57908463	0.0130943265	0.11	49.0	57795.69511818886
336	1257.1938	265.28778	1923.05	1039.5	120.0	40440000	4.656613e-10	50.592216	-0.015931673	-8.461846	0.558251	0.0148307625	0.10651666	49.0	57947.89040851593
337	1254.991	318.46365	1862.45	625.4	120.0	40560000	0.0	53.136112	-0.01612306	-10.855909	0.58346796	0.012435619	0.114708334	49.0	58099.85895061493
338	1175.6445	391.4961	2044.0	475.4	116.77778	40680000	2.7939677e-09	70.043785	-0.015696019	-12.927406	0.569099	0.013655404	0.10481667	49.0	58255.45030832291
339	1239.1722	355.92642	1909.3	618.7	120.0	40800000	-5.820766e-09	52.366188	-0.017153671	-15.631875	0.5716077	0.013735263	0.111783326	49.0	58411.171240091324
340	1266.74	148.30037	1590.75	1040.15	120.0	40920000	1.8626451e-09	49.60462	-0.01672452	-12.880324	0.5818033	0.01365231	0.111658335	49.0	58563.47584462166
341	1186.6499	322.8348	1696.55	597.9	120.0	41040000	9.313226e-10	40.96663	-0.014329218	-8.663559	0.5708715	0.01505881	0.1105	39.0	58703.969564676285
342	1218.9875	324.5249	1794.5	790.4	120.0	41160000	-1.8626451e-09	59.52736	-0.0148097165	-12.356024	0.576523	0.015250003	0.104025	43.0	58849.99260568619
343	1331.72	314.68314	1931.55	811.75	120.0	41280000	-7.450581e-09	73.24591	-0.015406124	-14.534564	0.5787948	0.0142626595	0.10435833	49.0	59005.78868699074
344	1260.6777	232.42117	1639.8	860.2	120.0	41400000	-1.8626451e-09	60.875385	-0.016483821	-17.872503	0.57396084	0.013847856	0.110300004	49.0	59158.50028324127
345	1244.785	249.14638	1755.8	760.39996	120.0	41520000	-5.5879354e-09	54.73191	-0.015816258	-10.658337	0.57787085	0.014363179	0.111483335	49.0	59314.189505815506
346	1251.8278	351.15982	1871.45	607.55	120.0	41640000	-3.7252903e-09	68.07416	-0.01579352	-15.837367	0.5760514	0.0132011995	0.10741667	49.0	59469.31155729294
347	1158.1364	254.46262	1530.75	688.45	120.0	41760000	1.8626451e-09	45.011574	-0.016521998	-14.178844	0.59028286	0.014125153	0.11356667	49.0	59624.57907247543
348	1338.625	388.50882	1883.6	430.05	120.0	41880000	0.0	58.072212	-0.015372276	-11.592936	0.5804306	0.014435752	0.099591665	49.0	59779.93731760979
349	1241.3556	234.15651	1606.1	811.95	120.0	42000000	0.0	57.76613	-0.016061708	-12.111431	0.5871602	0.0134886615	0.11014167	49.0	59931.653448820114
350	1412.955	285.42422	2013.45	1084.35	117.1	42120000	1.5832484e-08	54.667847	-0.015606965	-11.202097	0.57397246	0.014930891	0.10338333	49.0	60084.250603437424
351	1343.4166	265.80515	1852.05	915.6	120.0	42240000	-1.1175871e-08	61.613876	-0.015291292	-14.518272	0.58562046	0.012621462	0.1127	49.0	60236.702357292175
352	1234.6864	201.25731	1598.9	871.8	120.0	42360000	-4.656613e-09	33.262608	-0.017395498	-11.136856	0.57008195	0.012885756	0.11006667	49.0	60388.8067586422
353	1250.51	190.87834	1612.95	878.3	120.0	42480000	-3.7252903e-09	46.12568	-0.014690911	-9.2893915	0.58035004	0.015327118	0.10700834	45.0	60538.07395076752
354	1330.6875	329.77524	1920.5	811.1	120.0	42600000	5.5879354e-09	51.48574	-0.015385786	-8.900019	0.5623598	0.01497058	0.106375	49.0	60690.48676490784
355	1324.7625	176.01437	1547.65	1016.95	120.0	42720000	-4.656613e-09	43.769722	-0.016283974	-8.770266	0.5586369	0.015008932	0.11198333	49.0	60841.4483525753
356	1355.4	219.67221	1724.55	1005.6	120.0	42840000	0.0	50.187893	-0.01593066	-10.448082	0.56148493	0.012697244	0.10231667	49.0	60997.849433898926
357	1266.25	326.073	1909.25	795.8	120.0	42960000	1.4901161e-08	48.11403	-0.015509425	-8.682441	0.5634515	0.013999645	0.10306667	49.0	61151.73500585556
358	1284.7625	282.52054	1893.15	842.2	120.0	43080000	-3.7252903e-09	40.773132	-0.014985777	-7.276185	0.55797786	0.015869185	0.11048333	45.0	61301.75162768364
359	1436.6188	164.96417	1729.5	1160.4	120.0	43200000	-3.4924597e-09	47.327316	-0.014637872	-8.950953	0.54687774	0.014927939	0.10369167	49.0	61470.135103702545
360	1582.9889	276.3015	1880.6	1056.7	120.0	43320000	-5.5879354e-09	63.102234	-0.015430441	-9.94364	0.55554926	0.014311415	0.106024995	49.0	61656.573499679565
361	1383.4501	296.73645	1934.7	1036.6	120.0	43440000	5.5879354e-09	61.24711	-0.016036583	-12.250456	0.5544042	0.014579919	0.10746667	49.0	61847.762721300125
362	1367.9945	260.6019	1801.95	975.6	120.0	43560000	-7.21775e-09	57.600105	-0.015966212	-12.787296	0.56458473	0.012127928	0.11191667	49.0	62051.563982248306
363	1469.875	273.62015	1918.1	1020.05	120.0	43680000	-4.656613e-09	69.74305	-0.012779073	-11.780581	0.55108607	0.01582376	0.108425006	37.0	62220.80777978897
364	1394.925	376.37775	2072.55	803.95	115.7	43800000	4.656613e-09	47.617195	-0.016540062	-9.894768	0.5537528	0.013886974	0.11124166	49.0	62409.375823020935
365	1368.4722	295.56088	1741.85	689.95	120.0	43920000	-2.3283064e-09	62.706375	-0.015471041	-13.382526	0.5518453	0.013810706	0.101783335	49.0	62591.346554756165
366	1329.6792	328.56818	1870.85	927.3	120.0	44040000	-1.8626451e-09	53.842636	-0.017253796	-15.76328	0.5663817	0.014492104	0.107758336	49.0	62777.953669548035
367	1237.4187	576.91156	1962.1	-85.50001	119.875	44160000	-7.450581e-09	71.300606	-0.014260749	-11.000908	0.5521512	0.015040638	0.10411666	40.0	62946.69319272041
368	1388.5938	280.49142	1927.9	1071.9	120.0	44280000	3.259629e-09	53.28878	-0.015857223	-9.809515	0.5446791	0.014214775	0.105849996	49.0	63135.243247509
369	1271.875	295.2804	1599.2	728.7	120.0	44400000	0.0	46.778267	-0.016108243	-15.057545	0.57043827	0.01164364	0.10345	49.0	63315.127012491226
370	1164.9563	601.1777	1662.1	-363.75	120.0	44520000	-1.8626451e-08	48.412018	-0.015917633	-10.927238	0.54587823	0.015033836	0.106758334	48.0	63503.9320101738
371	1375.7699	264.0622	2054.65	1134.35	116.6	44640000	3.7252903e-09	45.15705	-0.015895879	-7.730877	0.55550325	0.014074784	0.10248333	49.0	63694.331012010574
372	1281.8167	228.52951	1534.4	936.05	120.0	44760000	1.6763806e-08	38.329224	-0.016938772	-6.688161	0.557974	0.013752187	0.108158335	49.0	63881.674451589584
373	1531.6777	314.5169	2030.65	1078.1	116.44444	44880000	0.0	66.00648	-0.015123329	-13.613133	0.5451691	0.0151748	0.09960833	49.0	64069.3170838356
374	1616.0388	284.78708	2071.0	961.75	115.44444	45000000	-3.7252903e-09	59.40918	-0.014600911	-11.889229	0.5495919	0.0150288185	0.109625	38.0	64240.0004799366
375	1379.9651	364.39597	2023.8	963.5	117.2	45120000	6.519258e-09	52.152706	-0.016161218	-9.847375	0.5450914	0.013316544	0.104224995	49.0	64428.029264211655
376	1203.05	106.62293	1375.85	1026.15	120.0	45240000	-3.958121e-09	51.56491	-0.016051527	-11.402629	0.55715024	0.01288997	0.10473333	49.0	64617.96107697487
377	1412.0	214.83203	1730.8	1078.9	120.0	45360000	4.656613e-10	52.16053	-0.015238975	-11.01893	0.5535247	0.015049953	0.10209167	42.0	64793.45380830765
378	1370.9312	333.3345	1913.35	885.0	120.0	45480000	3.7252903e-09	56.708664	-0.016285868	-11.373367	0.5582626	0.01462311	0.104875	49.0	64983.57131409645
379	1381.2228	208.28233	1689.7	1066.4	120.0	45600000	1.1175871e-08	41.597595	-0.016879855	-10.805952	0.5583925	0.012572834	0.10378333	49.0	65173.18672657013
380	1481.189	286.0645	2040.3	1153.6	116.111115	45720000	-9.313226e-10	38.44502	-0.014923649	-6.0716963	0.5406988	0.015444495	0.105908334	49.0	65359.43264293671
381	1427.695	341.8257	2023.3	896.89996	117.6	45840000	-6.519258e-09	60.08438	-0.014450524	-11.796762	0.53379464	0.013502942	0.097566664	49.0	65547.85010790825
382	1489.4313	283.7984	1940.0	1053.65	120.0	45960000	9.313226e-09	47.702442	-0.015461255	-10.0175905	0.5306969	0.013927583	0.105683334	49.0	65735.81605696678
383	1301.9624	328.4316	1823.3	643.3	120.0	46080000	-4.656613e-10	47.29901	-0.017024398	-8.889318	0.5274197	0.01412796	0.10763333	49.0	65925.47297477722
384	1612.5687	201.59886	1873.45	1365.55	120.0	46200000	-1.3038516e-08	61.162632	-0.01525059	-11.560205	0.533617	0.0137495985	0.10068333	49.0	66114.46874928474
385	1574.2351	359.0815	2080.75	975.15	112.8	46320000	1.8626451e-09	61.769135	-0.015365388	-10.571693	0.53128016	0.015056788	0.10525833	45.0	66292.84435629845
386	1465.9563	245.8525	1753.75	1058.05	120.0	46440000	-1.8626451e-09	54.48242	-0.0161767	-11.623102	0.53572464	0.013043698	0.110408336	49.0	66480.02651572227
387	1578.7849	367.52097	2118.5	1151.05	109.5	46560000	1.3038516e-08	57.42519	-0.015331005	-11.854455	0.52307296	0.014631638	0.101675	49.0	66667.01612138748
388	1537.0667	273.71347	2019.15	1139.45	117.22222	46680000	6.519258e-09	49.60634	-0.015536169	-8.6613865	0.5331888	0.013182713	0.108341664	49.0	66855.07616782188
389	1508.995	254.76299	1999.4	1189.9	117.6	46800000	3.259629e-09	66.787796	-0.015463586	-12.313612	0.51970994	0.015070744	0.10149167	48.0	67036.27111506462
390	1510.2667	292.7221	2080.2	1118.45	114.55556	46920000	-3.7252903e-09	63.17608	-0.015902268	-12.749987	0.51352614	0.015281742	0.108566664	48.0	67220.6758556366
391	1496.9945	268.10873	1982.95	1144.15	118.666664	47040000	4.656613e-10	59.159897	-0.015804434	-11.132597	0.50989884	0.013645679	0.10126667	49.0	67406.5293302536
392	1285.3444	311.1294	1858.45	691.75	120.0	47160000	1.8626451e-09	50.123543	-0.016890118	-13.391407	0.5123714	0.011884654	0.09985833	49.0	67594.57693243027
393	1307.9874	318.4613	1902.6	821.95	120.0	47280000	1.8626451e-09	58.192448	-0.014562274	-11.558128	0.5121342	0.015166616	0.10368334	42.0	67769.51589202881
394	1581.9277	344.64	2063.5	923.95	115.0	47400000	-1.8626451e-09	73.264175	-0.016167236	-13.866356	0.5130157	0.014900971	0.103	49.0	67954.99293661118
395	1325.7438	284.346	1925.95	970.65	120.0	47520000	3.7252903e-09	64.33005	-0.015714776	-15.271119	0.50492024	0.014364709	0.109741665	49.0	68142.57047057152
396	1378.7063	295.29712	1796.35	851.9	120.0	47640000	3.7252903e-09	43.651207	-0.016109472	-10.427703	0.51765585	0.014927972	0.106241666	49.0	68324.54277253151
397	1438.7112	286.02164	1813.8	875.0	120.0	47760000	-7.450581e-09	55.408913	-0.015675161	-11.584436	0.5234805	0.014496567	0.10166666	49.0	68511.96183991432
398	1697.305	239.396	2084.8	1295.4	111.0	47880000	-9.313226e-09	58.364506	-0.014472067	-9.52732	0.50289613	0.016324338	0.10625	39.0	68680.34319329262
399	1562.1875	294.28198	2005.6	1188.9	116.375	48000000	-1.8626451e-09	54.5924	-0.015471591	-10.470879	0.51528597	0.015073431	0.104441665	44.0	68858.70843410492
400	1439.75	191.6224	1716.9	1182.25	120.0	48120000	4.656613e-09	60.740265	-0.016447958	-14.608791	0.5288446	0.013445624	0.107483335	49.0	69046.27936315536
401	1491.885	311.12195	2029.7	1141.75	116.0	48240000	-5.122274e-09	46.157906	-0.016833454	-9.231012	0.5294429	0.014830985	0.114350006	49.0	69231.43867826462
402	1476.6777	634.63116	2101.55	-51.350006	112.22222	48360000	-8.381903e-09	59.24158	-0.015244232	-10.928436	0.520188	0.013181414	0.098725006	49.0	69417.85767245293
403	1373.48	290.00436	1927.7	888.05	119.7	48480000	1.0244548e-08	52.431805	-0.015711525	-9.935421	0.5327439	0.012653254	0.101341665	49.0	69602.08204364777
404	1376.4318	610.75696	2106.1	51.699993	114.72727	48600000	2.3283064e-09	56.74622	-0.015212759	-11.091518	0.5240331	0.015051318	0.101600006	48.0	69788.51434350014
405	1412.5188	220.82843	1832.05	1150.95	120.0	48720000	1.8626451e-09	49.834927	-0.014944482	-8.805832	0.5249198	0.015239758	0.10790834	47.0	69967.7350268364
406	1341.6313	184.26851	1611.75	1057.65	120.0	48840000	-1.8626451e-09	59.578247	-0.015518428	-11.475004	0.5277468	0.013333393	0.1029	49.0	70154.24695062637
407	1606.4563	288.77325	1993.75	1052.35	117.375	48960000	-5.5879354e-09	58.07626	-0.014516531	-11.411528	0.51034737	0.015613407	0.100975	34.0	70315.16734147072
408	1555.3556	294.94357	2014.6	986.85	117.22222	49080000	-1.8626451e-09	60.19105	-0.015931271	-12.759853	0.51371765	0.0132839475	0.10414167	49.0	70505.07046794891
409	1490.1666	622.4634	2033.95	171.95	106.44444	49200000	-4.656613e-10	66.73031	-0.015420523	-12.838967	0.5117575	0.015045127	0.104608335	47.0	70685.66523051262
410	1673.64	290.69324	2123.25	1364.1	109.0	49320000	-4.656613e-09	61.430725	-0.015964959	-14.519829	0.49910724	0.015340451	0.110591665	45.0	70863.33446526527
411	1552.885	346.6304	2135.0	1051.4	109.7	49440000	-3.4924597e-09	51.19606	-0.017340954	-10.053629	0.49608982	0.013790358	0.10515	49.0	71054.99449849129
412	1423.0062	183.5547	1715.95	1046.05	120.0	49560000	-1.8626451e-09	44.090282	-0.015938718	-9.964136	0.51399744	0.012986517	0.104849994	49.0	71241.78490972519
413	1570.3701	405.44693	2130.0	743.55	109.4	49680000	-1.1175871e-08	54.2415	-0.01450271	-10.909624	0.49273756	0.015073183	0.096625	42.0	71420.47212982178
414	1480.6938	120.85382	1630.05	1285.15	120.0	49800000	5.122274e-09	39.686954	-0.01600476	-8.000513	0.5089184	0.015100626	0.11161667	42.0	71591.78200912476
415	1453.1875	292.36688	1811.55	885.64996	120.0	49920000	3.958121e-09	62.677044	-0.015349841	-13.849805	0.509231	0.01462839	0.1051	49.0	71781.27576065063
416	1518.2273	654.7491	2110.55	-354.30002	107.72727	50040000	-4.656613e-09	56.2099	-0.015915219	-10.582411	0.48283494	0.014536242	0.103466675	49.0	71968.15101599693
417	1635.6849	358.2133	2121.2	1159.8	107.1	50160000	-1.1175871e-08	57.530712	-0.015993655	-10.721643	0.49871206	0.014648508	0.100225	49.0	72155.87984871864
418	1734.175	231.16904	2099.65	1395.4	109.4	50280000	-1.8626451e-09	57.560745	-0.0149428155	-11.859508	0.4765421	0.01518461	0.106008336	44.0	72329.41955971718
419	1635.4386	662.5971	2156.35	-333.4	103.92308	50400000	1.4901161e-08	68.61338	-0.016028069	-13.420721	0.4905012	0.0131680425	0.10235833	49.0	72518.40002632141
420	1503.6317	369.35376	2065.05	897.3	114.454544	50520000	-8.381903e-09	49.865593	-0.015739389	-13.209876	0.51005375	0.0137272775	0.1051	49.0	72700.88075661659
421	1598.1727	404.97098	2131.45	833.55	107.818184	50640000	-7.450581e-09	45.998306	-0.0151842255	-8.509092	0.49386287	0.015139213	0.10409166	41.0	72870.65454173088
422	1473.7056	381.60114	2036.5	756.1	116.55556	50760000	9.313226e-10	58.718933	-0.016153935	-12.939145	0.5160301	0.0129810255	0.1029	49.0	73056.85504364967
423	1606.4166	167.92984	1885.2	1264.75	120.0	50880000	-9.080395e-09	63.83986	-0.014475137	-14.906129	0.5052098	0.015288751	0.09989166	39.0	73224.85818529129
424	1665.0181	324.09204	2140.45	908.45	114.09091	51000000	-3.7252903e-09	69.91488	-0.015467917	-15.574527	0.4916626	0.01509168	0.09995833	40.0	73396.35220265388
425	1749.7	303.00513	2132.9	1286.8	103.2	51120000	-3.7252903e-09	57.003815	-0.015217654	-9.542982	0.48534715	0.015075939	0.10539167	40.0	73569.91946077347
426	1663.9949	300.54584	2161.75	1301.0	108.3	51240000	1.8626451e-09	50.17441	-0.014750799	-12.143379	0.4786893	0.015599639	0.11044166	45.0	73749.07389736176
427	1654.5901	311.3369	2135.0	1262.05	109.1	51360000	-5.122274e-09	44.677505	-0.015211618	-6.4842396	0.5045569	0.015111006	0.10495	49.0	73927.89179897308
428	1307.1666	510.0875	1986.75	99.74999	119.22222	51480000	3.259629e-09	54.681816	-0.016493816	-15.083709	0.50935555	0.011469802	0.101775	49.0	74116.79907870293
429	1582.4125	280.83936	1911.7	1149.35	120.0	51600000	1.8626451e-08	48.958603	-0.013319666	-8.425444	0.49871787	0.015066227	0.09729166	36.0	74280.51265072823
430	1598.65	355.13477	2083.75	1022.8	114.5	51720000	5.122274e-09	52.79535	-0.015171919	-8.053099	0.49927363	0.014864437	0.10445833	49.0	74472.852227211
431	1762.1063	228.18199	1993.2	1453.25	115.0	51840000	8.381903e-09	47.33217	-0.0133348275	-8.756409	0.48788396	0.015090767	0.09904999	31.0	74630.72157406807
432	1593.2457	475.67145	2192.25	418.19998	104.5	51960000	1.8626451e-09	42.28652	-0.015931344	-9.345716	0.48582387	0.012288848	0.103308335	49.0	74817.82125258446
433	1653.3611	267.58127	2030.4	1307.1	116.22222	52080000	8.381903e-09	49.880928	-0.014884512	-8.697563	0.497433	0.016508836	0.108225	41.0	74986.57553768158
434	1673.8313	337.34152	1997.6	861.7	117.75	52200000	-3.7252903e-09	50.16387	-0.015020783	-6.1808367	0.4880451	0.015129455	0.108925	48.0	75166.82915258408
