Episode	TestRet	TestSteps	AverageEpRet	StdEpRet	MaxEpRet	MinEpRet	EpLen	Time
50	-295.00000439584255	100.0	-329.86298	10.036527	-298.6	-347.1	100.0	8 min 31 sec
100	-266.47000540755687	100.0	-293.25	35.07003	-224.3	-458.7	100.0	19 min 36 sec
150	-313.4100058712065	100.0	-269.451	35.115852	-196.6	-376.2	100.0	33 min 44 sec
200	-262.42500561252234	100.0	-258.99402	48.888546	-147.90001	-429.1	100.0	46 min 55 sec
250	-272.2900062423199	100.0	-238.35	41.798374	-122.25001	-286.05002	100.0	59 min 18 sec
300	-289.0100082438439	100.0	-221.21	56.61967	-27.650005	-303.30002	100.0	1 h 13 min
350	-281.96000617444514	100.0	-216.482	50.4677	-85.9	-326.35	100.0	1 h 25 min
400	-266.5000071391463	100.0	-194.57002	76.912056	149.15	-294.15	100.0	1 h 38 min
450	-338.3350123286247	100.0	-185.798	72.14398	11.749995	-294.45	100.0	1 h 49 min
500	-120.8700049765408	100.0	-173.96703	89.514465	155.55	-334.55002	100.0	2 h 1 min
550	-167.18000608384608	100.0	-182.125	86.55519	167.75	-272.75	100.0	2 h 14 min
600	-179.0800061479211	100.0	-154.353	93.18497	147.9	-301.65	100.0	2 h 28 min
650	-204.40000603944063	100.0	-168.301	100.45576	79.35	-292.9	100.0	2 h 44 min
700	-174.64000558555125	100.0	-145.682	97.37756	231.59999	-262.2	100.0	2 h 57 min
750	-207.8200066383928	100.0	-148.17	111.54962	252.5	-282.85	100.0	3 h 11 min
800	-227.43000642098485	100.0	-144.37201	117.338394	236.25	-274.4	100.0	3 h 24 min
850	-58.41000585593283	100.0	-139.30902	98.01751	51.449997	-296.0	100.0	3 h 39 min
900	-225.1750067640096	100.0	-150.51901	114.334045	216.84999	-320.4	100.0	3 h 53 min
950	-160.1250055246055	100.0	-135.591	96.58956	65.45	-368.35	100.0	4 h 8 min
1000	-147.24500537067652	100.0	-123.579	106.75755	210.05	-288.25	100.0	4 h 22 min
1050	-173.79000460356474	100.0	-159.71901	111.37795	187.75	-290.80002	100.0	4 h 36 min
1100	-98.82500573769212	100.0	-134.98001	117.086784	184.75	-291.25	100.0	4 h 49 min
1150	-216.74000527113677	100.0	-165.973	98.54023	203.65	-281.85	100.0	5 h 3 min
1200	-176.57500553503633	100.0	-171.73401	88.02068	22.349995	-298.5	100.0	5 h 17 min
1250	-273.66000665277244	100.0	-222.50099	107.856316	146.04999	-413.2	100.0	5 h 31 min
1300	-191.0300065319985	100.0	-204.76201	87.09503	-9.850005	-357.7	100.0	5 h 46 min
1350	-191.83500452600418	100.0	-197.84698	88.947	240.05	-307.7	100.0	6 h 2 min
1400	-246.86500541754066	100.0	-176.696	89.9707	150.04999	-303.80002	100.0	6 h 18 min
1450	-198.51000694222748	100.0	-181.725	88.49185	82.299995	-303.05002	100.0	6 h 36 min
1500	-240.50000711493195	100.0	-207.63002	79.41543	75.74999	-323.05002	100.0	6 h 53 min
1550	-201.21000584587455	100.0	-186.255	99.92665	98.899994	-334.15002	100.0	7 h 11 min
1600	-198.6000058375299	100.0	-207.48997	85.515335	2.749994	-321.4	100.0	7 h 28 min
1650	-229.1350064266473	100.0	-190.394	112.6028	136.54999	-322.7	100.0	7 h 46 min
1700	-175.4700064945966	100.0	-205.60002	95.53079	28.899994	-362.80002	100.0	8 h 4 min
1750	-220.34000584036113	100.0	-188.27803	103.74025	55.049995	-334.35	100.0	8 h 21 min
1800	-220.56000546067952	100.0	-196.155	83.36886	22.349993	-328.7	100.0	8 h 38 min
1850	-227.7600048933178	100.0	-196.68199	95.76532	73.59999	-368.65002	100.0	8 h 56 min
1900	-231.91000609472394	100.0	-185.544	98.611435	53.549995	-316.2	100.0	9 h 13 min
1950	-252.60000686235725	100.0	-186.284	112.48073	102.1	-351.05002	100.0	9 h 31 min
2000	-238.1900057066232	100.0	-186.41302	103.413506	92.49999	-301.6	100.0	9 h 48 min
2050	-171.0950052972883	100.0	-176.78001	114.06157	130.84999	-303.7	100.0	10 h 5 min
2100	-192.25000558756292	100.0	-201.438	76.906715	-8.450006	-310.15	100.0	10 h 23 min
2150	-196.1550052985549	100.0	-177.40604	110.92389	158.8	-298.9	100.0	10 h 40 min
2200	-142.5500043924898	100.0	-175.33302	102.022835	65.7	-304.35	100.0	10 h 58 min
2250	-162.90500488132238	100.0	-146.13899	113.52851	138.15	-293.75	100.0	11 h 15 min
2300	-232.50500587299467	100.0	-160.41899	104.30868	101.45	-328.0	100.0	11 h 33 min
2350	-155.22000514082612	100.0	-174.596	112.270744	105.35	-320.0	100.0	11 h 48 min
2400	-147.50000559985637	100.0	-156.828	121.844536	126.74999	-310.95	100.0	12 h 0 min
2450	-160.5800057347864	100.0	-146.414	127.05844	166.65	-307.9	100.0	12 h 12 min
2500	-105.30000510774553	100.0	-134.343	119.52702	180.54999	-288.25	100.0	12 h 23 min
2550	-147.21000553630293	100.0	-131.025	125.57143	279.45	-292.1	100.0	12 h 35 min
2600	-146.69500528723	100.0	-145.70401	122.23481	187.65	-313.5	100.0	12 h 46 min
2650	-186.53000518158078	100.0	-135.04301	128.68785	182.54999	-282.9	100.0	12 h 59 min
2700	-166.0650051046163	100.0	-143.32701	122.71433	188.0	-297.65	100.0	13 h 12 min
2750	-128.66000579856336	100.0	-112.63601	132.429	205.5	-313.35	100.0	13 h 24 min
2800	-196.96000626832247	100.0	-103.12802	115.796616	121.99999	-278.85	100.0	13 h 36 min
2850	-153.22500534690917	100.0	-128.225	111.02411	167.7	-288.85	100.0	13 h 48 min
2900	-109.1250060558319	100.0	-132.162	110.768654	148.75	-327.30002	100.0	14 h 0 min
2950	-61.28000560216606	100.0	-127.79701	126.51633	125.35	-311.35	100.0	14 h 12 min
3000	-106.24000622816384	100.0	-128.54301	118.12578	167.5	-315.80002	100.0	14 h 25 min
3050	-127.92000481896102	100.0	-127.871	126.77391	225.0	-291.5	100.0	14 h 37 min
3100	-129.3900059659034	100.0	-149.88301	98.77258	42.799995	-304.95	100.0	14 h 48 min
3150	-147.96500551588832	100.0	-145.69101	134.5098	148.29999	-348.05002	100.0	14 h 59 min
3200	-185.08500728979706	100.0	-174.909	111.63097	49.199997	-330.30002	100.0	15 h 10 min
3250	-191.53000735901296	100.0	-232.77902	122.41887	69.149994	-452.25	100.0	15 h 20 min
3300	-251.90000826381146	100.0	-222.78102	108.34453	28.799994	-426.95	100.0	15 h 32 min
3350	-155.45000632181763	100.0	-206.18298	121.43083	47.799995	-369.95	100.0	15 h 44 min
3400	-183.730007192865	100.0	-163.13	131.39024	138.95	-341.05002	100.0	15 h 56 min
3450	-115.41000642552972	100.0	-161.11601	131.85013	85.799995	-356.15	100.0	16 h 8 min
3500	-161.85500564575196	100.0	-185.494	114.17808	106.35	-334.95	100.0	16 h 19 min
3550	-160.5600062992424	100.0	-178.96701	120.56378	76.7	-321.80002	100.0	16 h 31 min
3600	-195.1550065971911	100.0	-183.54602	118.44321	42.349995	-339.1	100.0	16 h 43 min
3650	-155.93000487834215	100.0	-147.381	132.38042	140.3	-347.1	100.0	16 h 55 min
3700	-70.28500388897956	100.0	-142.438	123.09268	126.149994	-329.95	100.0	17 h 8 min
3750	-183.3000062249601	100.0	-137.27701	131.97694	184.75	-297.1	100.0	17 h 20 min
3800	-119.78000491894781	100.0	-161.25801	131.38908	138.7	-333.15	100.0	17 h 34 min
3850	-102.84000527895986	100.0	-127.02001	143.04404	175.04999	-303.15	100.0	17 h 46 min
3900	-107.40000658072532	100.0	-123.46902	143.70966	161.95	-466.90002	100.0	17 h 59 min
3950	-163.71000773832202	100.0	-119.697014	141.02269	149.2	-325.25	100.0	18 h 11 min
4000	-147.4950058352202	100.0	-141.981	127.49785	98.149994	-310.40002	100.0	18 h 23 min
4050	-77.71000519171358	100.0	-119.93	142.5702	220.95	-337.95	100.0	18 h 35 min
4100	-166.49500552937388	100.0	-135.453	126.89649	101.049995	-330.25	100.0	18 h 47 min
4150	-130.6500062201172	100.0	-138.509	135.9384	123.2	-304.4	100.0	18 h 59 min
4200	-147.1700053524226	100.0	-147.38402	131.96216	156.5	-328.1	100.0	19 h 10 min
4250	-115.83000559471547	100.0	-147.051	121.679276	58.749996	-308.05002	100.0	19 h 20 min
4300	-131.68000594787298	100.0	-148.86002	153.6806	174.34999	-376.30002	100.0	19 h 31 min
4350	-122.79000619277357	100.0	-146.43001	144.53137	160.45	-328.85	100.0	19 h 44 min
4400	-50.24000515267253	100.0	-141.167	134.22926	138.95	-342.55002	100.0	19 h 57 min
4450	-130.38000577986242	100.0	-137.386	135.35797	154.15	-318.1	100.0	20 h 10 min
4500	-126.35000587515533	100.0	-132.052	158.14539	235.45	-365.6	100.0	20 h 21 min
4550	-132.1900055181235	100.0	-124.819	140.73705	156.8	-299.55002	100.0	20 h 31 min
4600	-165.315006795153	100.0	-127.304	146.8953	143.25	-345.80002	100.0	20 h 43 min
4650	-103.55500641800464	100.0	-160.68602	132.35785	89.049995	-340.05002	100.0	20 h 54 min
4700	-103.56000573821366	100.0	-134.60298	149.11485	178.79999	-370.1	100.0	21 h 5 min
4750	-114.80000591278076	100.0	-140.31902	136.87274	239.65	-316.6	100.0	21 h 18 min
4800	-75.46500593088567	100.0	-144.12201	138.84886	152.65	-303.6	100.0	21 h 28 min
4850	-59.415004537254575	100.0	-116.95501	131.91522	187.8	-325.6	100.0	21 h 38 min
4900	-133.36500599086284	100.0	-140.302	130.79709	126.649994	-309.30002	100.0	21 h 48 min
4950	-165.23500615246593	100.0	-119.38801	131.66931	146.04999	-326.5	100.0	21 h 59 min
5000	-108.37000567428768	100.0	-127.792	127.78929	126.149994	-309.25	100.0	22 h 13 min
5050	-79.4850055206567	100.0	-132.70702	123.89834	160.5	-351.5	100.0	22 h 24 min
5100	-113.39000527858734	100.0	-122.626	122.1045	140.29999	-301.55002	100.0	22 h 37 min
5150	-155.10500563904642	100.0	-132.00899	118.560394	167.09999	-318.80002	100.0	22 h 49 min
5200	-91.74000598862767	100.0	-126.495	110.5682	85.24999	-285.35	100.0	23 h 0 min
5250	-101.20000555031001	100.0	-81.87201	149.28127	228.45	-303.45	100.0	23 h 12 min
5300	-146.30500647239387	100.0	-126.59501	120.498795	151.84999	-320.30002	100.0	23 h 23 min
5350	-154.52500530853868	100.0	-100.69601	121.33923	182.2	-267.55002	100.0	23 h 36 min
5400	-92.65000546425581	100.0	-122.64001	132.24434	210.59999	-299.80002	100.0	23 h 47 min
5450	-67.17500494197012	100.0	-122.546005	125.32991	193.29999	-289.4	100.0	24 h 0 min
5500	-123.40000614374875	100.0	-127.586006	116.7401	119.59999	-284.95	100.0	24 h 13 min
5550	-115.9750054653734	100.0	-102.374	149.2653	289.4	-301.05002	100.0	24 h 27 min
5600	-127.21500546373427	100.0	-79.14801	152.08281	234.09999	-269.5	100.0	24 h 38 min
5650	-236.09500660672785	100.0	-100.354004	154.48457	229.59999	-308.9	100.0	24 h 50 min
5700	-164.78000576421618	100.0	-116.013	162.7552	195.3	-307.9	100.0	25 h 4 min
5750	-150.00000645406544	100.0	-132.968	143.2635	126.49999	-321.15	100.0	25 h 20 min
5800	-136.6450063172728	100.0	-134.894	135.96907	149.95	-322.7	100.0	25 h 36 min
5850	-96.36000606715679	100.0	-109.967995	157.54736	310.0	-315.2	100.0	25 h 51 min
5900	-111.48500688038766	100.0	-114.86301	129.90857	165.0	-282.0	100.0	26 h 7 min
5950	-152.68000581637025	100.0	-106.05399	133.63544	167.04999	-299.45	100.0	26 h 22 min
6000	-98.75500577688217	100.0	-120.730995	117.76712	142.2	-293.35	100.0	26 h 33 min
6050	-49.1900052305311	100.0	-113.231	134.74576	109.49999	-359.0	100.0	26 h 43 min
6100	-12.470005596801638	100.0	-108.13302	120.036064	121.899994	-310.2	100.0	26 h 56 min
6150	-146.8900063920766	100.0	-115.24801	121.488396	185.34999	-418.45	100.0	27 h 9 min
6200	-112.26500685289503	100.0	-110.537	107.27115	108.99999	-290.05002	100.0	27 h 23 min
6250	-66.35000620000065	100.0	-76.62201	115.40096	251.59999	-288.0	100.0	27 h 35 min
6300	-186.29000546187163	100.0	-117.63901	122.78552	160.25	-282.65	100.0	27 h 48 min
6350	-85.96000553779304	100.0	-131.857	95.16859	72.24999	-285.9	100.0	28 h 0 min
6400	-112.81000611782073	100.0	-110.972015	115.09403	251.29999	-300.5	100.0	28 h 12 min
6450	-140.90000601932405	100.0	-110.462006	158.49303	399.25	-303.25	100.0	28 h 24 min
6500	-115.64000614397227	100.0	-109.857	148.54538	237.84999	-306.1	100.0	28 h 37 min
6550	-32.485005133599046	100.0	-106.32101	142.9996	181.84999	-285.25	100.0	28 h 48 min
6600	-34.14500522874296	100.0	-121.26802	123.773186	155.29999	-314.95	100.0	28 h 59 min
6650	-141.5300046749413	100.0	-118.574005	152.55171	274.15	-329.2	100.0	29 h 13 min
6700	-63.68000526353717	100.0	-119.55501	127.0411	170.59999	-277.95	100.0	29 h 26 min
6750	-54.52000522017479	100.0	-116.561005	151.6204	146.4	-314.65002	100.0	29 h 36 min
6800	-84.88500739857554	100.0	-139.934	141.8262	331.85	-318.7	100.0	29 h 48 min
6850	-103.18000563718378	100.0	-122.34	152.34573	202.25	-328.95	100.0	30 h 0 min
6900	-176.25500506833197	100.0	-121.202995	135.08942	148.7	-301.2	100.0	30 h 13 min
6950	-113.89500478319823	100.0	-100.14202	139.27328	139.75	-319.05002	100.0	30 h 24 min
7000	-105.61000632196665	100.0	-101.819	124.33866	216.0	-313.7	100.0	30 h 37 min
7050	-62.235005062446	100.0	-83.947014	139.32289	192.59999	-298.1	100.0	30 h 49 min
7100	-123.94000529572368	100.0	-96.772	141.67622	230.2	-305.45	100.0	31 h 2 min
7150	-57.81500553786755	100.0	-101.577	124.73372	145.4	-311.0	100.0	31 h 14 min
7200	-53.8900058940053	100.0	-89.30301	144.4574	218.0	-300.0	100.0	31 h 27 min
7250	-51.90500487908721	100.0	-90.851006	147.22353	228.59999	-302.9	100.0	31 h 39 min
7300	-94.26000574864447	100.0	-92.195	122.61713	240.4	-258.55002	100.0	31 h 51 min
7350	-56.53000602647662	100.0	-105.34601	143.5552	253.65	-311.25	100.0	32 h 4 min
7400	-136.8050061326474	100.0	-93.569	140.13503	214.59999	-296.75	100.0	32 h 15 min
7450	-67.5400062378496	100.0	-122.84301	127.68658	220.5	-278.2	100.0	32 h 27 min
7500	-165.40000616125764	100.0	-107.79701	133.69923	147.25	-300.80002	100.0	32 h 39 min
7550	-62.41000561080873	100.0	-123.866	127.0589	191.9	-299.35	100.0	32 h 50 min
7600	-161.66500912122427	100.0	-75.33301	139.42143	222.0	-288.7	100.0	33 h 1 min
7650	-75.44500688761472	100.0	-85.49801	144.95805	277.6	-283.25	100.0	33 h 11 min
7700	-129.23500622548164	100.0	-80.53001	131.04149	159.09999	-289.7	100.0	33 h 21 min
7750	2.8349935710430145	100.0	-71.01401	144.95258	208.4	-298.4	100.0	33 h 33 min
7800	-75.30000576153398	100.0	-76.20901	117.49703	175.54999	-266.6	100.0	33 h 45 min
7850	-136.10500724203885	100.0	-90.069	125.00426	139.79999	-288.0	100.0	33 h 56 min
7900	-126.33500459417701	100.0	-95.045	136.45712	208.34999	-308.05002	100.0	34 h 8 min
7950	-76.62000583596527	100.0	-62.476006	118.28382	146.7	-293.75	100.0	34 h 20 min
8000	-98.97000640518964	100.0	-61.313007	111.45744	177.34999	-262.80002	100.0	34 h 32 min
8050	-66.40000652261078	100.0	-53.09201	110.06562	173.45	-243.95001	100.0	34 h 44 min
8100	-49.50500572919846	100.0	-80.27901	107.41991	153.15	-277.25	100.0	34 h 56 min
8150	-105.84000633209943	100.0	-52.125004	119.41606	223.34999	-229.40001	100.0	35 h 3 min
8200	-10.155006156116723	100.0	-63.310005	115.57717	184.95	-274.15	100.0	35 h 9 min
8250	-77.32000558823347	100.0	-57.211006	137.12758	343.94998	-288.2	100.0	35 h 14 min
8300	-5.390005947649479	100.0	-57.302006	87.92205	123.84999	-230.5	100.0	35 h 20 min
8350	37.64499476440251	100.0	-14.049004	117.92362	299.44998	-227.45001	100.0	35 h 26 min
8400	-64.32000538930296	100.0	-41.298008	101.664566	155.34999	-227.8	100.0	35 h 31 min
8450	-70.2750052280724	100.0	-36.986008	100.56768	210.34999	-218.6	100.0	35 h 37 min
8500	-42.015006659552455	100.0	-51.999	93.15179	108.74999	-270.80002	100.0	35 h 42 min
8550	-53.34000553116202	100.0	-45.372005	100.96961	156.65	-311.15	100.0	35 h 48 min
8600	15.429994191229344	100.0	-20.690008	103.91977	279.94998	-162.15001	100.0	35 h 54 min
8650	-56.66500672772527	100.0	-60.920006	106.47982	260.25	-246.90001	100.0	35 h 59 min
8700	-3.0350054766982795	100.0	-40.943005	112.4365	200.09999	-286.1	100.0	36 h 5 min
8750	-65.86000581793488	100.0	-38.344	86.26763	158.5	-185.0	100.0	36 h 10 min
8800	-48.49000699706376	100.0	-34.066	110.40766	212.09999	-278.7	100.0	36 h 16 min
8850	62.42499372586608	100.0	-36.534004	94.47133	172.34999	-271.9	100.0	36 h 22 min
8900	-66.65000745803118	100.0	-44.951004	102.15095	162.15	-277.1	100.0	36 h 27 min
8950	88.14999519623817	100.0	-19.467005	112.9858	280.8	-235.15001	100.0	36 h 33 min
9000	-63.08000546395779	100.0	-26.158005	102.90465	244.09999	-229.45001	100.0	36 h 38 min
9050	-89.25000538900494	100.0	-12.755006	127.17004	296.4	-278.80002	100.0	36 h 44 min
9100	-6.955005881562829	100.0	-11.497008	120.48625	259.19998	-263.05002	100.0	36 h 49 min
9150	-19.1700065292418	100.0	-38.748005	87.07828	127.899994	-249.8	100.0	36 h 55 min
9200	-78.25000556074083	100.0	-60.880005	86.47414	132.29999	-282.80002	100.0	37 h 0 min
9250	-54.340005410090086	100.0	-46.061005	102.56169	278.1	-263.0	100.0	37 h 6 min
9300	85.50499474816024	100.0	-44.47801	107.16645	245.54999	-308.65	100.0	37 h 12 min
9350	-23.075005558505655	100.0	-26.105005	130.81792	368.75	-280.1	100.0	37 h 17 min
9400	-13.280005093291402	100.0	-41.009003	128.37679	285.94998	-272.65	100.0	37 h 23 min
9450	-31.415005579218267	100.0	-86.05201	106.45931	198.84999	-294.45	100.0	37 h 29 min
9500	-42.5600055962801	100.0	-87.84601	120.010864	200.95	-313.4	100.0	37 h 34 min
9550	-7.150006832554936	100.0	-51.793007	107.27061	178.95	-300.4	100.0	37 h 40 min
9600	-108.68500594608486	100.0	-33.479008	124.10118	238.25	-307.35	100.0	37 h 45 min
9650	-63.340006702393296	100.0	-59.953003	104.07316	97.99999	-294.2	100.0	37 h 51 min
9700	-96.55500622466207	100.0	-36.464005	106.4443	197.75	-289.1	100.0	37 h 57 min
9750	-23.145006642490625	100.0	-15.595005	111.24735	242.7	-283.95	100.0	38 h 3 min
9800	74.77999393157661	100.0	-0.28300354	109.13514	287.85	-262.7	100.0	38 h 8 min
9850	-62.09000644348562	100.0	3.881996	109.944595	307.25	-257.30002	100.0	38 h 14 min
9900	-30.615005929768085	100.0	22.037996	92.68087	277.5	-144.25	100.0	38 h 19 min
9950	13.66999299414456	100.0	-6.827004	105.56336	215.95	-263.35	100.0	38 h 24 min
10000	-19.48000579588115	100.0	18.093994	102.02931	245.95	-158.25	100.0	38 h 30 min
10050	-77.21000701934099	100.0	-58.904007	101.10597	122.549995	-281.0	100.0	38 h 35 min
10100	32.429994992539285	100.0	-38.839005	97.13981	171.9	-280.25	100.0	38 h 41 min
10150	1.2999950464814902	100.0	-49.088	91.279884	135.04999	-251.75	100.0	38 h 46 min
10200	-63.3600062970072	100.0	-22.632008	100.550674	188.65	-260.6	100.0	38 h 52 min
10250	-15.450006885454059	100.0	-15.388006	100.09735	276.55	-258.80002	100.0	38 h 57 min
10300	-39.16500618457794	100.0	-35.06101	110.59178	260.6	-292.85	100.0	39 h 3 min
10350	-45.66000725179911	100.0	-72.04501	117.66466	244.59999	-313.35	100.0	39 h 9 min
10400	59.51999412328005	100.0	-39.21001	116.014336	257.19998	-282.35	100.0	39 h 14 min
10450	62.02999349161983	100.0	-58.369007	137.42426	252.4	-301.30002	100.0	39 h 20 min
10500	-72.4900063317269	100.0	-34.571007	131.75412	343.9	-297.65	100.0	39 h 26 min
10550	-83.90500679127872	100.0	-27.659004	132.91945	220.09999	-268.55002	100.0	39 h 32 min
10600	85.62499484680593	100.0	-13.561004	128.46182	264.65	-287.65	100.0	39 h 37 min
10650	-48.80000528730452	100.0	-20.426006	120.423485	249.04999	-282.1	100.0	39 h 43 min
10700	-55.750006183609365	100.0	-24.997002	132.55504	320.15	-292.85	100.0	39 h 49 min
10750	124.06499401032924	100.0	7.408993	120.973694	281.05	-269.2	100.0	39 h 54 min
10800	-3.245005504786968	100.0	-32.130005	128.70518	418.55	-258.65	100.0	40 h 0 min
10850	66.56999393068254	100.0	8.152996	123.054306	227.79999	-295.75	100.0	40 h 5 min
10900	138.2899941328913	100.0	16.505993	133.06004	476.1	-225.35	100.0	40 h 11 min
10950	87.0999946989119	100.0	-8.4170065	106.49457	232.59999	-287.7	100.0	40 h 16 min
11000	16.739994014799596	100.0	-2.3600063	97.41842	240.25	-234.75	100.0	40 h 22 min
11050	-41.49000575132668	100.0	-17.639006	90.1998	146.54999	-283.7	100.0	40 h 27 min
11100	27.51499460078776	100.0	-14.017007	101.29065	234.15	-209.05	100.0	40 h 32 min
11150	-107.71000763364137	100.0	-18.474007	85.65137	183.34999	-204.95001	100.0	40 h 38 min
11200	-20.670005049929024	100.0	-22.475008	80.46899	145.0	-174.55	100.0	40 h 43 min
11250	-33.82500643543899	100.0	-27.118008	105.54818	216.45	-252.15001	100.0	40 h 49 min
11300	14.024994163587689	100.0	-39.86	74.611305	133.25	-234.20001	100.0	40 h 54 min
11350	-33.515005690231916	100.0	-14.972007	100.71666	334.4	-260.25	100.0	41 h 0 min
11400	7.354993712902069	100.0	-24.70901	89.62272	212.25	-236.15001	100.0	41 h 5 min
11450	89.60499338395894	100.0	7.529995	109.10257	349.19998	-214.25	100.0	41 h 11 min
11500	26.35499388501048	100.0	1.0779959	129.65938	279.6	-269.7	100.0	41 h 17 min
11550	31.604993544146417	100.0	-3.5180094	116.62858	397.05	-211.25	100.0	41 h 23 min
11600	-4.7250051941722635	100.0	-32.18401	111.98416	232.5	-260.55002	100.0	41 h 28 min
11650	-65.18500762693584	100.0	17.055994	114.9491	307.65	-173.55	100.0	41 h 34 min
11700	63.6849947296083	100.0	-9.121006	82.53909	172.29999	-157.75	100.0	41 h 39 min
11750	75.37499507963658	100.0	27.290993	104.67339	265.19998	-201.3	100.0	41 h 45 min
11800	-12.515006201714277	100.0	41.297993	110.38508	379.85	-202.15001	100.0	41 h 50 min
11850	39.22999429441988	100.0	5.181994	107.986206	378.6	-226.95001	100.0	41 h 55 min
11900	11.889993896335364	100.0	17.897995	76.16066	195.65	-95.950005	100.0	42 h 1 min
11950	16.539994315057992	100.0	26.526997	131.9381	356.4	-279.75	100.0	42 h 6 min
12000	-49.82500666230917	100.0	-5.153008	91.396576	188.29999	-231.20001	100.0	42 h 12 min
12050	36.43499369472265	100.0	22.119995	101.454216	399.3	-242.55	100.0	42 h 17 min
12100	27.054994770884512	100.0	33.89699	109.48792	377.15	-197.90001	100.0	42 h 23 min
12150	19.24499446935952	100.0	25.744995	72.80887	182.25	-105.15	100.0	42 h 28 min
12200	94.1999950915575	100.0	10.065995	103.93974	253.04999	-233.75	100.0	42 h 33 min
12250	19.119994182512166	100.0	5.427995	103.43377	239.75	-258.25	100.0	42 h 39 min
12300	115.51999474428594	100.0	13.584994	101.89988	278.05	-236.65001	100.0	42 h 44 min
12350	-0.34000709392130374	100.0	-14.7920065	101.81931	200.7	-263.75	100.0	42 h 50 min
12400	32.31999404765666	100.0	-2.9280062	96.671036	223.95	-270.80002	100.0	42 h 56 min
12450	95.33999407999218	100.0	12.929993	129.52705	381.94998	-243.75	100.0	43 h 1 min
12500	-50.9650057349354	100.0	21.334995	112.904335	385.75	-232.95001	100.0	43 h 7 min
12550	86.58999414555728	100.0	-15.238008	142.31218	306.69998	-288.1	100.0	43 h 13 min
12600	17.869993767887355	100.0	2.9699922	139.46895	353.4	-242.40001	100.0	43 h 19 min
12650	-45.71000683046877	100.0	-35.852005	165.42912	457.8	-290.25	100.0	43 h 24 min
12700	-7.670006501302123	100.0	26.089994	149.33633	430.69998	-284.75	100.0	43 h 30 min
12750	221.32499514706433	100.0	31.810997	120.267624	249.4	-298.95	100.0	43 h 36 min
12800	11.784994074702263	100.0	80.47099	114.71119	352.35	-187.40001	100.0	43 h 41 min
12850	3.2549936328083278	100.0	44.996994	121.47045	403.15	-171.0	100.0	43 h 47 min
12900	158.08999351635575	100.0	27.518993	133.19675	450.3	-215.0	100.0	43 h 52 min
12950	105.41999408304692	100.0	58.370995	134.558	376.55	-192.1	100.0	43 h 58 min
13000	26.364994052425025	100.0	66.79	124.71195	388.45	-172.90001	100.0	44 h 4 min
13050	126.1049947205931	100.0	30.651993	115.15832	278.0	-285.80002	100.0	44 h 9 min
13100	52.32999483384192	100.0	45.29	124.20492	355.4	-176.15001	100.0	44 h 15 min
13150	107.064994591102	100.0	49.05699	119.059784	389.85	-235.5	100.0	44 h 20 min
13200	48.68999353908002	100.0	12.434994	106.57049	251.09999	-220.70001	100.0	44 h 26 min
13250	-6.7100047744810585	100.0	56.170998	118.1969	364.4	-197.70001	100.0	44 h 31 min
13300	9.639994790405035	100.0	26.822992	137.37012	353.9	-226.5	100.0	44 h 37 min
13350	103.01499437913299	100.0	58.186996	133.88817	368.44998	-220.40001	100.0	44 h 42 min
13400	-24.880006039142607	100.0	16.450994	111.89371	236.45	-213.25	100.0	44 h 46 min
13450	-14.69000702984631	100.0	-4.296005	126.91814	357.1	-288.7	100.0	44 h 51 min
13500	-14.760005942732096	100.0	51.906002	82.43315	197.5	-201.45001	100.0	44 h 56 min
13550	167.83999495990574	100.0	36.684998	112.75034	222.2	-284.6	100.0	45 h 0 min
13600	104.58999450840057	100.0	56.345997	98.732056	341.65	-233.35	100.0	45 h 5 min
13650	18.834994254633784	100.0	26.235996	135.8103	358.55	-276.7	100.0	45 h 10 min
13700	92.2399947475642	100.0	29.428991	131.84679	349.75	-310.05002	100.0	45 h 15 min
13750	-37.095007026568055	100.0	43.203	117.915565	455.65	-257.05002	100.0	45 h 20 min
13800	27.92999486923218	100.0	53.523994	103.77919	268.0	-256.2	100.0	45 h 25 min
13850	132.42499422803522	100.0	28.013994	102.5254	320.6	-167.20001	100.0	45 h 30 min
13900	23.434993366897107	100.0	37.114994	111.01904	351.3	-237.90001	100.0	45 h 34 min
13950	133.27499376013876	100.0	53.137993	137.13269	485.5	-293.65	100.0	45 h 39 min
14000	188.6499948490411	100.0	57.686993	118.73163	385.65	-199.55	100.0	45 h 44 min
14050	112.27999389022588	100.0	5.733993	118.1108	222.0	-279.25	100.0	45 h 49 min
14100	49.57499292232096	100.0	40.821995	137.9792	494.85	-196.45001	100.0	45 h 54 min
14150	18.249995075166225	100.0	-13.081005	146.83694	356.94998	-293.0	100.0	45 h 59 min
14200	11.089994098991156	100.0	48.183994	106.19092	366.05	-234.25	100.0	46 h 4 min
14250	49.734994360804556	100.0	46.335995	153.12865	484.05	-275.85	100.0	46 h 9 min
14300	183.60999346077443	100.0	41.598995	138.57227	368.15	-276.95	100.0	46 h 14 min
14350	140.05999406278133	100.0	46.615	120.30231	242.5	-254.40001	100.0	46 h 19 min
14400	94.26499506607652	100.0	18.043997	131.19498	293.65	-302.1	100.0	46 h 24 min
14450	-27.680004496127367	100.0	66.535995	145.48264	461.6	-261.4	100.0	46 h 29 min
14500	-10.0150061622262	100.0	-42.11501	137.07521	319.15	-288.75	100.0	46 h 34 min
14550	-0.715006348490715	100.0	-35.553005	125.64583	314.4	-244.90001	100.0	46 h 39 min
14600	51.61999509930611	100.0	-8.543005	117.55969	250.7	-210.65001	100.0	46 h 44 min
14650	36.74499513581395	100.0	28.240993	130.32098	505.75	-260.0	100.0	46 h 49 min
14700	-4.120005746930838	100.0	-7.9030066	127.78103	313.05	-292.0	100.0	46 h 54 min
14750	49.2749949362129	100.0	4.718996	147.47565	392.6	-241.70001	100.0	46 h 59 min
14800	195.44999483376742	100.0	1.7109942	138.45786	279.9	-282.65	100.0	47 h 3 min
14850	31.764994924888015	100.0	25.637999	116.732445	407.0	-203.45001	100.0	47 h 8 min
14900	1.9299940552562476	100.0	46.41999	135.33344	319.94998	-238.45001	100.0	47 h 13 min
14950	119.43999497368932	100.0	17.053997	147.40115	630.95	-283.80002	100.0	47 h 19 min
15000	58.20499340929091	100.0	4.4669957	114.00384	331.94998	-227.15001	100.0	47 h 24 min
