Episode	TestRet	TestSteps	AverageEpRet	StdEpRet	MaxEpRet	MinEpRet	EpLen	Time
50	-60.00000089406967	80.0	-68.702995	5.137922	-55.65	-78.05	80.0	3 min 18 sec
100	-60.00000089406967	80.0	-62.787	4.38879	-53.15	-71.1	80.0	6 min 20 sec
150	-73.02500184811652	80.0	-62.317997	3.641727	-52.7	-69.5	80.0	9 min 42 sec
200	-60.250001434609295	80.0	-62.413	4.1461887	-52.100002	-70.8	80.0	12 min 58 sec
250	-74.73000223375857	80.0	-60.753	4.1293273	-52.100002	-70.9	80.0	15 min 34 sec
300	-71.20500217750669	80.0	-58.140995	3.9435859	-47.15	-65.85	80.0	18 min 5 sec
350	-72.56000198870898	80.0	-58.402	4.9581447	-41.55	-66.25	80.0	21 min 38 sec
400	-60.43000115193426	80.0	-58.385006	5.458958	-46.8	-71.0	80.0	24 min 40 sec
450	-54.53000123947859	80.0	-58.103992	5.4464655	-37.4	-69.200005	80.0	27 min 12 sec
500	-65.05000179708004	80.0	-57.831997	5.3404384	-43.3	-68.15	80.0	30 min 1 sec
550	-49.93000146485865	80.0	-56.705	5.647099	-36.850002	-66.200005	80.0	34 min 1 sec
600	-61.610001562908295	80.0	-57.001	4.859542	-37.600002	-65.4	80.0	37 min 5 sec
650	-56.47500127293169	80.0	-54.777	7.1604695	-31.85	-65.05	80.0	40 min 11 sec
700	-60.215001687780024	80.0	-54.77	5.7621346	-37.300003	-68.5	80.0	42 min 45 sec
750	-51.00500144585967	80.0	-52.24	7.035517	-30.900002	-65.8	80.0	46 min 41 sec
800	-52.975002033635974	80.0	-53.027	8.458388	-27.0	-66.65	80.0	49 min 14 sec
850	-52.37000171095133	80.0	-49.882004	9.294749	-29.150002	-64.1	80.0	51 min 51 sec
900	-67.25000207796693	80.0	-46.369	10.358624	-18.7	-62.5	80.0	54 min 30 sec
950	-56.7500014718622	80.0	-45.857	9.7127495	-8.550001	-61.75	80.0	57 min 8 sec
1000	-57.390001798793676	80.0	-45.809	9.924277	-21.7	-59.600002	80.0	1 h 0 min 24 sec
1050	-63.08000224791467	80.0	-43.028004	12.9325285	-10.850001	-59.600002	80.0	1 h 3 min 58 sec
1100	-62.2100023444742	80.0	-43.414993	12.910772	-9.500001	-59.850002	80.0	1 h 7 min 28 sec
1150	-44.73500129580498	80.0	-43.12	10.302393	-5.9000006	-58.25	80.0	1 h 10 min 20 sec
1200	-53.08000146187842	80.0	-38.536	12.6328745	-2.950001	-59.55	80.0	1 h 13 min 43 sec
1250	-58.540001758933066	80.0	-41.3	13.864562	2.949999	-62.75	80.0	1 h 16 min 47 sec
1300	-39.48000188395381	80.0	-32.919003	14.62775	4.699999	-55.8	80.0	1 h 20 min 21 sec
1350	-51.945001705363396	80.0	-30.331001	13.35459	-5.550001	-59.05	80.0	1 h 24 min 20 sec
1400	-53.10500183366239	80.0	-31.493	17.029982	12.749999	-61.350002	80.0	1 h 27 min 45 sec
1450	-50.39500191733241	80.0	-30.348	13.0668545	4.399999	-54.45	80.0	1 h 31 min 4 sec
1500	-26.47500104047358	80.0	-26.223999	18.025208	21.199999	-57.850002	80.0	1 h 34 min 25 sec
1550	-31.82500138357282	80.0	-24.51	13.65676	18.699999	-46.350002	80.0	1 h 37 min 15 sec
1600	-57.510002087429164	80.0	-21.096	14.579457	10.349999	-57.3	80.0	1 h 40 min 4 sec
1650	-48.885001917555925	80.0	-20.745	19.44766	21.749998	-58.350002	80.0	1 h 43 min 11 sec
1700	-36.1450016412884	80.0	-21.192001	17.765469	16.3	-55.0	80.0	1 h 47 min 4 sec
1750	-80.04000312499701	80.0	-17.220001	14.85174	4.9999986	-52.8	80.0	1 h 50 min 37 sec
1800	-8.21000084131956	80.0	-21.583002	19.39517	24.349998	-53.750004	80.0	1 h 53 min 29 sec
1850	-54.4850025229156	80.0	-14.889	14.972399	17.55	-49.7	80.0	1 h 56 min 54 sec
1900	-51.26000211499631	80.0	-21.048	17.243685	15.199999	-49.95	80.0	1 h 59 min 53 sec
1950	-57.840002523362635	80.0	-14.501001	15.637764	9.399999	-43.600002	80.0	2 h 4 min 0 sec
2000	-58.35000198967755	80.0	-25.687	18.32108	19.65	-63.550003	80.0	2 h 6 min 20 sec
2050	-66.94000220634044	80.0	-14.522	16.291983	22.5	-46.65	80.0	2 h 9 min 34 sec
2100	-40.92500204667449	80.0	-22.914001	17.322483	21.599998	-54.050003	80.0	2 h 12 min 30 sec
2150	-42.75500163771212	80.0	-22.452002	16.348866	10.499998	-57.7	80.0	2 h 15 min 59 sec
2200	-28.5950015489012	80.0	-21.851004	16.7393	14.449999	-64.5	80.0	2 h 18 min 27 sec
2250	-27.300001976266504	80.0	-25.653	20.588974	11.999999	-71.850006	80.0	2 h 21 min 23 sec
2300	-25.145001427456737	80.0	-20.000002	17.678942	22.099998	-54.9	80.0	2 h 24 min 31 sec
2350	-21.295001402869822	80.0	-21.753002	14.275827	6.399999	-55.350002	80.0	2 h 28 min 25 sec
2400	-19.295001509785653	80.0	-22.868	17.648531	16.499998	-61.65	80.0	2 h 32 min 6 sec
2450	-38.46500176601112	80.0	-21.138002	16.90056	19.599998	-60.4	80.0	2 h 34 min 48 sec
2500	-54.045002666115764	80.0	-23.069002	16.92778	14.199999	-64.55	80.0	2 h 38 min 18 sec
2550	-28.635002065449953	80.0	-22.264004	15.386716	17.15	-48.75	80.0	2 h 41 min 23 sec
2600	-12.26000094152987	80.0	-17.918001	14.234931	11.149999	-50.2	80.0	2 h 44 min 42 sec
2650	-36.84000148549676	80.0	-13.779001	14.846192	17.199999	-48.0	80.0	2 h 48 min 19 sec
2700	-41.12000270485878	80.0	-22.482002	14.576213	12.599999	-59.350002	80.0	2 h 51 min 43 sec
2750	-25.850001245364545	80.0	-20.949001	16.577253	17.599998	-54.45	80.0	2 h 54 min 52 sec
2800	-37.84500144310296	80.0	-22.081001	15.170389	8.899999	-68.950005	80.0	2 h 57 min 58 sec
2850	-51.505002037808296	80.0	-18.562002	16.614592	14.599999	-51.850002	80.0	3 h 1 min 15 sec
2900	-58.08500260822475	80.0	-21.099	15.558151	18.949999	-46.800003	80.0	3 h 4 min 14 sec
2950	-24.015001467242836	80.0	-23.906004	20.627642	25.5	-67.5	80.0	3 h 7 min 13 sec
3000	-26.660001704841854	80.0	-14.990002	13.836384	21.25	-43.4	80.0	3 h 8 min 45 sec
3050	-9.510000973939896	80.0	-17.413	17.3866	25.5	-52.15	80.0	3 h 12 min 29 sec
3100	-56.28000261299312	80.0	-21.449001	16.77696	18.349998	-56.25	80.0	3 h 15 min 41 sec
3150	-66.82000357806683	80.0	-21.477001	18.282257	15.549999	-77.05	80.0	3 h 19 min 5 sec
3200	-20.215001560375093	80.0	-18.512001	14.947688	20.75	-48.250004	80.0	3 h 21 min 18 sec
3250	-39.22000205665827	80.0	-16.316002	15.038548	16.699999	-46.100002	80.0	3 h 24 min 6 sec
3300	-14.615000948309898	80.0	-13.510001	14.696717	17.999998	-48.9	80.0	3 h 27 min 31 sec
3350	-25.585001355409624	80.0	-15.008001	15.33743	24.449999	-42.65	80.0	3 h 31 min 0 sec
3400	-61.61000252738595	80.0	-17.158	13.605693	19.849998	-43.75	80.0	3 h 33 min 59 sec
3450	-21.665001207962632	80.0	-16.809002	17.293955	19.849998	-55.2	80.0	3 h 37 min 23 sec
3500	-13.530001259595156	80.0	-17.310001	14.0178175	11.799999	-58.4	80.0	3 h 40 min 48 sec
3550	-9.575001198798418	80.0	-18.263	17.526041	30.5	-54.7	80.0	3 h 44 min 31 sec
3600	-37.65500170476734	80.0	-14.279001	13.934877	16.4	-41.600002	80.0	3 h 47 min 44 sec
3650	-11.610000666230917	80.0	-11.209002	13.144196	14.649999	-46.000004	80.0	3 h 50 min 54 sec
3700	-23.10000115968287	80.0	-9.701001	14.786536	30.449999	-39.25	80.0	3 h 54 min 22 sec
3750	-20.780001275986432	80.0	-14.927001	14.428532	19.699999	-60.15	80.0	3 h 57 min 21 sec
3800	-9.32500116750598	80.0	-14.840001	17.149689	26.05	-54.600002	80.0	4 h 1 min 4 sec
3850	-14.020001228526235	80.0	-9.2560005	16.296934	31.25	-45.7	80.0	4 h 2 min 13 sec
3900	-11.795000647380949	80.0	-12.587001	16.11784	16.35	-48.350002	80.0	4 h 4 min 2 sec
3950	-28.420002171769738	80.0	-15.601001	15.609816	35.3	-43.050003	80.0	4 h 8 min 10 sec
4000	-24.60000144392252	80.0	-10.108001	15.790476	26.05	-45.050003	80.0	4 h 11 min 53 sec
4050	-15.465001327171922	80.0	-15.241001	17.928673	26.499998	-60.150005	80.0	4 h 15 min 43 sec
4100	-16.360001305118203	80.0	-12.358001	18.209223	26.849998	-58.750004	80.0	4 h 18 min 21 sec
4150	-20.950000956282018	80.0	-12.209002	16.142403	29.099998	-42.45	80.0	4 h 21 min 23 sec
4200	-25.145001284405588	80.0	-13.887002	16.614931	23.449999	-51.9	80.0	4 h 25 min 11 sec
4250	-1.2050007656216621	80.0	-10.394001	18.466259	21.599998	-66.9	80.0	4 h 28 min 26 sec
4300	-27.065001812577247	80.0	-15.393001	16.00623	21.599998	-50.55	80.0	4 h 31 min 22 sec
4350	-50.83000303357839	80.0	-14.655002	17.354397	25.15	-50.600002	80.0	4 h 34 min 49 sec
4400	-64.31500313766301	80.0	-15.146001	21.116674	28.349998	-67.9	80.0	4 h 36 min 12 sec
4450	-44.64500281251967	80.0	-14.92	16.766068	22.65	-77.55	80.0	4 h 39 min 15 sec
4500	-40.57000255361199	80.0	-13.711001	18.092457	23.199999	-54.600002	80.0	4 h 42 min 33 sec
4550	-38.1250020403415	80.0	-11.813003	16.54017	23.05	-51.25	80.0	4 h 46 min 2 sec
4600	-14.515001630038023	80.0	-9.861001	15.247115	38.35	-33.25	80.0	4 h 49 min 26 sec
4650	-17.060001306980848	80.0	-8.468001	16.079327	17.749998	-41.0	80.0	4 h 52 min 29 sec
4700	-11.760001377016305	80.0	-13.296002	17.207287	18.4	-54.300003	80.0	4 h 55 min 46 sec
4750	-12.610001453757286	80.0	-12.033002	17.557247	25.65	-60.45	80.0	4 h 58 min 58 sec
4800	-17.910001423209906	80.0	-11.755001	18.830334	29.999998	-87.3	80.0	5 h 2 min 5 sec
4850	-10.28000092767179	80.0	-10.832002	18.062698	27.849998	-47.100002	80.0	5 h 5 min 51 sec
4900	-11.670000963285565	80.0	-10.458	16.538351	20.65	-40.7	80.0	5 h 8 min 51 sec
4950	-12.500001383200289	80.0	-7.2540007	17.395786	35.75	-40.100002	80.0	5 h 12 min 5 sec
5000	-18.81000154465437	80.0	-8.124001	16.64004	34.25	-44.100002	80.0	5 h 15 min 8 sec
5050	-44.410002286732194	80.0	-14.841	17.955784	25.449999	-46.100002	80.0	5 h 18 min 11 sec
5100	-28.06000197157264	80.0	-19.677	18.272701	27.5	-67.55	80.0	5 h 20 min 57 sec
5150	-21.665001422166824	80.0	-12.147002	17.493586	25.75	-45.800003	80.0	5 h 24 min 25 sec
5200	-27.67500193156302	80.0	-4.7730007	17.789988	34.149998	-49.800003	80.0	5 h 26 min 55 sec
5250	-18.09500101469457	80.0	-12.165001	16.959185	18.8	-54.65	80.0	5 h 30 min 26 sec
5300	-1.5350007947534323	80.0	-3.8290012	17.305164	29.75	-44.800003	80.0	5 h 33 min 59 sec
5350	-2.4650010392069817	80.0	-8.875002	17.470846	31.749998	-45.0	80.0	5 h 37 min 47 sec
5400	-29.240001435950397	80.0	-7.1560016	15.650171	28.349998	-32.0	80.0	5 h 40 min 57 sec
5450	12.064998964965344	80.0	-8.432001	17.603422	34.899998	-47.95	80.0	5 h 45 min 0 sec
5500	-8.475000945478678	80.0	-7.4350014	18.72307	43.55	-50.700005	80.0	5 h 48 min 33 sec
5550	-10.735000931471586	80.0	-8.201001	18.476381	37.649998	-54.550003	80.0	5 h 51 min 33 sec
5600	-30.585001712664962	80.0	-9.793	17.26898	22.849998	-51.250004	80.0	5 h 54 min 35 sec
5650	-2.6750010821968315	80.0	-11.563001	18.633585	31.65	-55.450005	80.0	5 h 57 min 10 sec
5700	-2.580000828951597	80.0	-5.329001	19.36435	38.399998	-46.350002	80.0	6 h 0 min 55 sec
5750	-19.77000113390386	80.0	-11.5720005	16.727259	22.349998	-47.100002	80.0	6 h 4 min 39 sec
5800	0.5199989553540945	80.0	-13.024	24.11813	24.949999	-82.4	80.0	6 h 7 min 40 sec
5850	-12.295001244172454	80.0	-2.9610007	20.937445	40.3	-58.4	80.0	6 h 11 min 54 sec
5900	-12.91000120267272	80.0	-6.7170014	17.748207	35.899998	-46.2	80.0	6 h 14 min 12 sec
5950	14.559999208897352	80.0	-0.527001	17.305624	35.25	-38.850002	80.0	6 h 17 min 54 sec
6000	-9.725001559779049	80.0	-6.5640016	15.791325	29.65	-37.5	80.0	6 h 20 min 46 sec
6050	-11.955001311004162	80.0	-5.9390016	18.841015	39.85	-63.150005	80.0	6 h 23 min 28 sec
6100	1.6849992144852877	80.0	-4.612001	19.702906	36.699997	-60.15	80.0	6 h 24 min 20 sec
6150	-2.3450007420033216	80.0	-6.993001	21.75132	46.85	-59.100002	80.0	6 h 25 min 9 sec
6200	-13.365001685544849	80.0	-13.461002	25.63939	36.899998	-84.100006	80.0	6 h 25 min 57 sec
6250	-19.91000147126615	80.0	-1.7070009	18.397411	35.35	-49.350002	80.0	6 h 26 min 47 sec
6300	-14.975001817941665	80.0	-2.722001	23.389973	60.75	-60.000004	80.0	6 h 27 min 36 sec
6350	-12.310001156479121	80.0	-6.3470016	19.983349	36.699997	-46.05	80.0	6 h 28 min 25 sec
6400	-6.275000834837556	80.0	-5.1110015	17.709944	25.4	-41.0	80.0	6 h 29 min 14 sec
6450	-26.790002213791013	80.0	-3.3620007	20.948364	54.0	-50.100002	80.0	6 h 30 min 3 sec
6500	-4.045001446455717	80.0	-5.321001	21.142017	34.399998	-55.850002	80.0	6 h 30 min 53 sec
6550	-0.1150010596960783	80.0	-4.8310018	21.57736	37.5	-43.050003	80.0	6 h 31 min 44 sec
6600	-20.885001175478102	80.0	-2.550001	20.210655	47.55	-40.05	80.0	6 h 32 min 35 sec
6650	25.109999177604912	80.0	0.44899848	19.471647	38.5	-42.050003	80.0	6 h 33 min 27 sec
6700	-13.965001747012138	80.0	1.9959991	23.687336	39.35	-64.8	80.0	6 h 34 min 15 sec
6750	-3.1450010426342487	80.0	-0.667001	18.652351	47.399998	-43.95	80.0	6 h 35 min 4 sec
6800	-28.110002207756043	80.0	-0.581001	18.293922	40.949997	-40.95	80.0	6 h 35 min 53 sec
6850	4.059998738765716	80.0	0.0019986725	20.862944	68.75	-38.9	80.0	6 h 36 min 41 sec
6900	-7.895001312345267	80.0	-5.4320006	19.485008	49.35	-38.15	80.0	6 h 37 min 30 sec
6950	-6.785001774504781	80.0	-4.4610014	23.872316	45.3	-62.350002	80.0	6 h 38 min 20 sec
7000	8.284998920559882	80.0	0.90399885	16.547028	44.149998	-32.600002	80.0	6 h 39 min 8 sec
7050	-4.395000891387463	80.0	1.6199994	18.78733	50.5	-30.550001	80.0	6 h 39 min 57 sec
7100	7.359998857602477	80.0	-0.32200086	19.872099	57.25	-48.4	80.0	6 h 40 min 47 sec
7150	-18.920002352073787	80.0	0.4509989	18.104689	31.8	-42.2	80.0	6 h 41 min 36 sec
7200	-31.660001473128794	80.0	-1.3200014	22.949617	41.149998	-49.500004	80.0	6 h 42 min 26 sec
7250	3.984998821467161	80.0	6.856999	22.36074	49.949997	-61.600002	80.0	6 h 43 min 15 sec
7300	-13.455001172423362	80.0	0.10899897	24.736845	62.05	-79.15	80.0	6 h 44 min 5 sec
7350	-23.500001538172363	80.0	1.506999	20.435417	51.6	-39.300003	80.0	6 h 44 min 53 sec
7400	-13.225001129135489	80.0	0.47599876	17.941591	40.899998	-41.100002	80.0	6 h 45 min 42 sec
7450	0.9849985338747501	80.0	-3.2510014	21.058216	43.399998	-62.300003	80.0	6 h 46 min 31 sec
7500	-17.425001698359846	80.0	1.410999	18.02609	36.85	-41.050003	80.0	6 h 47 min 20 sec
7550	-23.215001308917998	80.0	-1.681001	19.673454	34.149998	-46.95	80.0	6 h 48 min 8 sec
7600	-2.810001406446099	80.0	-3.4960008	23.534882	39.149998	-78.25	80.0	6 h 48 min 57 sec
7650	-14.540001536160707	80.0	-1.0030013	18.436224	50.3	-36.600002	80.0	6 h 49 min 47 sec
7700	-41.31000200808048	80.0	-3.0390015	22.956457	61.399998	-54.050003	80.0	6 h 50 min 37 sec
7750	-8.755002510547637	80.0	4.583999	20.844265	50.05	-47.95	80.0	6 h 51 min 24 sec
7800	-8.58000113554299	80.0	-0.12000128	23.754559	35.399998	-56.600002	80.0	6 h 52 min 13 sec
7850	-15.875000805407762	80.0	-1.8770013	21.506716	51.149998	-39.75	80.0	6 h 53 min 2 sec
7900	-6.225001631304622	80.0	2.445999	22.863995	48.55	-50.850002	80.0	6 h 53 min 51 sec
7950	5.389999222755432	80.0	3.6759992	21.9168	61.399998	-35.850002	80.0	6 h 54 min 39 sec
8000	-7.395001358166337	80.0	2.999999	22.14485	49.6	-41.15	80.0	6 h 55 min 28 sec
8050	-24.855002142488956	80.0	3.5079985	20.127249	45.75	-51.15	80.0	6 h 56 min 18 sec
8100	-9.640001098439097	80.0	-0.43100086	18.323494	41.85	-32.0	80.0	6 h 57 min 7 sec
8150	-2.19500131085515	80.0	4.0969987	19.59489	48.6	-31.100002	80.0	6 h 57 min 56 sec
8200	-0.4050009708851576	80.0	-1.2830013	23.08335	45.1	-59.15	80.0	6 h 58 min 44 sec
8250	8.759998853132128	80.0	7.8049994	22.479544	62.149998	-46.100002	80.0	6 h 59 min 33 sec
8300	24.9049989618361	80.0	3.5929987	22.56314	57.2	-38.4	80.0	7 h 0 min 24 sec
8350	2.834998831897974	80.0	5.469	21.996763	59.0	-32.550003	80.0	7 h 1 min 11 sec
8400	-13.620001327246428	80.0	0.09899929	22.866283	69.7	-42.45	80.0	7 h 1 min 59 sec
8450	-2.075001034885645	80.0	4.6569996	18.337961	41.899998	-44.9	80.0	7 h 2 min 50 sec
8500	-15.13000116162002	80.0	-1.6680008	20.197931	50.899998	-58.550003	80.0	7 h 3 min 39 sec
8550	16.434998975694178	80.0	2.2349987	21.92032	42.85	-47.2	80.0	7 h 4 min 28 sec
8600	9.724998991936445	80.0	-1.6960007	25.275528	52.399998	-53.65	80.0	7 h 5 min 18 sec
8650	-12.300001301243901	80.0	4.449999	23.949535	60.899998	-40.95	80.0	7 h 6 min 8 sec
8700	-3.0750016406178475	80.0	9.826999	21.733398	65.1	-37.25	80.0	7 h 6 min 56 sec
8750	-2.030001445487142	80.0	5.002999	20.6674	53.649998	-38.0	80.0	7 h 7 min 44 sec
8800	-20.46000132150948	80.0	8.976999	25.108982	60.1	-37.4	80.0	7 h 8 min 33 sec
8850	-24.220002245157957	80.0	5.112999	21.528986	58.3	-42.4	80.0	7 h 9 min 21 sec
8900	3.1049992967396975	80.0	-2.834001	21.15946	59.2	-50.350002	80.0	7 h 10 min 9 sec
8950	-27.815001802891494	80.0	2.2029989	19.708885	51.899998	-39.550003	80.0	7 h 10 min 58 sec
9000	20.969998299330474	80.0	4.134999	24.242956	57.149998	-50.55	80.0	7 h 11 min 46 sec
9050	1.4349980365484953	80.0	-0.35700116	21.069393	38.35	-48.45	80.0	7 h 12 min 33 sec
9100	-14.320001592859626	80.0	10.365997	21.094831	70.6	-32.7	80.0	7 h 13 min 21 sec
9150	-14.470000847801566	80.0	2.6219988	22.596834	55.7	-52.350002	80.0	7 h 14 min 9 sec
9200	6.074998169764877	80.0	7.8179994	20.64762	56.3	-29.800001	80.0	7 h 15 min 0 sec
9250	2.0999989822506904	80.0	5.8669996	21.330908	42.6	-37.350002	80.0	7 h 15 min 49 sec
9300	-15.76000125221908	80.0	4.2639995	19.76371	58.75	-37.850002	80.0	7 h 16 min 38 sec
9350	-26.630001501739024	80.0	2.5489988	16.561663	41.1	-35.100002	80.0	7 h 17 min 27 sec
9400	-10.840001628920437	80.0	7.4389997	28.063215	72.4	-56.95	80.0	7 h 18 min 15 sec
9450	4.614998780190945	80.0	3.7529986	24.951487	72.0	-44.350002	80.0	7 h 19 min 4 sec
9500	-16.030001584813	80.0	0.6719989	22.790035	57.899998	-49.65	80.0	7 h 19 min 53 sec
9550	-20.43000177182257	80.0	-0.22900097	25.99651	51.8	-43.55	80.0	7 h 20 min 41 sec
9600	-5.890001023188233	80.0	1.8419989	24.741983	62.25	-42.850002	80.0	7 h 21 min 31 sec
9650	-10.185001631826163	80.0	3.7129993	21.350637	52.3	-40.25	80.0	7 h 22 min 18 sec
9700	6.399999143928289	80.0	2.177999	20.94999	52.55	-38.4	80.0	7 h 23 min 7 sec
9750	2.109998586773872	80.0	5.776999	27.4616	72.2	-45.65	80.0	7 h 23 min 56 sec
9800	-33.62500250935555	80.0	5.3229995	24.568174	75.049995	-44.350002	80.0	7 h 24 min 45 sec
9850	-32.495002718642354	80.0	-1.8430011	23.162518	50.8	-45.4	80.0	7 h 25 min 33 sec
9900	-4.915001669153571	80.0	6.066999	26.677742	68.299995	-84.100006	80.0	7 h 26 min 22 sec
9950	2.014999092370272	80.0	-4.215001	22.020742	61.399998	-44.8	80.0	7 h 27 min 12 sec
10000	11.239998913183808	80.0	-2.126001	20.525084	59.35	-42.45	80.0	7 h 27 min 59 sec
10050	-3.3650009095668794	80.0	4.452999	26.503279	61.449997	-49.45	80.0	7 h 28 min 47 sec
10100	-0.3250013221055269	80.0	3.5059988	19.70951	46.6	-34.05	80.0	7 h 29 min 36 sec
10150	-36.40500249825418	80.0	5.9599986	23.188004	53.649998	-35.2	80.0	7 h 30 min 24 sec
10200	5.634998778626323	80.0	11.630999	22.993774	82.9	-29.050003	80.0	7 h 31 min 11 sec
10250	-0.7400010712444782	80.0	2.9999986	22.316158	61.399998	-38.0	80.0	7 h 31 min 57 sec
10300	4.65499866604805	80.0	11.101999	25.904581	68.1	-52.050003	80.0	7 h 32 min 45 sec
10350	-16.60500142723322	80.0	8.193998	24.71854	66.35	-44.750004	80.0	7 h 33 min 33 sec
10400	1.9249989055097103	80.0	1.9199991	21.813267	45.85	-40.75	80.0	7 h 34 min 20 sec
10450	-38.26500195115805	80.0	6.2059984	24.466423	71.5	-43.600002	80.0	7 h 35 min 9 sec
10500	-3.8750011533498765	80.0	6.2779994	25.069311	64.75	-47.100002	80.0	7 h 35 min 56 sec
10550	1.3399988405406476	80.0	5.7919993	24.76766	64.4	-73.65	80.0	7 h 36 min 43 sec
10600	3.1299988314509393	80.0	11.277998	28.685297	70.85	-52.100002	80.0	7 h 37 min 32 sec
10650	-4.805002061650157	80.0	5.730999	22.856289	52.95	-38.0	80.0	7 h 38 min 19 sec
10700	13.824998991191388	80.0	7.194999	29.470476	68.85	-36.75	80.0	7 h 39 min 8 sec
10750	-13.335001493245363	80.0	11.077	21.476019	53.45	-27.4	80.0	7 h 39 min 57 sec
10800	27.474998833611608	80.0	9.718999	27.428822	69.75	-60.2	80.0	7 h 40 min 46 sec
10850	8.239998956024646	80.0	17.91	28.145191	77.35	-39.100002	80.0	7 h 41 min 35 sec
10900	-3.580001461133361	80.0	15.84	21.906263	68.5	-34.75	80.0	7 h 42 min 24 sec
10950	-14.070001884922386	80.0	14.630998	24.15705	59.1	-50.500004	80.0	7 h 43 min 13 sec
11000	9.799998984113335	80.0	18.832998	27.242008	83.35	-30.100002	80.0	7 h 44 min 2 sec
11050	7.579999013245105	80.0	12.999999	24.4447	76.1	-21.45	80.0	7 h 44 min 51 sec
11100	-24.615001778677104	80.0	20.782	26.381716	74.6	-27.850002	80.0	7 h 45 min 40 sec
11150	-18.525001441687344	80.0	12.958999	32.48199	77.049995	-50.850002	80.0	7 h 46 min 29 sec
11200	-5.665001261606813	80.0	14.403997	28.639666	74.65	-36.850002	80.0	7 h 47 min 19 sec
11250	-11.2200022444129	80.0	23.979998	28.533403	82.7	-27.750002	80.0	7 h 48 min 6 sec
11300	12.299998847395182	80.0	19.185999	25.60421	86.1	-33.8	80.0	7 h 48 min 56 sec
11350	36.659999064356086	80.0	15.812998	25.961864	97.6	-43.75	79.62	7 h 49 min 45 sec
11400	9.964998821541666	80.0	16.929	26.987667	75.15	-27.600002	80.0	7 h 50 min 33 sec
11450	-8.590001395344734	80.0	12.362999	29.687674	110.35	-48.100002	79.14	7 h 51 min 20 sec
11500	-2.6400013342499733	80.0	16.029	27.407011	77.35	-30.2	80.0	7 h 52 min 9 sec
11550	25.889998964220286	80.0	24.873999	23.536783	78.1	-31.150002	80.0	7 h 52 min 57 sec
11600	-7.525001480057836	80.0	20.511997	28.407633	83.15	-35.850002	80.0	7 h 53 min 45 sec
11650	20.069999103993176	80.0	21.915998	28.022764	89.799995	-33.350002	80.0	7 h 54 min 34 sec
11700	12.354998900368809	80.0	18.75	28.102169	75.9	-40.25	80.0	7 h 55 min 24 sec
11750	23.324998950585723	80.0	17.960999	28.870539	85.9	-48.600002	79.82	7 h 56 min 13 sec
11800	16.224999021738768	80.0	22.898998	25.580198	88.6	-22.35	80.0	7 h 57 min 4 sec
11850	-11.450001592189073	80.0	19.446	27.716873	83.1	-35.850002	80.0	7 h 57 min 51 sec
11900	8.904998926073313	80.0	13.886998	27.371206	74.7	-45.800003	80.0	7 h 58 min 38 sec
11950	32.21499900557101	80.0	18.938	32.02461	77.45	-51.75	80.0	7 h 59 min 27 sec
12000	0.004998414963483811	80.0	16.438997	30.148457	78.95	-34.600002	80.0	8 h 0 min 15 sec
12050	2.2099980313330887	80.0	18.477	27.117805	86.35	-20.45	80.0	8 h 1 min 5 sec
12100	26.71499920040369	80.0	20.411999	30.65787	79.25	-47.2	80.0	8 h 1 min 54 sec
12150	-7.315001305192709	80.0	26.168001	29.197298	86.45	-38.55	80.0	8 h 2 min 42 sec
12200	2.15499822832644	80.0	17.189	28.33422	94.049995	-36.4	79.48	8 h 3 min 30 sec
12250	24.86999907977879	80.0	22.305	28.00596	77.1	-36.05	80.0	8 h 4 min 19 sec
12300	14.17499920502305	80.0	24.764	25.824142	84.9	-18.300001	79.76	8 h 5 min 7 sec
12350	26.64999902881682	80.0	23.508001	34.171043	87.5	-41.2	79.88	8 h 5 min 56 sec
12400	41.37999898642302	80.0	25.123999	26.456856	79.299995	-36.600002	80.0	8 h 6 min 45 sec
12450	19.134999064728618	80.0	17.364998	29.16102	82.049995	-41.8	80.0	8 h 7 min 33 sec
12500	41.45499927699566	76.2	22.186	33.092865	99.3	-43.05	79.48	8 h 8 min 21 sec
12550	33.31499898210168	80.0	24.266996	32.604454	94.45	-37.050003	79.88	8 h 9 min 9 sec
12600	-6.380002127587796	80.0	21.588999	33.09332	113.85	-45.250004	78.68	8 h 9 min 56 sec
12650	3.6649984043091535	80.0	19.096998	31.639215	106.9	-27.150002	79.28	8 h 10 min 43 sec
12700	12.79499865807593	80.0	17.499998	25.285065	75.35	-41.5	80.0	8 h 11 min 32 sec
12750	19.859999199211597	80.0	19.559998	33.78873	99.299995	-45.7	79.52	8 h 12 min 21 sec
12800	-1.5950020518153907	80.0	17.378998	28.30688	82.5	-30.500002	80.0	8 h 13 min 11 sec
12850	13.6549988117069	80.0	18.036999	28.148642	76.2	-65.0	80.0	8 h 13 min 59 sec
12900	35.134998959302905	80.0	20.365997	30.105453	85.95	-35.0	80.0	8 h 14 min 49 sec
12950	20.624999187886715	80.0	26.012001	29.268223	86.4	-40.100002	79.8	8 h 15 min 40 sec
13000	-20.415002333000302	80.0	28.450998	29.17329	83.45	-27.400002	80.0	8 h 16 min 28 sec
13050	-15.890001906082034	80.0	15.973998	26.11854	75.0	-45.600002	79.92	8 h 17 min 17 sec
13100	26.439998687058686	80.0	19.315998	28.956074	101.9	-35.3	79.26	8 h 18 min 5 sec
13150	22.98499912582338	80.0	24.04	26.637228	75.0	-30.500002	80.0	8 h 18 min 52 sec
13200	13.649998342990875	80.0	20.485	27.178091	86.9	-23.5	79.96	8 h 19 min 43 sec
13250	3.6099989358335733	80.0	23.080996	32.32424	90.65	-37.600002	79.76	8 h 20 min 32 sec
13300	33.66999923549592	76.1	22.283	29.76578	81.549995	-54.25	80.0	8 h 21 min 22 sec
13350	35.24999897927046	80.0	27.438997	25.660202	105.25	-16.300001	79.44	8 h 22 min 13 sec
13400	-12.915001720190048	80.0	20.086998	27.430824	79.75	-38.300003	80.0	8 h 23 min 2 sec
13450	24.99999893680215	80.0	24.977999	29.059341	96.95	-29.750002	79.74	8 h 23 min 49 sec
13500	23.184998806566	80.0	27.942	30.759356	104.45	-26.000002	79.02	8 h 24 min 38 sec
13550	9.084999072924257	80.0	22.914997	31.756123	84.6	-40.550003	80.0	8 h 25 min 29 sec
13600	18.31499902792275	80.0	26.307999	32.463177	87.549995	-27.050001	79.96	8 h 26 min 16 sec
13650	-12.840001950785517	80.0	16.519999	32.398693	100.4	-51.550003	79.6	8 h 27 min 6 sec
13700	22.349998868256808	80.0	23.831999	27.359676	81.15	-29.5	80.0	8 h 27 min 56 sec
13750	3.534998634085059	74.9	20.011	35.20728	106.45	-55.100002	79.16	8 h 28 min 45 sec
13800	26.90999911762774	80.0	22.482996	31.111855	86.1	-45.55	79.86	8 h 29 min 34 sec
13850	3.159998932108283	80.0	25.917997	30.666399	114.95	-43.9	78.9	8 h 30 min 22 sec
13900	12.924998820200562	80.0	24.415	32.911842	89.1	-49.100002	79.8	8 h 31 min 10 sec
13950	1.9449986688792706	80.0	28.401001	27.81467	74.4	-32.0	80.0	8 h 32 min 0 sec
14000	20.319998839125038	80.0	32.298	34.325542	102.25	-43.9	79.12	8 h 32 min 50 sec
14050	13.12999877370894	80.0	24.82	30.56909	78.7	-43.45	80.0	8 h 33 min 39 sec
14100	9.70999811477959	80.0	29.053999	27.618742	99.45	-24.550001	79.42	8 h 34 min 29 sec
14150	33.2449988219887	80.0	31.47	32.114548	100.549995	-25.75	78.58	8 h 35 min 19 sec
14200	10.469999004527926	80.0	25.114002	29.885422	108.25	-21.800001	79.28	8 h 36 min 7 sec
14250	5.9649981398135425	80.0	22.363998	31.25472	95.0	-33.95	79.56	8 h 36 min 56 sec
14300	26.464998880028723	80.0	22.19	32.494354	97.049995	-39.05	79.38	8 h 37 min 44 sec
14350	24.219999096542598	80.0	22.965998	28.56066	87.75	-22.0	79.56	8 h 38 min 34 sec
14400	19.744998570904137	80.0	25.977999	31.684029	112.15	-32.9	78.68	8 h 39 min 21 sec
14450	11.794999188557266	80.0	26.594997	34.530937	89.9	-45.7	79.86	8 h 40 min 9 sec
14500	5.349999387562275	80.0	22.498001	33.979923	107.4	-43.7	78.28	8 h 40 min 55 sec
14550	-10.820000955462456	80.0	15.702	26.86029	80.25	-45.9	80.0	8 h 41 min 43 sec
14600	30.329998926073312	79.4	28.254997	28.054253	94.4	-24.750002	79.48	8 h 42 min 30 sec
14650	17.809998709708452	80.0	22.722	26.655048	103.65	-37.45	79.2	8 h 43 min 19 sec
14700	17.44499907642603	80.0	34.645	30.454262	111.65	-15.250001	78.2	8 h 44 min 7 sec
14750	37.6299991350621	80.0	26.668999	28.367683	93.299995	-26.1	79.92	8 h 44 min 56 sec
14800	9.809999263659119	80.0	22.564	26.507576	78.15	-31.1	80.0	8 h 45 min 45 sec
14850	16.809998846799136	80.0	28.786	30.704533	109.45	-15.500002	78.9	8 h 46 min 32 sec
14900	19.174998657777905	80.0	26.648	29.246988	98.1	-24.35	79.64	8 h 47 min 22 sec
14950	-8.200001235306264	80.0	29.705002	30.314089	112.2	-32.45	79.08	8 h 48 min 10 sec
15000	39.15499882437289	80.0	28.237	27.332262	101.35	-24.900002	79.48	8 h 48 min 59 sec
15050	23.16999907568097	80.0	27.952	28.344078	99.95	-20.6	79.02	8 h 49 min 50 sec
15100	34.644998987019065	79.4	20.390999	32.338127	105.35	-36.65	79.0	8 h 50 min 38 sec
15150	14.764998792856932	80.0	17.626999	28.369326	82.25	-20.050001	80.0	8 h 51 min 25 sec
15200	-8.990001725405454	80.0	23.484	33.95177	80.25	-61.500004	80.0	8 h 52 min 15 sec
15250	16.789998887106776	80.0	25.420998	29.915571	110.5	-47.850002	78.96	8 h 53 min 1 sec
15300	18.81499858573079	80.0	26.125	31.632666	100.049995	-30.7	79.44	8 h 53 min 48 sec
15350	15.76999879591167	80.0	28.443998	31.526543	115.65	-37.000004	77.96	8 h 54 min 34 sec
15400	26.379998851940037	80.0	28.608	31.917147	115.3	-20.55	78.84	8 h 55 min 23 sec
15450	35.9049993313849	80.0	21.873001	30.233438	104.75	-45.850002	79.3	8 h 56 min 11 sec
15500	16.05999868772924	80.0	19.417997	27.736925	79.0	-47.7	80.0	8 h 56 min 59 sec
15550	18.994999120384456	80.0	20.988998	28.221289	97.799995	-24.95	79.24	8 h 57 min 49 sec
15600	26.744999032095073	77.6	29.780998	32.807148	104.549995	-33.4	79.4	8 h 58 min 37 sec
15650	9.934998505935074	80.0	24.845999	34.800575	111.7	-47.800003	78.66	8 h 59 min 25 sec
15700	-10.79500138759613	80.0	22.300999	30.461426	115.55	-54.0	78.92	9 h 0 min 13 sec
15750	4.00999901778996	80.0	35.537	31.583172	106.9	-26.800001	78.48	9 h 1 min 1 sec
15800	-6.8700018033385275	80.0	28.081997	32.387062	108.049995	-31.0	77.92	9 h 1 min 49 sec
15850	22.78999852873385	80.0	27.36	34.316177	101.75	-36.800003	79.22	9 h 2 min 36 sec
15900	13.454998295754194	80.0	27.33	32.173992	97.0	-21.100002	79.7	9 h 3 min 23 sec
15950	2.1749987438321114	76.3	31.004	29.182096	93.25	-23.650002	79.44	9 h 4 min 9 sec
16000	27.324998692050578	79.0	24.911001	36.265347	111.9	-48.800003	78.42	9 h 4 min 57 sec
16050	46.11499905623496	75.2	37.522	32.636578	109.8	-20.600002	77.46	9 h 5 min 44 sec
16100	2.2549987114965915	80.0	28.062	36.783413	112.5	-51.95	77.66	9 h 6 min 32 sec
16150	5.189998441934586	80.0	28.290997	36.49622	104.1	-47.4	79.16	9 h 7 min 20 sec
16200	0.5999981056898832	80.0	18.242998	29.497942	109.85	-34.050003	79.32	9 h 8 min 8 sec
16250	-7.0400014039129015	80.0	27.360996	27.64512	111.95	-17.050001	79.1	9 h 8 min 56 sec
16300	43.634999214857814	80.0	25.331999	28.956436	95.75	-28.400003	79.56	9 h 9 min 43 sec
16350	-4.370001309737563	80.0	27.879997	28.4957	94.799995	-31.100002	79.84	9 h 10 min 33 sec
16400	46.574999001994726	78.1	28.022995	30.914743	105.1	-32.800003	79.22	9 h 11 min 21 sec
16450	35.599998738616705	74.8	29.494997	28.825932	94.049995	-27.25	79.42	9 h 12 min 8 sec
16500	11.574998866021634	80.0	34.302	30.64649	108.0	-14.650002	77.58	9 h 12 min 55 sec
16550	-5.425001542270183	80.0	28.362	32.612717	110.85	-32.350002	78.78	9 h 13 min 43 sec
16600	-0.13000244945287703	80.0	33.011997	30.897835	113.65	-41.850002	79.02	9 h 14 min 30 sec
16650	21.669998918101193	80.0	31.013	33.01723	112.25	-33.65	78.84	9 h 15 min 17 sec
16700	17.56999858133495	80.0	28.185	26.16278	93.1	-18.800001	79.74	9 h 16 min 7 sec
16750	30.074998892471193	80.0	30.555002	38.25404	95.35	-46.65	79.7	9 h 16 min 55 sec
16800	23.40999910607934	80.0	32.788	26.183697	101.4	-30.050001	79.64	9 h 17 min 42 sec
16850	31.129998985305427	77.0	33.255997	29.854656	104.4	-29.500002	79.02	9 h 18 min 31 sec
16900	35.22999886199832	80.0	24.466002	30.422613	99.95	-21.900002	79.34	9 h 19 min 19 sec
16950	31.3099988900125	80.0	22.497997	32.13812	83.95	-59.300003	80.0	9 h 20 min 8 sec
17000	29.004998280107976	80.0	17.795998	32.046165	91.4	-48.7	79.68	9 h 20 min 56 sec
17050	18.064999071508645	80.0	33.993	32.201435	92.75	-32.95	79.86	9 h 21 min 44 sec
17100	10.359998494014144	80.0	33.944	31.42229	111.95	-28.95	78.7	9 h 22 min 33 sec
17150	19.59499922953546	80.0	29.694998	31.163383	84.0	-55.300003	80.0	9 h 23 min 21 sec
17200	38.959998681768774	73.6	32.843998	33.8984	114.15	-28.900002	78.54	9 h 24 min 6 sec
17250	22.43499869070947	80.0	33.692997	33.481037	114.5	-22.6	77.0	9 h 24 min 55 sec
17300	42.72999909333885	80.0	30.293999	36.06835	102.95	-27.2	78.6	9 h 25 min 42 sec
17350	14.59999834112823	78.7	29.305998	36.203686	107.0	-44.3	78.62	9 h 26 min 30 sec
17400	-7.3800013668835165	80.0	30.674002	31.149675	104.549995	-27.750002	78.46	9 h 27 min 18 sec
17450	30.03499822318554	80.0	31.688	32.173664	115.25	-31.7	78.92	9 h 28 min 6 sec
17500	-3.4600016959011555	80.0	31.883997	31.288656	105.7	-37.9	78.66	9 h 28 min 54 sec
17550	20.939998802915216	80.0	29.551996	36.047146	113.1	-28.85	78.1	9 h 29 min 41 sec
17600	49.73999905847013	73.0	25.96	35.434273	108.75	-40.350002	78.62	9 h 30 min 28 sec
17650	44.234999200701715	80.0	33.364	28.892653	108.5	-24.300001	78.84	9 h 31 min 16 sec
17700	52.89999909549952	80.0	29.113998	29.728458	101.65	-36.0	79.3	9 h 32 min 3 sec
17750	40.37499917075038	80.0	26.252998	28.193419	105.45	-21.900002	79.5	9 h 32 min 50 sec
17800	21.21999895051122	80.0	30.677998	32.613155	99.0	-38.55	79.44	9 h 33 min 38 sec
17850	32.53499837070704	77.0	39.079998	30.230877	100.8	-13.750001	79.28	9 h 34 min 27 sec
17900	13.549998182430864	80.0	33.547	34.986877	114.7	-31.35	77.42	9 h 35 min 15 sec
17950	21.524998534470797	80.0	33.581997	31.896492	113.6	-23.000002	79.14	9 h 36 min 3 sec
18000	43.629999031871556	65.6	39.472	32.62858	112.2	-42.100002	78.58	9 h 36 min 49 sec
18050	10.949999058246613	80.0	31.255	32.217644	111.55	-43.2	79.2	9 h 37 min 38 sec
18100	25.554999243840577	80.0	26.551996	33.37095	94.7	-52.45	79.76	9 h 38 min 28 sec
18150	32.41999904960394	80.0	37.076996	35.09847	114.7	-23.800001	77.1	9 h 39 min 15 sec
18200	18.934998505190016	76.2	29.661	37.961647	107.35	-36.75	79.22	9 h 40 min 3 sec
18250	49.3449990991503	76.3	28.312998	35.53476	107.75	-33.65	79.46	9 h 40 min 49 sec
18300	27.259999186173083	77.9	31.148998	37.69614	103.25	-32.95	79.0	9 h 41 min 37 sec
18350	2.6649983037263154	80.0	26.11	33.652798	97.95	-48.7	79.38	9 h 42 min 25 sec
18400	30.789998706802727	76.8	37.223	29.658825	117.9	-29.050001	78.58	9 h 43 min 11 sec
18450	-5.975001622736454	80.0	33.150997	28.85833	109.8	-19.250002	78.2	9 h 43 min 57 sec
18500	32.539999140053986	80.0	23.905996	32.14889	112.75	-43.450005	78.86	9 h 44 min 44 sec
18550	34.21999899037182	76.4	27.654997	32.186756	98.25	-29.100002	79.74	9 h 45 min 33 sec
18600	21.629998571053147	78.3	31.088001	33.62624	106.75	-39.600002	78.28	9 h 46 min 21 sec
18650	11.6549987886101	80.0	36.581997	35.521378	103.95	-36.100002	77.58	9 h 47 min 9 sec
18700	23.629998844861984	80.0	27.727001	33.23242	110.3	-43.2	78.38	9 h 47 min 57 sec
18750	9.58499904870987	80.0	25.899998	34.568645	97.549995	-32.4	79.72	9 h 48 min 44 sec
18800	24.08999903984368	72.8	31.668001	27.110586	106.55	-10.750001	79.22	9 h 49 min 32 sec
18850	19.60499921515584	80.0	32.054	30.989862	86.15	-22.550001	79.78	9 h 50 min 21 sec
18900	19.844999023526906	80.0	33.185997	32.28837	110.75	-23.550001	78.02	9 h 51 min 8 sec
18950	17.484999011456967	80.0	27.660995	38.64419	111.6	-55.9	78.64	9 h 51 min 58 sec
19000	13.68499888703227	79.9	34.443	33.195778	111.65	-24.250002	77.54	9 h 52 min 45 sec
19050	8.494998557120562	80.0	29.055002	30.987694	118.65	-14.000001	78.6	9 h 53 min 33 sec
19100	1.0399985305964947	80.0	31.305998	33.08881	114.2	-28.050001	77.66	9 h 54 min 18 sec
19150	27.274999119341373	75.4	28.754	36.80981	116.15	-31.050001	77.9	9 h 55 min 6 sec
19200	13.904997869580985	80.0	24.596996	28.773287	101.549995	-36.250004	79.36	9 h 55 min 54 sec
19250	24.73499888330698	80.0	32.047997	31.438118	95.549995	-41.15	79.46	9 h 56 min 42 sec
19300	46.08999898470938	75.4	36.896	34.59047	112.15	-26.0	77.46	9 h 57 min 29 sec
19350	23.459998954460026	80.0	26.644997	31.993425	98.049995	-32.25	79.22	9 h 58 min 15 sec
19400	31.649999053031205	80.0	30.682001	39.217697	108.05	-49.4	78.2	9 h 59 min 2 sec
19450	9.259998346865178	80.0	29.983	31.550354	103.95	-32.15	79.52	9 h 59 min 50 sec
19500	59.369999159127474	76.0	29.167	36.130337	113.95	-33.850002	78.5	10 h 0 min 36 sec
19550	1.959998792409897	80.0	36.538998	39.050903	108.1	-36.300003	77.32	10 h 1 min 23 sec
19600	34.559999007359146	80.0	28.215	32.81596	107.0	-31.2	79.36	10 h 2 min 11 sec
19650	9.014998572319746	80.0	26.114998	25.217333	94.2	-38.600002	79.72	10 h 2 min 59 sec
19700	15.609998977929354	80.0	26.483997	33.481487	119.45	-34.7	78.34	10 h 3 min 47 sec
19750	25.91499910019338	80.0	28.189	34.27143	107.55	-25.45	78.36	10 h 4 min 33 sec
19800	11.059998885169625	80.0	27.314	34.826847	109.75	-46.850002	76.6	10 h 5 min 19 sec
19850	30.194998832792045	80.0	30.805	29.778204	82.4	-27.300001	80.0	10 h 6 min 7 sec
19900	14.734998378157616	80.0	30.904997	32.64126	111.7	-24.800001	78.52	10 h 6 min 54 sec
19950	26.29999832175672	74.6	32.371998	33.030518	106.2	-49.7	78.28	10 h 7 min 40 sec
20000	21.50999886803329	80.0	33.165997	36.09138	112.0	-36.7	78.44	10 h 8 min 29 sec
20050	30.634999344870447	80.0	34.659	31.933529	105.75	-19.050001	77.8	10 h 9 min 16 sec
20100	42.03499906584621	80.0	28.29	35.582687	108.6	-28.85	78.24	10 h 10 min 3 sec
20150	25.474998614937068	80.0	20.345	30.810774	105.0	-42.5	79.7	10 h 10 min 50 sec
20200	55.77499914392829	77.0	25.677002	35.225544	110.75	-46.5	78.36	10 h 11 min 38 sec
20250	37.93499930277467	70.6	27.736998	36.248055	112.6	-45.550003	78.8	10 h 12 min 24 sec
20300	1.4449980087578296	80.0	19.189997	31.754873	105.6	-46.2	79.28	10 h 13 min 12 sec
20350	42.104999143630266	80.0	23.138	33.29522	100.2	-44.100002	79.12	10 h 13 min 58 sec
20400	17.01999890357256	75.0	30.561996	36.553406	116.0	-57.95	77.9	10 h 14 min 46 sec
20450	19.794999034702776	75.6	31.018997	36.883907	110.3	-31.1	78.04	10 h 15 min 32 sec
20500	28.679998618736864	74.4	22.65	31.124731	106.35	-40.0	79.32	10 h 16 min 20 sec
20550	37.92499904595316	78.2	31.286997	36.17582	113.15	-29.750002	76.9	10 h 17 min 7 sec
20600	36.739998729526995	76.9	22.305	33.293724	108.0	-28.400002	79.12	10 h 17 min 56 sec
20650	23.22499883621931	80.0	16.793	37.93088	117.45	-65.75	78.58	10 h 18 min 44 sec
20700	18.92999915331602	73.2	33.614998	26.379093	98.75	-12.000001	78.8	10 h 19 min 32 sec
20750	50.274999282881616	76.6	27.956	39.260666	110.9	-38.55	77.72	10 h 20 min 19 sec
20800	9.884999160841108	80.0	30.55	33.95393	94.0	-33.850002	80.0	10 h 21 min 9 sec
20850	30.489998726919293	80.0	30.642	32.784996	108.65	-38.0	78.24	10 h 21 min 57 sec
20900	15.044999044016004	80.0	35.079998	34.37075	109.7	-26.300001	78.5	10 h 22 min 45 sec
20950	36.69499894231558	75.5	29.924002	32.03798	104.65	-27.2	79.2	10 h 23 min 32 sec
21000	16.389998537674547	80.0	32.646996	37.346336	104.75	-37.350002	76.72	10 h 24 min 19 sec
21050	0.8349984675645828	80.0	27.062002	29.333937	106.25	-26.0	79.28	10 h 25 min 6 sec
21100	19.689999248087407	77.9	22.603998	36.86716	113.85	-40.9	78.34	10 h 25 min 53 sec
21150	22.61499862447381	80.0	23.778997	33.327656	108.45	-41.3	79.22	10 h 26 min 42 sec
21200	24.96499905437231	80.0	36.615997	30.003897	100.25	-30.6	79.64	10 h 27 min 30 sec
21250	8.78499826490879	80.0	28.205	35.15038	115.5	-37.8	78.42	10 h 28 min 18 sec
21300	41.55999888703227	77.2	25.803001	28.467014	86.75	-32.750004	80.0	10 h 29 min 7 sec
21350	-8.210001736134291	80.0	25.792	31.20512	96.7	-46.250004	79.76	10 h 29 min 56 sec
21400	40.34499920420349	80.0	22.100998	30.260841	94.5	-22.050001	79.26	10 h 30 min 43 sec
21450	36.804998918250206	75.2	29.881996	30.617804	104.0	-27.300001	79.48	10 h 31 min 31 sec
21500	-3.1350016381591557	80.0	29.945	33.68599	117.8	-32.350002	79.0	10 h 32 min 20 sec
21550	14.064999445900321	80.0	32.814	34.51429	112.6	-25.85	78.2	10 h 33 min 6 sec
21600	12.474998811259866	80.0	33.287	31.788727	110.7	-26.550001	78.44	10 h 33 min 53 sec
21650	37.199999046325686	80.0	34.84	31.323444	108.45	-31.050001	78.84	10 h 34 min 40 sec
21700	27.179998905211686	80.0	32.393	33.764225	109.5	-47.55	78.22	10 h 35 min 28 sec
21750	32.90999882407486	76.0	30.340998	34.234695	115.5	-45.5	78.38	10 h 36 min 15 sec
21800	46.83999909870327	70.8	29.911999	34.018497	105.95	-30.300001	78.6	10 h 37 min 1 sec
21850	23.40999918729067	80.0	27.602001	32.80287	110.95	-26.750002	79.16	10 h 37 min 50 sec
21900	15.85499907284975	80.0	34.279	28.441925	102.75	-30.150002	78.96	10 h 38 min 38 sec
21950	-4.440001322329044	80.0	32.342	34.240555	90.95	-52.600002	80.0	10 h 39 min 25 sec
22000	37.47999902442098	77.9	26.542997	32.700714	107.45	-45.100002	79.28	10 h 40 min 12 sec
22050	5.259998551383615	80.0	36.59	37.57663	120.0	-15.250001	76.64	10 h 40 min 58 sec
22100	28.724999042227864	80.0	26.872997	31.689327	101.4	-40.300003	79.48	10 h 41 min 46 sec
22150	33.584999127686025	80.0	36.694	34.563908	119.35	-20.050001	76.84	10 h 42 min 33 sec
22200	36.91499865464866	70.6	33.39	31.790113	107.75	-18.35	77.44	10 h 43 min 18 sec
22250	40.65999896861613	77.9	40.539997	35.7633	120.9	-18.9	76.2	10 h 44 min 5 sec
22300	28.479998999089002	76.2	34.043	30.150955	101.15	-36.4	79.02	10 h 44 min 53 sec
22350	0.2699983105063438	80.0	37.146996	36.682564	113.75	-24.1	76.68	10 h 45 min 40 sec
22400	30.189999169111253	77.9	30.802	30.201283	115.1	-15.350001	78.54	10 h 46 min 26 sec
22450	22.45499862730503	80.0	23.049997	31.206474	92.1	-52.45	79.86	10 h 47 min 15 sec
22500	41.814999212697145	72.8	37.589996	29.375137	122.3	-25.45	78.52	10 h 48 min 2 sec
22550	52.6349990259856	74.8	22.448	30.838053	111.6	-20.0	78.88	10 h 48 min 51 sec
22600	40.92999874316156	70.4	35.94	34.740993	111.65	-25.800001	76.9	10 h 49 min 37 sec
22650	4.344998187571764	80.0	30.4	33.042267	108.9	-11.850001	77.1	10 h 50 min 23 sec
22700	35.33499897532165	80.0	27.073	32.4325	104.75	-36.25	79.16	10 h 51 min 13 sec
22750	7.634998713433743	80.0	36.564	34.857784	108.1	-21.750002	77.22	10 h 52 min 0 sec
22800	24.009998936206102	80.0	32.135	34.668995	120.45	-37.45	78.0	10 h 52 min 48 sec
22850	13.26499867849052	80.0	31.565	35.574768	102.5	-25.95	79.16	10 h 53 min 35 sec
22900	24.57499888278544	80.0	30.644997	35.23542	104.5	-41.2	78.98	10 h 54 min 22 sec
22950	7.469998881593346	80.0	29.779	38.118954	111.4	-37.65	76.68	10 h 55 min 8 sec
23000	31.594998857751488	79.6	39.086	34.339603	107.75	-20.5	77.42	10 h 55 min 56 sec
23050	34.80499914363027	80.0	31.418997	28.243494	106.15	-28.550001	79.18	10 h 56 min 45 sec
23100	54.559999101236464	72.5	37.444	40.76393	115.85	-29.800001	75.24	10 h 57 min 32 sec
23150	1.6549990970641375	80.0	31.626999	32.2038	104.0	-31.0	78.94	10 h 58 min 21 sec
23200	30.269998848438263	80.0	24.487	33.56486	95.7	-43.9	79.68	10 h 59 min 9 sec
23250	19.839998450130224	75.8	23.982998	32.852886	114.4	-41.45	77.96	10 h 59 min 56 sec
23300	14.619999015703797	77.6	21.273998	31.413996	109.4	-23.75	78.52	11 h 0 min 44 sec
23350	10.999998821690678	76.8	29.022	36.71013	118.65	-41.75	77.72	11 h 1 min 32 sec
23400	43.589999093860385	80.0	26.313	35.72821	110.55	-39.25	77.86	11 h 2 min 19 sec
23450	10.364998088777066	75.8	20.762999	28.740984	96.7	-43.5	79.38	11 h 3 min 8 sec
23500	24.844998828321696	80.0	32.065	32.701794	111.6	-34.2	78.86	11 h 3 min 57 sec
23550	37.18499905653298	80.0	28.796999	37.022896	117.45	-53.95	77.64	11 h 4 min 44 sec
23600	33.4399991042912	77.2	32.598	28.10549	110.15	-11.6	78.74	11 h 5 min 33 sec
23650	9.38499907106161	80.0	26.7	29.38549	83.15	-40.8	80.0	11 h 6 min 21 sec
23700	4.9349983390420675	80.0	35.063	31.546534	112.45	-21.95	77.88	11 h 7 min 9 sec
23750	40.41499901898205	78.1	36.102	34.17522	105.549995	-34.100002	78.1	11 h 7 min 55 sec
23800	17.979998552054166	80.0	40.135998	36.27807	117.85	-46.550003	77.14	11 h 8 min 43 sec
23850	41.61499925851822	80.0	33.378002	31.34057	115.1	-33.95	78.82	11 h 9 min 31 sec
23900	17.134998732432724	80.0	37.829	34.815605	114.35	-24.7	76.68	11 h 10 min 18 sec
23950	40.48499922864139	69.4	33.781998	25.720554	99.45	-19.050001	79.48	11 h 11 min 5 sec
24000	38.849999035522345	76.3	29.2	30.276886	105.25	-27.35	79.5	11 h 11 min 54 sec
24050	44.67999920733273	80.0	26.211998	30.435658	117.05	-28.650002	78.42	11 h 12 min 42 sec
24100	19.774998775497078	80.0	23.691998	34.565773	113.5	-32.15	78.22	11 h 13 min 30 sec
24150	21.789999134093524	80.0	26.229998	31.453737	110.4	-38.000004	79.14	11 h 14 min 17 sec
24200	18.76999895349145	80.0	27.853	35.327183	120.6	-36.5	78.24	11 h 15 min 4 sec
24250	34.2199989143759	74.5	31.632	31.912199	114.7	-19.550003	77.9	11 h 15 min 52 sec
24300	18.819998605176806	80.0	31.481997	25.761559	90.6	-7.9500003	80.0	11 h 16 min 39 sec
24350	24.18999915346503	80.0	25.579998	30.610086	97.7	-38.100002	79.6	11 h 17 min 28 sec
24400	30.349999202787878	80.0	34.242	35.563652	109.8	-22.2	77.26	11 h 18 min 15 sec
24450	7.619999017938971	80.0	37.508	34.765804	109.9	-27.050001	77.8	11 h 19 min 2 sec
24500	26.56999869570136	80.0	28.522999	34.421375	108.95	-32.65	78.68	11 h 19 min 51 sec
24550	21.754999009519814	80.0	30.269997	32.141506	105.25	-36.7	79.0	11 h 20 min 39 sec
24600	19.854998539760707	80.0	27.893	30.050371	95.65	-24.7	80.0	11 h 21 min 26 sec
24650	13.32499820999801	73.4	28.873001	31.972391	110.1	-43.65	78.88	11 h 22 min 11 sec
24700	45.56999887265265	75.5	31.126999	32.56324	108.45	-24.900002	78.44	11 h 22 min 57 sec
24750	36.50999922044575	80.0	26.669998	31.597425	86.7	-21.250002	80.0	11 h 23 min 47 sec
24800	35.51999927349389	78.1	29.922998	30.343544	83.9	-39.2	79.96	11 h 24 min 35 sec
24850	37.03999896720052	75.9	30.632998	33.98992	117.0	-32.25	77.54	11 h 25 min 21 sec
24900	-5.765002300590277	80.0	30.46	35.505577	102.2	-30.35	78.64	11 h 26 min 11 sec
24950	1.37999927662313	80.0	35.552	28.365662	96.1	-11.050001	79.56	11 h 26 min 58 sec
25000	43.109998686611654	76.6	37.031	36.758312	113.6	-19.550001	76.3	11 h 27 min 45 sec
25050	65.14499923884868	65.5	26.328999	37.154507	112.4	-50.9	78.82	11 h 28 min 31 sec
25100	55.28499925546348	76.4	23.887	34.687145	99.049995	-55.050003	79.1	11 h 29 min 18 sec
25150	33.494998360797766	75.6	37.391003	32.87633	124.3	-20.550001	76.96	11 h 30 min 5 sec
25200	43.01499895043671	77.6	26.838997	30.064589	86.6	-33.850002	79.88	11 h 30 min 52 sec
25250	34.014999110996726	80.0	37.396	35.21643	112.2	-44.850002	77.14	11 h 31 min 39 sec
25300	1.1649991631507874	80.0	32.587997	36.552402	108.15	-32.850002	77.3	11 h 32 min 27 sec
25350	-14.970001798868179	80.0	31.553997	34.618896	106.15	-27.900003	78.42	11 h 33 min 14 sec
25400	21.1749989323318	80.0	32.481003	38.58467	111.55	-34.05	75.58	11 h 34 min 1 sec
25450	28.284998846054076	80.0	27.807	32.306633	104.2	-42.8	79.2	11 h 34 min 48 sec
25500	26.34499852620065	80.0	25.200998	36.364674	100.85	-29.5	79.02	11 h 35 min 35 sec
25550	1.059998732805252	80.0	34.132	31.927689	116.45	-27.350002	77.98	11 h 36 min 23 sec
25600	16.729998771846294	71.0	39.464996	35.970024	116.6	-14.350001	76.7	11 h 37 min 10 sec
25650	10.909999416396023	80.0	25.968	32.949615	114.45	-19.900002	78.4	11 h 37 min 58 sec
25700	23.909999034553767	80.0	31.826998	31.193796	107.6	-29.85	78.54	11 h 38 min 45 sec
25750	17.70999892875552	80.0	29.125	36.58581	109.3	-56.300003	79.08	11 h 39 min 33 sec
25800	20.844999278336765	80.0	27.931002	36.9936	111.35	-35.600002	77.16	11 h 40 min 20 sec
25850	33.819998539239165	76.7	33.777	37.210983	110.75	-40.100002	78.84	11 h 41 min 9 sec
25900	8.479998952895404	80.0	35.767002	37.49727	110.5	-29.35	77.22	11 h 41 min 56 sec
25950	17.894998810440303	80.0	33.260998	34.32214	112.75	-20.1	77.46	11 h 42 min 45 sec
26000	18.249998854845764	75.4	29.402002	33.115795	111.0	-27.000002	77.74	11 h 43 min 32 sec
26050	15.339999227598309	80.0	31.095	29.587004	108.05	-24.0	78.58	11 h 44 min 19 sec
26100	7.389999184757471	80.0	30.273	38.522663	119.9	-25.400002	77.0	11 h 45 min 7 sec
26150	23.864998875558378	70.6	28.273998	35.084435	100.2	-27.85	78.7	11 h 45 min 54 sec
26200	3.739998546242714	80.0	28.841002	35.894363	115.65	-25.45	77.52	11 h 46 min 43 sec
26250	21.339998611062764	80.0	29.215	36.97652	108.55	-38.850002	78.06	11 h 47 min 30 sec
26300	15.869998839125037	80.0	40.599003	39.522556	112.8	-35.850002	76.04	11 h 48 min 17 sec
26350	-5.125001203641295	80.0	31.325998	33.58637	109.5	-28.550001	78.14	11 h 49 min 5 sec
26400	4.7299982324242595	80.0	31.984	28.180449	104.85	-22.7	79.14	11 h 49 min 52 sec
26450	19.45999894440174	80.0	31.347998	33.219383	106.15	-31.750002	78.28	11 h 50 min 40 sec
26500	21.954999014735222	80.0	33.808	33.96864	107.8	-21.900002	78.96	11 h 51 min 29 sec
26550	13.889999215677381	80.0	35.193	37.19978	118.95	-42.600002	77.02	11 h 52 min 18 sec
26600	17.729998533800245	80.0	26.665997	31.89292	91.75	-40.850002	79.64	11 h 53 min 6 sec
26650	-10.830001224204898	80.0	22.91	29.60087	91.6	-27.85	79.94	11 h 53 min 55 sec
26700	40.43999902307987	80.0	24.824997	31.381031	108.4	-15.3	78.9	11 h 54 min 45 sec
26750	15.819999092072248	80.0	32.877995	37.4215	115.45	-27.550001	77.66	11 h 55 min 32 sec
26800	31.919998686760664	74.3	32.742	36.977737	116.85	-35.100002	77.88	11 h 56 min 19 sec
26850	26.379999050498007	78.2	34.608997	31.361555	114.65	-23.500002	77.94	11 h 57 min 7 sec
26900	27.759998878091572	80.0	28.571999	37.637802	99.4	-47.100002	78.86	11 h 57 min 55 sec
26950	38.434999296441674	75.5	34.993004	36.671272	113.6	-25.25	78.2	11 h 58 min 42 sec
27000	27.99499891027808	80.0	30.462	35.737896	106.25	-31.150002	78.82	11 h 59 min 30 sec
27050	18.88999922014773	80.0	30.321	39.805233	113.65	-28.550001	77.92	12 h 0 min 21 sec
27100	22.27999937236309	80.0	35.135	36.350502	113.8	-28.550003	77.14	12 h 1 min 9 sec
27150	-7.895002051815391	80.0	34.501	38.101463	117.7	-34.9	77.92	12 h 1 min 56 sec
27200	48.99499905668199	75.2	28.514	32.93152	105.85	-32.100002	78.84	12 h 2 min 43 sec
27250	39.354999074339865	80.0	27.196	32.16058	98.65	-32.850002	78.9	12 h 3 min 31 sec
27300	51.20499901361764	65.6	37.643	33.732662	100.299995	-13.750001	78.74	12 h 4 min 18 sec
27350	21.084998638182878	78.4	23.408	28.098824	96.2	-40.800003	79.6	12 h 5 min 9 sec
27400	-17.91000108420849	80.0	31.473	32.398766	109.2	-45.2	78.7	12 h 5 min 58 sec
27450	22.729998859390616	80.0	43.046997	35.48287	109.55	-24.250002	76.9	12 h 6 min 45 sec
27500	32.39999854527414	78.3	31.217	32.893894	113.3	-28.9	78.48	12 h 7 min 33 sec
27550	5.534999022632837	80.0	23.424	39.358334	117.55	-36.25	76.68	12 h 8 min 21 sec
27600	19.84499868713319	69.7	34.202	37.6678	103.85	-48.25	78.48	12 h 9 min 9 sec
27650	0.8549985904246569	80.0	31.081999	35.2579	104.2	-51.65	78.42	12 h 9 min 57 sec
27700	35.519999181851745	80.0	29.277	36.129467	115.5	-35.4	76.82	12 h 10 min 44 sec
27750	57.55499913580716	74.9	40.834	33.104042	118.2	-15.3	78.16	12 h 11 min 31 sec
27800	29.224999065324663	74.2	38.506	36.69491	121.05	-35.800003	77.42	12 h 12 min 17 sec
27850	20.409999014437197	80.0	37.926003	32.581173	113.8	-17.65	77.2	12 h 13 min 4 sec
27900	33.63999832123518	74.4	34.016003	31.924528	90.1	-33.050003	80.0	12 h 13 min 52 sec
27950	37.08499875590205	76.0	34.836	33.628204	114.9	-44.9	78.48	12 h 14 min 39 sec
28000	37.89999908544123	80.0	38.641003	34.479748	115.4	-24.75	76.74	12 h 15 min 28 sec
28050	38.20499882288277	76.7	39.424	41.303196	117.65	-31.900002	75.32	12 h 16 min 14 sec
28100	52.77999894432723	60.1	38.111	37.779533	112.85	-29.1	76.8	12 h 17 min 0 sec
28150	1.154998367279768	80.0	39.621998	40.113956	121.4	-27.750002	76.62	12 h 17 min 47 sec
28200	47.884998513758184	74.2	32.06	43.353516	115.05	-45.05	75.08	12 h 18 min 33 sec
28250	13.974998754262923	80.0	34.601	38.159756	111.05	-38.350002	78.32	12 h 19 min 20 sec
28300	40.09999927729368	74.8	31.459	34.524715	109.55	-24.900002	77.48	12 h 20 min 5 sec
28350	11.839998466148973	80.0	32.059	36.985226	106.75	-41.300003	78.68	12 h 20 min 53 sec
28400	32.574998969584705	80.0	34.223	39.06449	111.85	-27.550001	77.6	12 h 21 min 42 sec
28450	55.62999901473522	74.6	32.949997	32.403946	98.4	-28.85	78.8	12 h 22 min 28 sec
28500	18.549999034777283	80.0	32.602997	34.07883	116.95	-23.0	78.52	12 h 23 min 14 sec
28550	17.72999901548028	80.0	26.395	36.79286	103.1	-63.2	79.14	12 h 24 min 3 sec
28600	4.154999035224319	80.0	32.96	32.095882	101.85	-28.650002	78.92	12 h 24 min 50 sec
28650	39.55999916754663	77.0	31.015999	39.36244	108.2	-42.100002	77.3	12 h 25 min 38 sec
28700	32.78999918885529	78.3	35.292	37.12724	113.2	-39.75	77.2	12 h 26 min 29 sec
28750	23.864999028667807	80.0	29.036001	34.691128	106.7	-31.300001	78.74	12 h 27 min 17 sec
28800	30.07999930679798	80.0	34.822998	35.1719	112.9	-25.300001	78.06	12 h 28 min 6 sec
28850	40.934999358654025	80.0	37.503998	36.937283	111.1	-34.75	77.86	12 h 28 min 54 sec
28900	7.49499859623611	80.0	31.547998	39.009903	110.05	-30.800001	77.04	12 h 29 min 42 sec
28950	63.38499916382134	77.0	35.886	40.841675	116.95	-30.050001	75.58	12 h 30 min 30 sec
29000	23.899999275431036	74.4	31.634	36.48639	121.65	-33.600002	78.12	12 h 31 min 16 sec
29050	11.45999887175858	80.0	38.727997	36.57103	110.4	-22.7	76.72	12 h 32 min 3 sec
29100	43.50999921038747	71.0	31.411001	36.69054	118.8	-30.600002	76.44	12 h 32 min 49 sec
29150	33.48499863371253	73.2	36.836998	37.941795	113.8	-26.300001	76.18	12 h 33 min 35 sec
29200	-4.405001640692353	80.0	36.295998	36.46068	111.05	-37.7	76.82	12 h 34 min 22 sec
29250	24.30499899163842	80.0	37.126	34.81439	106.4	-32.55	78.16	12 h 35 min 8 sec
29300	58.504999310523274	74.2	50.975998	34.54373	115.5	-27.300001	75.16	12 h 35 min 53 sec
29350	5.249998898431659	80.0	31.289001	37.46146	101.4	-47.7	78.68	12 h 36 min 42 sec
29400	22.89999872148037	76.3	37.196	29.611307	101.75	-18.7	78.82	12 h 37 min 28 sec
29450	25.434998908266426	78.8	33.351997	39.508774	117.75	-36.550003	77.12	12 h 38 min 15 sec
29500	61.67499934285879	59.7	37.159	30.080626	103.7	-16.95	79.42	12 h 39 min 1 sec
29550	15.13999840579927	70.4	37.753998	36.68976	112.05	-23.6	76.9	12 h 39 min 49 sec
29600	11.489998940378428	80.0	36.903	38.0324	114.7	-37.25	76.6	12 h 40 min 36 sec
29650	37.639999193698166	73.4	37.650997	35.589703	115.6	-21.35	76.2	12 h 41 min 23 sec
29700	56.114999029785395	79.7	36.065	36.57779	113.8	-39.550003	76.32	12 h 42 min 10 sec
29750	31.89999893940985	74.0	40.326	30.840916	106.6	-5.700001	78.6	12 h 42 min 57 sec
29800	24.619998834654687	80.0	37.441998	36.381527	113.05	-41.5	77.32	12 h 43 min 45 sec
29850	51.624998696520926	80.0	40.777	33.062084	117.3	-21.750002	77.92	12 h 44 min 35 sec
29900	26.104999071359636	80.0	29.338999	31.835478	114.05	-21.800001	78.96	12 h 45 min 23 sec
29950	68.3349992737174	73.3	45.882008	37.93992	113.0	-27.1	76.2	12 h 46 min 10 sec
30000	49.914999042451385	67.7	42.92	36.172283	112.15	-12.6	75.96	12 h 46 min 57 sec
30050	16.114998538419606	80.0	38.133	33.010723	107.05	-27.25	78.38	12 h 47 min 45 sec
30100	47.494999365508555	72.6	21.704998	35.020813	109.0	-41.65	78.68	12 h 48 min 31 sec
30150	54.91999899186194	78.6	41.111	38.870853	116.55	-24.1	75.96	12 h 49 min 19 sec
30200	-7.685001274198294	80.0	39.529	32.650204	108.2	-26.050001	77.8	12 h 50 min 6 sec
30250	39.08999892920256	76.8	38.184	37.76895	115.15	-38.45	76.68	12 h 50 min 54 sec
30300	19.734998865053058	80.0	32.663998	36.129215	121.35	-23.550001	76.74	12 h 51 min 40 sec
30350	7.804998655989766	80.0	35.745	37.13172	117.05	-34.65	77.28	12 h 52 min 28 sec
30400	41.62499912381172	80.0	27.185999	32.726395	111.35	-36.100002	78.1	12 h 53 min 17 sec
30450	32.50999876968562	79.4	27.553001	29.39498	82.85	-28.550001	80.0	12 h 54 min 6 sec
30500	6.939998438954353	80.0	33.643	34.781124	113.15	-34.800003	77.82	12 h 54 min 55 sec
30550	5.139998161047697	73.0	31.384998	36.105473	111.5	-33.65	77.96	12 h 55 min 42 sec
30600	49.644999128580096	73.4	36.274	33.769398	115.75	-31.85	78.46	12 h 56 min 30 sec
30650	31.054998460412026	80.0	25.989998	32.74883	110.4	-53.300003	77.94	12 h 57 min 18 sec
30700	22.56499888524413	80.0	39.324997	34.517372	114.6	-18.25	76.48	12 h 58 min 5 sec
30750	23.89499910362065	80.0	44.146996	40.2707	116.25	-45.850002	74.4	12 h 58 min 51 sec
30800	31.49999893307686	77.9	36.116997	35.130135	112.85	-20.050001	77.34	12 h 59 min 40 sec
30850	18.389999191462994	80.0	31.707998	32.620743	109.5	-23.1	78.82	13 h 0 min 28 sec
30900	2.594998651370406	80.0	33.112	37.19798	112.35	-37.3	78.96	13 h 1 min 17 sec
30950	35.709999272599816	77.5	33.523003	40.525146	123.3	-28.2	76.22	13 h 2 min 2 sec
31000	14.64999875985086	80.0	33.925995	39.188084	113.9	-21.300001	77.36	13 h 2 min 48 sec
31050	20.544999161362647	80.0	35.348995	33.495586	109.35	-25.1	78.02	13 h 3 min 36 sec
31100	37.724999085813764	71.7	34.147	32.60343	113.8	-27.85	79.14	13 h 4 min 23 sec
31150	47.51499902419746	75.0	38.128998	37.573612	111.9	-31.400002	76.24	13 h 5 min 8 sec
31200	7.249998467043042	77.9	37.156	36.709026	111.7	-35.15	77.8	13 h 5 min 55 sec
31250	45.20999873541295	66.8	35.915	33.08439	113.25	-63.000004	78.78	13 h 6 min 43 sec
31300	31.569999066367746	71.6	42.878994	39.012997	108.2	-47.800003	75.84	13 h 7 min 27 sec
31350	16.264998890087007	80.0	27.338001	28.451292	100.4	-38.5	79.36	13 h 8 min 16 sec
31400	28.199999073147772	79.3	36.087997	39.19224	106.2	-36.5	77.44	13 h 9 min 2 sec
31450	45.22499920353293	79.0	35.121998	32.986645	107.85	-29.750002	78.32	13 h 9 min 49 sec
31500	31.859998803585768	76.9	31.092003	32.34915	97.3	-31.35	79.74	13 h 10 min 36 sec
31550	52.02499928697944	79.4	36.690998	38.68532	110.6	-39.100002	77.44	13 h 11 min 23 sec
31600	-13.270001412555576	80.0	45.473995	36.89433	110.15	-27.100002	77.18	13 h 12 min 9 sec
31650	18.94499894268811	80.0	42.42	33.789684	108.15	-24.2	78.16	13 h 12 min 56 sec
31700	19.264998802170158	80.0	34.622997	33.73146	109.4	-38.850002	78.76	13 h 13 min 44 sec
31750	17.524999064952134	80.0	30.533	34.579605	98.799995	-46.15	79.36	13 h 14 min 35 sec
31800	52.02999909296632	67.9	37.621002	36.255196	108.45	-28.250002	78.06	13 h 15 min 22 sec
31850	43.61999896503985	75.8	40.42	32.08568	109.15	-23.85	76.48	13 h 16 min 8 sec
31900	28.169998702034356	75.9	36.026	33.84424	114.45	-21.050001	77.94	13 h 16 min 54 sec
31950	17.189998568966985	80.0	38.034	33.2598	103.75	-29.300001	78.62	13 h 17 min 36 sec
32000	36.26999890431762	80.0	37.095997	33.087914	116.55	-36.15	77.5	13 h 18 min 19 sec
32050	37.76499896794557	68.1	42.443005	34.425	119.65	-16.300001	74.66	13 h 18 min 59 sec
32100	25.13499912917614	80.0	33.434002	33.112217	106.15	-28.900002	78.66	13 h 19 min 40 sec
32150	3.3349987301975488	80.0	38.844	34.808826	115.55	-25.300001	77.16	13 h 20 min 22 sec
32200	52.2099993865937	73.3	39.146	34.744442	119.3	-20.95	77.02	13 h 21 min 5 sec
32250	37.82499913312495	74.2	42.112003	38.48745	121.5	-31.1	75.46	13 h 21 min 48 sec
32300	19.359999070316555	80.0	43.591995	35.966873	113.05	-42.300003	76.34	13 h 22 min 30 sec
32350	62.609999324008825	71.6	50.555	34.029438	116.8	-32.55	77.08	13 h 23 min 9 sec
32400	54.639999222010374	69.4	45.790005	41.50816	119.45	-24.95	72.8	13 h 23 min 48 sec
32450	62.1699991453439	72.9	44.34	38.82393	124.55	-22.550001	74.48	13 h 24 min 34 sec
32500	48.1349991787225	74.5	36.054996	34.926792	117.7	-23.45	78.08	13 h 25 min 16 sec
32550	58.49999904595315	73.6	37.401997	33.004513	99.15	-27.550001	79.64	13 h 25 min 58 sec
32600	53.289999184012416	74.3	37.797	34.538563	106.299995	-29.6	78.08	13 h 26 min 39 sec
32650	32.97999930419028	80.0	34.707	36.72831	117.5	-42.5	78.2	13 h 27 min 22 sec
32700	33.529999317973854	72.0	43.038998	40.91893	116.4	-27.45	75.46	13 h 28 min 4 sec
32750	56.55999898016453	70.9	34.957996	36.28223	113.65	-29.750002	77.7	13 h 28 min 46 sec
32800	38.75999931842089	80.0	39.461998	33.24262	117.1	-35.7	77.28	13 h 29 min 29 sec
32850	28.90499885007739	80.0	43.744003	32.960293	121.95	-10.800001	76.82	13 h 30 min 11 sec
32900	55.294998934865	67.4	34.881	33.449566	107.25	-56.95	78.38	13 h 30 min 54 sec
32950	14.744998252764344	80.0	47.111008	35.246426	114.95	-40.3	76.32	13 h 31 min 35 sec
33000	37.444998984783886	80.0	37.803997	36.88705	122.45	-33.7	76.92	13 h 32 min 20 sec
33050	38.34499913938343	80.0	39.692	39.998592	118.5	-52.100002	77.24	13 h 33 min 4 sec
33100	50.734999026730655	72.2	34.390995	37.291824	113.4	-50.75	77.62	13 h 33 min 48 sec
33150	17.06999902203679	80.0	43.909	41.260372	116.45	-38.75	73.96	13 h 34 min 29 sec
33200	33.46499879173935	72.5	45.434	35.979862	119.5	-25.9	76.52	13 h 35 min 10 sec
33250	26.694998855143787	75.0	38.433	31.66965	111.15	-30.45	78.9	13 h 35 min 51 sec
33300	45.859998973086476	76.9	40.629	39.846016	118.6	-30.400002	75.18	13 h 36 min 34 sec
33350	48.66499902009964	75.0	45.662003	37.76848	121.0	-15.250001	74.0	13 h 37 min 15 sec
33400	40.15999923348427	80.0	45.775997	34.20958	109.5	-15.450001	77.32	13 h 37 min 56 sec
33450	61.89499872103333	61.2	40.878998	40.527317	118.9	-44.0	74.94	13 h 38 min 35 sec
33500	38.054999110102656	80.0	43.198	32.37845	115.95	-27.2	77.4	13 h 39 min 17 sec
33550	17.894999345764518	80.0	46.71	39.58591	117.05	-45.350002	73.54	13 h 39 min 59 sec
33600	47.96999853141606	70.9	38.369	39.183002	105.9	-36.550003	75.68	13 h 40 min 45 sec
33650	46.98999913744628	72.6	44.072002	40.11702	125.55	-15.150001	71.54	13 h 41 min 26 sec
33700	50.949998843297365	70.1	37.323	38.870686	103.75	-30.300001	78.7	13 h 42 min 7 sec
33750	62.9599992826581	80.0	40.475002	31.72055	118.25	-11.150001	77.12	13 h 42 min 50 sec
33800	58.08499892279506	60.7	41.310997	35.89058	119.9	-24.400002	76.4	13 h 43 min 30 sec
33850	50.29999880455434	80.0	40.813	31.486301	110.65	-7.200001	77.52	13 h 44 min 11 sec
33900	31.149999111890793	80.0	40.026	30.113724	103.299995	-16.25	78.84	13 h 44 min 56 sec
33950	62.52999912016094	70.6	45.268997	41.187786	115.05	-15.05	74.24	13 h 45 min 35 sec
34000	39.274999199435115	71.7	40.899	40.302082	118.8	-39.300003	76.54	13 h 46 min 19 sec
34050	38.49999866895378	71.1	43.777992	43.98954	118.8	-27.2	73.46	13 h 46 min 59 sec
34100	30.35999845303595	74.2	42.494995	33.665203	119.1	-19.800001	77.96	13 h 47 min 40 sec
34150	35.70499915294349	80.0	44.305	38.85289	118.15	-40.05	74.92	13 h 48 min 22 sec
34200	22.789999227598308	80.0	38.875	41.92418	113.4	-36.100002	74.64	13 h 49 min 3 sec
34250	31.37499882802367	80.0	37.465	40.275925	115.55	-40.050003	75.98	13 h 49 min 47 sec
34300	34.204999384656546	74.2	31.622997	35.848335	115.15	-26.75	78.16	13 h 50 min 30 sec
34350	26.874999306723474	80.0	41.096	36.18026	123.4	-32.2	76.4	13 h 51 min 12 sec
34400	-7.980001637339592	80.0	30.979002	37.650486	114.55	-30.150002	76.34	13 h 51 min 53 sec
34450	27.274998700246215	76.7	41.705	32.430943	119.2	-18.150002	77.22	13 h 52 min 34 sec
34500	49.84499907754362	80.0	50.032997	31.08897	115.45	-19.150002	77.48	13 h 53 min 16 sec
34550	22.02499920837581	80.0	44.702003	35.069233	112.1	-16.0	75.74	13 h 54 min 1 sec
34600	29.60499945320189	74.4	40.875996	37.879	125.5	-33.45	76.16	13 h 54 min 43 sec
34650	50.78999918587506	76.1	44.443005	36.908752	124.55	-33.2	75.28	13 h 55 min 23 sec
34700	-12.68000119663775	80.0	39.916	39.956547	111.1	-42.9	76.58	13 h 56 min 5 sec
34750	30.42999889217317	75.2	40.743	39.137966	123.05	-37.350002	74.92	13 h 56 min 44 sec
34800	53.64499903060496	78.0	38.755997	35.494873	113.55	-27.45	77.7	13 h 57 min 27 sec
34850	34.14999880604446	76.0	35.593002	42.092007	121.35	-34.050003	74.46	13 h 58 min 8 sec
34900	38.12999900765717	80.0	32.832996	32.3371	107.9	-33.7	78.8	13 h 58 min 50 sec
34950	32.369999188929796	77.6	43.813004	40.663666	118.4	-47.850002	74.08	13 h 59 min 31 sec
35000	51.3749992761761	80.0	43.213	38.737503	118.1	-42.25	77.52	14 h 0 min 13 sec
35050	56.17499920912087	66.6	40.217	36.350227	102.049995	-31.000002	78.44	14 h 0 min 55 sec
35100	19.46999894678593	80.0	47.736	39.86214	120.6	-36.55	73.26	14 h 1 min 38 sec
35150	40.324998720362785	63.0	44.798004	35.89515	117.65	-23.0	74.86	14 h 2 min 18 sec
35200	40.93499928712845	80.0	47.454002	33.106037	116.2	-1.9500008	77.14	14 h 2 min 59 sec
35250	40.09999922066927	80.0	47.631992	37.068203	113.25	-31.1	75.5	14 h 3 min 42 sec
35300	10.169998436793685	80.0	42.554	36.851166	110.9	-28.35	76.7	14 h 4 min 25 sec
35350	33.58999911472201	80.0	39.098	36.03363	118.4	-28.6	77.0	14 h 5 min 7 sec
35400	34.35999867022038	73.9	49.887	37.245564	114.85	-13.3	75.66	14 h 5 min 47 sec
35450	2.159998644143343	80.0	44.596996	38.230854	117.6	-21.650002	75.66	14 h 6 min 29 sec
35500	21.454998924210667	80.0	55.322002	37.73794	119.2	-15.450001	71.82	14 h 7 min 8 sec
35550	58.54499905146658	71.8	39.938	32.044968	121.1	-22.650002	77.42	14 h 7 min 49 sec
35600	30.20999882519245	80.0	44.243004	36.289738	111.15	-40.350002	77.34	14 h 8 min 30 sec
35650	62.45499906055629	68.6	41.919	36.61726	119.55	-24.6	76.42	14 h 9 min 13 sec
35700	33.974999118596315	79.0	45.598003	31.725342	114.0	-9.900002	76.72	14 h 9 min 55 sec
35750	37.72999905124307	80.0	44.4	36.614258	119.35	-19.400002	75.64	14 h 10 min 37 sec
35800	40.06999932602048	80.0	40.341	37.85686	121.55	-26.35	75.6	14 h 11 min 18 sec
35850	36.38999876230955	80.0	41.242	37.17086	109.9	-50.75	76.52	14 h 12 min 2 sec
35900	25.95999901480973	80.0	45.482	35.90713	113.7	-23.25	75.74	14 h 12 min 41 sec
35950	9.38499939404428	75.4	41.616997	34.41364	115.0	-17.95	76.9	14 h 13 min 26 sec
36000	37.20999884977937	76.2	28.289	34.453934	98.65	-47.0	79.64	14 h 14 min 13 sec
36050	57.82999893389642	73.4	34.556	39.336166	117.05	-29.150002	76.72	14 h 14 min 54 sec
36100	32.37499902918935	73.2	37.849	40.1386	116.8	-23.1	76.04	14 h 15 min 34 sec
36150	36.17499894052744	73.1	47.308994	40.38841	113.95	-34.75	74.82	14 h 16 min 14 sec
36200	32.644998979568484	80.0	43.202003	35.791077	121.85	-20.7	76.38	14 h 16 min 56 sec
36250	20.8449986923486	76.6	45.371002	42.05547	124.6	-47.75	74.72	14 h 17 min 37 sec
36300	41.31499925479293	76.2	38.653004	36.215485	103.35	-56.850002	78.74	14 h 18 min 19 sec
36350	10.334998977929354	80.0	42.304996	35.42837	111.7	-15.700001	76.78	14 h 19 min 0 sec
36400	57.62499915771186	80.0	40.171005	33.867523	101.35	-29.7	78.2	14 h 19 min 42 sec
36450	30.0849994443357	75.8	41.293	41.426723	121.2	-35.850002	74.06	14 h 20 min 22 sec
36500	45.059998848289254	74.8	46.252	35.79884	120.35	-18.900002	75.92	14 h 21 min 2 sec
36550	41.88999924175441	80.0	48.136997	36.13962	112.65	-14.700001	75.42	14 h 21 min 43 sec
36600	60.89499936364591	72.1	51.045998	38.912125	127.9	-29.0	73.16	14 h 22 min 29 sec
36650	19.654998645186424	80.0	44.663998	36.01317	112.0	-28.95	76.64	14 h 23 min 15 sec
36700	22.179998130351304	80.0	37.845997	33.00488	112.0	-37.350002	78.84	14 h 23 min 57 sec
36750	41.30999912805855	75.6	37.453	34.849808	107.7	-21.050001	78.9	14 h 24 min 40 sec
36800	29.70999889820814	77.6	44.363995	34.5876	116.9	-41.75	75.72	14 h 25 min 23 sec
36850	61.919999302178624	68.5	39.172997	43.494507	121.05	-36.100002	73.88	14 h 26 min 2 sec
36900	35.309999057278034	80.0	37.185	37.35629	114.65	-30.2	75.68	14 h 26 min 42 sec
36950	32.81999919973314	76.8	45.41	38.415222	127.05	-26.400002	75.02	14 h 27 min 22 sec
37000	43.4199988886714	80.0	30.03	33.2673	102.15	-37.45	78.64	14 h 28 min 2 sec
37050	33.9399988129735	77.5	38.259003	35.663513	121.8	-29.650002	77.28	14 h 28 min 44 sec
37100	28.134999407082795	80.0	47.502003	44.685337	126.5	-45.750004	73.24	14 h 29 min 25 sec
37150	15.559999056905507	80.0	44.52	36.898792	116.45	-36.050003	75.38	14 h 30 min 6 sec
37200	62.134999175742266	74.0	44.831993	35.540607	111.8	-31.75	76.36	14 h 30 min 48 sec
37250	7.364998381212354	80.0	48.488	28.22483	102.55	-9.650001	78.52	14 h 31 min 30 sec
37300	43.35499905496836	74.7	34.565	39.33595	118.65	-47.8	75.82	14 h 32 min 11 sec
37350	63.97999916560948	65.8	45.045	33.50271	122.65	-16.75	75.46	14 h 32 min 55 sec
37400	39.56999898143113	80.0	36.252	27.699091	87.35	-12.700001	79.94	14 h 33 min 38 sec
37450	34.81499889269471	69.6	53.231003	36.835876	123.3	-15.250001	74.06	14 h 34 min 19 sec
37500	33.61999914683402	80.0	46.924	34.087784	116.05	-36.95	76.28	14 h 35 min 0 sec
37550	51.17999937459827	67.2	40.819996	33.307575	118.15	-17.050001	77.1	14 h 35 min 43 sec
37600	41.634998474270105	73.4	50.87	35.185017	111.75	-21.400002	75.44	14 h 36 min 22 sec
37650	37.50999890305102	80.0	45.126	33.583614	118.85	-24.750002	77.7	14 h 37 min 3 sec
37700	22.464998631179334	80.0	38.35	35.274437	119.2	-43.95	76.52	14 h 37 min 44 sec
37750	8.769998848065734	80.0	44.377	31.200571	120.7	-30.150002	76.8	14 h 38 min 26 sec
37800	31.189998983591796	80.0	43.274	29.073582	121.1	-16.150002	77.32	14 h 39 min 7 sec
37850	52.98499926440418	77.2	45.743996	38.46286	121.85	-35.4	75.02	14 h 39 min 48 sec
37900	32.709999000281094	71.6	42.002003	43.75547	123.0	-38.9	73.92	14 h 40 min 25 sec
37950	34.75999910458923	75.0	43.031998	33.66972	109.0	-25.400002	77.52	14 h 41 min 4 sec
38000	50.444999089464545	76.3	47.335995	33.598602	113.75	-20.15	77.6	14 h 41 min 46 sec
38050	55.169999233260754	80.0	49.295	36.12779	110.05	-26.7	76.08	14 h 42 min 27 sec
38100	47.24999909885228	70.7	35.464	35.263535	116.2	-49.25	78.12	14 h 43 min 9 sec
38150	32.60999913290143	72.8	43.372	38.4007	117.6	-22.75	75.76	14 h 43 min 50 sec
38200	42.07499878257513	76.7	49.389	34.449787	118.15	-18.85	75.18	14 h 44 min 30 sec
38250	65.10499920770526	64.8	48.089005	33.747173	121.7	-26.250002	76.28	14 h 45 min 9 sec
38300	21.679998944699765	80.0	46.42	36.61788	115.85	-30.45	75.96	14 h 45 min 52 sec
38350	40.63999877087772	70.7	50.674995	36.42028	122.4	-23.400002	74.44	14 h 46 min 30 sec
38400	38.22999882251024	80.0	41.355995	34.90507	116.6	-14.700001	76.7	14 h 47 min 11 sec
38450	53.13499907031655	77.5	53.620995	37.592735	122.45	-33.3	75.06	14 h 47 min 52 sec
38500	29.59999910071492	69.4	38.795	35.279705	116.95	-42.65	77.46	14 h 48 min 33 sec
38550	1.184999006986618	80.0	33.726997	40.538616	115.45	-51.95	76.3	14 h 49 min 13 sec
38600	15.429998574405909	80.0	40.885998	40.110985	112.45	-40.5	75.74	14 h 49 min 56 sec
38650	35.24999898709357	75.9	38.296997	37.51921	119.1	-37.100002	76.46	14 h 50 min 37 sec
38700	66.87499936707317	60.0	39.468998	32.38277	114.4	-10.400001	77.82	14 h 51 min 18 sec
38750	45.16499877870083	71.9	47.252	43.356182	117.55	-26.1	71.98	14 h 51 min 57 sec
38800	39.639999088272454	79.0	47.087994	33.41185	120.75	-25.25	77.38	14 h 52 min 39 sec
38850	50.684999129921195	74.4	44.170998	38.285664	118.85	-31.550001	76.32	14 h 53 min 22 sec
38900	47.004999042674896	79.1	41.470997	42.267998	119.5	-37.300003	74.94	14 h 54 min 3 sec
38950	32.53999906554818	72.7	45.996998	37.89796	115.9	-39.65	75.06	14 h 54 min 43 sec
39000	3.9449983570724725	80.0	42.148	36.554592	111.35	-27.35	77.46	14 h 55 min 26 sec
39050	21.51499916277826	80.0	38.506996	34.77098	123.0	-24.300001	75.84	14 h 56 min 6 sec
39100	31.24999885298312	64.7	46.12	34.13856	109.05	-26.200003	77.74	14 h 56 min 47 sec
39150	42.37499907501042	80.0	35.121	34.814075	118.95	-52.350002	78.48	14 h 57 min 29 sec
39200	39.249998631328346	69.0	36.184998	31.986568	107.8	-24.400002	78.58	14 h 58 min 10 sec
39250	56.1449990965426	70.7	47.719006	33.281578	124.0	-25.95	75.26	14 h 58 min 51 sec
39300	61.649999073147775	80.0	39.718002	32.234818	114.3	-47.2	77.56	14 h 59 min 34 sec
39350	44.77499901019037	75.0	41.378998	35.857746	117.45	-18.800001	77.08	15 h 0 min 18 sec
39400	56.82999895177782	73.8	58.338	35.366882	127.45	-13.550001	72.8	15 h 0 min 58 sec
39450	22.124999345466495	80.0	48.627003	30.73512	116.5	-34.8	77.72	15 h 1 min 40 sec
39500	29.549999111145734	80.0	39.398	36.802296	116.35	-33.8	77.34	15 h 2 min 21 sec
39550	63.949998988211156	67.6	51.259995	30.725016	106.0	-11.850001	77.92	15 h 3 min 2 sec
39600	70.21499928794802	69.4	55.259995	33.965973	119.25	-1.9000006	73.16	15 h 3 min 41 sec
39650	45.849999041855334	79.1	38.624	34.074234	116.85	-45.800003	78.22	15 h 4 min 23 sec
39700	47.424998965859416	80.0	46.354	38.227985	124.75	-27.6	74.54	15 h 5 min 6 sec
39750	64.46999901719391	68.0	43.645	42.938213	114.0	-58.95	72.94	15 h 5 min 48 sec
39800	41.064998991787434	75.7	44.302998	34.64271	118.75	-1.6000022	76.4	15 h 6 min 28 sec
39850	26.819999192655086	80.0	49.027	36.05288	117.7	-27.7	74.5	15 h 7 min 9 sec
39900	38.909999089315534	80.0	43.162	31.102402	111.85	-24.75	77.9	15 h 7 min 50 sec
39950	54.6099992275238	68.2	38.305	35.801643	114.85	-27.900002	77.06	15 h 8 min 31 sec
40000	35.69499842152	75.0	45.776	34.433086	113.5	-23.7	75.86	15 h 9 min 12 sec
