Episode	TestRet	TestSteps	AverageEpRet	StdEpRet	MaxEpRet	MinEpRet	EpLen	Time
50	-145.00000216066837	100.0	-170.108	10.101813	-146.3	-199.65001	100.0	4 min 25 sec
100	-428.41001702956856	100.0	-149.97601	41.438293	-78.700005	-413.50003	100.0	8 min 51 sec
150	-151.81000285446643	100.0	-150.489	47.42049	-90.75	-386.0	100.0	13 min 7 sec
200	-434.4400172561407	100.0	-153.41402	54.65922	-80.8	-353.25	100.0	17 min 31 sec
250	-176.41500427499415	100.0	-146.388	52.44709	-69.9	-401.00003	100.0	21 min 49 sec
300	-323.39001232646405	100.0	-138.337	45.435577	-45.200005	-356.5	100.0	26 min 14 sec
350	-141.41000299155712	100.0	-128.212	28.533194	-62.450005	-202.40001	100.0	30 min 30 sec
400	-206.05000668428838	100.0	-123.49801	46.384678	29.799995	-242.70001	100.0	34 min 49 sec
450	-214.2500065676868	100.0	-100.958	43.972515	134.84999	-189.15001	100.0	39 min 9 sec
500	-189.13000534139573	100.0	-95.798004	58.717304	80.75	-238.90001	100.0	43 min 31 sec
550	-176.42000516206025	100.0	-68.15901	69.705315	231.65	-146.35	100.0	47 min 53 sec
600	-109.97500429749489	100.0	-49.364002	59.40659	94.75	-140.25	100.0	52 min 17 sec
650	-178.0600062325597	100.0	-24.702003	70.54615	160.7	-131.8	100.0	56 min 44 sec
700	-97.6700049225241	100.0	22.723997	87.90768	206.2	-128.05	100.0	1 h 1 min
750	-167.3000065729022	100.0	49.979996	89.35061	223.9	-96.9	100.0	1 h 5 min
800	-194.3700075890869	100.0	53.384	101.31703	227.8	-192.05	100.0	1 h 9 min
850	-231.87001099474728	100.0	91.363	116.43754	285.8	-130.1	99.12	1 h 14 min
900	-35.59000734053552	100.0	96.379005	105.7048	309.05	-111.3	98.48	1 h 18 min
950	-0.44000536762177944	100.0	108.159	106.58698	296.35	-129.55	99.2	1 h 23 min
1000	160.92999639324844	97.6	112.835	109.719955	325.55	-103.3	97.84	1 h 27 min
1050	71.06999647282063	100.0	131.314	111.85395	309.7	-136.2	98.18	1 h 31 min
1100	137.2999964620918	93.4	154.89497	106.24637	327.7	-122.450005	97.64	1 h 36 min
1150	-55.08000627458095	100.0	118.711006	101.60436	300.7	-85.4	98.2	1 h 40 min
1200	113.83999677672982	100.0	140.659	94.17476	275.0	-61.15	98.72	1 h 44 min
1250	196.42499649077655	87.7	124.78999	116.09504	343.95	-77.85	96.56	1 h 49 min
1300	169.76999673619866	88.6	115.56	132.15703	328.35	-133.95	97.02	1 h 53 min
1350	182.27999581471084	92.4	113.805	115.01878	305.75	-129.6	96.36	1 h 57 min
1400	27.709992795810102	100.0	141.662	110.26371	313.7	-96.6	97.04	2 h 1 min
1450	243.9649968534708	89.3	126.696	90.381256	323.75	-56.2	98.32	2 h 6 min
1500	181.26499623320996	89.5	124.05601	103.32439	310.8	-126.950005	99.08	2 h 10 min
1550	139.9449968840927	93.0	142.857	96.35817	312.3	-111.1	98.46	2 h 14 min
1600	108.7349962297827	90.1	168.19301	92.705315	337.35	-60.600002	96.98	2 h 19 min
1650	187.5349961102009	85.9	139.72299	111.111534	310.15	-93.8	96.0	2 h 23 min
1700	213.63499718941748	76.1	150.172	112.17721	335.25	-112.35	96.96	2 h 27 min
1750	166.80999668352305	100.0	162.437	103.84849	324.15	-94.8	96.26	2 h 32 min
1800	234.5449973858893	84.9	137.373	122.63795	333.55	-129.65001	96.82	2 h 36 min
1850	119.96999565325677	96.0	168.87799	94.07309	309.8	-40.600002	96.8	2 h 40 min
1900	231.97999700717628	100.0	164.44101	108.022125	281.3	-130.05	98.66	2 h 45 min
1950	185.35999610871076	90.4	154.337	108.507576	311.15	-114.4	97.76	2 h 49 min
2000	274.9449973348528	79.9	167.56699	96.55462	302.05	-142.25	96.82	2 h 53 min
2050	214.25499577373267	100.0	164.926	107.75329	316.15	-87.3	95.46	2 h 58 min
2100	203.15499654337765	90.1	143.206	131.29826	303.3	-145.6	97.34	3 h 2 min
2150	172.48999640867115	96.2	137.551	118.229546	334.45	-73.0	95.78	3 h 6 min
2200	201.54999644383787	100.0	154.37201	120.24794	309.75	-119.1	94.42	3 h 11 min
2250	132.79999668709934	100.0	166.131	110.10645	306.5	-75.9	96.86	3 h 15 min
2300	255.01499703079463	92.8	175.584	119.90566	311.5	-123.950005	93.04	3 h 19 min
2350	192.30499560199678	86.1	193.821	101.56722	328.75	-162.2	91.36	3 h 24 min
2400	253.5049965608865	82.5	191.013	88.61878	316.9	-25.100002	94.54	3 h 28 min
2450	257.71499643586577	80.5	175.29399	110.607765	316.65	-129.1	93.4	3 h 32 min
2500	255.51499654091896	86.5	199.65599	107.87948	316.55	-145.7	89.38	3 h 36 min
2550	257.54499659501016	82.1	180.321	111.33638	317.0	-82.85	92.58	3 h 40 min
2600	262.09499706961213	86.5	214.535	90.15385	313.9	-78.350006	91.6	3 h 44 min
2650	257.2099969115108	80.0	208.11801	90.4625	320.25	-104.05	93.58	3 h 49 min
2700	139.63499547988175	98.2	187.37599	108.38693	322.55	-141.25	91.92	3 h 53 min
2750	223.96999718099832	86.0	193.566	96.1274	301.1	-133.85	93.6	3 h 57 min
2800	79.45999301970005	98.4	203.21901	98.35998	319.55	-65.450005	90.68	4 h 1 min
2850	206.16999644599855	90.4	207.02203	88.084175	301.05	-96.3	90.98	4 h 5 min
2900	270.02499709911643	81.9	219.508	101.6355	323.85	-145.3	88.78	4 h 10 min
2950	187.93499747626484	76.7	192.35298	109.669334	328.75	-129.90001	92.34	4 h 14 min
3000	267.9749973408878	84.3	192.634	94.72195	304.95	-122.85	96.08	4 h 18 min
3050	272.6199976250529	85.2	195.02998	94.179756	321.3	-135.5	96.7	4 h 22 min
3100	191.78499646410347	84.1	194.498	106.26348	305.45	-135.55	94.1	4 h 27 min
3150	257.4749971039593	90.7	188.27	117.06121	318.2	-142.0	93.06	4 h 31 min
3200	262.6799969743937	85.8	197.86497	87.37287	324.75	-46.550003	94.14	4 h 35 min
3250	255.3399968903512	88.8	215.96701	85.30832	328.55	-163.75	92.28	4 h 39 min
3300	208.6349959846586	85.8	193.65799	89.50662	303.85	-57.9	95.54	4 h 43 min
3350	182.169995720312	97.0	193.50002	90.75516	311.6	-97.5	92.48	4 h 48 min
3400	242.85999699383973	94.9	181.585	103.20276	306.15	-97.600006	95.28	4 h 52 min
3450	87.11999548003078	100.0	223.55699	81.62056	324.0	-71.4	88.84	4 h 56 min
3500	260.33999717235565	87.7	202.27002	85.45806	310.15	-18.100002	93.24	5 h 0 min
3550	273.21999751441183	87.0	205.33899	87.575195	306.3	-147.6	94.58	5 h 5 min
3600	262.10499713756144	90.7	197.31697	92.78815	311.15	-105.75	95.06	5 h 9 min
3650	226.51499591991305	85.9	187.66199	102.73728	322.5	-106.75	94.62	5 h 13 min
3700	228.77999674491585	87.1	202.05798	110.823814	328.95	-72.950005	89.26	5 h 17 min
3750	258.79999667592347	85.4	221.75702	68.13197	308.1	-2.8500032	90.68	5 h 22 min
3800	244.1549963582307	81.7	191.96002	81.65428	325.95	-24.800003	94.68	5 h 26 min
3850	195.29499595016242	92.3	182.666	100.21097	315.2	-83.350006	92.66	5 h 30 min
3900	276.7649976156652	85.9	222.739	72.57108	322.8	35.1	92.26	5 h 34 min
3950	276.07499739713967	82.3	206.39	84.90484	321.0	-63.850002	94.76	5 h 38 min
4000	261.4799977008253	94.0	187.52202	94.65286	311.85	-53.100002	96.2	5 h 43 min
4050	252.2199971180409	83.8	195.80002	91.08438	315.45	-94.450005	94.08	5 h 47 min
4100	245.4849963799119	86.8	200.88199	90.48321	309.75	-75.75	95.86	5 h 51 min
4150	220.75999593026935	81.0	181.65298	121.35974	329.6	-85.25	89.76	5 h 55 min
4200	235.87999688833952	81.9	213.803	93.830505	329.6	-93.450005	92.74	6 h 0 min
4250	207.0699954520911	100.0	179.664	119.60654	319.45	-100.8	93.04	6 h 4 min
4300	231.43999558500946	83.0	195.60199	102.29797	329.15	-148.7	94.02	6 h 8 min
4350	254.6299971424043	91.8	202.807	85.466125	324.95	-52.800003	95.12	6 h 12 min
4400	211.21999580487608	100.0	192.04597	106.021416	319.25	-143.3	94.46	6 h 17 min
4450	177.56499476395547	91.9	181.06401	101.426445	317.75	-84.65	95.3	6 h 21 min
4500	258.5449973050505	95.5	198.17403	87.795845	315.95	-139.15001	94.14	6 h 25 min
4550	216.66999595835804	100.0	204.702	85.34021	330.05	-107.1	93.78	6 h 30 min
4600	271.75999692827463	76.6	190.94	114.651695	315.9	-145.8	90.96	6 h 34 min
4650	247.03999763987957	78.4	198.03	106.579285	318.3	-93.4	91.4	6 h 38 min
4700	264.2849974259734	86.5	204.30197	77.208984	319.25	-21.800001	94.88	6 h 42 min
4750	183.51999492123724	86.8	204.46298	89.79311	342.45	-141.15001	94.62	6 h 46 min
4800	123.85499552190304	96.4	221.075	64.36841	320.0	-19.300003	92.8	6 h 50 min
4850	248.8549972385168	84.7	219.214	69.711624	331.75	-8.750002	91.84	6 h 54 min
4900	272.4649974506348	79.1	232.285	70.859314	329.55	-17.500004	90.54	6 h 59 min
4950	223.7399964582175	92.2	218.336	101.59911	326.8	-137.85	92.88	7 h 3 min
5000	226.56499598957598	80.3	214.41399	80.77538	321.25	-75.55	92.0	7 h 7 min
5050	189.72999678179622	100.0	203.14398	100.41434	330.9	-82.15	92.04	7 h 11 min
5100	160.88999554663897	92.8	202.36398	90.329384	318.85	-137.25	93.86	7 h 15 min
5150	272.9949974115938	84.7	213.26599	92.70697	319.9	-131.65001	91.04	7 h 20 min
5200	254.62499691061674	93.1	197.09299	104.45561	336.5	-64.9	91.98	7 h 24 min
5250	233.79999693222345	93.4	228.86098	63.50003	326.6	-30.100002	92.46	7 h 28 min
5300	277.06499741598964	76.9	175.18	124.153366	333.5	-188.0	93.02	7 h 32 min
5350	252.96999752856792	93.6	224.71898	84.35163	336.95	-148.8	91.48	7 h 36 min
5400	166.7699956897646	100.0	195.86699	95.77768	312.8	-119.200005	93.2	7 h 41 min
5450	236.8599966429174	96.0	210.892	85.501045	315.5	-132.45	91.74	7 h 45 min
5500	244.07999676540493	84.0	195.34998	118.38767	336.45	-132.65001	91.46	7 h 49 min
5550	243.28999744579195	78.5	186.404	101.16744	325.0	-85.1	94.0	7 h 53 min
5600	232.9049963660538	84.1	215.80801	93.1001	326.05	-54.950005	89.4	7 h 57 min
5650	191.06499667204918	80.9	193.6	99.62669	326.35	-117.9	93.36	8 h 1 min
5700	238.26999709643422	85.6	186.72398	93.14458	307.95	-116.9	95.72	8 h 6 min
5750	230.2299972895533	91.8	192.075	115.32081	320.05	-153.55	92.36	8 h 10 min
5800	255.42999723404645	93.8	244.84	67.763855	337.7	3.9999974	86.5	8 h 14 min
5850	267.2749981593341	81.2	211.44098	113.313995	339.15	-157.5	89.54	8 h 18 min
5900	279.63999784514306	80.0	240.798	68.21133	347.55	29.449997	88.48	8 h 22 min
5950	244.12999635078012	86.8	220.08699	109.215744	338.35	-102.0	87.0	8 h 26 min
6000	207.16999688968062	88.8	238.267	53.174892	349.3	77.049995	89.54	8 h 30 min
6050	277.6299975834787	80.2	208.31398	115.931564	351.55	-105.950005	87.48	8 h 34 min
6100	264.9099970027804	81.8	211.60301	100.79526	321.75	-137.8	91.42	8 h 38 min
6150	259.10999723672865	89.8	229.13199	77.75432	346.85	-59.100002	89.62	8 h 42 min
6200	273.8199980147183	90.0	220.532	96.33313	336.8	-65.950005	89.7	8 h 47 min
6250	253.29999702870845	79.1	193.545	107.754555	343.8	-58.850002	91.72	8 h 51 min
6300	236.46999623551966	91.0	196.87401	100.85795	333.05	-80.0	93.14	8 h 55 min
6350	281.29999760203066	79.4	239.36398	63.650723	333.65	43.749996	86.92	8 h 59 min
6400	257.24999730847776	91.6	232.96002	90.83359	335.9	-76.8	86.62	9 h 3 min
6450	275.3549977105111	84.1	233.865	78.9338	345.35	-36.9	88.3	9 h 7 min
6500	222.54999571740626	83.0	205.41	94.54973	347.7	-104.15	92.62	9 h 11 min
6550	269.6999971691519	77.0	216.557	88.947014	336.7	-75.0	91.22	9 h 16 min
6600	158.92499375380575	92.8	208.235	90.087456	329.65	-140.15001	93.64	9 h 20 min
6650	270.68499732539055	76.5	232.57898	81.37532	344.9	-101.65	85.64	9 h 24 min
6700	256.87999699041245	91.2	217.33502	100.54204	340.8	-64.8	90.58	9 h 28 min
6750	289.71999760605394	70.2	220.675	94.11845	331.35	-44.65	89.5	9 h 32 min
6800	290.36999791897836	72.8	195.95898	114.606995	347.3	-149.3	90.92	9 h 36 min
6850	215.6899953752756	81.6	193.11299	106.92621	333.6	-77.4	94.24	9 h 40 min
6900	254.04999714978038	92.6	228.99799	80.03315	326.3	-75.8	92.04	9 h 44 min
6950	175.67999572493136	100.0	204.366	89.290146	322.7	-32.350002	92.44	9 h 49 min
7000	253.07999735064806	97.4	231.349	77.77875	342.95	-152.05	90.22	9 h 53 min
7050	280.689997305721	73.8	231.32399	70.928894	352.1	-58.4	92.86	9 h 57 min
7100	227.87999654486777	78.2	193.64796	114.6718	329.05	-111.65	92.44	10 h 1 min
7150	267.3899971887469	82.2	229.709	79.9603	337.85	-136.90001	90.22	10 h 5 min
7200	311.774998152256	61.9	249.321	64.246086	333.9	41.55	84.98	10 h 9 min
7250	276.31999744400383	78.8	231.70499	91.75419	337.6	-124.9	88.96	10 h 13 min
7300	257.6899972628802	89.2	234.395	98.23608	343.25	-157.1	86.04	10 h 17 min
7350	252.75999691821636	91.0	228.096	94.69077	344.2	-92.9	86.38	10 h 21 min
7400	268.6199978560209	92.0	248.71298	53.255047	346.4	83.549995	89.14	10 h 25 min
7450	261.21999700665475	70.4	227.06398	70.48888	338.6	23.899996	91.06	10 h 29 min
7500	239.44999667108058	80.6	197.14998	111.23629	337.05	-91.15	89.78	10 h 33 min
7550	248.8599968083203	88.0	218.845	87.07213	343.5	-90.75001	90.8	10 h 37 min
7600	289.2099979504943	75.4	225.404	101.532036	337.4	-117.55	86.48	10 h 41 min
7650	239.06999690681695	100.0	220.83199	79.293625	338.55	-73.55	91.04	10 h 46 min
7700	244.51999657563866	89.2	210.114	106.002525	345.0	-134.75	89.02	10 h 50 min
7750	215.1999959025532	100.0	215.11	81.89022	330.3	-36.800003	91.68	10 h 54 min
7800	147.54499464929103	90.7	237.63399	83.65914	349.8	-142.15001	88.36	10 h 58 min
7850	255.91999722160398	93.2	226.935	88.56485	331.05	-61.050003	90.94	11 h 2 min
7900	183.8899951197207	98.2	225.736	91.8526	342.5	-111.05	87.88	11 h 6 min
7950	262.42999742366374	92.0	232.86102	80.927864	334.15	-74.600006	87.68	11 h 10 min
8000	270.39999759048226	85.6	243.28601	91.60602	348.4	-47.9	82.8	11 h 14 min
8050	272.42999743670225	84.2	215.135	101.51968	347.6	-96.0	87.54	11 h 18 min
8100	173.52499495893716	84.5	230.14302	69.62408	329.4	-42.4	90.98	11 h 22 min
8150	170.1399964209646	95.8	227.67699	81.391754	344.5	-48.450005	90.2	11 h 26 min
8200	276.7249977584928	83.9	230.39699	90.28505	347.15	-118.55	85.94	11 h 30 min
8250	257.4899972580373	88.9	224.47398	95.40208	336.3	-60.300003	87.6	11 h 34 min
8300	287.65499764047564	74.9	229.758	76.334885	341.8	-26.250004	91.1	11 h 39 min
8350	323.4949983984232	56.9	214.902	97.54161	331.6	-149.3	92.46	11 h 42 min
8400	246.19999656528233	91.2	233.746	74.84455	343.35	-30.900003	87.62	11 h 47 min
8450	253.22499633990228	78.7	227.61	78.78153	349.15	-54.850002	88.28	11 h 51 min
8500	274.26499762944877	84.7	254.38101	59.307846	334.55	-28.700005	85.9	11 h 55 min
8550	274.89499733299016	79.9	226.84698	98.870895	341.5	-52.750004	85.14	11 h 59 min
8600	292.18499777652323	71.1	222.91602	90.916	329.55	-138.2	90.18	12 h 3 min
8650	214.2899970535189	100.0	245.512	73.94291	342.95	-44.600002	87.16	12 h 7 min
8700	264.9599971618503	78.2	224.23502	72.35289	348.45	-6.550002	91.44	12 h 11 min
8750	211.96499563977122	93.1	225.60896	104.739174	348.35	-141.3	85.44	12 h 15 min
8800	294.16999791786077	74.2	225.274	90.97117	350.2	-68.85	89.48	12 h 19 min
8850	190.99499618932606	100.0	241.85901	76.74142	329.85	-98.15	87.58	12 h 23 min
8900	270.9949976030737	80.8	233.42899	93.40082	346.15	-138.85	87.12	12 h 27 min
8950	243.90999625250697	89.0	220.79599	91.67601	336.45	-30.750002	88.24	12 h 31 min
9000	194.6349951595068	89.5	234.23499	88.78979	333.1	-71.950005	88.1	12 h 35 min
9050	256.154997221753	87.4	235.20699	92.69077	349.85	-88.3	88.38	12 h 39 min
9100	284.7349978659302	79.3	235.087	97.05273	347.95	-145.7	86.64	12 h 43 min
9150	239.29499572850764	82.5	228.40298	70.049255	338.75	-92.8	92.1	12 h 47 min
9200	253.4899969186634	85.0	219.988	99.630165	334.65	-136.65001	89.08	12 h 51 min
9250	231.75999684371055	75.2	222.577	78.51891	336.55	-76.350006	91.56	12 h 55 min
9300	268.0699973348528	83.4	233.15298	58.79078	347.7	4.949998	90.88	12 h 59 min
9350	263.9549976304173	96.1	228.95702	74.91155	334.0	-35.65	90.46	13 h 4 min
9400	308.4349981617182	65.3	242.43901	70.02851	338.75	-139.5	90.18	13 h 8 min
9450	283.53499755077064	76.6	210.964	112.052284	348.05	-138.85	90.08	13 h 12 min
9500	251.30499699786304	87.7	219.49298	103.04336	333.8	-142.40001	90.92	13 h 16 min
9550	288.71499778814615	74.5	212.37898	75.698044	329.35	-16.250002	93.22	13 h 20 min
9600	203.74999537281693	82.5	222.98097	95.4289	339.1	-83.0	88.8	13 h 24 min
9650	245.12999702766538	88.6	232.81099	70.13243	343.7	-37.300003	90.78	13 h 28 min
9700	238.269996246323	87.4	218.399	89.34789	337.15	-146.5	92.14	13 h 32 min
9750	258.15999721996485	93.0	218.598	86.54748	333.7	-131.15001	94.94	13 h 37 min
9800	261.5199973449111	91.0	225.122	80.79408	341.35	-42.250004	91.62	13 h 41 min
